t              Noda2002a.fdtd_Point probe_Ex_12_12_2.dat
   0.00000000000000000E+000   0.000000000E+000
   0.95999999616402931E-010   0.000000000E+000
   0.19199999923280586E-009   0.000000000E+000
   0.28799999884920879E-009  -0.426206515E-009
   0.38399999846561172E-009  -0.143103418E-008
   0.47999999808201466E-009  -0.266609179E-008
   0.57599999769841759E-009  -0.369791509E-008
   0.67199999731482052E-009  -0.444254455E-008
   0.76799999693122345E-009  -0.512124165E-008
   0.86399999654762638E-009  -0.591071148E-008
   0.95999999616402931E-009  -0.675963596E-008
   0.10559999957804322E-008  -0.752235874E-008
   0.11519999953968352E-008  -0.815976797E-008
   0.12479999950132381E-008  -0.875990747E-008
   0.13439999946296410E-008  -0.941268485E-008
   0.14399999942460440E-008  -0.101237125E-007
   0.15359999938624469E-008  -0.108434524E-007
   0.16319999934788498E-008  -0.115349046E-007
   0.17279999930952528E-008  -0.123465549E-007
   0.18239999927116557E-008  -0.135483500E-007
   0.19199999923280586E-008  -0.151141126E-007
   0.20159999919444616E-008  -0.167331802E-007
   0.21119999915608645E-008  -0.181528428E-007
   0.22079999911772674E-008  -0.193875387E-007
   0.23039999907936703E-008  -0.206034461E-007
   0.23999999904100733E-008  -0.218937117E-007
   0.24959999900264762E-008  -0.232090809E-007
   0.25919999896428791E-008  -0.244600091E-007
   0.26879999892592821E-008  -0.256260773E-007
   0.27839999888756850E-008  -0.267615690E-007
   0.28799999884920879E-008  -0.279285750E-007
   0.29759999881084909E-008  -0.291429778E-007
   0.30719999877248938E-008  -0.303742986E-007
   0.31679999873412967E-008  -0.315833013E-007
   0.32639999869576997E-008  -0.328530128E-007
   0.33599999865741026E-008  -0.342689184E-007
   0.34559999861905055E-008  -0.357987844E-007
   0.35519999858069085E-008  -0.373311266E-007
   0.36479999854233114E-008  -0.387926846E-007
   0.37439999850397143E-008  -0.402015878E-007
   0.38399999846561172E-008  -0.416187689E-007
   0.39359999842725202E-008  -0.430723190E-007
   0.40319999838889231E-008  -0.445344881E-007
   0.41279999835053260E-008  -0.459589558E-007
   0.42239999831217290E-008  -0.473282071E-007
   0.43199999827381319E-008  -0.486642264E-007
   0.44159999823545348E-008  -0.499999011E-007
   0.45119999819709378E-008  -0.513455554E-007
   0.46079999815873407E-008  -0.526842818E-007
   0.47039999812037436E-008  -0.539197487E-007
   0.47999999808201466E-008  -0.548419941E-007
   0.48959999804365495E-008  -0.554352972E-007
   0.49919999800529524E-008  -0.559414275E-007
   0.50879999796693554E-008  -0.565984521E-007
   0.51839999792857583E-008  -0.574255132E-007
   0.52799999789021612E-008  -0.582884390E-007
   0.53759999785185641E-008  -0.591022769E-007
   0.54719999781349671E-008  -0.599076557E-007
   0.55679999777513700E-008  -0.607732815E-007
   0.56639999773677729E-008  -0.616902156E-007
   0.57599999769841759E-008  -0.625859826E-007
   0.58559999766005788E-008  -0.634112638E-007
   0.59519999762169817E-008  -0.641808953E-007
   0.60479999758333847E-008  -0.649377156E-007
   0.61439999754497876E-008  -0.657040005E-007
   0.62399999750661905E-008  -0.662623876E-007
   0.63359999746825935E-008  -0.663918129E-007
   0.64319999742989964E-008  -0.662050823E-007
   0.65279999739153993E-008  -0.660438459E-007
   0.66239999735318023E-008  -0.661181829E-007
   0.67199999731482052E-008  -0.663575221E-007
   0.68159999727646081E-008  -0.665855566E-007
   0.69119999723810110E-008  -0.667417552E-007
   0.70079999719974140E-008  -0.669001707E-007
   0.71039999716138169E-008  -0.671330582E-007
   0.71999999712302198E-008  -0.674200322E-007
   0.72959999708466228E-008  -0.676880205E-007
   0.73919999704630257E-008  -0.678970480E-007
   0.74879999700794286E-008  -0.680673296E-007
   0.75839999696958316E-008  -0.682414836E-007
   0.76799999693122345E-008  -0.684419277E-007
   0.77759999689286374E-008  -0.686626294E-007
   0.78719999685450404E-008  -0.688865001E-007
   0.79679999681614433E-008  -0.691035211E-007
   0.80639999677778462E-008  -0.693165276E-007
   0.81599999673942492E-008  -0.695337619E-007
   0.82559999670106521E-008  -0.696951972E-007
   0.83519999666270550E-008  -0.697372542E-007
   0.84479999662434579E-008  -0.696862088E-007
   0.85439999658598609E-008  -0.696317528E-007
   0.86399999654762638E-008  -0.696376574E-007
   0.87359999650926667E-008  -0.696999578E-007
   0.88319999647090697E-008  -0.697816702E-007
   0.89279999643254726E-008  -0.698642495E-007
   0.90239999639418755E-008  -0.699584461E-007
   0.91199999635582785E-008  -0.700784142E-007
   0.92159999631746814E-008  -0.702190945E-007
   0.93119999627910843E-008  -0.703583396E-007
   0.94079999624074873E-008  -0.704729999E-007
   0.95039999620238902E-008  -0.705511169E-007
   0.95999999616402931E-008  -0.705954832E-007
   0.96959999612566961E-008  -0.706205512E-007
   0.97919999608730990E-008  -0.706429830E-007
   0.98879999604895019E-008  -0.706704100E-007
   0.99839999601059048E-008  -0.706998406E-007
   0.10079999959722308E-007  -0.707310832E-007
   0.10175999959338711E-007  -0.707686851E-007
   0.10271999958955114E-007  -0.707909393E-007
   0.10367999958571517E-007  -0.707744334E-007
   0.10463999958187920E-007  -0.707337975E-007
   0.10559999957804322E-007  -0.707053687E-007
   0.10655999957420725E-007  -0.707134760E-007
   0.10751999957037128E-007  -0.707568688E-007
   0.10847999956653531E-007  -0.708143517E-007
   0.10943999956269934E-007  -0.708575669E-007
   0.11039999955886337E-007  -0.708696248E-007
   0.11135999955502740E-007  -0.708604517E-007
   0.11231999955119143E-007  -0.708576309E-007
   0.11327999954735546E-007  -0.708736323E-007
   0.11423999954351949E-007  -0.708882695E-007
   0.11519999953968352E-007  -0.708758989E-007
   0.11615999953584755E-007  -0.708474133E-007
   0.11711999953201158E-007  -0.708470580E-007
   0.11807999952817561E-007  -0.708998940E-007
   0.11903999952433963E-007  -0.709772578E-007
   0.11999999952050366E-007  -0.710311596E-007
   0.12095999951666769E-007  -0.710556733E-007
   0.12191999951283172E-007  -0.710917476E-007
   0.12287999950899575E-007  -0.711664256E-007
   0.12383999950515978E-007  -0.712500778E-007
   0.12479999950132381E-007  -0.712940178E-007
   0.12575999949748784E-007  -0.712994037E-007
   0.12671999949365187E-007  -0.713209687E-007
   0.12767999948981590E-007  -0.713968689E-007
   0.12863999948597993E-007  -0.714994073E-007
   0.12959999948214396E-007  -0.715748740E-007
   0.13055999947830799E-007  -0.716173929E-007
   0.13151999947447202E-007  -0.716721189E-007
   0.13247999947063605E-007  -0.717530781E-007
   0.13343999946680007E-007  -0.718061841E-007
   0.13439999946296410E-007  -0.717834041E-007
   0.13535999945912813E-007  -0.717102608E-007
   0.13631999945529216E-007  -0.716593220E-007
   0.13727999945145619E-007  -0.716642745E-007
   0.13823999944762022E-007  -0.716861734E-007
   0.13919999944378425E-007  -0.716745205E-007
   0.14015999943994828E-007  -0.716398389E-007
   0.14111999943611231E-007  -0.716408763E-007
   0.14207999943227634E-007  -0.717049886E-007
   0.14303999942844037E-007  -0.717897066E-007
   0.14399999942460440E-007  -0.718367232E-007
   0.14495999942076843E-007  -0.718442408E-007
   0.14591999941693246E-007  -0.718613364E-007
   0.14687999941309648E-007  -0.719157072E-007
   0.14783999940926051E-007  -0.719755207E-007
   0.14879999940542454E-007  -0.719957924E-007
   0.14975999940158857E-007  -0.719829671E-007
   0.15071999939775260E-007  -0.719881186E-007
   0.15167999939391663E-007  -0.720396756E-007
   0.15263999939008066E-007  -0.721081506E-007
   0.15359999938624469E-007  -0.721494331E-007
   0.15455999938240872E-007  -0.721646813E-007
   0.15551999937857275E-007  -0.721950499E-007
   0.15647999937473678E-007  -0.722617273E-007
   0.15743999937090081E-007  -0.723356450E-007
   0.15839999936706484E-007  -0.723775813E-007
   0.15935999936322887E-007  -0.723912663E-007
   0.16031999935939290E-007  -0.724167819E-007
   0.16127999935555692E-007  -0.724751885E-007
   0.16223999935172095E-007  -0.725389384E-007
   0.16319999934788498E-007  -0.725675235E-007
   0.16415999934404901E-007  -0.725645606E-007
   0.16511999934021304E-007  -0.725713960E-007
   0.16607999933637707E-007  -0.726105185E-007
   0.16703999933254110E-007  -0.726577838E-007
   0.16799999932870513E-007  -0.726788087E-007
   0.16895999932486916E-007  -0.726763218E-007
   0.16991999932103319E-007  -0.726845926E-007
   0.17087999931719722E-007  -0.727220737E-007
   0.17183999931336125E-007  -0.727686214E-007
   0.17279999930952528E-007  -0.727958636E-007
   0.17375999930568931E-007  -0.728061451E-007
   0.17471999930185333E-007  -0.728270493E-007
   0.17567999929801736E-007  -0.728716145E-007
   0.17663999929418139E-007  -0.729204643E-007
   0.17759999929034542E-007  -0.729490566E-007
   0.17855999928650945E-007  -0.729608090E-007
   0.17951999928267348E-007  -0.729812513E-007
   0.18047999927883751E-007  -0.730231946E-007
   0.18143999927500154E-007  -0.730710212E-007
   0.18239999927116557E-007  -0.731038767E-007
   0.18335999926732960E-007  -0.731240775E-007
   0.18431999926349363E-007  -0.731521510E-007
   0.18527999925965766E-007  -0.731972847E-007
   0.18623999925582169E-007  -0.732443937E-007
   0.18719999925198572E-007  -0.732744923E-007
   0.18815999924814975E-007  -0.732894847E-007
   0.18911999924431377E-007  -0.733083922E-007
   0.19007999924047780E-007  -0.733417593E-007
   0.19103999923664183E-007  -0.733794181E-007
   0.19199999923280586E-007  -0.734066674E-007
   0.19295999922896989E-007  -0.734253334E-007
   0.19391999922513392E-007  -0.734512682E-007
   0.19487999922129795E-007  -0.734928705E-007
   0.19583999921746198E-007  -0.735396100E-007
   0.19679999921362601E-007  -0.735752721E-007
   0.19775999920979004E-007  -0.735973842E-007
   0.19871999920595407E-007  -0.736179331E-007
   0.19967999920211810E-007  -0.736461985E-007
   0.20063999919828213E-007  -0.736769650E-007
   0.20159999919444616E-007  -0.736985726E-007
   0.20255999919061018E-007  -0.737077528E-007
   0.20351999918677421E-007  -0.737143964E-007
   0.20447999918293824E-007  -0.737311936E-007
   0.20543999917910227E-007  -0.737588124E-007
   0.20639999917526630E-007  -0.737862109E-007
   0.20735999917143033E-007  -0.738053814E-007
   0.20831999916759436E-007  -0.738210773E-007
   0.20927999916375839E-007  -0.738430614E-007
   0.21023999915992242E-007  -0.738713481E-007
   0.21119999915608645E-007  -0.738946397E-007
   0.21215999915225048E-007  -0.739049639E-007
   0.21311999914841451E-007  -0.739095469E-007
   0.21407999914457854E-007  -0.739233030E-007
   0.21503999914074257E-007  -0.739505168E-007
   0.21599999913690660E-007  -0.739796135E-007
   0.21695999913307062E-007  -0.739987627E-007
   0.21791999912923465E-007  -0.740122985E-007
   0.21887999912539868E-007  -0.740350501E-007
   0.21983999912156271E-007  -0.740710320E-007
   0.22079999911772674E-007  -0.741054649E-007
   0.22175999911389077E-007  -0.741228732E-007
   0.22271999911005480E-007  -0.741282449E-007
   0.22367999910621883E-007  -0.741417239E-007
   0.22463999910238286E-007  -0.741721209E-007
   0.22559999909854689E-007  -0.742050403E-007
   0.22655999909471092E-007  -0.742229673E-007
   0.22751999909087495E-007  -0.742308686E-007
   0.22847999908703898E-007  -0.742508206E-007
   0.22943999908320301E-007  -0.742912576E-007
   0.23039999907936703E-007  -0.743332222E-007
   0.23135999907553106E-007  -0.743544888E-007
   0.23231999907169509E-007  -0.743598889E-007
   0.23327999906785912E-007  -0.743750803E-007
   0.23423999906402315E-007  -0.744110551E-007
   0.23519999906018718E-007  -0.744483799E-007
   0.23615999905635121E-007  -0.744645092E-007
   0.23711999905251524E-007  -0.744666551E-007
   0.23807999904867927E-007  -0.744835518E-007
   0.23903999904484330E-007  -0.745257154E-007
   0.23999999904100733E-007  -0.745697619E-007
   0.24095999903717136E-007  -0.745898276E-007
   0.24191999903333539E-007  -0.745933733E-007
   0.24287999902949942E-007  -0.746106750E-007
   0.24383999902566345E-007  -0.746522275E-007
   0.24479999902182747E-007  -0.746935598E-007
   0.24575999901799150E-007  -0.747096891E-007
   0.24671999901415553E-007  -0.747110604E-007
   0.24767999901031956E-007  -0.747299822E-007
   0.24863999900648359E-007  -0.747757838E-007
   0.24959999900264762E-007  -0.748215427E-007
   0.25055999899881165E-007  -0.748413029E-007
   0.25151999899497568E-007  -0.748458220E-007
   0.25247999899113971E-007  -0.748612479E-007
   0.25343999898730374E-007  -0.748895772E-007
   0.25439999898346777E-007  -0.749064526E-007
   0.25535999897963180E-007  -0.748966258E-007
   0.25631999897579583E-007  -0.748785851E-007
   0.25727999897195986E-007  -0.748827347E-007
   0.25823999896812388E-007  -0.749115614E-007
   0.25919999896428791E-007  -0.749367359E-007
   0.26015999896045194E-007  -0.749378870E-007
   0.26111999895661597E-007  -0.749298934E-007
   0.26207999895278000E-007  -0.749410560E-007
   0.26303999894894403E-007  -0.749728386E-007
   0.26399999894510806E-007  -0.749971250E-007
   0.26495999894127209E-007  -0.749946594E-007
   0.26591999893743612E-007  -0.749810738E-007
   0.26687999893360015E-007  -0.749851452E-007
   0.26783999892976418E-007  -0.750100924E-007
   0.26879999892592821E-007  -0.750311173E-007
   0.26975999892209224E-007  -0.750310036E-007
   0.27071999891825627E-007  -0.750234079E-007
   0.27167999891442030E-007  -0.750324745E-007
   0.27263999891058432E-007  -0.750585443E-007
   0.27359999890674835E-007  -0.750775726E-007
   0.27455999890291238E-007  -0.750736433E-007
   0.27551999889907641E-007  -0.750591980E-007
   0.27647999889524044E-007  -0.750561355E-007
   0.27743999889140447E-007  -0.750658060E-007
   0.27839999888756850E-007  -0.750687050E-007
   0.27935999888373253E-007  -0.750523981E-007
   0.28031999887989656E-007  -0.750279199E-007
   0.28127999887606059E-007  -0.750132187E-007
   0.28223999887222462E-007  -0.750078044E-007
   0.28319999886838865E-007  -0.749931957E-007
   0.28415999886455268E-007  -0.749568656E-007
   0.28511999886071671E-007  -0.749062679E-007
   0.28607999885688074E-007  -0.748555280E-007
   0.28703999885304476E-007  -0.748045608E-007
   0.28799999884920879E-007  -0.747390629E-007
   0.28895999884537282E-007  -0.746494493E-007
   0.28991999884153685E-007  -0.745422568E-007
   0.29087999883770088E-007  -0.744293303E-007
   0.29183999883386491E-007  -0.743106412E-007
   0.29279999883002894E-007  -0.741733928E-007
   0.29375999882619297E-007  -0.740071826E-007
   0.29471999882235700E-007  -0.738142631E-007
   0.29567999881852103E-007  -0.736023864E-007
   0.29663999881468506E-007  -0.733711047E-007
   0.29759999881084909E-007  -0.731098169E-007
   0.29855999880701312E-007  -0.728092289E-007
   0.29951999880317715E-007  -0.724706553E-007
   0.30047999879934117E-007  -0.721013649E-007
   0.30143999879550520E-007  -0.717027504E-007
   0.30239999879166923E-007  -0.712667187E-007
   0.30335999878783326E-007  -0.707841323E-007
   0.30431999878399729E-007  -0.702539467E-007
   0.30527999878016132E-007  -0.696814837E-007
   0.30623999877632535E-007  -0.690686051E-007
   0.30719999877248938E-007  -0.684088590E-007
   0.30815999876865341E-007  -0.676938896E-007
   0.30911999876481744E-007  -0.669226310E-007
   0.31007999876098147E-007  -0.661015065E-007
   0.31103999875714550E-007  -0.652353620E-007
   0.31199999875330953E-007  -0.643207727E-007
   0.31295999874947356E-007  -0.633505337E-007
   0.31391999874563759E-007  -0.623232737E-007
   0.31487999874180161E-007  -0.612454514E-007
   0.31583999873796564E-007  -0.601229786E-007
   0.31679999873412967E-007  -0.589536100E-007
   0.31775999873029370E-007  -0.577304746E-007
   0.31871999872645773E-007  -0.564523397E-007
   0.31967999872262176E-007  -0.551270780E-007
   0.32063999871878579E-007  -0.537632836E-007
   0.32159999871494982E-007  -0.523612016E-007
   0.32255999871111385E-007  -0.509150340E-007
   0.32351999870727788E-007  -0.494236794E-007
   0.32447999870344191E-007  -0.478952025E-007
   0.32543999869960594E-007  -0.463385952E-007
   0.32639999869576997E-007  -0.447538078E-007
   0.32735999869193400E-007  -0.431337313E-007
   0.32831999868809802E-007  -0.414760173E-007
   0.32927999868426205E-007  -0.397887874E-007
   0.33023999868042608E-007  -0.380823693E-007
   0.33119999867659011E-007  -0.363578856E-007
   0.33215999867275414E-007  -0.346084903E-007
   0.33311999866891817E-007  -0.328317498E-007
   0.33407999866508220E-007  -0.310363681E-007
   0.33503999866124623E-007  -0.292334708E-007
   0.33599999865741026E-007  -0.274240080E-007
   0.33695999865357429E-007  -0.255996682E-007
   0.33791999864973832E-007  -0.237567370E-007
   0.33887999864590235E-007  -0.219042455E-007
   0.33983999864206638E-007  -0.200549444E-007
   0.34079999863823041E-007  -0.182112281E-007
   0.34175999863439444E-007  -0.163655081E-007
   0.34271999863055846E-007  -0.145151615E-007
   0.34367999862672249E-007  -0.126716238E-007
   0.34463999862288652E-007  -0.108502434E-007
   0.34559999861905055E-007  -0.905421249E-008
   0.34655999861521458E-007  -0.727465377E-008
   0.34751999861137861E-007  -0.550734125E-008
   0.34847999860754264E-007  -0.376315246E-008
   0.34943999860370667E-007  -0.205723660E-008
   0.35039999859987070E-007  -0.391383703E-009
   0.35135999859603473E-007   0.124569988E-008
   0.35231999859219876E-007   0.285548007E-008
   0.35327999858836279E-007   0.442112746E-008
   0.35423999858452682E-007   0.592864158E-008
   0.35519999858069085E-007   0.738535899E-008
   0.35615999857685487E-007   0.881108164E-008
   0.35711999857301890E-007   0.102130464E-007
   0.35807999856918293E-007   0.115771366E-007
   0.35903999856534696E-007   0.128869884E-007
   0.35999999856151099E-007   0.141457726E-007
   0.36095999855767502E-007   0.153715316E-007
   0.36191999855383905E-007   0.165721783E-007
   0.36287999855000308E-007   0.177339921E-007
   0.36383999854616711E-007   0.188393567E-007
   0.36479999854233114E-007   0.198897503E-007
   0.36575999853849517E-007   0.209025881E-007
   0.36671999853465920E-007   0.218864873E-007
   0.36767999853082323E-007   0.228292745E-007
   0.36863999852698726E-007   0.237156499E-007
   0.36959999852315129E-007   0.245499727E-007
   0.37055999851931531E-007   0.253522998E-007
   0.37151999851547934E-007   0.261330690E-007
   0.37247999851164337E-007   0.268816223E-007
   0.37343999850780740E-007   0.275843561E-007
   0.37439999850397143E-007   0.282469124E-007
   0.37535999850013546E-007   0.288891151E-007
   0.37631999849629949E-007   0.295199065E-007
   0.37727999849246352E-007   0.301273246E-007
   0.37823999848862755E-007   0.306972971E-007
   0.37919999848479158E-007   0.312346913E-007
   0.38015999848095561E-007   0.317570752E-007
   0.38111999847711964E-007   0.322704032E-007
   0.38207999847328367E-007   0.327609477E-007
   0.38303999846944770E-007   0.332144232E-007
   0.38399999846561172E-007   0.336353061E-007
   0.38495999846177575E-007   0.340396653E-007
   0.38591999845793978E-007   0.344324498E-007
   0.38687999845410381E-007   0.348014808E-007
   0.38783999845026784E-007   0.351360185E-007
   0.38879999844643187E-007   0.354435130E-007
   0.38975999844259590E-007   0.357413867E-007
   0.39071999843875993E-007   0.360361234E-007
   0.39167999843492396E-007   0.363185819E-007
   0.39263999843108799E-007   0.365808255E-007
   0.39359999842725202E-007   0.368297783E-007
   0.39455999842341605E-007   0.370790083E-007
   0.39551999841958008E-007   0.373307678E-007
   0.39647999841574411E-007   0.375734110E-007
   0.39743999841190814E-007   0.377966103E-007
   0.39839999840807216E-007   0.380029128E-007
   0.39935999840423619E-007   0.382007279E-007
