t              Noda2002a.fdtd_Bulk probe_Jz_11_11_2__12_12_2.dat
   0.00000000000000000E+000   0.000000000E+000
   0.95999999616402931E-010   0.000000000E+000
   0.19199999923280586E-009   0.504372816E-003
   0.28799999884920879E-009   0.177703961E-002
   0.38399999846561172E-009   0.357155781E-002
   0.47999999808201466E-009   0.549685489E-002
   0.57599999769841759E-009   0.741424598E-002
   0.67199999731482052E-009   0.940431468E-002
   0.76799999693122345E-009   0.114819612E-001
   0.86399999654762638E-009   0.134889046E-001
   0.95999999616402931E-009   0.152621884E-001
   0.10559999957804322E-008   0.168132335E-001
   0.11519999953968352E-008   0.182977114E-001
   0.12479999950132381E-008   0.198497418E-001
   0.13439999946296410E-008   0.214845184E-001
   0.14399999942460440E-008   0.231394228E-001
   0.15359999938624469E-008   0.247600656E-001
   0.16319999934788498E-008   0.265126266E-001
   0.17279999930952528E-008   0.287425965E-001
   0.18239999927116557E-008   0.315181874E-001
   0.19199999923280586E-008   0.345974341E-001
   0.20159999919444616E-008   0.377312563E-001
   0.21119999915608645E-008   0.408594534E-001
   0.22079999911772674E-008   0.440242998E-001
   0.23039999907936703E-008   0.472035632E-001
   0.23999999904100733E-008   0.502903722E-001
   0.24959999900264762E-008   0.532058477E-001
   0.25919999896428791E-008   0.559805185E-001
   0.26879999892592821E-008   0.587192550E-001
   0.27839999888756850E-008   0.615084991E-001
   0.28799999884920879E-008   0.643617287E-001
   0.29759999881084909E-008   0.672353208E-001
   0.30719999877248938E-008   0.700822994E-001
   0.31679999873412967E-008   0.730057955E-001
   0.32639999869576997E-008   0.761292279E-001
   0.33599999865741026E-008   0.794568807E-001
   0.34559999861905055E-008   0.828951597E-001
   0.35519999858069085E-008   0.863596871E-001
   0.36479999854233114E-008   0.898302048E-001
   0.37439999850397143E-008   0.933172107E-001
   0.38399999846561172E-008   0.968073159E-001
   0.39359999842725202E-008   0.100254536E+000
   0.40319999838889231E-008   0.103616625E+000
   0.41279999835053260E-008   0.106889702E+000
   0.42239999831217290E-008   0.110104889E+000
   0.43199999827381319E-008   0.113294810E+000
   0.44159999823545348E-008   0.116465494E+000
   0.45119999819709378E-008   0.119601034E+000
   0.46079999815873407E-008   0.122601733E+000
   0.47039999812037436E-008   0.125220880E+000
   0.47999999808201466E-008   0.127385840E+000
   0.48959999804365495E-008   0.129287913E+000
   0.49919999800529524E-008   0.131152257E+000
   0.50879999796693554E-008   0.133042574E+000
   0.51839999792857583E-008   0.134914488E+000
   0.52799999789021612E-008   0.136775121E+000
   0.53759999785185641E-008   0.138714880E+000
   0.54719999781349671E-008   0.140794232E+000
   0.55679999777513700E-008   0.142956346E+000
   0.56639999773677729E-008   0.145074770E+000
   0.57599999769841759E-008   0.147065744E+000
   0.58559999766005788E-008   0.148936912E+000
   0.59519999762169817E-008   0.150745735E+000
   0.60479999758333847E-008   0.152540237E+000
   0.61439999754497876E-008   0.154091090E+000
   0.62399999750661905E-008   0.155117616E+000
   0.63359999746825935E-008   0.155654222E+000
   0.64319999742989964E-008   0.155987024E+000
   0.65279999739153993E-008   0.156332240E+000
   0.66239999735318023E-008   0.156697750E+000
   0.67199999731482052E-008   0.157025039E+000
   0.68159999727646081E-008   0.157351986E+000
   0.69119999723810110E-008   0.157788277E+000
   0.70079999719974140E-008   0.158377677E+000
   0.71039999716138169E-008   0.159041375E+000
   0.71999999712302198E-008   0.159657985E+000
   0.72959999708466228E-008   0.160170645E+000
   0.73919999704630257E-008   0.160610974E+000
   0.74879999700794286E-008   0.161045015E+000
   0.75839999696958316E-008   0.161514625E+000
   0.76799999693122345E-008   0.162021890E+000
   0.77759999689286374E-008   0.162547588E+000
   0.78719999685450404E-008   0.163074344E+000
   0.79679999681614433E-008   0.163596898E+000
   0.80639999677778462E-008   0.164117306E+000
   0.81599999673942492E-008   0.164560884E+000
   0.82559999670106521E-008   0.164842352E+000
   0.83519999666270550E-008   0.164968267E+000
   0.84479999662434579E-008   0.165020242E+000
   0.85439999658598609E-008   0.165073723E+000
   0.86399999654762638E-008   0.165156782E+000
   0.87359999650926667E-008   0.165274262E+000
   0.88319999647090697E-008   0.165441692E+000
   0.89279999643254726E-008   0.165682048E+000
   0.90239999639418755E-008   0.165997148E+000
   0.91199999635582785E-008   0.166353598E+000
   0.92159999631746814E-008   0.166698098E+000
   0.93119999627910843E-008   0.166983902E+000
   0.94079999624074873E-008   0.167187199E+000
   0.95039999620238902E-008   0.167309731E+000
   0.95999999616402931E-008   0.167372346E+000
   0.96959999612566961E-008   0.167403385E+000
   0.97919999608730990E-008   0.167426363E+000
   0.98879999604895019E-008   0.167457536E+000
   0.99839999601059048E-008   0.167516276E+000
   0.10079999959722308E-007   0.167620718E+000
   0.10175999959338711E-007   0.167747617E+000
   0.10271999958955114E-007   0.167857692E+000
   0.10367999958571517E-007   0.167944789E+000
   0.10463999958187920E-007   0.168027967E+000
   0.10559999957804322E-007   0.168123156E+000
   0.10655999957420725E-007   0.168230250E+000
   0.10751999957037128E-007   0.168334797E+000
   0.10847999956653531E-007   0.168415189E+000
   0.10943999956269934E-007   0.168456689E+000
   0.11039999955886337E-007   0.168465793E+000
   0.11135999955502740E-007   0.168464631E+000
   0.11231999955119143E-007   0.168464765E+000
   0.11327999954735546E-007   0.168453932E+000
   0.11423999954351949E-007   0.168421105E+000
   0.11519999953968352E-007   0.168390796E+000
   0.11615999953584755E-007   0.168413609E+000
   0.11711999953201158E-007   0.168513596E+000
   0.11807999952817561E-007   0.168658406E+000
   0.11903999952433963E-007   0.168795913E+000
   0.11999999952050366E-007   0.168913826E+000
   0.12095999951666769E-007   0.169043154E+000
   0.12191999951283172E-007   0.169201061E+000
   0.12287999950899575E-007   0.169354483E+000
   0.12383999950515978E-007   0.169459581E+000
   0.12479999950132381E-007   0.169525892E+000
   0.12575999949748784E-007   0.169614285E+000
   0.12671999949365187E-007   0.169766188E+000
   0.12767999948981590E-007   0.169957116E+000
   0.12863999948597993E-007   0.170136482E+000
   0.12959999948214396E-007   0.170296982E+000
   0.13055999947830799E-007   0.170474336E+000
   0.13151999947447202E-007   0.170666516E+000
   0.13247999947063605E-007   0.170803353E+000
   0.13343999946680007E-007   0.170827404E+000
   0.13439999946296410E-007   0.170761645E+000
   0.13535999945912813E-007   0.170682326E+000
   0.13631999945529216E-007   0.170634821E+000
   0.13727999945145619E-007   0.170600578E+000
   0.13823999944762022E-007   0.170552149E+000
   0.13919999944378425E-007   0.170515165E+000
   0.14015999943994828E-007   0.170549363E+000
   0.14111999943611231E-007   0.170672506E+000
   0.14207999943227634E-007   0.170830846E+000
   0.14303999942844037E-007   0.170957699E+000
   0.14399999942460440E-007   0.171043977E+000
   0.14495999942076843E-007   0.171130374E+000
   0.14591999941693246E-007   0.171237841E+000
   0.14687999941309648E-007   0.171334252E+000
   0.14783999940926051E-007   0.171381325E+000
   0.14879999940542454E-007   0.171393991E+000
   0.14975999940158857E-007   0.171428636E+000
   0.15071999939775260E-007   0.171515897E+000
   0.15167999939391663E-007   0.171628863E+000
   0.15263999939008066E-007   0.171726346E+000
   0.15359999938624469E-007   0.171809405E+000
   0.15455999938240872E-007   0.171913832E+000
   0.15551999937857275E-007   0.172053427E+000
   0.15647999937473678E-007   0.172194779E+000
   0.15743999937090081E-007   0.172299221E+000
   0.15839999936706484E-007   0.172372535E+000
   0.15935999936322887E-007   0.172455311E+000
   0.16031999935939290E-007   0.172568336E+000
   0.16127999935555692E-007   0.172685176E+000
   0.16223999935172095E-007   0.172766954E+000
   0.16319999934788498E-007   0.172816709E+000
   0.16415999934404901E-007   0.172871858E+000
   0.16511999934021304E-007   0.172950447E+000
   0.16607999933637707E-007   0.173028082E+000
   0.16703999933254110E-007   0.173074603E+000
   0.16799999932870513E-007   0.173097730E+000
   0.16895999932486916E-007   0.173133716E+000
   0.16991999932103319E-007   0.173200697E+000
   0.17087999931719722E-007   0.173278764E+000
   0.17183999931336125E-007   0.173341274E+000
   0.17279999930952528E-007   0.173391700E+000
   0.17375999930568931E-007   0.173456401E+000
   0.17471999930185333E-007   0.173545927E+000
   0.17567999929801736E-007   0.173639625E+000
   0.17663999929418139E-007   0.173713312E+000
   0.17759999929034542E-007   0.173770547E+000
   0.17855999928650945E-007   0.173835739E+000
   0.17951999928267348E-007   0.173920438E+000
   0.18047999927883751E-007   0.174009949E+000
   0.18143999927500154E-007   0.174086258E+000
   0.18239999927116557E-007   0.174153730E+000
   0.18335999926732960E-007   0.174232095E+000
   0.18431999926349363E-007   0.174327612E+000
   0.18527999925965766E-007   0.174422592E+000
   0.18623999925582169E-007   0.174496815E+000
   0.18719999925198572E-007   0.174551800E+000
   0.18815999924814975E-007   0.174606323E+000
   0.18911999924431377E-007   0.174671575E+000
   0.19007999924047780E-007   0.174740255E+000
   0.19103999923664183E-007   0.174801797E+000
   0.19199999923280586E-007   0.174861163E+000
   0.19295999922896989E-007   0.174934268E+000
   0.19391999922513392E-007   0.175026968E+000
   0.19487999922129795E-007   0.175125584E+000
   0.19583999921746198E-007   0.175211400E+000
   0.19679999921362601E-007   0.175279856E+000
   0.19775999920979004E-007   0.175340891E+000
   0.19871999920595407E-007   0.175402492E+000
   0.19967999920211810E-007   0.175460279E+000
   0.20063999919828213E-007   0.175505728E+000
   0.20159999919444616E-007   0.175539136E+000
   0.20255999919061018E-007   0.175572500E+000
   0.20351999918677421E-007   0.175618857E+000
   0.20447999918293824E-007   0.175678641E+000
   0.20543999917910227E-007   0.175740719E+000
   0.20639999917526630E-007   0.175796673E+000
   0.20735999917143033E-007   0.175849572E+000
   0.20831999916759436E-007   0.175906092E+000
   0.20927999916375839E-007   0.175963491E+000
   0.21023999915992242E-007   0.176009819E+000
   0.21119999915608645E-007   0.176038697E+000
   0.21215999915225048E-007   0.176060095E+000
   0.21311999914841451E-007   0.176091582E+000
   0.21407999914457854E-007   0.176139966E+000
   0.21503999914074257E-007   0.176196173E+000
   0.21599999913690660E-007   0.176249802E+000
   0.21695999913307062E-007   0.176303893E+000
   0.21791999912923465E-007   0.176369280E+000
   0.21887999912539868E-007   0.176445305E+000
   0.21983999912156271E-007   0.176514506E+000
   0.22079999911772674E-007   0.176561430E+000
   0.22175999911389077E-007   0.176592335E+000
   0.22271999911005480E-007   0.176628619E+000
   0.22367999910621883E-007   0.176680714E+000
   0.22463999910238286E-007   0.176737219E+000
   0.22559999909854689E-007   0.176784009E+000
   0.22655999909471092E-007   0.176827341E+000
   0.22751999909087495E-007   0.176887304E+000
   0.22847999908703898E-007   0.176968664E+000
   0.22943999908320301E-007   0.177050024E+000
   0.23039999907936703E-007   0.177108675E+000
   0.23135999907553106E-007   0.177149266E+000
   0.23231999907169509E-007   0.177196324E+000
   0.23327999906785912E-007   0.177260071E+000
   0.23423999906402315E-007   0.177322835E+000
   0.23519999906018718E-007   0.177365690E+000
   0.23615999905635121E-007   0.177398309E+000
   0.23711999905251524E-007   0.177448958E+000
   0.23807999904867927E-007   0.177526221E+000
   0.23903999904484330E-007   0.177605942E+000
   0.23999999904100733E-007   0.177662969E+000
   0.24095999903717136E-007   0.177704483E+000
   0.24191999903333539E-007   0.177758366E+000
   0.24287999902949942E-007   0.177832812E+000
   0.24383999902566345E-007   0.177904010E+000
   0.24479999902182747E-007   0.177950189E+000
   0.24575999901799150E-007   0.177984357E+000
   0.24671999901415553E-007   0.178038567E+000
   0.24767999901031956E-007   0.178120792E+000
   0.24863999900648359E-007   0.178203925E+000
   0.24959999900264762E-007   0.178262994E+000
   0.25055999899881165E-007   0.178308189E+000
   0.25151999899497568E-007   0.178361624E+000
   0.25247999899113971E-007   0.178420514E+000
   0.25343999898730374E-007   0.178458646E+000
   0.25439999898346777E-007   0.178462476E+000
   0.25535999897963180E-007   0.178453282E+000
   0.25631999897579583E-007   0.178463638E+000
   0.25727999897195986E-007   0.178498447E+000
   0.25823999896812388E-007   0.178532749E+000
   0.25919999896428791E-007   0.178548783E+000
   0.26015999896045194E-007   0.178560585E+000
   0.26111999895661597E-007   0.178592175E+000
   0.26207999895278000E-007   0.178640872E+000
   0.26303999894894403E-007   0.178677648E+000
   0.26399999894510806E-007   0.178685069E+000
   0.26495999894127209E-007   0.178680360E+000
   0.26591999893743612E-007   0.178692132E+000
   0.26687999893360015E-007   0.178723454E+000
   0.26783999892976418E-007   0.178751007E+000
   0.26879999892592821E-007   0.178759873E+000
   0.26975999892209224E-007   0.178764045E+000
   0.27071999891825627E-007   0.178785264E+000
   0.27167999891442030E-007   0.178820729E+000
   0.27263999891058432E-007   0.178844869E+000
   0.27359999890674835E-007   0.178841591E+000
   0.27455999890291238E-007   0.178822786E+000
   0.27551999889907641E-007   0.178808957E+000
   0.27647999889524044E-007   0.178800792E+000
   0.27743999889140447E-007   0.178780183E+000
   0.27839999888756850E-007   0.178736866E+000
   0.27935999888373253E-007   0.178682521E+000
   0.28031999887989656E-007   0.178633273E+000
   0.28127999887606059E-007   0.178585768E+000
   0.28223999887222462E-007   0.178519279E+000
   0.28319999886838865E-007   0.178419515E+000
   0.28415999886455268E-007   0.178291678E+000
   0.28511999886071671E-007   0.178146824E+000
   0.28607999885688074E-007   0.177982524E+000
   0.28703999885304476E-007   0.177783862E+000
   0.28799999884920879E-007   0.177541882E+000
   0.28895999884537282E-007   0.177263170E+000
   0.28991999884153685E-007   0.176958203E+000
   0.29087999883770088E-007   0.176624715E+000
   0.29183999883386491E-007   0.176247686E+000
   0.29279999883002894E-007   0.175814271E+000
   0.29375999882619297E-007   0.175323382E+000
   0.29471999882235700E-007   0.174778342E+000
   0.29567999881852103E-007   0.174174309E+000
   0.29663999881468506E-007   0.173497543E+000
   0.29759999881084909E-007   0.172736868E+000
   0.29855999880701312E-007   0.171892017E+000
   0.29951999880317715E-007   0.170968235E+000
   0.30047999879934117E-007   0.169964701E+000
   0.30143999879550520E-007   0.168871284E+000
   0.30239999879166923E-007   0.167677030E+000
   0.30335999878783326E-007   0.166378483E+000
   0.30431999878399729E-007   0.164977595E+000
   0.30527999878016132E-007   0.163472652E+000
   0.30623999877632535E-007   0.161854357E+000
   0.30719999877248938E-007   0.160112754E+000
   0.30815999876865341E-007   0.158245891E+000
   0.30911999876481744E-007   0.156259507E+000
   0.31007999876098147E-007   0.154157802E+000
   0.31103999875714550E-007   0.151937351E+000
   0.31199999875330953E-007   0.149591595E+000
   0.31295999874947356E-007   0.147119701E+000
   0.31391999874563759E-007   0.144527957E+000
   0.31487999874180161E-007   0.141821742E+000
   0.31583999873796564E-007   0.138998747E+000
   0.31679999873412967E-007   0.136053354E+000
   0.31775999873029370E-007   0.132986456E+000
   0.31871999872645773E-007   0.129808322E+000
   0.31967999872262176E-007   0.126530126E+000
   0.32063999871878579E-007   0.123155400E+000
   0.32159999871494982E-007   0.119682416E+000
   0.32255999871111385E-007   0.116114259E+000
   0.32351999870727788E-007   0.112462275E+000
   0.32447999870344191E-007   0.108737804E+000
   0.32543999869960594E-007   0.104942948E+000
   0.32639999869576997E-007   0.101073295E+000
   0.32735999869193400E-007   0.971293896E-001
   0.32831999868809802E-007   0.931217819E-001
   0.32927999868426205E-007   0.890628546E-001
   0.33023999868042608E-007   0.849561691E-001
   0.33119999867659011E-007   0.807982236E-001
   0.33215999867275414E-007   0.765901655E-001
   0.33311999866891817E-007   0.723434538E-001
   0.33407999866508220E-007   0.680708215E-001
   0.33503999866124623E-007   0.637746155E-001
   0.33599999865741026E-007   0.594485365E-001
   0.33695999865357429E-007   0.550914034E-001
   0.33791999864973832E-007   0.507146418E-001
   0.33887999864590235E-007   0.463334695E-001
   0.33983999864206638E-007   0.419539213E-001
   0.34079999863823041E-007   0.375739112E-001
   0.34175999863439444E-007   0.331974886E-001
   0.34271999863055846E-007   0.288423970E-001
   0.34367999862672249E-007   0.245293602E-001
   0.34463999862288652E-007   0.202667229E-001
   0.34559999861905055E-007   0.160511695E-001
   0.34655999861521458E-007   0.118838027E-001
   0.34751999861137861E-007   0.777935050E-002
   0.34847999860754264E-007   0.375516829E-002
   0.34943999860370667E-007  -0.185143901E-003
   0.35039999859987070E-007  -0.405036286E-002
   0.35135999859603473E-007  -0.783841684E-002
   0.35231999859219876E-007  -0.115288775E-001
   0.35327999858836279E-007  -0.151050929E-001
   0.35423999858452682E-007  -0.185725018E-001
   0.35519999858069085E-007  -0.219497140E-001
   0.35615999857685487E-007  -0.252444651E-001
   0.35711999857301890E-007  -0.284455139E-001
   0.35807999856918293E-007  -0.315403417E-001
   0.35903999856534696E-007  -0.345340744E-001
   0.35999999856151099E-007  -0.374432467E-001
   0.36095999855767502E-007  -0.402721018E-001
   0.36191999855383905E-007  -0.430036560E-001
   0.36287999855000308E-007  -0.456185043E-001
   0.36383999854616711E-007  -0.481167845E-001
   0.36479999854233114E-007  -0.505141616E-001
   0.36575999853849517E-007  -0.528179407E-001
   0.36671999853465920E-007  -0.550168827E-001
   0.36767999853082323E-007  -0.570990741E-001
   0.36863999852698726E-007  -0.590730384E-001
   0.36959999852315129E-007  -0.609625056E-001
   0.37055999851931531E-007  -0.627815574E-001
   0.37151999851547934E-007  -0.645243078E-001
   0.37247999851164337E-007  -0.661826432E-001
   0.37343999850780740E-007  -0.677664280E-001
   0.37439999850397143E-007  -0.692972168E-001
   0.37535999850013546E-007  -0.707840696E-001
   0.37631999849629949E-007  -0.722152591E-001
   0.37727999849246352E-007  -0.735773593E-001
   0.37823999848862755E-007  -0.748749450E-001
   0.37919999848479158E-007  -0.761236027E-001
   0.38015999848095561E-007  -0.773269013E-001
   0.38111999847711964E-007  -0.784699321E-001
   0.38207999847328367E-007  -0.795385912E-001
   0.38303999846944770E-007  -0.805376619E-001
   0.38399999846561172E-007  -0.814830214E-001
   0.38495999846177575E-007  -0.823801011E-001
   0.38591999845793978E-007  -0.832193941E-001
   0.38687999845410381E-007  -0.839949399E-001
   0.38783999845026784E-007  -0.847193599E-001
   0.38879999844643187E-007  -0.854146257E-001
   0.38975999844259590E-007  -0.860914737E-001
   0.39071999843875993E-007  -0.867453814E-001
   0.39167999843492396E-007  -0.873726234E-001
   0.39263999843108799E-007  -0.879823267E-001
   0.39359999842725202E-007  -0.885873288E-001
   0.39455999842341605E-007  -0.891872123E-001
   0.39551999841958008E-007  -0.897668600E-001
   0.39647999841574411E-007  -0.903120786E-001
   0.39743999841190814E-007  -0.908208638E-001
   0.39839999840807216E-007  -0.912966654E-001
   0.39935999840423619E-007  -0.917355493E-001
