t              WireAirBox.fdtd_Point probe A_Ey_50_50_25.dat       incid
   0.00000000000000000E+000   0.000000000E+000   0.000000000E+000
   0.30813331053369808E-010   0.000000000E+000   0.000000000E+000
   0.61626662106739616E-010   0.000000000E+000   0.000000000E+000
   0.92439993160109424E-010   0.000000000E+000   0.000000000E+000
   0.12325332421347923E-009   0.000000000E+000   0.000000000E+000
   0.15406665526684904E-009   0.000000000E+000   0.000000000E+000
   0.18487998632021885E-009   0.000000000E+000   0.000000000E+000
   0.21569331737358866E-009   0.000000000E+000   0.000000000E+000
   0.24650664842695846E-009   0.000000000E+000   0.000000000E+000
   0.27731997948032827E-009   0.000000000E+000   0.000000000E+000
   0.30813331053369808E-009   0.000000000E+000   0.000000000E+000
   0.33894664158706789E-009   0.000000000E+000   0.000000000E+000
   0.36975997264043770E-009   0.000000000E+000   0.000000000E+000
   0.40057330369380750E-009   0.000000000E+000   0.000000000E+000
   0.43138663474717731E-009   0.000000000E+000   0.000000000E+000
   0.46219996580054712E-009   0.000000000E+000   0.000000000E+000
   0.49301329685391693E-009   0.000000000E+000   0.000000000E+000
   0.52382662790728673E-009   0.000000000E+000   0.000000000E+000
   0.55463995896065654E-009   0.000000000E+000   0.000000000E+000
   0.58545329001402635E-009   0.000000000E+000   0.000000000E+000
   0.61626662106739616E-009   0.000000000E+000   0.000000000E+000
   0.64707995212076597E-009   0.000000000E+000   0.000000000E+000
   0.67789328317413577E-009   0.000000000E+000   0.000000000E+000
   0.70870661422750558E-009   0.000000000E+000   0.000000000E+000
   0.73951994528087539E-009   0.000000000E+000   0.000000000E+000
   0.77033327633424520E-009   0.000000000E+000   0.000000000E+000
   0.80114660738761501E-009   0.000000000E+000   0.000000000E+000
   0.83195993844098481E-009   0.000000000E+000   0.000000000E+000
   0.86277326949435462E-009   0.000000000E+000   0.000000000E+000
   0.89358660054772443E-009   0.000000000E+000   0.000000000E+000
   0.92439993160109424E-009   0.000000000E+000   0.000000000E+000
   0.95521326265446405E-009   0.000000000E+000   0.000000000E+000
   0.98602659370783385E-009   0.000000000E+000   0.000000000E+000
   0.10168399247612037E-008   0.000000000E+000   0.000000000E+000
   0.10476532558145735E-008   0.000000000E+000   0.000000000E+000
   0.10784665868679433E-008   0.000000000E+000   0.000000000E+000
   0.11092799179213131E-008   0.000000000E+000   0.000000000E+000
   0.11400932489746829E-008   0.000000000E+000   0.000000000E+000
   0.11709065800280527E-008   0.000000000E+000   0.000000000E+000
   0.12017199110814225E-008   0.000000000E+000   0.000000000E+000
   0.12325332421347923E-008   0.000000000E+000   0.000000000E+000
   0.12633465731881621E-008   0.000000000E+000   0.000000000E+000
   0.12941599042415319E-008   0.000000000E+000   0.000000000E+000
   0.13249732352949017E-008   0.000000000E+000   0.000000000E+000
   0.13557865663482715E-008   0.000000000E+000   0.000000000E+000
   0.13865998974016414E-008   0.000000000E+000   0.000000000E+000
   0.14174132284550112E-008   0.000000000E+000   0.000000000E+000
   0.14482265595083810E-008   0.000000000E+000   0.000000000E+000
   0.14790398905617508E-008   0.000000000E+000   0.000000000E+000
   0.15098532216151206E-008   0.000000000E+000   0.000000000E+000
   0.15406665526684904E-008   0.000000000E+000   0.000000000E+000
   0.15714798837218602E-008   0.000000000E+000   0.000000000E+000
   0.16022932147752300E-008   0.000000000E+000   0.000000000E+000
   0.16331065458285998E-008   0.000000000E+000   0.000000000E+000
   0.16639198768819696E-008   0.000000000E+000   0.000000000E+000
   0.16947332079353394E-008   0.000000000E+000   0.000000000E+000
   0.17255465389887092E-008   0.000000000E+000   0.000000000E+000
   0.17563598700420791E-008   0.000000000E+000   0.000000000E+000
   0.17871732010954489E-008   0.000000000E+000   0.000000000E+000
   0.18179865321488187E-008   0.000000000E+000   0.000000000E+000
   0.18487998632021885E-008  -0.541364976E-035   0.000000000E+000
   0.18796131942555583E-008  -0.126117010E-033   0.000000000E+000
   0.19104265253089281E-008  -0.201674129E-032   0.000000000E+000
   0.19412398563622979E-008  -0.256289713E-031   0.000000000E+000
   0.19720531874156677E-008  -0.271055315E-030   0.000000000E+000
   0.20028665184690375E-008  -0.245436656E-029   0.000000000E+000
   0.20336798495224073E-008  -0.194225641E-028   0.000000000E+000
   0.20644931805757771E-008  -0.136452835E-027   0.000000000E+000
   0.20953065116291469E-008  -0.861702272E-027   0.000000000E+000
   0.21261198426825167E-008  -0.494086272E-026   0.000000000E+000
   0.21569331737358866E-008  -0.259385478E-025   0.000000000E+000
   0.21877465047892564E-008  -0.125560476E-024   0.000000000E+000
   0.22185598358426262E-008  -0.563850116E-024   0.000000000E+000
   0.22493731668959960E-008  -0.236148510E-023   0.000000000E+000
   0.22801864979493658E-008  -0.926755842E-023   0.000000000E+000
   0.23109998290027356E-008  -0.342253047E-022   0.000000000E+000
   0.23418131600561054E-008  -0.119402226E-021   0.000000000E+000
   0.23726264911094752E-008  -0.394923813E-021   0.000000000E+000
   0.24034398221628450E-008  -0.124250899E-020   0.000000000E+000
   0.24342531532162148E-008  -0.373024327E-020   0.000000000E+000
   0.24650664842695846E-008  -0.107182203E-019   0.000000000E+000
   0.24958798153229544E-008  -0.295592023E-019   0.000000000E+000
   0.25266931463763243E-008  -0.784565818E-019   0.000000000E+000
   0.25575064774296941E-008  -0.200937797E-018   0.000000000E+000
   0.25883198084830639E-008  -0.497810528E-018   0.000000000E+000
   0.26191331395364337E-008  -0.119578511E-017   0.000000000E+000
   0.26499464705898035E-008  -0.279113838E-017   0.000000000E+000
   0.26807598016431733E-008  -0.634353479E-017   0.000000000E+000
   0.27115731326965431E-008  -0.140639928E-016   0.000000000E+000
   0.27423864637499129E-008  -0.303647680E-016   0.000000000E+000
   0.27731997948032827E-008  -0.641733734E-016   0.000000000E+000
   0.28040131258566525E-008   0.540933487E-011   0.000000000E+000
   0.28348264569100223E-008   0.115230471E-009   0.000000000E+000
   0.28656397879633921E-008   0.225569910E-009   0.000000000E+000
   0.28964531190167619E-008   0.227470404E-009   0.000000000E+000
   0.29272664500701318E-008  -0.480234463E-010   0.000000000E+000
   0.29580797811235016E-008  -0.373452186E-009   0.000000000E+000
   0.29888931121768714E-008   0.185343768E-009   0.000000000E+000
   0.30197064432302412E-008   0.131985967E-008   0.000000000E+000
   0.30505197742836110E-008   0.122929078E-008   0.000000000E+000
   0.30813331053369808E-008  -0.446151449E-009   0.000000000E+000
   0.31121464363903506E-008  -0.151215529E-008   0.000000000E+000
   0.31429597674437204E-008  -0.299432923E-009   0.000000000E+000
   0.31737730984970902E-008   0.178249215E-008   0.000000000E+000
   0.32045864295504600E-008   0.198270333E-008   0.000000000E+000
   0.32353997606038298E-008  -0.367772923E-009   0.000000000E+000
   0.32662130916571996E-008  -0.293477243E-008   0.000000000E+000
   0.32970264227105694E-008  -0.289489988E-008   0.000000000E+000
   0.33278397537639393E-008  -0.181519244E-009   0.000000000E+000
   0.33586530848173091E-008   0.226667463E-008   0.000000000E+000
   0.33894664158706789E-008   0.200457428E-008   0.000000000E+000
   0.34202797469240487E-008  -0.254154475E-010   0.000000000E+000
   0.34510930779774185E-008  -0.989501814E-009   0.000000000E+000
   0.34819064090307883E-008   0.198192573E-009   0.000000000E+000
   0.35127197400841581E-008   0.182537563E-008   0.000000000E+000
   0.35435330711375279E-008   0.139850553E-008   0.000000000E+000
   0.35743464021908977E-008  -0.170384062E-008   0.000000000E+000
   0.36051597332442675E-008  -0.473092676E-008   0.000000000E+000
   0.36359730642976373E-008  -0.333019634E-008   0.000000000E+000
   0.36667863953510071E-008   0.298436453E-008   0.000000000E+000
   0.36975997264043770E-008   0.793017119E-008   0.000000000E+000
   0.37284130574577468E-008   0.510884401E-008   0.000000000E+000
   0.37592263885111166E-008  -0.271192313E-008   0.000000000E+000
   0.37900397195644864E-008  -0.654959553E-008   0.000000000E+000
   0.38208530506178562E-008  -0.353636276E-008   0.000000000E+000
   0.38516663816712260E-008   0.576850123E-009   0.000000000E+000
   0.38824797127245958E-008   0.189333016E-008   0.000000000E+000
   0.39132930437779656E-008   0.262462785E-008   0.000000000E+000
   0.39441063748313354E-008   0.364241348E-008   0.000000000E+000
   0.39749197058847052E-008   0.243845677E-008   0.000000000E+000
   0.40057330369380750E-008  -0.467365258E-009   0.000000000E+000
   0.40365463679914448E-008  -0.257719934E-008   0.000000000E+000
   0.40673596990448146E-008  -0.539432543E-008   0.000000000E+000
   0.40981730300981845E-008  -0.879767104E-008   0.000000000E+000
   0.41289863611515543E-008  -0.625804830E-008   0.000000000E+000
   0.41597996922049241E-008   0.150600155E-008   0.000000000E+000
   0.41906130232582939E-008  -0.245306220E-009   0.000000000E+000
   0.42214263543116637E-008  -0.171518391E-007   0.000000000E+000
   0.42522396853650335E-008  -0.323682414E-007   0.000000000E+000
   0.42830530164184033E-008  -0.356630885E-007   0.000000000E+000
   0.43138663474717731E-008  -0.451067166E-007   0.000000000E+000
   0.43446796785251429E-008  -0.770465363E-007   0.000000000E+000
   0.43754930095785127E-008  -0.118618956E-006   0.000000000E+000
   0.44063063406318825E-008  -0.156426694E-006   0.000000000E+000
   0.44371196716852523E-008  -0.206879832E-006   0.000000000E+000
   0.44679330027386222E-008  -0.288672197E-006   0.000000000E+000
   0.44987463337919920E-008  -0.386814435E-006   0.000000000E+000
   0.45295596648453618E-008  -0.473972904E-006   0.000000000E+000
   0.45603729958987316E-008  -0.551275946E-006   0.000000000E+000
   0.45911863269521014E-008  -0.637335688E-006   0.000000000E+000
   0.46219996580054712E-008  -0.720461287E-006   0.000000000E+000
   0.46528129890588410E-008  -0.749733942E-006   0.000000000E+000
   0.46836263201122108E-008  -0.686731937E-006   0.000000000E+000
   0.47144396511655806E-008  -0.544626346E-006   0.000000000E+000
   0.47452529822189504E-008  -0.345897803E-006   0.000000000E+000
   0.47760663132723202E-008  -0.595747451E-007   0.000000000E+000
   0.48068796443256900E-008   0.362885373E-006   0.000000000E+000
   0.48376929753790598E-008   0.893033416E-006   0.000000000E+000
   0.48685063064324297E-008   0.143936927E-005   0.000000000E+000
   0.48993196374857995E-008   0.195703842E-005   0.000000000E+000
   0.49301329685391693E-008   0.244716102E-005   0.000000000E+000
   0.49609462995925391E-008   0.283055851E-005   0.000000000E+000
   0.49917596306459089E-008   0.293680796E-005   0.000000000E+000
   0.50225729616992787E-008   0.266736242E-005   0.000000000E+000
   0.50533862927526485E-008   0.208951906E-005   0.000000000E+000
   0.50841996238060183E-008   0.135051755E-005   0.000000000E+000
   0.51150129548593881E-008   0.582685345E-006   0.000000000E+000
   0.51458262859127579E-008  -0.120613663E-006   0.000000000E+000
   0.51766396169661277E-008  -0.763063042E-006   0.000000000E+000
   0.52074529480194975E-008  -0.149457571E-005   0.000000000E+000
   0.52382662790728673E-008  -0.246497257E-005   0.000000000E+000
   0.52690796101262372E-008  -0.353889641E-005   0.000000000E+000
   0.52998929411796070E-008  -0.419389835E-005   0.000000000E+000
   0.53307062722329768E-008  -0.380111828E-005   0.000000000E+000
   0.53615196032863466E-008  -0.216410581E-005   0.000000000E+000
   0.53923329343397164E-008   0.565319169E-007   0.000000000E+000
   0.54231462653930862E-008   0.149806158E-005   0.000000000E+000
   0.54539595964464560E-008   0.101391504E-005   0.000000000E+000
   0.54847729274998258E-008  -0.118794435E-005   0.000000000E+000
   0.55155862585531956E-008  -0.325698647E-005   0.000000000E+000
   0.55463995896065654E-008  -0.288441493E-005   0.000000000E+000
   0.55772129206599352E-008   0.669280325E-006   0.000000000E+000
   0.56080262517133050E-008   0.534641413E-005   0.000000000E+000
   0.56388395827666749E-008   0.730837201E-005   0.000000000E+000
   0.56696529138200447E-008   0.400318186E-005   0.000000000E+000
   0.57004662448734145E-008  -0.301872615E-005   0.000000000E+000
   0.57312795759267843E-008  -0.842079316E-005   0.000000000E+000
   0.57620929069801541E-008  -0.713562622E-005   0.000000000E+000
   0.57929062380335239E-008   0.875823389E-006   0.000000000E+000
   0.58237195690868937E-008   0.960554735E-005   0.000000000E+000
   0.58545329001402635E-008   0.113758060E-004   0.000000000E+000
   0.58853462311936333E-008   0.347404966E-005   0.000000000E+000
   0.59161595622470031E-008  -0.857080067E-005   0.000000000E+000
   0.59469728933003729E-008  -0.145498507E-004   0.000000000E+000
   0.59777862243537427E-008  -0.809388166E-005   0.000000000E+000
   0.60085995554071125E-008   0.659180751E-005   0.000000000E+000
   0.60394128864604824E-008   0.167295220E-004   0.000000000E+000
   0.60702262175138522E-008   0.120509321E-004   0.000000000E+000
   0.61010395485672220E-008  -0.435589027E-005   0.000000000E+000
   0.61318528796205918E-008  -0.173714288E-004   0.000000000E+000
   0.61626662106739616E-008  -0.143040234E-004   0.000000000E+000
   0.61934795417273314E-008   0.191602521E-005   0.000000000E+000
   0.62242928727807012E-008   0.157635131E-004   0.000000000E+000
   0.62551062038340710E-008   0.151008362E-004   0.000000000E+000
   0.62859195348874408E-008   0.188333615E-005   0.000000000E+000
   0.63167328659408106E-008  -0.122671572E-004   0.000000000E+000
   0.63475461969941804E-008  -0.166609825E-004   0.000000000E+000
   0.63783595280475502E-008  -0.742793964E-005   0.000000000E+000
   0.64091728591009200E-008   0.100369325E-004   0.000000000E+000
   0.64399861901542899E-008   0.208585916E-004   0.000000000E+000
   0.64707995212076597E-008   0.112536773E-004   0.000000000E+000
   0.65016128522610295E-008  -0.126485675E-004   0.000000000E+000
   0.65324261833143993E-008  -0.243859013E-004   0.000000000E+000
   0.65632395143677691E-008  -0.797148823E-005   0.000000000E+000
   0.65940528454211389E-008   0.172486689E-004   0.000000000E+000
   0.66248661764745087E-008   0.196600740E-004   0.000000000E+000
   0.66556795075278785E-008  -0.639434802E-006   0.000000000E+000
   0.66864928385812483E-008  -0.137089792E-004   0.000000000E+000
   0.67173061696346181E-008  -0.634816115E-005   0.000000000E+000
   0.67481195006879879E-008   0.195580196E-005   0.000000000E+000
   0.67789328317413577E-008  -0.159645833E-005   0.000000000E+000
   0.68097461627947276E-008  -0.943141629E-006   0.000000000E+000
   0.68405594938480974E-008   0.120595296E-004   0.000000000E+000
   0.68713728249014672E-008   0.130755616E-004   0.000000000E+000
   0.69021861559548370E-008  -0.109474367E-004   0.000000000E+000
   0.69329994870082068E-008  -0.259383305E-004   0.000000000E+000
   0.69638128180615766E-008  -0.199088390E-005   0.000000000E+000
   0.69946261491149464E-008   0.278354564E-004   0.000000000E+000
   0.70254394801683162E-008   0.150340675E-004   0.000000000E+000
   0.70562528112216860E-008  -0.202102237E-004   0.000000000E+000
   0.70870661422750558E-008  -0.193374235E-004   0.000000000E+000
   0.71178794733284256E-008   0.132942641E-004   0.000000000E+000
   0.71486928043817954E-008   0.178357041E-004   0.000000000E+000
   0.71795061354351652E-008  -0.127157837E-004   0.000000000E+000
   0.72103194664885351E-008  -0.190522969E-004   0.000000000E+000
   0.72411327975419049E-008   0.139863932E-004   0.000000000E+000
   0.72719461285952747E-008   0.255764644E-004   0.000000000E+000
   0.73027594596486445E-008  -0.986174928E-005   0.000000000E+000
   0.73335727907020143E-008  -0.314008503E-004   0.000000000E+000
   0.73643861217553841E-008   0.126190571E-006   0.000000000E+000
   0.73951994528087539E-008   0.302034896E-004   0.000000000E+000
   0.74260127838621237E-008   0.832775368E-005   0.000000000E+000
   0.74568261149154935E-008  -0.232766015E-004   0.000000000E+000
   0.74876394459688633E-008  -0.101678388E-004   0.000000000E+000
   0.75184527770222331E-008   0.175507412E-004   0.000000000E+000
   0.75492661080756029E-008   0.776077741E-005   0.000000000E+000
   0.75800794391289728E-008  -0.169266968E-004   0.000000000E+000
   0.76108927701823426E-008  -0.751927291E-005   0.000000000E+000
   0.76417061012357124E-008   0.179701037E-004   0.000000000E+000
   0.76725194322890822E-008   0.116611845E-004   0.000000000E+000
   0.77033327633424520E-008  -0.148147519E-004   0.000000000E+000
   0.77341460943958218E-008  -0.156329661E-004   0.000000000E+000
   0.77649594254491916E-008   0.675905540E-005   0.000000000E+000
   0.77957727565025614E-008   0.139913627E-004   0.000000000E+000
   0.78265860875559312E-008   0.854835889E-006   0.000000000E+000
   0.78573994186093010E-008  -0.705530147E-005   0.000000000E+000
   0.78882127496626708E-008  -0.307629261E-005   0.000000000E+000
   0.79190260807160406E-008   0.276686023E-006   0.000000000E+000
   0.79498394117694104E-008   0.814549765E-006   0.000000000E+000
   0.79806527428227803E-008   0.226585485E-005   0.000000000E+000
   0.80114660738761501E-008   0.976782985E-006   0.000000000E+000
   0.80422794049295199E-008  -0.208808547E-005   0.000000000E+000
   0.80730927359828897E-008   0.402377964E-006   0.000000000E+000
   0.81039060670362595E-008   0.343328520E-005   0.000000000E+000
   0.81347193980896293E-008  -0.260065008E-005   0.000000000E+000
   0.81655327291429991E-008  -0.750737718E-005   0.000000000E+000
   0.81963460601963689E-008   0.194349423E-005   0.000000000E+000
   0.82271593912497387E-008   0.111948157E-004   0.000000000E+000
   0.82579727223031085E-008   0.165126130E-005   0.000000000E+000
   0.82887860533564783E-008  -0.112823618E-004   0.000000000E+000
   0.83195993844098481E-008  -0.468981898E-005   0.000000000E+000
   0.83504127154632179E-008   0.847289812E-005   0.000000000E+000
   0.83812260465165878E-008   0.459776811E-005   0.000000000E+000
   0.84120393775699576E-008  -0.620047877E-005   0.000000000E+000
   0.84428527086233274E-008  -0.268285476E-005   0.000000000E+000
   0.84736660396766972E-008   0.620260289E-005   0.000000000E+000
   0.85044793707300670E-008   0.201961484E-005   0.000000000E+000
   0.85352927017834368E-008  -0.667142467E-005   0.000000000E+000
   0.85661060328368066E-008  -0.336906260E-005   0.000000000E+000
   0.85969193638901764E-008   0.508860148E-005   0.000000000E+000
   0.86277326949435462E-008   0.452448376E-005   0.000000000E+000
   0.86585460259969160E-008  -0.162775405E-005   0.000000000E+000
   0.86893593570502858E-008  -0.355013344E-005   0.000000000E+000
   0.87201726881036556E-008  -0.133391131E-005   0.000000000E+000
   0.87509860191570255E-008   0.127290468E-005   0.000000000E+000
   0.87817993502103953E-008   0.255429973E-005   0.000000000E+000
   0.88126126812637651E-008   0.239367409E-006   0.000000000E+000
   0.88434260123171349E-008  -0.333596154E-005   0.000000000E+000
   0.88742393433705047E-008  -0.849742491E-006   0.000000000E+000
   0.89050526744238745E-008   0.504929994E-005   0.000000000E+000
   0.89358660054772443E-008   0.249628238E-005   0.000000000E+000
   0.89666793365306141E-008  -0.633606805E-005   0.000000000E+000
   0.89974926675839839E-008  -0.571066539E-005   0.000000000E+000
   0.90283059986373537E-008   0.455435111E-005   0.000000000E+000
   0.90591193296907235E-008   0.754518169E-005   0.000000000E+000
   0.90899326607440933E-008  -0.145892955E-006   0.000000000E+000
   0.91207459917974631E-008  -0.476709374E-005   0.000000000E+000
   0.91515593228508330E-008  -0.229482544E-005   0.000000000E+000
   0.91823726539042028E-008  -0.106658433E-005   0.000000000E+000
   0.92131859849575726E-008  -0.100745990E-005   0.000000000E+000
   0.92439993160109424E-008   0.368832843E-005   0.000000000E+000
   0.92748126470643122E-008   0.730671036E-005   0.000000000E+000
   0.93056259781176820E-008   0.104837090E-005   0.000000000E+000
   0.93364393091710518E-008  -0.875585738E-005   0.000000000E+000
   0.93672526402244216E-008  -0.899132101E-005   0.000000000E+000
   0.93980659712777914E-008   0.114716477E-005   0.000000000E+000
   0.94288793023311612E-008   0.107484857E-004   0.000000000E+000
   0.94596926333845310E-008   0.983406881E-005   0.000000000E+000
   0.94905059644379008E-008  -0.208230267E-005   0.000000000E+000
   0.95213192954912707E-008  -0.133322510E-004   0.000000000E+000
   0.95521326265446405E-008  -0.998553514E-005   0.000000000E+000
   0.95829459575980103E-008   0.516900855E-005   0.000000000E+000
   0.96137592886513801E-008   0.135995388E-004   0.000000000E+000
   0.96445726197047499E-008   0.651077244E-005   0.000000000E+000
   0.96753859507581197E-008  -0.504659693E-005   0.000000000E+000
   0.97061992818114895E-008  -0.940042810E-005   0.000000000E+000
   0.97370126128648593E-008  -0.654502128E-005   0.000000000E+000
   0.97678259439182291E-008   0.541205281E-006   0.000000000E+000
   0.97986392749715989E-008   0.889456896E-005   0.000000000E+000
   0.98294526060249687E-008   0.102873328E-004   0.000000000E+000
   0.98602659370783385E-008   0.241361704E-007   0.000000000E+000
   0.98910792681317083E-008  -0.114152263E-004   0.000000000E+000
   0.99218925991850782E-008  -0.101325131E-004   0.000000000E+000
   0.99527059302384480E-008   0.195960001E-005   0.000000000E+000
   0.99835192612918178E-008   0.108177164E-004   0.000000000E+000
   0.10014332592345188E-007   0.803477724E-005   0.000000000E+000
   0.10045145923398557E-007  -0.223783536E-005   0.000000000E+000
   0.10075959254451927E-007  -0.929547787E-005   0.000000000E+000
   0.10106772585505297E-007  -0.616409761E-005   0.000000000E+000
   0.10137585916558667E-007   0.277590698E-005   0.000000000E+000
   0.10168399247612037E-007   0.684949646E-005   0.000000000E+000
   0.10199212578665406E-007   0.321101379E-005   0.000000000E+000
   0.10230025909718776E-007  -0.140637530E-005   0.000000000E+000
   0.10260839240772146E-007  -0.295632663E-005   0.000000000E+000
   0.10291652571825516E-007  -0.317042191E-005   0.000000000E+000
   0.10322465902878886E-007  -0.164524567E-005   0.000000000E+000
   0.10353279233932255E-007   0.275582784E-005   0.000000000E+000
   0.10384092564985625E-007   0.510151494E-005   0.000000000E+000
   0.10414905896038995E-007   0.916277713E-006   0.000000000E+000
   0.10445719227092365E-007  -0.455046802E-005   0.000000000E+000
   0.10476532558145735E-007  -0.384285795E-005   0.000000000E+000
   0.10507345889199105E-007   0.127709745E-005   0.000000000E+000
   0.10538159220252474E-007   0.392749371E-005   0.000000000E+000
   0.10568972551305844E-007   0.192673429E-005   0.000000000E+000
   0.10599785882359214E-007  -0.169612849E-005   0.000000000E+000
   0.10630599213412584E-007  -0.316959881E-005   0.000000000E+000
   0.10661412544465954E-007  -0.104592164E-005   0.000000000E+000
   0.10692225875519323E-007   0.207140192E-005   0.000000000E+000
   0.10723039206572693E-007   0.233997980E-005   0.000000000E+000
   0.10753852537626063E-007   0.217838078E-006   0.000000000E+000
   0.10784665868679433E-007  -0.109907455E-005   0.000000000E+000
   0.10815479199732803E-007  -0.142947908E-005   0.000000000E+000
   0.10846292530786172E-007  -0.169062162E-005   0.000000000E+000
   0.10877105861839542E-007  -0.191148501E-007   0.000000000E+000
   0.10907919192892912E-007   0.330775174E-005   0.000000000E+000
   0.10938732523946282E-007   0.308589824E-005   0.000000000E+000
   0.10969545854999652E-007  -0.190869014E-005   0.000000000E+000
   0.11000359186053021E-007  -0.480508197E-005   0.000000000E+000
   0.11031172517106391E-007  -0.134941320E-005   0.000000000E+000
   0.11061985848159761E-007   0.338365408E-005   0.000000000E+000
   0.11092799179213131E-007   0.348165645E-005   0.000000000E+000
   0.11123612510266501E-007  -0.650329639E-007   0.000000000E+000
   0.11154425841319870E-007  -0.280291101E-005   0.000000000E+000
   0.11185239172373240E-007  -0.232889670E-005   0.000000000E+000
   0.11216052503426610E-007   0.388430863E-006   0.000000000E+000
   0.11246865834479980E-007   0.219760068E-005   0.000000000E+000
   0.11277679165533350E-007   0.133324079E-005   0.000000000E+000
   0.11308492496586720E-007  -0.291147899E-006   0.000000000E+000
   0.11339305827640089E-007  -0.806189121E-006   0.000000000E+000
   0.11370119158693459E-007  -0.124946621E-005   0.000000000E+000
   0.11400932489746829E-007  -0.152747543E-005   0.000000000E+000
   0.11431745820800199E-007   0.653189318E-006   0.000000000E+000
   0.11462559151853569E-007   0.358138595E-005   0.000000000E+000
   0.11493372482906938E-007   0.206249433E-005   0.000000000E+000
   0.11524185813960308E-007  -0.305679623E-005   0.000000000E+000
   0.11554999145013678E-007  -0.456798671E-005   0.000000000E+000
   0.11585812476067048E-007  -0.162441665E-006   0.000000000E+000
   0.11616625807120418E-007   0.424370819E-005   0.000000000E+000
   0.11647439138173787E-007   0.355937345E-005   0.000000000E+000
   0.11678252469227157E-007  -0.687814918E-006   0.000000000E+000
   0.11709065800280527E-007  -0.370793373E-005   0.000000000E+000
   0.11739879131333897E-007  -0.261089576E-005   0.000000000E+000
   0.11770692462387267E-007   0.103911339E-005   0.000000000E+000
   0.11801505793440636E-007   0.295159134E-005   0.000000000E+000
   0.11832319124494006E-007   0.163674838E-005   0.000000000E+000
   0.11863132455547376E-007  -0.138415885E-006   0.000000000E+000
   0.11893945786600746E-007  -0.809910546E-006   0.000000000E+000
   0.11924759117654116E-007  -0.173202830E-005   0.000000000E+000
   0.11955572448707485E-007  -0.214566876E-005   0.000000000E+000
   0.11986385779760855E-007   0.405838364E-006   0.000000000E+000
   0.12017199110814225E-007   0.364410198E-005   0.000000000E+000
   0.12048012441867595E-007   0.242361511E-005   0.000000000E+000
   0.12078825772920965E-007  -0.246611762E-005   0.000000000E+000
   0.12109639103974335E-007  -0.471215299E-005   0.000000000E+000
   0.12140452435027704E-007  -0.166283803E-005   0.000000000E+000
   0.12171265766081074E-007   0.264471851E-005   0.000000000E+000
   0.12202079097134444E-007   0.328093984E-005   0.000000000E+000
   0.12232892428187814E-007  -0.896857273E-007   0.000000000E+000
   0.12263705759241184E-007  -0.320171171E-005   0.000000000E+000
   0.12294519090294553E-007  -0.226578027E-005   0.000000000E+000
   0.12325332421347923E-007   0.101412343E-005   0.000000000E+000
   0.12356145752401293E-007   0.213416342E-005   0.000000000E+000
   0.12386959083454663E-007   0.865399898E-006   0.000000000E+000
   0.12417772414508033E-007   0.388475655E-006   0.000000000E+000
   0.12448585745561402E-007   0.610326197E-006   0.000000000E+000
   0.12479399076614772E-007  -0.667231916E-006   0.000000000E+000
   0.12510212407668142E-007  -0.172811144E-005   0.000000000E+000
   0.12541025738721512E-007   0.302640160E-006   0.000000000E+000
   0.12571839069774882E-007   0.298073928E-005   0.000000000E+000
   0.12602652400828251E-007   0.196972951E-005   0.000000000E+000
   0.12633465731881621E-007  -0.157490376E-005   0.000000000E+000
   0.12664279062934991E-007  -0.291663628E-005   0.000000000E+000
   0.12695092393988361E-007  -0.727322913E-006   0.000000000E+000
   0.12725905725041731E-007   0.188131094E-005   0.000000000E+000
   0.12756719056095100E-007   0.179727795E-005   0.000000000E+000
   0.12787532387148470E-007  -0.565152050E-006   0.000000000E+000
   0.12818345718201840E-007  -0.196073756E-005   0.000000000E+000
   0.12849159049255210E-007  -0.714285989E-006   0.000000000E+000
   0.12879972380308580E-007   0.897486643E-006   0.000000000E+000
   0.12910785711361950E-007   0.641617135E-006   0.000000000E+000
   0.12941599042415319E-007  -0.974661702E-007   0.000000000E+000
   0.12972412373468689E-007   0.165608185E-006   0.000000000E+000
   0.13003225704522059E-007  -0.162666112E-007   0.000000000E+000
   0.13034039035575429E-007  -0.113714282E-005   0.000000000E+000
   0.13064852366628799E-007  -0.800887619E-006   0.000000000E+000
   0.13095665697682168E-007   0.128614556E-005   0.000000000E+000
   0.13126479028735538E-007   0.181928317E-005   0.000000000E+000
   0.13157292359788908E-007  -0.317862714E-006   0.000000000E+000
   0.13188105690842278E-007  -0.201921284E-005   0.000000000E+000
   0.13218919021895648E-007  -0.108746667E-005   0.000000000E+000
   0.13249732352949017E-007   0.970127076E-006   0.000000000E+000
   0.13280545684002387E-007   0.175486525E-005   0.000000000E+000
   0.13311359015055757E-007   0.645144837E-006   0.000000000E+000
   0.13342172346109127E-007  -0.107774702E-005   0.000000000E+000
   0.13372985677162497E-007  -0.152208963E-005   0.000000000E+000
   0.13403799008215866E-007  -0.322292408E-006   0.000000000E+000
   0.13434612339269236E-007   0.908832135E-006   0.000000000E+000
   0.13465425670322606E-007   0.103635841E-005   0.000000000E+000
   0.13496239001375976E-007   0.555506801E-006   0.000000000E+000
   0.13527052332429346E-007  -0.187258252E-006   0.000000000E+000
   0.13557865663482715E-007  -0.123360917E-005   0.000000000E+000
   0.13588678994536085E-007  -0.145602701E-005   0.000000000E+000
   0.13619492325589455E-007   0.162696097E-006   0.000000000E+000
   0.13650305656642825E-007   0.205957167E-005   0.000000000E+000
   0.13681118987696195E-007   0.173138210E-005   0.000000000E+000
   0.13711932318749565E-007  -0.682959353E-006   0.000000000E+000
   0.13742745649802934E-007  -0.246033051E-005   0.000000000E+000
   0.13773558980856304E-007  -0.152507050E-005   0.000000000E+000
   0.13804372311909674E-007   0.116524325E-005   0.000000000E+000
   0.13835185642963044E-007   0.247031903E-005   0.000000000E+000
   0.13865998974016414E-007   0.844630563E-006   0.000000000E+000
   0.13896812305069783E-007  -0.142647866E-005   0.000000000E+000
   0.13927625636123153E-007  -0.154152656E-005   0.000000000E+000
   0.13958438967176523E-007  -0.205088440E-006   0.000000000E+000
   0.13989252298229893E-007   0.428771216E-006   0.000000000E+000
   0.14020065629283263E-007   0.548838841E-006   0.000000000E+000
   0.14050878960336632E-007   0.103100740E-005   0.000000000E+000
   0.14081692291390002E-007   0.712853023E-006   0.000000000E+000
   0.14112505622443372E-007  -0.110714359E-005   0.000000000E+000
   0.14143318953496742E-007  -0.214147940E-005   0.000000000E+000
   0.14174132284550112E-007  -0.400233034E-006   0.000000000E+000
   0.14204945615603481E-007   0.217322986E-005   0.000000000E+000
   0.14235758946656851E-007   0.212630312E-005   0.000000000E+000
   0.14266572277710221E-007  -0.647140723E-006   0.000000000E+000
   0.14297385608763591E-007  -0.259703734E-005   0.000000000E+000
   0.14328198939816961E-007  -0.119549327E-005   0.000000000E+000
   0.14359012270870330E-007   0.156345777E-005   0.000000000E+000
   0.14389825601923700E-007   0.196906035E-005   0.000000000E+000
   0.14420638932977070E-007  -0.444451871E-007   0.000000000E+000
   0.14451452264030440E-007  -0.131584261E-005   0.000000000E+000
   0.14482265595083810E-007  -0.683976339E-006   0.000000000E+000
   0.14513078926137180E-007   0.811534733E-007   0.000000000E+000
   0.14543892257190549E-007   0.192223183E-006   0.000000000E+000
   0.14574705588243919E-007   0.523477411E-006   0.000000000E+000
   0.14605518919297289E-007   0.811644554E-006   0.000000000E+000
   0.14636332250350659E-007   0.944834255E-008   0.000000000E+000
   0.14667145581404029E-007  -0.117366312E-005   0.000000000E+000
   0.14697958912457398E-007  -0.106430946E-005   0.000000000E+000
   0.14728772243510768E-007   0.379088874E-006   0.000000000E+000
   0.14759585574564138E-007   0.152764039E-005   0.000000000E+000
   0.14790398905617508E-007   0.979575134E-006   0.000000000E+000
   0.14821212236670878E-007  -0.860453270E-006   0.000000000E+000
   0.14852025567724247E-007  -0.178166931E-005   0.000000000E+000
   0.14882838898777617E-007  -0.397033773E-006   0.000000000E+000
   0.14913652229830987E-007   0.145655417E-005   0.000000000E+000
   0.14944465560884357E-007   0.119745073E-005   0.000000000E+000
   0.14975278891937727E-007  -0.463246579E-006   0.000000000E+000
   0.15006092222991096E-007  -0.100388002E-005   0.000000000E+000
   0.15036905554044466E-007  -0.249968707E-006   0.000000000E+000
   0.15067718885097836E-007   0.228655779E-006   0.000000000E+000
   0.15098532216151206E-007   0.198054565E-006   0.000000000E+000
   0.15129345547204576E-007   0.301238231E-006   0.000000000E+000
   0.15160158878257946E-007   0.284043523E-006   0.000000000E+000
   0.15190972209311315E-007  -0.178186667E-006   0.000000000E+000
   0.15221785540364685E-007  -0.516822297E-006   0.000000000E+000
   0.15252598871418055E-007  -0.284038492E-006   0.000000000E+000
   0.15283412202471425E-007   0.202562603E-006   0.000000000E+000
   0.15314225533524795E-007   0.486913052E-006   0.000000000E+000
   0.15345038864578164E-007   0.346492527E-006   0.000000000E+000
   0.15375852195631534E-007  -0.154068516E-006   0.000000000E+000
   0.15406665526684904E-007  -0.566362360E-006   0.000000000E+000
   0.15437478857738274E-007  -0.440884264E-006   0.000000000E+000
   0.15468292188791644E-007   0.187131889E-006   0.000000000E+000
   0.15499105519845013E-007   0.771961140E-006   0.000000000E+000
   0.15529918850898383E-007   0.537187020E-006   0.000000000E+000
   0.15560732181951753E-007  -0.549228275E-006   0.000000000E+000
   0.15591545513005123E-007  -0.104930746E-005   0.000000000E+000
   0.15622358844058493E-007   0.126517534E-007   0.000000000E+000
   0.15653172175111862E-007   0.100132604E-005   0.000000000E+000
   0.15683985506165232E-007   0.251677079E-006   0.000000000E+000
   0.15714798837218602E-007  -0.621538334E-006   0.000000000E+000
   0.15745612168271972E-007   0.136275219E-006   0.000000000E+000
   0.15776425499325342E-007   0.572430281E-006   0.000000000E+000
   0.15807238830378711E-007  -0.873851036E-006   0.000000000E+000
   0.15838052161432081E-007  -0.128534066E-005   0.000000000E+000
   0.15868865492485451E-007   0.114745035E-005   0.000000000E+000
   0.15899678823538821E-007   0.239416977E-005   0.000000000E+000
   0.15930492154592191E-007  -0.424987547E-006   0.000000000E+000
   0.15961305485645561E-007  -0.293451853E-005   0.000000000E+000
   0.15992118816698930E-007  -0.860202590E-006   0.000000000E+000
   0.16022932147752300E-007   0.230648516E-005   0.000000000E+000
   0.16053745478805670E-007   0.159479464E-005   0.000000000E+000
   0.16084558809859040E-007  -0.102186164E-005   0.000000000E+000
   0.16115372140912410E-007  -0.109782729E-005   0.000000000E+000
   0.16146185471965779E-007   0.331708634E-006   0.000000000E+000
   0.16176998803019149E-007  -0.626760368E-007   0.000000000E+000
   0.16207812134072519E-007  -0.945964530E-006   0.000000000E+000
   0.16238625465125889E-007   0.569121880E-006   0.000000000E+000
   0.16269438796179259E-007   0.221823348E-005   0.000000000E+000
   0.16300252127232628E-007   0.262631147E-006   0.000000000E+000
   0.16331065458285998E-007  -0.275699222E-005   0.000000000E+000
   0.16361878789339368E-007  -0.168654890E-005   0.000000000E+000
   0.16392692120392738E-007   0.191019899E-005   0.000000000E+000
   0.16423505451446108E-007   0.228121735E-005   0.000000000E+000
   0.16454318782499477E-007  -0.482090400E-006   0.000000000E+000
   0.16485132113552847E-007  -0.146045284E-005   0.000000000E+000
   0.16515945444606217E-007  -0.118602657E-006   0.000000000E+000
   0.16546758775659587E-007   0.103795230E-006   0.000000000E+000
   0.16577572106712957E-007  -0.604553463E-006   0.000000000E+000
   0.16608385437766326E-007   0.406463471E-006   0.000000000E+000
   0.16639198768819696E-007   0.174144770E-005   0.000000000E+000
   0.16670012099873066E-007   0.359807245E-006   0.000000000E+000
   0.16700825430926436E-007  -0.198559678E-005   0.000000000E+000
   0.16731638761979806E-007  -0.149757739E-005   0.000000000E+000
   0.16762452093033176E-007   0.100871785E-005   0.000000000E+000
   0.16793265424086545E-007   0.181266091E-005   0.000000000E+000
   0.16824078755139915E-007   0.301708610E-006   0.000000000E+000
   0.16854892086193285E-007  -0.105282220E-005   0.000000000E+000
   0.16885705417246655E-007  -0.862155161E-006   0.000000000E+000
   0.16916518748300025E-007   0.419648813E-007   0.000000000E+000
   0.16947332079353394E-007   0.487375814E-006   0.000000000E+000
   0.16978145410406764E-007   0.297870514E-006   0.000000000E+000
   0.17008958741460134E-007   0.852007389E-007   0.000000000E+000
   0.17039772072513504E-007   0.140858234E-006   0.000000000E+000
   0.17070585403566874E-007  -0.735318508E-007   0.000000000E+000
   0.17101398734620243E-007  -0.685805389E-006   0.000000000E+000
   0.17132212065673613E-007  -0.584739780E-006   0.000000000E+000
   0.17163025396726983E-007   0.665213577E-006   0.000000000E+000
   0.17193838727780353E-007   0.130961439E-005   0.000000000E+000
   0.17224652058833723E-007  -0.160329137E-007   0.000000000E+000
   0.17255465389887092E-007  -0.151252300E-005   0.000000000E+000
   0.17286278720940462E-007  -0.771550276E-006   0.000000000E+000
   0.17317092051993832E-007   0.109944233E-005   0.000000000E+000
   0.17347905383047202E-007   0.116276294E-005   0.000000000E+000
   0.17378718714100572E-007  -0.446833496E-006   0.000000000E+000
   0.17409532045153941E-007  -0.986194550E-006   0.000000000E+000
   0.17440345376207311E-007   0.474951776E-007   0.000000000E+000
   0.17471158707260681E-007   0.505204071E-006   0.000000000E+000
   0.17501972038314051E-007  -0.135713208E-006   0.000000000E+000
   0.17532785369367421E-007  -0.179015842E-006   0.000000000E+000
   0.17563598700420791E-007   0.533255957E-006   0.000000000E+000
   0.17594412031474160E-007   0.313289348E-006   0.000000000E+000
   0.17625225362527530E-007  -0.772710450E-006   0.000000000E+000
   0.17656038693580900E-007  -0.786228838E-006   0.000000000E+000
   0.17686852024634270E-007   0.483439862E-006   0.000000000E+000
   0.17717665355687640E-007   0.110689882E-005   0.000000000E+000
   0.17748478686741009E-007   0.236125288E-006   0.000000000E+000
   0.17779292017794379E-007  -0.843307816E-006   0.000000000E+000
   0.17810105348847749E-007  -0.826346991E-006   0.000000000E+000
   0.17840918679901119E-007   0.104806531E-006   0.000000000E+000
   0.17871732010954489E-007   0.790560819E-006   0.000000000E+000
   0.17902545342007858E-007   0.479870437E-006   0.000000000E+000
   0.17933358673061228E-007  -0.250894232E-006   0.000000000E+000
   0.17964172004114598E-007  -0.377463067E-006   0.000000000E+000
   0.17994985335167968E-007  -0.957593898E-007   0.000000000E+000
   0.18025798666221338E-007  -0.217726509E-006   0.000000000E+000
   0.18056611997274707E-007  -0.278243220E-006   0.000000000E+000
   0.18087425328328077E-007   0.519440960E-006   0.000000000E+000
   0.18118238659381447E-007   0.108209690E-005   0.000000000E+000
   0.18149051990434817E-007  -0.234035724E-008   0.000000000E+000
   0.18179865321488187E-007  -0.143999910E-005   0.000000000E+000
   0.18210678652541556E-007  -0.938860353E-006   0.000000000E+000
   0.18241491983594926E-007   0.866105097E-006   0.000000000E+000
   0.18272305314648296E-007   0.136887911E-005   0.000000000E+000
   0.18303118645701666E-007   0.134905804E-006   0.000000000E+000
   0.18333931976755036E-007  -0.861859348E-006   0.000000000E+000
   0.18364745307808406E-007  -0.589129172E-006   0.000000000E+000
   0.18395558638861775E-007   0.243906015E-007   0.000000000E+000
   0.18426371969915145E-007   0.169208406E-006   0.000000000E+000
   0.18457185300968515E-007   0.193028029E-006   0.000000000E+000
   0.18487998632021885E-007   0.423753931E-006   0.000000000E+000
   0.18518811963075255E-007   0.390641304E-006   0.000000000E+000
   0.18549625294128624E-007  -0.286816572E-006   0.000000000E+000
   0.18580438625181994E-007  -0.958894361E-006   0.000000000E+000
   0.18611251956235364E-007  -0.592530455E-006   0.000000000E+000
   0.18642065287288734E-007   0.668537382E-006   0.000000000E+000
   0.18672878618342104E-007   0.130232570E-005   0.000000000E+000
   0.18703691949395473E-007   0.342844373E-006   0.000000000E+000
   0.18734505280448843E-007  -0.106548589E-005   0.000000000E+000
   0.18765318611502213E-007  -0.109823407E-005   0.000000000E+000
   0.18796131942555583E-007   0.149381094E-006   0.000000000E+000
   0.18826945273608953E-007   0.916249235E-006   0.000000000E+000
   0.18857758604662322E-007   0.467140978E-006   0.000000000E+000
   0.18888571935715692E-007  -0.168883673E-006   0.000000000E+000
   0.18919385266769062E-007  -0.235017353E-006   0.000000000E+000
   0.18950198597822432E-007  -0.200380015E-006   0.000000000E+000
   0.18981011928875802E-007  -0.360459467E-006   0.000000000E+000
   0.19011825259929171E-007  -0.191675483E-006   0.000000000E+000
   0.19042638590982541E-007   0.437886627E-006   0.000000000E+000
   0.19073451922035911E-007   0.756161626E-006   0.000000000E+000
   0.19104265253089281E-007   0.215311616E-006   0.000000000E+000
   0.19135078584142651E-007  -0.677268019E-006   0.000000000E+000
   0.19165891915196021E-007  -0.905138052E-006   0.000000000E+000
   0.19196705246249390E-007  -0.972401608E-007   0.000000000E+000
   0.19227518577302760E-007   0.878746107E-006   0.000000000E+000
   0.19258331908356130E-007   0.812589178E-006   0.000000000E+000
   0.19289145239409500E-007  -0.194889708E-006   0.000000000E+000
   0.19319958570462870E-007  -0.800237274E-006   0.000000000E+000
   0.19350771901516239E-007  -0.387828464E-006   0.000000000E+000
   0.19381585232569609E-007   0.227630522E-006   0.000000000E+000
   0.19412398563622979E-007   0.331096743E-006   0.000000000E+000
   0.19443211894676349E-007   0.176672145E-006   0.000000000E+000
   0.19474025225729719E-007   0.998836072E-007   0.000000000E+000
   0.19504838556783088E-007  -0.115198375E-007   0.000000000E+000
   0.19535651887836458E-007  -0.230392800E-006   0.000000000E+000
   0.19566465218889828E-007  -0.366500672E-006   0.000000000E+000
   0.19597278549943198E-007  -0.179297601E-006   0.000000000E+000
   0.19628091880996568E-007   0.349924335E-006   0.000000000E+000
   0.19658905212049937E-007   0.684338431E-006   0.000000000E+000
   0.19689718543103307E-007   0.172144496E-006   0.000000000E+000
   0.19720531874156677E-007  -0.722358152E-006   0.000000000E+000
   0.19751345205210047E-007  -0.710232371E-006   0.000000000E+000
   0.19782158536263417E-007   0.268658937E-006   0.000000000E+000
   0.19812971867316787E-007   0.783293501E-006   0.000000000E+000
   0.19843785198370156E-007   0.203723062E-006   0.000000000E+000
   0.19874598529423526E-007  -0.439063683E-006   0.000000000E+000
   0.19905411860476896E-007  -0.310423303E-006   0.000000000E+000
   0.19936225191530266E-007   0.116651762E-006   0.000000000E+000
   0.19967038522583636E-007   0.156536686E-006   0.000000000E+000
   0.19997851853637005E-007  -0.902624322E-007   0.000000000E+000
   0.20028665184690375E-007  -0.110734412E-006   0.000000000E+000
   0.20059478515743745E-007   0.207066506E-006   0.000000000E+000
   0.20090291846797115E-007   0.330147259E-006   0.000000000E+000
   0.20121105177850485E-007  -0.148460686E-006   0.000000000E+000
   0.20151918508903854E-007  -0.604414140E-006   0.000000000E+000
   0.20182731839957224E-007  -0.163511743E-006   0.000000000E+000
   0.20213545171010594E-007   0.649580954E-006   0.000000000E+000
   0.20244358502063964E-007   0.513604846E-006   0.000000000E+000
   0.20275171833117334E-007  -0.420426090E-006   0.000000000E+000
   0.20305985164170703E-007  -0.664496213E-006   0.000000000E+000
   0.20336798495224073E-007   0.110148392E-006   0.000000000E+000
   0.20367611826277443E-007   0.597059966E-006   0.000000000E+000
   0.20398425157330813E-007   0.100609498E-006   0.000000000E+000
   0.20429238488384183E-007  -0.456524106E-006   0.000000000E+000
   0.20460051819437552E-007  -0.197625013E-006   0.000000000E+000
   0.20490865150490922E-007   0.359381545E-006   0.000000000E+000
   0.20521678481544292E-007   0.272585623E-006   0.000000000E+000
   0.20552491812597662E-007  -0.294895301E-006   0.000000000E+000
   0.20583305143651032E-007  -0.374285122E-006   0.000000000E+000
   0.20614118474704402E-007   0.201689858E-006   0.000000000E+000
   0.20644931805757771E-007   0.476136961E-006   0.000000000E+000
   0.20675745136811141E-007  -0.524833581E-007   0.000000000E+000
   0.20706558467864511E-007  -0.529977399E-006   0.000000000E+000
   0.20737371798917881E-007  -0.135068404E-006   0.000000000E+000
   0.20768185129971251E-007   0.511942517E-006   0.000000000E+000
   0.20798998461024620E-007   0.336467735E-006   0.000000000E+000
   0.20829811792077990E-007  -0.403603337E-006   0.000000000E+000
   0.20860625123131360E-007  -0.507417212E-006   0.000000000E+000
   0.20891438454184730E-007   0.204323953E-006   0.000000000E+000
   0.20922251785238100E-007   0.578230129E-006   0.000000000E+000
   0.20953065116291469E-007   0.283683335E-007   0.000000000E+000
   0.20983878447344839E-007  -0.505443438E-006   0.000000000E+000
   0.21014691778398209E-007  -0.179478548E-006   0.000000000E+000
   0.21045505109451579E-007   0.356260330E-006   0.000000000E+000
   0.21076318440504949E-007   0.193505031E-006   0.000000000E+000
   0.21107131771558318E-007  -0.264834995E-006   0.000000000E+000
   0.21137945102611688E-007  -0.160213602E-006   0.000000000E+000
   0.21168758433665058E-007   0.277889825E-006   0.000000000E+000
   0.21199571764718428E-007   0.233034555E-006   0.000000000E+000
   0.21230385095771798E-007  -0.265375775E-006   0.000000000E+000
   0.21261198426825167E-007  -0.420182630E-006   0.000000000E+000
   0.21292011757878537E-007   0.736747552E-007   0.000000000E+000
   0.21322825088931907E-007   0.536971584E-006   0.000000000E+000
   0.21353638419985277E-007   0.251512887E-006   0.000000000E+000
   0.21384451751038647E-007  -0.414521054E-006   0.000000000E+000
   0.21415265082092017E-007  -0.460618480E-006   0.000000000E+000
   0.21446078413145386E-007   0.143884847E-006   0.000000000E+000
   0.21476891744198756E-007   0.389333621E-006   0.000000000E+000
   0.21507705075252126E-007   0.133013600E-009   0.000000000E+000
   0.21538518406305496E-007  -0.177449323E-006   0.000000000E+000
   0.21569331737358866E-007   0.110469301E-006   0.000000000E+000
   0.21600145068412235E-007   0.122726007E-006   0.000000000E+000
   0.21630958399465605E-007  -0.269976852E-006   0.000000000E+000
   0.21661771730518975E-007  -0.302447603E-006   0.000000000E+000
   0.21692585061572345E-007   0.183994331E-006   0.000000000E+000
   0.21723398392625715E-007   0.461999093E-006   0.000000000E+000
   0.21754211723679084E-007   0.152027098E-006   0.000000000E+000
   0.21785025054732454E-007  -0.328246699E-006   0.000000000E+000
   0.21815838385785824E-007  -0.417297116E-006   0.000000000E+000
   0.21846651716839194E-007  -0.206331094E-007   0.000000000E+000
   0.21877465047892564E-007   0.360230587E-006   0.000000000E+000
   0.21908278378945933E-007   0.229883952E-006   0.000000000E+000
   0.21939091709999303E-007  -0.115585678E-006   0.000000000E+000
   0.21969905041052673E-007  -0.993146543E-007   0.000000000E+000
   0.22000718372106043E-007   0.444089849E-007   0.000000000E+000
   0.22031531703159413E-007  -0.156721569E-006   0.000000000E+000
   0.22062345034212782E-007  -0.272320733E-006   0.000000000E+000
   0.22093158365266152E-007   0.175306241E-006   0.000000000E+000
   0.22123971696319522E-007   0.527393013E-006   0.000000000E+000
   0.22154785027372892E-007   0.108257296E-006   0.000000000E+000
   0.22185598358426262E-007  -0.471874358E-006   0.000000000E+000
   0.22216411689479632E-007  -0.378312592E-006   0.000000000E+000
   0.22247225020533001E-007   0.128975643E-006   0.000000000E+000
   0.22278038351586371E-007   0.339742911E-006   0.000000000E+000
   0.22308851682639741E-007   0.146261357E-006   0.000000000E+000
   0.22339665013693111E-007  -0.818542247E-007   0.000000000E+000
   0.22370478344746481E-007  -0.979826922E-007   0.000000000E+000
   0.22401291675799850E-007  -0.316006492E-007   0.000000000E+000
   0.22432105006853220E-007  -0.117993793E-006   0.000000000E+000
   0.22462918337906590E-007  -0.178280487E-006   0.000000000E+000
   0.22493731668959960E-007   0.138333718E-006   0.000000000E+000
   0.22524545000013330E-007   0.480661072E-006   0.000000000E+000
   0.22555358331066699E-007   0.157492451E-006   0.000000000E+000
   0.22586171662120069E-007  -0.505412004E-006   0.000000000E+000
   0.22616984993173439E-007  -0.489305990E-006   0.000000000E+000
   0.22647798324226809E-007   0.192684581E-006   0.000000000E+000
   0.22678611655280179E-007   0.517906983E-006   0.000000000E+000
   0.22709424986333548E-007   0.141854201E-006   0.000000000E+000
   0.22740238317386918E-007  -0.251153921E-006   0.000000000E+000
   0.22771051648440288E-007  -0.186602179E-006   0.000000000E+000
   0.22801864979493658E-007   0.351509186E-007   0.000000000E+000
   0.22832678310547028E-007   0.105485700E-007   0.000000000E+000
   0.22863491641600397E-007  -0.124931404E-006   0.000000000E+000
   0.22894304972653767E-007   0.388616428E-007   0.000000000E+000
   0.22925118303707137E-007   0.375477384E-006   0.000000000E+000
   0.22955931634760507E-007   0.225508444E-006   0.000000000E+000
   0.22986744965813877E-007  -0.416560198E-006   0.000000000E+000
   0.23017558296867247E-007  -0.579627169E-006   0.000000000E+000
   0.23048371627920616E-007   0.114463717E-006   0.000000000E+000
   0.23079184958973986E-007   0.653282825E-006   0.000000000E+000
   0.23109998290027356E-007   0.262083745E-006   0.000000000E+000
   0.23140811621080726E-007  -0.373840123E-006   0.000000000E+000
   0.23171624952134096E-007  -0.363052237E-006   0.000000000E+000
   0.23202438283187465E-007   0.568245753E-007   0.000000000E+000
   0.23233251614240835E-007   0.184618884E-006   0.000000000E+000
   0.23264064945294205E-007  -0.146967807E-007   0.000000000E+000
   0.23294878276347575E-007  -0.579920503E-007   0.000000000E+000
   0.23325691607400945E-007   0.182521831E-006   0.000000000E+000
   0.23356504938454314E-007   0.227330517E-006   0.000000000E+000
   0.23387318269507684E-007  -0.211413251E-006   0.000000000E+000
   0.23418131600561054E-007  -0.530179648E-006   0.000000000E+000
   0.23448944931614424E-007  -0.738257313E-007   0.000000000E+000
   0.23479758262667794E-007   0.597300925E-006   0.000000000E+000
   0.23510571593721163E-007   0.443164168E-006   0.000000000E+000
   0.23541384924774533E-007  -0.308941736E-006   0.000000000E+000
   0.23572198255827903E-007  -0.534631113E-006   0.000000000E+000
   0.23603011586881273E-007  -0.507367304E-007   0.000000000E+000
   0.23633824917934643E-007   0.303184834E-006   0.000000000E+000
   0.23664638248988012E-007   0.147800620E-006   0.000000000E+000
   0.23695451580041382E-007  -0.664301325E-007   0.000000000E+000
   0.23726264911094752E-007   0.125265132E-008   0.000000000E+000
   0.23757078242148122E-007   0.107886862E-006   0.000000000E+000
   0.23787891573201492E-007  -0.702176663E-007   0.000000000E+000
   0.23818704904254862E-007  -0.327972884E-006   0.000000000E+000
   0.23849518235308231E-007  -0.144411089E-006   0.000000000E+000
   0.23880331566361601E-007   0.389005720E-006   0.000000000E+000
   0.23911144897414971E-007   0.464318930E-006   0.000000000E+000
   0.23941958228468341E-007  -0.145473336E-006   0.000000000E+000
   0.23972771559521711E-007  -0.550334335E-006   0.000000000E+000
   0.24003584890575080E-007  -0.173722555E-006   0.000000000E+000
   0.24034398221628450E-007   0.325045249E-006   0.000000000E+000
   0.24065211552681820E-007   0.259859576E-006   0.000000000E+000
   0.24096024883735190E-007  -0.532832303E-007   0.000000000E+000
   0.24126838214788560E-007  -0.967884830E-007   0.000000000E+000
   0.24157651545841929E-007   0.115928032E-007   0.000000000E+000
   0.24188464876895299E-007  -0.361168553E-007   0.000000000E+000
   0.24219278207948669E-007  -0.158505031E-006   0.000000000E+000
   0.24250091539002039E-007  -0.732997592E-007   0.000000000E+000
   0.24280904870055409E-007   0.218358963E-006   0.000000000E+000
   0.24311718201108778E-007   0.317657481E-006   0.000000000E+000
   0.24342531532162148E-007  -0.356467922E-007   0.000000000E+000
   0.24373344863215518E-007  -0.412109074E-006   0.000000000E+000
   0.24404158194268888E-007  -0.232146363E-006   0.000000000E+000
   0.24434971525322258E-007   0.248503113E-006   0.000000000E+000
   0.24465784856375627E-007   0.317620191E-006   0.000000000E+000
   0.24496598187428997E-007  -0.129814168E-007   0.000000000E+000
   0.24527411518482367E-007  -0.163076024E-006   0.000000000E+000
   0.24558224849535737E-007  -0.441595134E-007   0.000000000E+000
   0.24589038180589107E-007  -0.151548427E-007   0.000000000E+000
   0.24619851511642477E-007  -0.914842673E-007   0.000000000E+000
   0.24650664842695846E-007  -0.604427441E-008   0.000000000E+000
   0.24681478173749216E-007   0.197454895E-006   0.000000000E+000
   0.24712291504802586E-007   0.198735194E-006   0.000000000E+000
   0.24743104835855956E-007  -0.874457839E-007   0.000000000E+000
   0.24773918166909326E-007  -0.323811037E-006   0.000000000E+000
   0.24804731497962695E-007  -0.159573290E-006   0.000000000E+000
   0.24835544829016065E-007   0.225439777E-006   0.000000000E+000
   0.24866358160069435E-007   0.297753019E-006   0.000000000E+000
   0.24897171491122805E-007  -0.128207489E-007   0.000000000E+000
   0.24927984822176175E-007  -0.205646728E-006   0.000000000E+000
   0.24958798153229544E-007  -0.728205265E-007   0.000000000E+000
   0.24989611484282914E-007   0.341261810E-007   0.000000000E+000
   0.25020424815336284E-007  -0.412322052E-007   0.000000000E+000
   0.25051238146389654E-007  -0.163593903E-007   0.000000000E+000
   0.25082051477443024E-007   0.171980474E-006   0.000000000E+000
   0.25112864808496393E-007   0.183534638E-006   0.000000000E+000
   0.25143678139549763E-007  -0.103626974E-006   0.000000000E+000
   0.25174491470603133E-007  -0.322211406E-006   0.000000000E+000
   0.25205304801656503E-007  -0.137308945E-006   0.000000000E+000
   0.25236118132709873E-007   0.243816459E-006   0.000000000E+000
   0.25266931463763243E-007   0.312210545E-006   0.000000000E+000
   0.25297744794816612E-007  -0.187367277E-007   0.000000000E+000
   0.25328558125869982E-007  -0.260047045E-006   0.000000000E+000
   0.25359371456923352E-007  -0.108668857E-006   0.000000000E+000
   0.25390184787976722E-007   0.962713074E-007   0.000000000E+000
   0.25420998119030092E-007   0.319053655E-007   0.000000000E+000
   0.25451811450083461E-007  -0.554029000E-007   0.000000000E+000
   0.25482624781136831E-007   0.889380303E-007   0.000000000E+000
   0.25513438112190201E-007   0.191741350E-006   0.000000000E+000
   0.25544251443243571E-007  -0.328383436E-007   0.000000000E+000
   0.25575064774296941E-007  -0.308095537E-006   0.000000000E+000
   0.25605878105350310E-007  -0.193144643E-006   0.000000000E+000
   0.25636691436403680E-007   0.214660304E-006   0.000000000E+000
   0.25667504767457050E-007   0.364406162E-006   0.000000000E+000
   0.25698318098510420E-007   0.310393773E-007   0.000000000E+000
   0.25729131429563790E-007  -0.316020305E-006   0.000000000E+000
   0.25759944760617159E-007  -0.194194882E-006   0.000000000E+000
   0.25790758091670529E-007   0.142087515E-006   0.000000000E+000
   0.25821571422723899E-007   0.157229010E-006   0.000000000E+000
   0.25852384753777269E-007  -0.585123132E-007   0.000000000E+000
   0.25883198084830639E-007  -0.487741190E-007   0.000000000E+000
   0.25914011415884008E-007   0.129512330E-006   0.000000000E+000
   0.25944824746937378E-007   0.664108484E-007   0.000000000E+000
   0.25975638077990748E-007  -0.195636204E-006   0.000000000E+000
   0.26006451409044118E-007  -0.219988692E-006   0.000000000E+000
   0.26037264740097488E-007   0.926775954E-007   0.000000000E+000
   0.26068078071150858E-007   0.330015837E-006   0.000000000E+000
   0.26098891402204227E-007   0.139070082E-006   0.000000000E+000
   0.26129704733257597E-007  -0.255358259E-006   0.000000000E+000
   0.26160518064310967E-007  -0.301659611E-006   0.000000000E+000
   0.26191331395364337E-007   0.666417179E-007   0.000000000E+000
   0.26222144726417707E-007   0.279569406E-006   0.000000000E+000
   0.26252958057471076E-007   0.516135117E-007   0.000000000E+000
   0.26283771388524446E-007  -0.160654466E-006   0.000000000E+000
   0.26314584719577816E-007  -0.227838228E-007   0.000000000E+000
   0.26345398050631186E-007   0.112968507E-006   0.000000000E+000
   0.26376211381684556E-007  -0.408564205E-007   0.000000000E+000
   0.26407024712737925E-007  -0.173743388E-006   0.000000000E+000
   0.26437838043791295E-007  -0.611541395E-008   0.000000000E+000
   0.26468651374844665E-007   0.218289017E-006   0.000000000E+000
   0.26499464705898035E-007   0.161766764E-006   0.000000000E+000
   0.26530278036951405E-007  -0.122964252E-006   0.000000000E+000
   0.26561091368004774E-007  -0.277407736E-006   0.000000000E+000
   0.26591904699058144E-007  -0.737055643E-007   0.000000000E+000
   0.26622718030111514E-007   0.238823446E-006   0.000000000E+000
   0.26653531361164884E-007   0.213623295E-006   0.000000000E+000
   0.26684344692218254E-007  -0.960457243E-007   0.000000000E+000
   0.26715158023271623E-007  -0.198038776E-006   0.000000000E+000
   0.26745971354324993E-007   0.698435088E-009   0.000000000E+000
   0.26776784685378363E-007   0.975710037E-007   0.000000000E+000
   0.26807598016431733E-007  -0.214896900E-007   0.000000000E+000
   0.26838411347485103E-007  -0.545578835E-007   0.000000000E+000
   0.26869224678538473E-007   0.726966363E-007   0.000000000E+000
   0.26900038009591842E-007   0.111505216E-006   0.000000000E+000
   0.26930851340645212E-007  -0.273373786E-007   0.000000000E+000
   0.26961664671698582E-007  -0.162509039E-006   0.000000000E+000
   0.26992478002751952E-007  -0.114744381E-006   0.000000000E+000
   0.27023291333805322E-007   0.951614538E-007   0.000000000E+000
   0.27054104664858691E-007   0.221611103E-006   0.000000000E+000
   0.27084917995912061E-007   0.639268194E-007   0.000000000E+000
   0.27115731326965431E-007  -0.183615583E-006   0.000000000E+000
   0.27146544658018801E-007  -0.170353104E-006   0.000000000E+000
   0.27177357989072171E-007   0.485140674E-007   0.000000000E+000
   0.27208171320125540E-007   0.135931373E-006   0.000000000E+000
   0.27238984651178910E-007   0.405124965E-007   0.000000000E+000
   0.27269797982232280E-007  -0.294029263E-007   0.000000000E+000
   0.27300611313285650E-007  -0.162931251E-007   0.000000000E+000
   0.27331424644339020E-007  -0.111914691E-007   0.000000000E+000
   0.27362237975392389E-007  -0.357865524E-007   0.000000000E+000
   0.27393051306445759E-007  -0.468141010E-007   0.000000000E+000
   0.27423864637499129E-007  -0.944567091E-009   0.000000000E+000
   0.27454677968552499E-007   0.971410330E-007   0.000000000E+000
   0.27485491299605869E-007   0.119845183E-006   0.000000000E+000
   0.27516304630659238E-007  -0.334945582E-007   0.000000000E+000
   0.27547117961712608E-007  -0.190691722E-006   0.000000000E+000
   0.27577931292765978E-007  -0.107530724E-006   0.000000000E+000
   0.27608744623819348E-007   0.122861820E-006   0.000000000E+000
   0.27639557954872718E-007   0.189435553E-006   0.000000000E+000
   0.27670371285926088E-007   0.239998172E-007   0.000000000E+000
   0.27701184616979457E-007  -0.139449455E-006   0.000000000E+000
   0.27731997948032827E-007  -0.110512772E-006   0.000000000E+000
   0.27762811279086197E-007   0.352640370E-007   0.000000000E+000
   0.27793624610139567E-007   0.876866011E-007   0.000000000E+000
   0.27824437941192937E-007   0.109636744E-008   0.000000000E+000
   0.27855251272246306E-007  -0.430579590E-007   0.000000000E+000
   0.27886064603299676E-007   0.451989450E-007   0.000000000E+000
   0.27916877934353046E-007   0.796684958E-007   0.000000000E+000
   0.27947691265406416E-007  -0.660339339E-007   0.000000000E+000
   0.27978504596459786E-007  -0.175395314E-006   0.000000000E+000
   0.28009317927513155E-007  -0.233215616E-007   0.000000000E+000
   0.28040131258566525E-007   0.210676845E-006   0.000000000E+000
   0.28070944589619895E-007   0.173256936E-006   0.000000000E+000
   0.28101757920673265E-007  -0.117096064E-006   0.000000000E+000
   0.28132571251726635E-007  -0.253717445E-006   0.000000000E+000
   0.28163384582780004E-007  -0.327162866E-007   0.000000000E+000
   0.28194197913833374E-007   0.212245396E-006   0.000000000E+000
   0.28225011244886744E-007   0.115437693E-006   0.000000000E+000
   0.28255824575940114E-007  -0.127055671E-006   0.000000000E+000
   0.28286637906993484E-007  -0.101410372E-006   0.000000000E+000
   0.28317451238046853E-007   0.102383602E-006   0.000000000E+000
   0.28348264569100223E-007   0.819797634E-007   0.000000000E+000
   0.28379077900153593E-007  -0.132413049E-006   0.000000000E+000
   0.28409891231206963E-007  -0.139991855E-006   0.000000000E+000
   0.28440704562260333E-007   0.115433906E-006   0.000000000E+000
   0.28471517893313703E-007   0.239625820E-006   0.000000000E+000
   0.28502331224367072E-007   0.108992708E-007   0.000000000E+000
   0.28533144555420442E-007  -0.267038246E-006   0.000000000E+000
   0.28563957886473812E-007  -0.179082548E-006   0.000000000E+000
   0.28594771217527182E-007   0.175970769E-006   0.000000000E+000
   0.28625584548580552E-007   0.269194629E-006   0.000000000E+000
   0.28656397879633921E-007  -0.439034693E-007   0.000000000E+000
   0.28687211210687291E-007  -0.247015578E-006   0.000000000E+000
   0.28718024541740661E-007  -0.238579076E-007   0.000000000E+000
   0.28748837872794031E-007   0.195186146E-006   0.000000000E+000
   0.28779651203847401E-007   0.245105838E-007   0.000000000E+000
   0.28810464534900770E-007  -0.194444084E-006   0.000000000E+000
   0.28841277865954140E-007  -0.485066778E-007   0.000000000E+000
   0.28872091197007510E-007   0.219157442E-006   0.000000000E+000
   0.28902904528060880E-007   0.153985070E-006   0.000000000E+000
   0.28933717859114250E-007  -0.173688392E-006   0.000000000E+000
   0.28964531190167619E-007  -0.281933296E-006   0.000000000E+000
   0.28995344521220989E-007   0.267018834E-007   0.000000000E+000
   0.29026157852274359E-007   0.328557434E-006   0.000000000E+000
   0.29056971183327729E-007   0.140888488E-006   0.000000000E+000
   0.29087784514381099E-007  -0.270318452E-006   0.000000000E+000
   0.29118597845434468E-007  -0.227636903E-006   0.000000000E+000
   0.29149411176487838E-007   0.187258152E-006   0.000000000E+000
   0.29180224507541208E-007   0.229459630E-006   0.000000000E+000
   0.29211037838594578E-007  -0.151738533E-006   0.000000000E+000
   0.29241851169647948E-007  -0.225302102E-006   0.000000000E+000
   0.29272664500701318E-007   0.139879319E-006   0.000000000E+000
   0.29303477831754687E-007   0.264201674E-006   0.000000000E+000
   0.29334291162808057E-007  -0.715311330E-007   0.000000000E+000
   0.29365104493861427E-007  -0.297537014E-006   0.000000000E+000
   0.29395917824914797E-007  -0.714986612E-007   0.000000000E+000
   0.29426731155968167E-007   0.250504513E-006   0.000000000E+000
   0.29457544487021536E-007   0.215909793E-006   0.000000000E+000
   0.29488357818074906E-007  -0.122716258E-006   0.000000000E+000
   0.29519171149128276E-007  -0.281111170E-006   0.000000000E+000
   0.29549984480181646E-007  -0.591805360E-008   0.000000000E+000
   0.29580797811235016E-007   0.271556814E-006   0.000000000E+000
   0.29611611142288385E-007   0.750902132E-007   0.000000000E+000
   0.29642424473341755E-007  -0.250479161E-006   0.000000000E+000
   0.29673237804395125E-007  -0.105096319E-006   0.000000000E+000
   0.29704051135448495E-007   0.250040841E-006   0.000000000E+000
   0.29734864466501865E-007   0.154976277E-006   0.000000000E+000
   0.29765677797555234E-007  -0.230341669E-006   0.000000000E+000
   0.29796491128608604E-007  -0.232453601E-006   0.000000000E+000
   0.29827304459661974E-007   0.145516879E-006   0.000000000E+000
   0.29858117790715344E-007   0.287368664E-006   0.000000000E+000
   0.29888931121768714E-007  -0.887175133E-008   0.000000000E+000
   0.29919744452822084E-007  -0.276271948E-006   0.000000000E+000
   0.29950557783875453E-007  -0.116003974E-006   0.000000000E+000
