t              WireAirBox.fdtd_Point probe A_Ez_50_50_25.dat       incid
   0.00000000000000000E+000   0.000000000E+000   0.000000000E+000
   0.30813331053369808E-010   0.000000000E+000   0.000000000E+000
   0.61626662106739616E-010   0.000000000E+000   0.000000000E+000
   0.92439993160109424E-010   0.000000000E+000   0.000000000E+000
   0.12325332421347923E-009   0.000000000E+000   0.000000000E+000
   0.15406665526684904E-009   0.000000000E+000   0.000000000E+000
   0.18487998632021885E-009   0.000000000E+000   0.000000000E+000
   0.21569331737358866E-009   0.000000000E+000   0.000000000E+000
   0.24650664842695846E-009   0.000000000E+000   0.000000000E+000
   0.27731997948032827E-009   0.000000000E+000   0.000000000E+000
   0.30813331053369808E-009   0.000000000E+000   0.000000000E+000
   0.33894664158706789E-009   0.000000000E+000   0.000000000E+000
   0.36975997264043770E-009   0.000000000E+000   0.000000000E+000
   0.40057330369380750E-009   0.000000000E+000   0.000000000E+000
   0.43138663474717731E-009   0.000000000E+000   0.000000000E+000
   0.46219996580054712E-009   0.000000000E+000   0.000000000E+000
   0.49301329685391693E-009   0.000000000E+000   0.000000000E+000
   0.52382662790728673E-009   0.000000000E+000   0.000000000E+000
   0.55463995896065654E-009   0.000000000E+000   0.000000000E+000
   0.58545329001402635E-009   0.000000000E+000   0.000000000E+000
   0.61626662106739616E-009   0.000000000E+000   0.000000000E+000
   0.64707995212076597E-009   0.000000000E+000   0.000000000E+000
   0.67789328317413577E-009   0.000000000E+000   0.000000000E+000
   0.70870661422750558E-009   0.000000000E+000   0.000000000E+000
   0.73951994528087539E-009   0.000000000E+000   0.000000000E+000
   0.77033327633424520E-009   0.000000000E+000   0.000000000E+000
   0.80114660738761501E-009   0.000000000E+000   0.000000000E+000
   0.83195993844098481E-009   0.000000000E+000   0.000000000E+000
   0.86277326949435462E-009   0.000000000E+000   0.000000000E+000
   0.89358660054772443E-009   0.000000000E+000   0.000000000E+000
   0.92439993160109424E-009   0.000000000E+000   0.000000000E+000
   0.95521326265446405E-009   0.000000000E+000   0.000000000E+000
   0.98602659370783385E-009   0.000000000E+000   0.000000000E+000
   0.10168399247612037E-008   0.000000000E+000   0.000000000E+000
   0.10476532558145735E-008   0.000000000E+000   0.000000000E+000
   0.10784665868679433E-008   0.000000000E+000   0.000000000E+000
   0.11092799179213131E-008   0.000000000E+000   0.000000000E+000
   0.11400932489746829E-008   0.000000000E+000  -0.216488344E-014
   0.11709065800280527E-008   0.000000000E+000  -0.548591519E-014
   0.12017199110814225E-008   0.000000000E+000  -0.135593246E-013
   0.12325332421347923E-008   0.000000000E+000  -0.316284813E-013
   0.12633465731881621E-008   0.000000000E+000  -0.691541415E-013
   0.12941599042415319E-008   0.000000000E+000  -0.140175360E-012
   0.13249732352949017E-008   0.000000000E+000  -0.311283659E-012
   0.13557865663482715E-008   0.000000000E+000  -0.674808354E-012
   0.13865998974016414E-008   0.000000000E+000  -0.139063197E-011
   0.14174132284550112E-008   0.000000000E+000  -0.271670165E-011
   0.14482265595083810E-008   0.000000000E+000  -0.501228789E-011
   0.14790398905617508E-008   0.000000000E+000  -0.977842026E-011
   0.15098532216151206E-008   0.000000000E+000  -0.186231204E-010
   0.15406665526684904E-008   0.000000000E+000  -0.339499158E-010
   0.15714798837218602E-008   0.000000000E+000  -0.592448937E-010
   0.16022932147752300E-008   0.000000000E+000  -0.990139915E-010
   0.16331065458285998E-008   0.000000000E+000  -0.170069361E-009
   0.16639198768819696E-008   0.000000000E+000  -0.285066581E-009
   0.16947332079353394E-008   0.000000000E+000  -0.460279231E-009
   0.17255465389887092E-008   0.000000000E+000  -0.717159887E-009
   0.17563598700420791E-008   0.000000000E+000  -0.108090015E-008
   0.17871732010954489E-008   0.000000000E+000  -0.163783209E-008
   0.18179865321488187E-008   0.000000000E+000  -0.242076470E-008
   0.18487998632021885E-008   0.000000000E+000  -0.346583962E-008
   0.18796131942555583E-008  -0.424062995E-035  -0.481827822E-008
   0.19104265253089281E-008  -0.105239082E-033  -0.652241017E-008
   0.19412398563622979E-008  -0.174657485E-032  -0.873456152E-008
   0.19720531874156677E-008  -0.229234388E-031  -0.114066863E-007
   0.20028665184690375E-008  -0.250327987E-030  -0.144954377E-007
   0.20336798495224073E-008  -0.234140682E-029  -0.179650321E-007
   0.20644931805757771E-008  -0.191490324E-028  -0.217594476E-007
   0.20953065116291469E-008  -0.139106044E-027  -0.257979487E-007
   0.21261198426825167E-008  -0.908787792E-027  -0.298298453E-007
   0.21569331737358866E-008  -0.539341813E-026  -0.336751143E-007
   0.21877465047892564E-008  -0.293203945E-025  -0.371672861E-007
   0.22185598358426262E-008  -0.147039852E-024  -0.401392981E-007
   0.22493731668959960E-008  -0.684357641E-024  -0.422032009E-007
   0.22801864979493658E-008  -0.297166743E-023  -0.433016147E-007
   0.23109998290027356E-008  -0.120950450E-022  -0.434551701E-007
   0.23418131600561054E-008  -0.463356796E-022  -0.426600764E-007
   0.23726264911094752E-008  -0.167712876E-021  -0.409472953E-007
   0.24034398221628450E-008  -0.575528935E-021  -0.382442664E-007
   0.24342531532162148E-008  -0.187852010E-020  -0.348969778E-007
   0.24650664842695846E-008  -0.584954018E-020  -0.311467971E-007
   0.24958798153229544E-008  -0.174269248E-019  -0.271604375E-007
   0.25266931463763243E-008  -0.498066062E-019  -0.231022739E-007
   0.25575064774296941E-008  -0.136911626E-018  -0.191996161E-007
   0.25883198084830639E-008  -0.362870021E-018  -0.156156794E-007
   0.26191331395364337E-008  -0.929482795E-018  -0.123991617E-007
   0.26499464705898035E-008  -0.230613426E-017  -0.959019175E-008
   0.26807598016431733E-008  -0.555395781E-017  -0.720920346E-008
   0.27115731326965431E-008  -0.130095278E-016  -0.534028555E-008
   0.27423864637499129E-008  -0.296938947E-016  -0.388034049E-008
   0.27731997948032827E-008  -0.661326003E-016  -0.274115353E-008
   0.28040131258566525E-008  -0.253209520E-008  -0.187765714E-008
   0.28348264569100223E-008  -0.379687837E-008  -0.124436661E-008
   0.28656397879633921E-008  -0.239627496E-008  -0.823048685E-009
   0.28964531190167619E-008  -0.460393501E-009  -0.535487099E-009
   0.29272664500701318E-008  -0.805678635E-009  -0.336494693E-009
   0.29580797811235016E-008  -0.557317348E-008  -0.203808123E-009
   0.29888931121768714E-008  -0.143253089E-007  -0.118809795E-009
   0.30197064432302412E-008  -0.292167286E-007  -0.702924802E-010
   0.30505197742836110E-008  -0.589747913E-007  -0.410406015E-010
   0.30813331053369808E-008  -0.114605271E-006  -0.229326141E-010
   0.31121464363903506E-008  -0.204833626E-006  -0.122620915E-010
   0.31429597674437204E-008  -0.338937895E-006  -0.627499008E-011
   0.31737730984970902E-008  -0.533660682E-006  -0.332697780E-011
   0.32045864295504600E-008  -0.816994202E-006  -0.174690817E-011
   0.32353997606038298E-008  -0.122859785E-005  -0.867525940E-012
   0.32662130916571996E-008  -0.182113331E-005  -0.408855729E-012
   0.32970264227105694E-008  -0.266213306E-005  -0.183330944E-012
   0.33278397537639393E-008  -0.383141196E-005  -0.872709091E-013
   0.33586530848173091E-008  -0.541266400E-005  -0.412953024E-013
   0.33894664158706789E-008  -0.748253387E-005  -0.182126822E-013
   0.34202797469240487E-008  -0.100985108E-004  -0.755370769E-014
   0.34510930779774185E-008  -0.132845844E-004  -0.296296466E-014
   0.34819064090307883E-008  -0.170148651E-004  -0.126879818E-014
   0.35127197400841581E-008  -0.211940951E-004  -0.542103627E-015
   0.35435330711375279E-008  -0.256312906E-004  -0.212148613E-015
   0.35743464021908977E-008  -0.300097963E-004  -0.773156454E-016
   0.36051597332442675E-008  -0.338664177E-004  -0.264904492E-016
   0.36359730642976373E-008  -0.365907072E-004  -0.102240028E-016
   0.36667863953510071E-008  -0.374490046E-004  -0.395154063E-017
   0.36975997264043770E-008  -0.356399250E-004  -0.137082243E-017
   0.37284130574577468E-008  -0.303888701E-004  -0.438349270E-018
   0.37592263885111166E-008  -0.210749622E-004  -0.131015547E-018
   0.37900397195644864E-008  -0.736763832E-005  -0.456623441E-019
   0.38208530506178562E-008   0.106475745E-004  -0.159920476E-019
   0.38516663816712260E-008   0.323603817E-004  -0.491251055E-020
   0.38824797127245958E-008   0.565546652E-004   0.000000000E+000
   0.39132930437779656E-008   0.813966035E-004   0.000000000E+000
   0.39441063748313354E-008   0.104544910E-003   0.000000000E+000
   0.39749197058847052E-008   0.123381527E-003   0.000000000E+000
   0.40057330369380750E-008   0.135307491E-003   0.000000000E+000
   0.40365463679914448E-008   0.138080126E-003   0.000000000E+000
   0.40673596990448146E-008   0.130204702E-003   0.000000000E+000
   0.40981730300981845E-008   0.111303932E-003   0.000000000E+000
   0.41289863611515543E-008   0.823050141E-004   0.000000000E+000
   0.41597996922049241E-008   0.454088149E-004   0.000000000E+000
   0.41906130232582939E-008   0.394968811E-005   0.000000000E+000
   0.42214263543116637E-008  -0.378832774E-004   0.000000000E+000
   0.42522396853650335E-008  -0.756489608E-004   0.000000000E+000
   0.42830530164184033E-008  -0.105493709E-003   0.000000000E+000
   0.43138663474717731E-008  -0.124771876E-003   0.000000000E+000
   0.43446796785251429E-008  -0.132205110E-003   0.000000000E+000
   0.43754930095785127E-008  -0.127868989E-003   0.000000000E+000
   0.44063063406318825E-008  -0.113258524E-003   0.000000000E+000
   0.44371196716852523E-008  -0.911653333E-004   0.000000000E+000
   0.44679330027386222E-008  -0.650720904E-004   0.000000000E+000
   0.44987463337919920E-008  -0.383547595E-004   0.000000000E+000
   0.45295596648453618E-008  -0.138269352E-004   0.000000000E+000
   0.45603729958987316E-008   0.632633055E-005   0.000000000E+000
   0.45911863269521014E-008   0.206111908E-004   0.000000000E+000
   0.46219996580054712E-008   0.284653815E-004   0.000000000E+000
   0.46528129890588410E-008   0.304506939E-004   0.000000000E+000
   0.46836263201122108E-008   0.281448611E-004   0.000000000E+000
   0.47144396511655806E-008   0.237242202E-004   0.000000000E+000
   0.47452529822189504E-008   0.193557680E-004   0.000000000E+000
   0.47760663132723202E-008   0.165314214E-004   0.000000000E+000
   0.48068796443256900E-008   0.155651105E-004   0.000000000E+000
   0.48376929753790598E-008   0.155340713E-004   0.000000000E+000
   0.48685063064324297E-008   0.147716446E-004   0.000000000E+000
   0.48993196374857995E-008   0.117309628E-004   0.000000000E+000
   0.49301329685391693E-008   0.587629529E-005   0.000000000E+000
   0.49609462995925391E-008  -0.180434836E-005   0.000000000E+000
   0.49917596306459089E-008  -0.905310753E-005   0.000000000E+000
   0.50225729616992787E-008  -0.134073507E-004   0.000000000E+000
   0.50533862927526485E-008  -0.135486325E-004   0.000000000E+000
   0.50841996238060183E-008  -0.101960832E-004   0.000000000E+000
   0.51150129548593881E-008  -0.606194089E-005   0.000000000E+000
   0.51458262859127579E-008  -0.462678872E-005   0.000000000E+000
   0.51766396169661277E-008  -0.789916157E-005   0.000000000E+000
   0.52074529480194975E-008  -0.144312016E-004   0.000000000E+000
   0.52382662790728673E-008  -0.195957055E-004   0.000000000E+000
   0.52690796101262372E-008  -0.186562611E-004   0.000000000E+000
   0.52998929411796070E-008  -0.103374778E-004   0.000000000E+000
   0.53307062722329768E-008   0.220546372E-005   0.000000000E+000
   0.53615196032863466E-008   0.136676172E-004   0.000000000E+000
   0.53923329343397164E-008   0.198450216E-004   0.000000000E+000
   0.54231462653930862E-008   0.192814587E-004   0.000000000E+000
   0.54539595964464560E-008   0.129346099E-004   0.000000000E+000
   0.54847729274998258E-008   0.345006447E-005   0.000000000E+000
   0.55155862585531956E-008  -0.489100876E-005   0.000000000E+000
   0.55463995896065654E-008  -0.679130790E-005   0.000000000E+000
   0.55772129206599352E-008   0.999622898E-006   0.000000000E+000
   0.56080262517133050E-008   0.154273257E-004   0.000000000E+000
   0.56388395827666749E-008   0.265668532E-004   0.000000000E+000
   0.56696529138200447E-008   0.240304507E-004   0.000000000E+000
   0.57004662448734145E-008   0.643361636E-005   0.000000000E+000
   0.57312795759267843E-008  -0.152512803E-004   0.000000000E+000
   0.57620929069801541E-008  -0.254847837E-004   0.000000000E+000
   0.57929062380335239E-008  -0.170833937E-004   0.000000000E+000
   0.58237195690868937E-008   0.292806362E-005   0.000000000E+000
   0.58545329001402635E-008   0.200254490E-004   0.000000000E+000
   0.58853462311936333E-008   0.240345653E-004   0.000000000E+000
   0.59161595622470031E-008   0.145718777E-004   0.000000000E+000
   0.59469728933003729E-008  -0.236236065E-005   0.000000000E+000
   0.59777862243537427E-008  -0.192036496E-004   0.000000000E+000
   0.60085995554071125E-008  -0.277178187E-004   0.000000000E+000
   0.60394128864604824E-008  -0.200886207E-004   0.000000000E+000
   0.60702262175138522E-008   0.433774767E-005   0.000000000E+000
   0.61010395485672220E-008   0.318621387E-004   0.000000000E+000
   0.61318528796205918E-008   0.395485040E-004   0.000000000E+000
   0.61626662106739616E-008   0.150242740E-004   0.000000000E+000
   0.61934795417273314E-008  -0.266351817E-004   0.000000000E+000
   0.62242928727807012E-008  -0.504834898E-004   0.000000000E+000
   0.62551062038340710E-008  -0.324457869E-004   0.000000000E+000
   0.62859195348874408E-008   0.151935456E-004   0.000000000E+000
   0.63167328659408106E-008   0.513087252E-004   0.000000000E+000
   0.63475461969941804E-008   0.428859166E-004   0.000000000E+000
   0.63783595280475502E-008  -0.286872091E-005   0.000000000E+000
   0.64091728591009200E-008  -0.437607487E-004   0.000000000E+000
   0.64399861901542899E-008  -0.427393279E-004   0.000000000E+000
   0.64707995212076597E-008  -0.427952909E-005   0.000000000E+000
   0.65016128522610295E-008   0.313341807E-004   0.000000000E+000
   0.65324261833143993E-008   0.312834163E-004   0.000000000E+000
   0.65632395143677691E-008   0.356863166E-005   0.000000000E+000
   0.65940528454211389E-008  -0.172493765E-004   0.000000000E+000
   0.66248661764745087E-008  -0.125969036E-004   0.000000000E+000
   0.66556795075278785E-008   0.259886019E-005   0.000000000E+000
   0.66864928385812483E-008   0.548210755E-005   0.000000000E+000
   0.67173061696346181E-008  -0.476373043E-005   0.000000000E+000
   0.67481195006879879E-008  -0.108788327E-004   0.000000000E+000
   0.67789328317413577E-008  -0.252078189E-005   0.000000000E+000
   0.68097461627947276E-008   0.135276541E-004   0.000000000E+000
   0.68405594938480974E-008   0.227591336E-004   0.000000000E+000
   0.68713728249014672E-008   0.132152009E-004   0.000000000E+000
   0.69021861559548370E-008  -0.156490896E-004   0.000000000E+000
   0.69329994870082068E-008  -0.419962671E-004   0.000000000E+000
   0.69638128180615766E-008  -0.312759366E-004   0.000000000E+000
   0.69946261491149464E-008   0.206216791E-004   0.000000000E+000
   0.70254394801683162E-008   0.625715329E-004   0.000000000E+000
   0.70562528112216860E-008   0.395818206E-004   0.000000000E+000
   0.70870661422750558E-008  -0.298580126E-004   0.000000000E+000
   0.71178794733284256E-008  -0.660533915E-004   0.000000000E+000
   0.71486928043817954E-008  -0.298376835E-004   0.000000000E+000
   0.71795061354351652E-008   0.281685388E-004   0.000000000E+000
   0.72103194664885351E-008   0.428138155E-004   0.000000000E+000
   0.72411327975419049E-008   0.176359754E-004   0.000000000E+000
   0.72719461285952747E-008  -0.361631646E-005   0.000000000E+000
   0.73027594596486445E-008  -0.109261837E-004   0.000000000E+000
   0.73335727907020143E-008  -0.218865989E-004   0.000000000E+000
   0.73643861217553841E-008  -0.271769277E-004   0.000000000E+000
   0.73951994528087539E-008  -0.256339263E-005   0.000000000E+000
   0.74260127838621237E-008   0.337637248E-004   0.000000000E+000
   0.74568261149154935E-008   0.349211477E-004   0.000000000E+000
   0.74876394459688633E-008  -0.139861368E-005   0.000000000E+000
   0.75184527770222331E-008  -0.270725850E-004   0.000000000E+000
   0.75492661080756029E-008  -0.177276779E-004   0.000000000E+000
   0.75800794391289728E-008  -0.115346847E-005   0.000000000E+000
   0.76108927701823426E-008  -0.280044333E-006   0.000000000E+000
   0.76417061012357124E-008   0.109793893E-005   0.000000000E+000
   0.76725194322890822E-008   0.160208947E-004   0.000000000E+000
   0.77033327633424520E-008   0.230970672E-004   0.000000000E+000
   0.77341460943958218E-008   0.369173176E-005   0.000000000E+000
   0.77649594254491916E-008  -0.233998981E-004   0.000000000E+000
   0.77957727565025614E-008  -0.289722775E-004   0.000000000E+000
   0.78265860875559312E-008  -0.106298867E-004   0.000000000E+000
   0.78573994186093010E-008   0.141792370E-004   0.000000000E+000
   0.78882127496626708E-008   0.299779003E-004   0.000000000E+000
   0.79190260807160406E-008   0.257760967E-004   0.000000000E+000
   0.79498394117694104E-008  -0.127159365E-005   0.000000000E+000
   0.79806527428227803E-008  -0.324166940E-004   0.000000000E+000
   0.80114660738761501E-008  -0.371464012E-004   0.000000000E+000
   0.80422794049295199E-008  -0.790083504E-005   0.000000000E+000
   0.80730927359828897E-008   0.284278758E-004   0.000000000E+000
   0.81039060670362595E-008   0.395591851E-004   0.000000000E+000
   0.81347193980896293E-008   0.180916704E-004   0.000000000E+000
   0.81655327291429991E-008  -0.169507312E-004   0.000000000E+000
   0.81963460601963689E-008  -0.376528333E-004   0.000000000E+000
   0.82271593912497387E-008  -0.279185624E-004   0.000000000E+000
   0.82579727223031085E-008   0.349823313E-005   0.000000000E+000
   0.82887860533564783E-008   0.307736700E-004   0.000000000E+000
   0.83195993844098481E-008   0.341710038E-004   0.000000000E+000
   0.83504127154632179E-008   0.125281185E-004   0.000000000E+000
   0.83812260465165878E-008  -0.206370278E-004   0.000000000E+000
   0.84120393775699576E-008  -0.415022514E-004   0.000000000E+000
   0.84428527086233274E-008  -0.269963093E-004   0.000000000E+000
   0.84736660396766972E-008   0.168459337E-004   0.000000000E+000
   0.85044793707300670E-008   0.465020712E-004   0.000000000E+000
   0.85352927017834368E-008   0.276787705E-004   0.000000000E+000
   0.85661060328368066E-008  -0.168957904E-004   0.000000000E+000
   0.85969193638901764E-008  -0.357391655E-004   0.000000000E+000
   0.86277326949435462E-008  -0.169764317E-004   0.000000000E+000
   0.86585460259969160E-008   0.583387737E-005   0.000000000E+000
   0.86893593570502858E-008   0.110515011E-004   0.000000000E+000
   0.87201726881036556E-008   0.118823982E-004   0.000000000E+000
   0.87509860191570255E-008   0.172625696E-004   0.000000000E+000
   0.87817993502103953E-008   0.983692553E-005   0.000000000E+000
   0.88126126812637651E-008  -0.184265882E-004   0.000000000E+000
   0.88434260123171349E-008  -0.378622644E-004   0.000000000E+000
   0.88742393433705047E-008  -0.163758486E-004   0.000000000E+000
   0.89050526744238745E-008   0.288780502E-004   0.000000000E+000
   0.89358660054772443E-008   0.443470926E-004   0.000000000E+000
   0.89666793365306141E-008   0.934219861E-005   0.000000000E+000
   0.89974926675839839E-008  -0.328604547E-004   0.000000000E+000
   0.90283059986373537E-008  -0.317196136E-004   0.000000000E+000
   0.90591193296907235E-008   0.259897570E-005   0.000000000E+000
   0.90899326607440933E-008   0.196900473E-004   0.000000000E+000
   0.91207459917974631E-008   0.594537596E-005   0.000000000E+000
   0.91515593228508330E-008  -0.302746139E-005   0.000000000E+000
   0.91823726539042028E-008   0.979464039E-005   0.000000000E+000
   0.92131859849575726E-008   0.129143500E-004   0.000000000E+000
   0.92439993160109424E-008  -0.139182903E-004   0.000000000E+000
   0.92748126470643122E-008  -0.351520430E-004   0.000000000E+000
   0.93056259781176820E-008  -0.118841199E-004   0.000000000E+000
   0.93364393091710518E-008   0.318615639E-004   0.000000000E+000
   0.93672526402244216E-008   0.388166809E-004   0.000000000E+000
   0.93980659712777914E-008   0.432781235E-006   0.000000000E+000
   0.94288793023311612E-008  -0.328506758E-004   0.000000000E+000
   0.94596926333845310E-008  -0.240213340E-004   0.000000000E+000
   0.94905059644379008E-008   0.496060238E-005   0.000000000E+000
   0.95213192954912707E-008   0.146205730E-004   0.000000000E+000
   0.95521326265446405E-008   0.537235610E-005   0.000000000E+000
   0.95829459575980103E-008   0.454395649E-005   0.000000000E+000
   0.96137592886513801E-008   0.125465949E-004   0.000000000E+000
   0.96445726197047499E-008   0.220509992E-005   0.000000000E+000
   0.96753859507581197E-008  -0.259389853E-004   0.000000000E+000
   0.97061992818114895E-008  -0.306519396E-004   0.000000000E+000
   0.97370126128648593E-008   0.664158506E-005   0.000000000E+000
   0.97678259439182291E-008   0.421291770E-004   0.000000000E+000
   0.97986392749715989E-008   0.273307960E-004   0.000000000E+000
   0.98294526060249687E-008  -0.189756975E-004   0.000000000E+000
   0.98602659370783385E-008  -0.370159214E-004   0.000000000E+000
   0.98910792681317083E-008  -0.105284325E-004   0.000000000E+000
   0.99218925991850782E-008   0.177335660E-004   0.000000000E+000
   0.99527059302384480E-008   0.143758416E-004   0.000000000E+000
   0.99835192612918178E-008  -0.198012731E-005   0.000000000E+000
   0.10014332592345188E-007  -0.101762191E-005   0.000000000E+000
   0.10045145923398557E-007   0.919372542E-005   0.000000000E+000
   0.10075959254451927E-007   0.112767793E-005   0.000000000E+000
   0.10106772585505297E-007  -0.201850271E-004   0.000000000E+000
   0.10137585916558667E-007  -0.199458427E-004   0.000000000E+000
   0.10168399247612037E-007   0.993682261E-005   0.000000000E+000
   0.10199212578665406E-007   0.314396675E-004   0.000000000E+000
   0.10230025909718776E-007   0.142942827E-004   0.000000000E+000
   0.10260839240772146E-007  -0.182468484E-004   0.000000000E+000
   0.10291652571825516E-007  -0.239594701E-004   0.000000000E+000
   0.10322465902878886E-007  -0.240110057E-005   0.000000000E+000
   0.10353279233932255E-007   0.115897328E-004   0.000000000E+000
   0.10384092564985625E-007   0.470444502E-005   0.000000000E+000
   0.10414905896038995E-007  -0.988920874E-006   0.000000000E+000
   0.10445719227092365E-007   0.742896827E-005   0.000000000E+000
   0.10476532558145735E-007   0.104630335E-004   0.000000000E+000
   0.10507345889199105E-007  -0.754558005E-005   0.000000000E+000
   0.10538159220252474E-007  -0.252995851E-004   0.000000000E+000
   0.10568972551305844E-007  -0.127566336E-004   0.000000000E+000
   0.10599785882359214E-007   0.200914546E-004   0.000000000E+000
   0.10630599213412584E-007   0.312633492E-004   0.000000000E+000
   0.10661412544465954E-007   0.500195347E-005   0.000000000E+000
   0.10692225875519323E-007  -0.248960860E-004   0.000000000E+000
   0.10723039206572693E-007  -0.224451651E-004   0.000000000E+000
   0.10753852537626063E-007   0.258984619E-005   0.000000000E+000
   0.10784665868679433E-007   0.154745212E-004   0.000000000E+000
   0.10815479199732803E-007   0.828254997E-005   0.000000000E+000
   0.10846292530786172E-007   0.206556524E-005   0.000000000E+000
   0.10877105861839542E-007   0.498104328E-005   0.000000000E+000
   0.10907919192892912E-007   0.104474520E-005   0.000000000E+000
   0.10938732523946282E-007  -0.144593396E-004   0.000000000E+000
   0.10969545854999652E-007  -0.183855373E-004   0.000000000E+000
   0.11000359186053021E-007   0.459517832E-005   0.000000000E+000
   0.11031172517106391E-007   0.303679772E-004   0.000000000E+000
   0.11061985848159761E-007   0.236798369E-004   0.000000000E+000
   0.11092799179213131E-007  -0.103841776E-004   0.000000000E+000
   0.11123612510266501E-007  -0.296358030E-004   0.000000000E+000
   0.11154425841319870E-007  -0.123551836E-004   0.000000000E+000
   0.11185239172373240E-007   0.141237524E-004   0.000000000E+000
   0.11216052503426610E-007   0.156241858E-004   0.000000000E+000
   0.11246865834479980E-007  -0.124598228E-005   0.000000000E+000
   0.11277679165533350E-007  -0.744829822E-005   0.000000000E+000
   0.11308492496586720E-007  -0.101219621E-005   0.000000000E+000
   0.11339305827640089E-007  -0.552807751E-005   0.000000000E+000
   0.11370119158693459E-007  -0.233776227E-004   0.000000000E+000
   0.11400932489746829E-007  -0.257075972E-004   0.000000000E+000
   0.11431745820800199E-007   0.474978151E-006   0.000000000E+000
   0.11462559151853569E-007   0.245735937E-004   0.000000000E+000
   0.11493372482906938E-007   0.133341455E-004   0.000000000E+000
   0.11524185813960308E-007  -0.190136234E-004   0.000000000E+000
   0.11554999145013678E-007  -0.289173804E-004   0.000000000E+000
   0.11585812476067048E-007  -0.472203101E-005   0.000000000E+000
   0.11616625807120418E-007   0.202626579E-004   0.000000000E+000
   0.11647439138173787E-007   0.201201419E-004   0.000000000E+000
   0.11678252469227157E-007   0.107316937E-004   0.000000000E+000
   0.11709065800280527E-007   0.144930546E-004   0.000000000E+000
   0.11739879131333897E-007   0.184916316E-004   0.000000000E+000
   0.11770692462387267E-007  -0.547828677E-006   0.000000000E+000
   0.11801505793440636E-007  -0.262007634E-004   0.000000000E+000
   0.11832319124494006E-007  -0.177528455E-004   0.000000000E+000
   0.11863132455547376E-007   0.239227156E-004   0.000000000E+000
   0.11893945786600746E-007   0.454317960E-004   0.000000000E+000
   0.11924759117654116E-007   0.122300553E-004   0.000000000E+000
   0.11955572448707485E-007  -0.394795243E-004   0.000000000E+000
   0.11986385779760855E-007  -0.489660451E-004   0.000000000E+000
   0.12017199110814225E-007  -0.103914645E-004   0.000000000E+000
   0.12048012441867595E-007   0.264721712E-004   0.000000000E+000
   0.12078825772920965E-007   0.276675510E-004   0.000000000E+000
   0.12109639103974335E-007   0.101518217E-004   0.000000000E+000
   0.12140452435027704E-007  -0.855236976E-006   0.000000000E+000
   0.12171265766081074E-007  -0.105049321E-004   0.000000000E+000
   0.12202079097134444E-007  -0.263679503E-004   0.000000000E+000
   0.12232892428187814E-007  -0.248451342E-004   0.000000000E+000
   0.12263705759241184E-007   0.140182256E-004   0.000000000E+000
   0.12294519090294553E-007   0.551760822E-004   0.000000000E+000
   0.12325332421347923E-007   0.401940270E-004   0.000000000E+000
   0.12356145752401293E-007  -0.269216762E-004   0.000000000E+000
   0.12386959083454663E-007  -0.702813413E-004   0.000000000E+000
   0.12417772414508033E-007  -0.374911288E-004   0.000000000E+000
   0.12448585745561402E-007   0.308555500E-004   0.000000000E+000
   0.12479399076614772E-007   0.564689908E-004   0.000000000E+000
   0.12510212407668142E-007   0.226732991E-004   0.000000000E+000
   0.12541025738721512E-007  -0.197558766E-004   0.000000000E+000
   0.12571839069774882E-007  -0.317422273E-004   0.000000000E+000
   0.12602652400828251E-007  -0.238307221E-004   0.000000000E+000
   0.12633465731881621E-007  -0.125260094E-004   0.000000000E+000
   0.12664279062934991E-007   0.104265664E-004   0.000000000E+000
   0.12695092393988361E-007   0.414142087E-004   0.000000000E+000
   0.12725905725041731E-007   0.413861053E-004   0.000000000E+000
   0.12756719056095100E-007  -0.946595173E-005   0.000000000E+000
   0.12787532387148470E-007  -0.608413902E-004   0.000000000E+000
   0.12818345718201840E-007  -0.460027877E-004   0.000000000E+000
   0.12849159049255210E-007   0.229136494E-004   0.000000000E+000
   0.12879972380308580E-007   0.630125724E-004   0.000000000E+000
   0.12910785711361950E-007   0.299460698E-004   0.000000000E+000
   0.12941599042415319E-007  -0.274968043E-004   0.000000000E+000
   0.12972412373468689E-007  -0.417310657E-004   0.000000000E+000
   0.13003225704522059E-007  -0.134933853E-004   0.000000000E+000
   0.13034039035575429E-007   0.101455080E-004   0.000000000E+000
   0.13064852366628799E-007   0.129350774E-004   0.000000000E+000
   0.13095665697682168E-007   0.154604568E-004   0.000000000E+000
   0.13126479028735538E-007   0.187457845E-004   0.000000000E+000
   0.13157292359788908E-007  -0.123115387E-005   0.000000000E+000
   0.13188105690842278E-007  -0.360899576E-004   0.000000000E+000
   0.13218919021895648E-007  -0.367376306E-004   0.000000000E+000
   0.13249732352949017E-007   0.119796896E-004   0.000000000E+000
   0.13280545684002387E-007   0.526965559E-004   0.000000000E+000
   0.13311359015055757E-007   0.300300471E-004   0.000000000E+000
   0.13342172346109127E-007  -0.272663401E-004   0.000000000E+000
   0.13372985677162497E-007  -0.450024017E-004   0.000000000E+000
   0.13403799008215866E-007  -0.797533357E-005   0.000000000E+000
   0.13434612339269236E-007   0.259728949E-004   0.000000000E+000
   0.13465425670322606E-007   0.169553477E-004   0.000000000E+000
   0.13496239001375976E-007  -0.533892853E-005   0.000000000E+000
   0.13527052332429346E-007  -0.221931327E-005   0.000000000E+000
   0.13557865663482715E-007   0.956237636E-005   0.000000000E+000
   0.13588678994536085E-007  -0.440265831E-005   0.000000000E+000
   0.13619492325589455E-007  -0.268337008E-004   0.000000000E+000
   0.13650305656642825E-007  -0.130787530E-004   0.000000000E+000
   0.13681118987696195E-007   0.275113161E-004   0.000000000E+000
   0.13711932318749565E-007   0.352115458E-004   0.000000000E+000
   0.13742745649802934E-007  -0.654127143E-005   0.000000000E+000
   0.13773558980856304E-007  -0.388323351E-004   0.000000000E+000
   0.13804372311909674E-007  -0.153622132E-004   0.000000000E+000
   0.13835185642963044E-007   0.262255708E-004   0.000000000E+000
   0.13865998974016414E-007   0.239392175E-004   0.000000000E+000
   0.13896812305069783E-007  -0.130133958E-004   0.000000000E+000
   0.13927625636123153E-007  -0.238073590E-004   0.000000000E+000
   0.13958438967176523E-007   0.507318327E-005   0.000000000E+000
   0.13989252298229893E-007   0.225839631E-004   0.000000000E+000
   0.14020065629283263E-007   0.861853550E-006   0.000000000E+000
   0.14050878960336632E-007  -0.204170155E-004   0.000000000E+000
   0.14081692291390002E-007  -0.482187716E-005   0.000000000E+000
   0.14112505622443372E-007   0.179272010E-004   0.000000000E+000
   0.14143318953496742E-007   0.521801121E-005   0.000000000E+000
   0.14174132284550112E-007  -0.209726641E-004   0.000000000E+000
   0.14204945615603481E-007  -0.932326748E-005   0.000000000E+000
   0.14235758946656851E-007   0.281801113E-004   0.000000000E+000
   0.14266572277710221E-007   0.269248030E-004   0.000000000E+000
   0.14297385608763591E-007  -0.234308336E-004   0.000000000E+000
   0.14328198939816961E-007  -0.503546180E-004   0.000000000E+000
   0.14359012270870330E-007  -0.567327879E-005   0.000000000E+000
   0.14389825601923700E-007   0.541670670E-004   0.000000000E+000
   0.14420638932977070E-007   0.447302082E-004   0.000000000E+000
   0.14451452264030440E-007  -0.237115601E-004   0.000000000E+000
   0.14482265595083810E-007  -0.604933339E-004   0.000000000E+000
   0.14513078926137180E-007  -0.219283647E-004   0.000000000E+000
   0.14543892257190549E-007   0.359898986E-004   0.000000000E+000
   0.14574705588243919E-007   0.442908240E-004   0.000000000E+000
   0.14605518919297289E-007   0.760753392E-005   0.000000000E+000
   0.14636332250350659E-007  -0.241201669E-004   0.000000000E+000
   0.14667145581404029E-007  -0.286850172E-004   0.000000000E+000
   0.14697958912457398E-007  -0.169028717E-004   0.000000000E+000
   0.14728772243510768E-007   0.564632137E-005   0.000000000E+000
   0.14759585574564138E-007   0.345566514E-004   0.000000000E+000
   0.14790398905617508E-007   0.397356125E-004   0.000000000E+000
   0.14821212236670878E-007  -0.430172440E-005   0.000000000E+000
   0.14852025567724247E-007  -0.598834777E-004   0.000000000E+000
   0.14882838898777617E-007  -0.520831818E-004   0.000000000E+000
   0.14913652229830987E-007   0.261036475E-004   0.000000000E+000
   0.14944465560884357E-007   0.826562682E-004   0.000000000E+000
   0.14975278891937727E-007   0.401142897E-004   0.000000000E+000
   0.15006092222991096E-007  -0.538319291E-004   0.000000000E+000
   0.15036905554044466E-007  -0.825929237E-004   0.000000000E+000
   0.15067718885097836E-007  -0.135637092E-004   0.000000000E+000
   0.15098532216151206E-007   0.637842386E-004   0.000000000E+000
   0.15129345547204576E-007   0.607884067E-004   0.000000000E+000
   0.15160158878257946E-007  -0.399696728E-005   0.000000000E+000
   0.15190972209311315E-007  -0.490915991E-004   0.000000000E+000
   0.15221785540364685E-007  -0.380089514E-004   0.000000000E+000
   0.15252598871418055E-007  -0.879095751E-006   0.000000000E+000
   0.15283412202471425E-007   0.259069948E-004   0.000000000E+000
   0.15314225533524795E-007   0.329126560E-004   0.000000000E+000
   0.15345038864578164E-007   0.183720949E-004   0.000000000E+000
   0.15375852195631534E-007  -0.161616372E-004   0.000000000E+000
   0.15406665526684904E-007  -0.433481691E-004   0.000000000E+000
   0.15437478857738274E-007  -0.261238729E-004   0.000000000E+000
   0.15468292188791644E-007   0.252844129E-004   0.000000000E+000
   0.15499105519845013E-007   0.492649997E-004   0.000000000E+000
   0.15529918850898383E-007   0.126102968E-004   0.000000000E+000
   0.15560732181951753E-007  -0.370744419E-004   0.000000000E+000
   0.15591545513005123E-007  -0.347332571E-004   0.000000000E+000
   0.15622358844058493E-007   0.103673956E-004   0.000000000E+000
   0.15653172175111862E-007   0.321585612E-004   0.000000000E+000
   0.15683985506165232E-007   0.631042349E-005   0.000000000E+000
   0.15714798837218602E-007  -0.209793961E-004   0.000000000E+000
   0.15745612168271972E-007  -0.104638257E-004   0.000000000E+000
   0.15776425499325342E-007   0.138744708E-004   0.000000000E+000
   0.15807238830378711E-007   0.118757889E-004   0.000000000E+000
   0.15838052161432081E-007  -0.859328975E-005   0.000000000E+000
   0.15868865492485451E-007  -0.123762766E-004   0.000000000E+000
   0.15899678823538821E-007   0.250224002E-005   0.000000000E+000
   0.15930492154592191E-007   0.781858762E-005   0.000000000E+000
   0.15961305485645561E-007  -0.204383468E-005   0.000000000E+000
   0.15992118816698930E-007  -0.331263891E-005   0.000000000E+000
   0.16022932147752300E-007   0.959035515E-005   0.000000000E+000
   0.16053745478805670E-007   0.103745406E-004   0.000000000E+000
   0.16084558809859040E-007  -0.118403732E-004   0.000000000E+000
   0.16115372140912410E-007  -0.261532041E-004   0.000000000E+000
   0.16146185471965779E-007  -0.478484799E-005   0.000000000E+000
   0.16176998803019149E-007   0.292816512E-004   0.000000000E+000
   0.16207812134072519E-007   0.299305011E-004   0.000000000E+000
   0.16238625465125889E-007  -0.672853457E-005   0.000000000E+000
   0.16269438796179259E-007  -0.354284639E-004   0.000000000E+000
   0.16300252127232628E-007  -0.228806221E-004   0.000000000E+000
   0.16331065458285998E-007   0.112721154E-004   0.000000000E+000
   0.16361878789339368E-007   0.271106073E-004   0.000000000E+000
   0.16392692120392738E-007   0.159382689E-004   0.000000000E+000
   0.16423505451446108E-007  -0.155308953E-005   0.000000000E+000
   0.16454318782499477E-007  -0.126631821E-004   0.000000000E+000
   0.16485132113552847E-007  -0.199205933E-004   0.000000000E+000
   0.16515945444606217E-007  -0.176365593E-004   0.000000000E+000
   0.16546758775659587E-007   0.552424717E-005   0.000000000E+000
   0.16577572106712957E-007   0.347463283E-004   0.000000000E+000
   0.16608385437766326E-007   0.320780418E-004   0.000000000E+000
   0.16639198768819696E-007  -0.107996239E-004   0.000000000E+000
   0.16670012099873066E-007  -0.478476431E-004   0.000000000E+000
   0.16700825430926436E-007  -0.324503417E-004   0.000000000E+000
   0.16731638761979806E-007   0.192628904E-004   0.000000000E+000
   0.16762452093033176E-007   0.473574910E-004   0.000000000E+000
   0.16793265424086545E-007   0.240520403E-004   0.000000000E+000
   0.16824078755139915E-007  -0.179932122E-004   0.000000000E+000
   0.16854892086193285E-007  -0.347385139E-004   0.000000000E+000
   0.16885705417246655E-007  -0.199218775E-004   0.000000000E+000
   0.16916518748300025E-007   0.457278293E-005   0.000000000E+000
   0.16947332079353394E-007   0.220889797E-004   0.000000000E+000
   0.16978145410406764E-007   0.263473466E-004   0.000000000E+000
   0.17008958741460134E-007   0.114144914E-004   0.000000000E+000
   0.17039772072513504E-007  -0.186606303E-004   0.000000000E+000
   0.17070585403566874E-007  -0.375349628E-004   0.000000000E+000
   0.17101398734620243E-007  -0.193650158E-004   0.000000000E+000
   0.17132212065673613E-007   0.229136385E-004   0.000000000E+000
   0.17163025396726983E-007   0.433481764E-004   0.000000000E+000
   0.17193838727780353E-007   0.172065211E-004   0.000000000E+000
   0.17224652058833723E-007  -0.261852456E-004   0.000000000E+000
   0.17255465389887092E-007  -0.388982880E-004   0.000000000E+000
   0.17286278720940462E-007  -0.116805204E-004   0.000000000E+000
   0.17317092051993832E-007   0.213254789E-004   0.000000000E+000
   0.17347905383047202E-007   0.285326932E-004   0.000000000E+000
   0.17378718714100572E-007   0.114751401E-004   0.000000000E+000
   0.17409532045153941E-007  -0.992760397E-005   0.000000000E+000
   0.17440345376207311E-007  -0.215333002E-004   0.000000000E+000
   0.17471158707260681E-007  -0.179326016E-004   0.000000000E+000
   0.17501972038314051E-007   0.499891030E-006   0.000000000E+000
   0.17532785369367421E-007   0.215262862E-004   0.000000000E+000
   0.17563598700420791E-007   0.242543010E-004   0.000000000E+000
   0.17594412031474160E-007   0.206965888E-005   0.000000000E+000
   0.17625225362527530E-007  -0.237167187E-004   0.000000000E+000
   0.17656038693580900E-007  -0.251904185E-004   0.000000000E+000
   0.17686852024634270E-007  -0.733964043E-006   0.000000000E+000
   0.17717665355687640E-007   0.230254336E-004   0.000000000E+000
   0.17748478686741009E-007   0.221567170E-004   0.000000000E+000
   0.17779292017794379E-007   0.226989869E-006   0.000000000E+000
   0.17810105348847749E-007  -0.194542154E-004   0.000000000E+000
   0.17840918679901119E-007  -0.193083451E-004   0.000000000E+000
   0.17871732010954489E-007  -0.175865716E-005   0.000000000E+000
   0.17902545342007858E-007   0.162938577E-004   0.000000000E+000
   0.17933358673061228E-007   0.185506287E-004   0.000000000E+000
   0.17964172004114598E-007   0.286163413E-005   0.000000000E+000
   0.17994985335167968E-007  -0.155841062E-004   0.000000000E+000
   0.18025798666221338E-007  -0.177495440E-004   0.000000000E+000
   0.18056611997274707E-007  -0.149267362E-005   0.000000000E+000
   0.18087425328328077E-007   0.149571006E-004   0.000000000E+000
   0.18118238659381447E-007   0.144028554E-004   0.000000000E+000
   0.18149051990434817E-007   0.293402991E-006   0.000000000E+000
   0.18179865321488187E-007  -0.109358334E-004   0.000000000E+000
   0.18210678652541556E-007  -0.109371476E-004   0.000000000E+000
   0.18241491983594926E-007  -0.381612153E-005   0.000000000E+000
   0.18272305314648296E-007   0.519709192E-005   0.000000000E+000
   0.18303118645701666E-007   0.127644162E-004   0.000000000E+000
   0.18333931976755036E-007   0.114406685E-004   0.000000000E+000
   0.18364745307808406E-007  -0.387534237E-005   0.000000000E+000
   0.18395558638861775E-007  -0.207239245E-004   0.000000000E+000
   0.18426371969915145E-007  -0.165159381E-004   0.000000000E+000
   0.18457185300968515E-007   0.991558045E-005   0.000000000E+000
   0.18487998632021885E-007   0.283591271E-004   0.000000000E+000
   0.18518811963075255E-007   0.135123000E-004   0.000000000E+000
   0.18549625294128624E-007  -0.183210032E-004   0.000000000E+000
   0.18580438625181994E-007  -0.278098269E-004   0.000000000E+000
   0.18611251956235364E-007  -0.473008549E-005   0.000000000E+000
   0.18642065287288734E-007   0.198481102E-004   0.000000000E+000
   0.18672878618342104E-007   0.179404542E-004   0.000000000E+000
   0.18703691949395473E-007  -0.441415978E-006   0.000000000E+000
   0.18734505280448843E-007  -0.973194255E-005   0.000000000E+000
   0.18765318611502213E-007  -0.705030288E-005   0.000000000E+000
   0.18796131942555583E-007  -0.620317223E-005   0.000000000E+000
   0.18826945273608953E-007  -0.607537368E-005   0.000000000E+000
   0.18857758604662322E-007   0.613334214E-005   0.000000000E+000
   0.18888571935715692E-007   0.222394010E-004   0.000000000E+000
   0.18919385266769062E-007   0.150148398E-004   0.000000000E+000
   0.18950198597822432E-007  -0.171303509E-004   0.000000000E+000
   0.18981011928875802E-007  -0.352987845E-004   0.000000000E+000
   0.19011825259929171E-007  -0.106362786E-004   0.000000000E+000
   0.19042638590982541E-007   0.298204432E-004   0.000000000E+000
   0.19073451922035911E-007   0.351246272E-004   0.000000000E+000
   0.19104265253089281E-007  -0.718253432E-006   0.000000000E+000
   0.19135078584142651E-007  -0.316456753E-004   0.000000000E+000
   0.19165891915196021E-007  -0.231585509E-004   0.000000000E+000
   0.19196705246249390E-007   0.609839663E-005   0.000000000E+000
   0.19227518577302760E-007   0.190267292E-004   0.000000000E+000
   0.19258331908356130E-007   0.109238526E-004   0.000000000E+000
   0.19289145239409500E-007   0.248604283E-005   0.000000000E+000
   0.19319958570462870E-007  -0.606064077E-006   0.000000000E+000
   0.19350771901516239E-007  -0.980754703E-005   0.000000000E+000
   0.19381585232569609E-007  -0.204788048E-004   0.000000000E+000
   0.19412398563622979E-007  -0.103045704E-004   0.000000000E+000
   0.19443211894676349E-007   0.202088740E-004   0.000000000E+000
   0.19474025225729719E-007   0.347117821E-004   0.000000000E+000
   0.19504838556783088E-007   0.831365833E-005   0.000000000E+000
   0.19535651887836458E-007  -0.314127064E-004   0.000000000E+000
   0.19566465218889828E-007  -0.360007180E-004   0.000000000E+000
   0.19597278549943198E-007  -0.684376573E-007   0.000000000E+000
   0.19628091880996568E-007   0.323878485E-004   0.000000000E+000
   0.19658905212049937E-007   0.264935261E-004   0.000000000E+000
   0.19689718543103307E-007  -0.334224205E-005   0.000000000E+000
   0.19720531874156677E-007  -0.211453644E-004   0.000000000E+000
   0.19751345205210047E-007  -0.160691652E-004   0.000000000E+000
   0.19782158536263417E-007  -0.367944722E-005   0.000000000E+000
   0.19812971867316787E-007   0.519769401E-005   0.000000000E+000
   0.19843785198370156E-007   0.131161623E-004   0.000000000E+000
   0.19874598529423526E-007   0.171466963E-004   0.000000000E+000
   0.19905411860476896E-007   0.580803408E-005   0.000000000E+000
   0.19936225191530266E-007  -0.177367619E-004   0.000000000E+000
   0.19967038522583636E-007  -0.281960401E-004   0.000000000E+000
   0.19997851853637005E-007  -0.831986290E-005   0.000000000E+000
   0.20028665184690375E-007   0.234360577E-004   0.000000000E+000
   0.20059478515743745E-007   0.313085584E-004   0.000000000E+000
   0.20090291846797115E-007   0.593657205E-005   0.000000000E+000
   0.20121105177850485E-007  -0.241816288E-004   0.000000000E+000
   0.20151918508903854E-007  -0.274552331E-004   0.000000000E+000
   0.20182731839957224E-007  -0.424607242E-005   0.000000000E+000
   0.20213545171010594E-007   0.187775404E-004   0.000000000E+000
   0.20244358502063964E-007   0.210713260E-004   0.000000000E+000
   0.20275171833117334E-007   0.603746412E-005   0.000000000E+000
   0.20305985164170703E-007  -0.987618478E-005   0.000000000E+000
   0.20336798495224073E-007  -0.156371934E-004   0.000000000E+000
   0.20367611826277443E-007  -0.107512969E-004   0.000000000E+000
   0.20398425157330813E-007   0.448139872E-006   0.000000000E+000
   0.20429238488384183E-007   0.122970014E-004   0.000000000E+000
   0.20460051819437552E-007   0.169225150E-004   0.000000000E+000
   0.20490865150490922E-007   0.766496760E-005   0.000000000E+000
   0.20521678481544292E-007  -0.114401255E-004   0.000000000E+000
   0.20552491812597662E-007  -0.232093880E-004   0.000000000E+000
   0.20583305143651032E-007  -0.126306195E-004   0.000000000E+000
   0.20614118474704402E-007   0.131160768E-004   0.000000000E+000
   0.20644931805757771E-007   0.272446159E-004   0.000000000E+000
   0.20675745136811141E-007   0.126677241E-004   0.000000000E+000
   0.20706558467864511E-007  -0.154675181E-004   0.000000000E+000
   0.20737371798917881E-007  -0.257421088E-004   0.000000000E+000
   0.20768185129971251E-007  -0.828872908E-005   0.000000000E+000
   0.20798998461024620E-007   0.142524405E-004   0.000000000E+000
   0.20829811792077990E-007   0.172983309E-004   0.000000000E+000
   0.20860625123131360E-007   0.397854728E-005   0.000000000E+000
   0.20891438454184730E-007  -0.575833565E-005   0.000000000E+000
   0.20922251785238100E-007  -0.569099484E-005   0.000000000E+000
   0.20953065116291469E-007  -0.589479941E-005   0.000000000E+000
   0.20983878447344839E-007  -0.826769701E-005   0.000000000E+000
   0.21014691778398209E-007  -0.106143352E-005   0.000000000E+000
   0.21045505109451579E-007   0.156102888E-004   0.000000000E+000
   0.21076318440504949E-007   0.194539844E-004   0.000000000E+000
   0.21107131771558318E-007  -0.243221984E-005   0.000000000E+000
   0.21137945102611688E-007  -0.263095571E-004   0.000000000E+000
   0.21168758433665058E-007  -0.192255320E-004   0.000000000E+000
   0.21199571764718428E-007   0.123396385E-004   0.000000000E+000
   0.21230385095771798E-007   0.274591148E-004   0.000000000E+000
   0.21261198426825167E-007   0.769633152E-005   0.000000000E+000
   0.21292011757878537E-007  -0.174116849E-004   0.000000000E+000
   0.21322825088931907E-007  -0.150116484E-004   0.000000000E+000
   0.21353638419985277E-007   0.452683889E-005   0.000000000E+000
   0.21384451751038647E-007   0.916582030E-005   0.000000000E+000
   0.21415265082092017E-007  -0.294115762E-005   0.000000000E+000
   0.21446078413145386E-007  -0.505716116E-005   0.000000000E+000
   0.21476891744198756E-007   0.882874338E-005   0.000000000E+000
   0.21507705075252126E-007   0.118564631E-004   0.000000000E+000
   0.21538518406305496E-007  -0.824233848E-005   0.000000000E+000
   0.21569331737358866E-007  -0.223152165E-004   0.000000000E+000
   0.21600145068412235E-007  -0.403252670E-005   0.000000000E+000
   0.21630958399465605E-007   0.235495154E-004   0.000000000E+000
   0.21661771730518975E-007   0.190068859E-004   0.000000000E+000
   0.21692585061572345E-007  -0.127072926E-004   0.000000000E+000
   0.21723398392625715E-007  -0.252785994E-004   0.000000000E+000
   0.21754211723679084E-007  -0.145697231E-005   0.000000000E+000
   0.21785025054732454E-007   0.211569877E-004   0.000000000E+000
   0.21815838385785824E-007   0.971880399E-005   0.000000000E+000
   0.21846651716839194E-007  -0.138886226E-004   0.000000000E+000
   0.21877465047892564E-007  -0.112615453E-004   0.000000000E+000
   0.21908278378945933E-007   0.101157093E-004   0.000000000E+000
   0.21939091709999303E-007   0.118440939E-004   0.000000000E+000
   0.21969905041052673E-007  -0.950569029E-005   0.000000000E+000
   0.22000718372106043E-007  -0.160377422E-004   0.000000000E+000
   0.22031531703159413E-007   0.672062743E-005   0.000000000E+000
   0.22062345034212782E-007   0.222837225E-004   0.000000000E+000
   0.22093158365266152E-007   0.207411176E-005   0.000000000E+000
   0.22123971696319522E-007  -0.245807751E-004   0.000000000E+000
   0.22154785027372892E-007  -0.146697048E-004   0.000000000E+000
   0.22185598358426262E-007   0.185206627E-004   0.000000000E+000
   0.22216411689479632E-007   0.241625112E-004   0.000000000E+000
   0.22247225020533001E-007  -0.614635064E-005   0.000000000E+000
   0.22278038351586371E-007  -0.252606806E-004   0.000000000E+000
   0.22308851682639741E-007  -0.538708809E-005   0.000000000E+000
   0.22339665013693111E-007   0.195571174E-004   0.000000000E+000
   0.22370478344746481E-007   0.107625865E-004   0.000000000E+000
   0.22401291675799850E-007  -0.136888984E-004   0.000000000E+000
   0.22432105006853220E-007  -0.117837426E-004   0.000000000E+000
   0.22462918337906590E-007   0.116941028E-004   0.000000000E+000
   0.22493731668959960E-007   0.144339219E-004   0.000000000E+000
   0.22524545000013330E-007  -0.104534365E-004   0.000000000E+000
   0.22555358331066699E-007  -0.208208439E-004   0.000000000E+000
   0.22586171662120069E-007   0.407391781E-005   0.000000000E+000
   0.22616984993173439E-007   0.259420813E-004   0.000000000E+000
   0.22647798324226809E-007   0.804169758E-005   0.000000000E+000
   0.22678611655280179E-007  -0.234852305E-004   0.000000000E+000
   0.22709424986333548E-007  -0.195750836E-004   0.000000000E+000
   0.22740238317386918E-007   0.134128604E-004   0.000000000E+000
   0.22771051648440288E-007   0.240157860E-004   0.000000000E+000
   0.22801864979493658E-007  -0.211228871E-005   0.000000000E+000
   0.22832678310547028E-007  -0.213733238E-004   0.000000000E+000
   0.22863491641600397E-007  -0.460852425E-005   0.000000000E+000
   0.22894304972653767E-007   0.172027540E-004   0.000000000E+000
   0.22925118303707137E-007   0.714037742E-005   0.000000000E+000
   0.22955931634760507E-007  -0.158561506E-004   0.000000000E+000
   0.22986744965813877E-007  -0.104072387E-004   0.000000000E+000
   0.23017558296867247E-007   0.158012463E-004   0.000000000E+000
   0.23048371627920616E-007   0.174485340E-004   0.000000000E+000
   0.23079184958973986E-007  -0.117074323E-004   0.000000000E+000
   0.23109998290027356E-007  -0.252523369E-004   0.000000000E+000
   0.23140811621080726E-007   0.864380127E-006   0.000000000E+000
   0.23171624952134096E-007   0.271628105E-004   0.000000000E+000
   0.23202438283187465E-007   0.126024552E-004   0.000000000E+000
   0.23233251614240835E-007  -0.199244732E-004   0.000000000E+000
   0.23264064945294205E-007  -0.206842160E-004   0.000000000E+000
   0.23294878276347575E-007   0.822853690E-005   0.000000000E+000
   0.23325691607400945E-007   0.197040063E-004   0.000000000E+000
   0.23356504938454314E-007  -0.720556272E-006   0.000000000E+000
   0.23387318269507684E-007  -0.150101423E-004   0.000000000E+000
   0.23418131600561054E-007   0.288548108E-006   0.000000000E+000
   0.23448944931614424E-007   0.151454342E-004   0.000000000E+000
   0.23479758262667794E-007  -0.176596586E-007   0.000000000E+000
   0.23510571593721163E-007  -0.207460871E-004   0.000000000E+000
   0.23541384924774533E-007  -0.833139075E-005   0.000000000E+000
   0.23572198255827903E-007   0.222772069E-004   0.000000000E+000
   0.23603011586881273E-007   0.223319948E-004   0.000000000E+000
   0.23633824917934643E-007  -0.117471791E-004   0.000000000E+000
   0.23664638248988012E-007  -0.296574490E-004   0.000000000E+000
   0.23695451580041382E-007  -0.540919609E-005   0.000000000E+000
   0.23726264911094752E-007   0.230015376E-004   0.000000000E+000
   0.23757078242148122E-007   0.151228169E-004   0.000000000E+000
   0.23787891573201492E-007  -0.104942037E-004   0.000000000E+000
   0.23818704904254862E-007  -0.121265693E-004   0.000000000E+000
   0.23849518235308231E-007   0.622521293E-005   0.000000000E+000
   0.23880331566361601E-007   0.725199425E-005   0.000000000E+000
   0.23911144897414971E-007  -0.116485116E-004   0.000000000E+000
   0.23941958228468341E-007  -0.131521092E-004   0.000000000E+000
   0.23972771559521711E-007   0.129556402E-004   0.000000000E+000
   0.24003584890575080E-007   0.262398207E-004   0.000000000E+000
   0.24034398221628450E-007   0.260870365E-006   0.000000000E+000
   0.24065211552681820E-007  -0.299414405E-004   0.000000000E+000
   0.24096024883735190E-007  -0.193652122E-004   0.000000000E+000
   0.24126838214788560E-007   0.166245118E-004   0.000000000E+000
   0.24157651545841929E-007   0.263089860E-004   0.000000000E+000
   0.24188464876895299E-007   0.952504706E-006   0.000000000E+000
   0.24219278207948669E-007  -0.171306547E-004   0.000000000E+000
   0.24250091539002039E-007  -0.545215789E-005   0.000000000E+000
   0.24280904870055409E-007   0.760820330E-005   0.000000000E+000
   0.24311718201108778E-007  -0.215488217E-005   0.000000000E+000
   0.24342531532162148E-007  -0.122121601E-004   0.000000000E+000
   0.24373344863215518E-007   0.385438761E-005   0.000000000E+000
   0.24404158194268888E-007   0.240817590E-004   0.000000000E+000
   0.24434971525322258E-007   0.106131811E-004   0.000000000E+000
   0.24465784856375627E-007  -0.237201275E-004   0.000000000E+000
   0.24496598187428997E-007  -0.286864688E-004   0.000000000E+000
   0.24527411518482367E-007   0.551801168E-005   0.000000000E+000
   0.24558224849535737E-007   0.307202645E-004   0.000000000E+000
   0.24589038180589107E-007   0.137004645E-004   0.000000000E+000
   0.24619851511642477E-007  -0.159195970E-004   0.000000000E+000
   0.24650664842695846E-007  -0.162581327E-004   0.000000000E+000
   0.24681478173749216E-007   0.337519486E-005   0.000000000E+000
   0.24712291504802586E-007   0.650025549E-005   0.000000000E+000
   0.24743104835855956E-007  -0.657551618E-005   0.000000000E+000
   0.24773918166909326E-007  -0.410804932E-005   0.000000000E+000
   0.24804731497962695E-007   0.157445666E-004   0.000000000E+000
   0.24835544829016065E-007   0.169729719E-004   0.000000000E+000
   0.24866358160069435E-007  -0.117211912E-004   0.000000000E+000
   0.24897171491122805E-007  -0.303314046E-004   0.000000000E+000
   0.24927984822176175E-007  -0.767946221E-005   0.000000000E+000
   0.24958798153229544E-007   0.264664723E-004   0.000000000E+000
   0.24989611484282914E-007   0.242638089E-004   0.000000000E+000
   0.25020424815336284E-007  -0.814705345E-005   0.000000000E+000
   0.25051238146389654E-007  -0.230294972E-004   0.000000000E+000
   0.25082051477443024E-007  -0.526438998E-005   0.000000000E+000
   0.25112864808496393E-007   0.108853092E-004   0.000000000E+000
   0.25143678139549763E-007   0.293917128E-005   0.000000000E+000
   0.25174491470603133E-007  -0.640165399E-005   0.000000000E+000
   0.25205304801656503E-007   0.454374003E-005   0.000000000E+000
   0.25236118132709873E-007   0.152641878E-004   0.000000000E+000
   0.25266931463763243E-007  -0.443011231E-006   0.000000000E+000
   0.25297744794816612E-007  -0.236618653E-004   0.000000000E+000
   0.25328558125869982E-007  -0.159001029E-004   0.000000000E+000
   0.25359371456923352E-007   0.168918123E-004   0.000000000E+000
   0.25390184787976722E-007   0.283325389E-004   0.000000000E+000
   0.25420998119030092E-007   0.173300032E-005   0.000000000E+000
   0.25451811450083461E-007  -0.242857896E-004   0.000000000E+000
   0.25482624781136831E-007  -0.151806271E-004   0.000000000E+000
   0.25513438112190201E-007   0.983891550E-005   0.000000000E+000
   0.25544251443243571E-007   0.134934489E-004   0.000000000E+000
   0.25575064774296941E-007  -0.148327763E-005   0.000000000E+000
   0.25605878105350310E-007  -0.496214807E-005   0.000000000E+000
   0.25636691436403680E-007   0.585994121E-005   0.000000000E+000
   0.25667504767457050E-007   0.481400230E-005   0.000000000E+000
   0.25698318098510420E-007  -0.123574227E-004   0.000000000E+000
   0.25729131429563790E-007  -0.159969768E-004   0.000000000E+000
   0.25759944760617159E-007   0.692926187E-005   0.000000000E+000
   0.25790758091670529E-007   0.253392500E-004   0.000000000E+000
   0.25821571422723899E-007   0.986431405E-005   0.000000000E+000
   0.25852384753777269E-007  -0.196841374E-004   0.000000000E+000
   0.25883198084830639E-007  -0.225480762E-004   0.000000000E+000
   0.25914011415884008E-007   0.262608410E-005   0.000000000E+000
   0.25944824746937378E-007   0.190899318E-004   0.000000000E+000
   0.25975638077990748E-007   0.886694670E-005   0.000000000E+000
   0.26006451409044118E-007  -0.599163377E-005   0.000000000E+000
   0.26037264740097488E-007  -0.491834771E-005   0.000000000E+000
   0.26068078071150858E-007   0.756439476E-006   0.000000000E+000
   0.26098891402204227E-007  -0.464706090E-005   0.000000000E+000
   0.26129704733257597E-007  -0.975432886E-005   0.000000000E+000
   0.26160518064310967E-007   0.252220070E-005   0.000000000E+000
   0.26191331395364337E-007   0.192778134E-004   0.000000000E+000
   0.26222144726417707E-007   0.130821627E-004   0.000000000E+000
   0.26252958057471076E-007  -0.128482061E-004   0.000000000E+000
   0.26283771388524446E-007  -0.245874762E-004   0.000000000E+000
   0.26314584719577816E-007  -0.628941962E-005   0.000000000E+000
   0.26345398050631186E-007   0.172501150E-004   0.000000000E+000
   0.26376211381684556E-007   0.176521989E-004   0.000000000E+000
   0.26407024712737925E-007   0.646501576E-006   0.000000000E+000
   0.26437838043791295E-007  -0.969620123E-005   0.000000000E+000
   0.26468651374844665E-007  -0.747059266E-005   0.000000000E+000
   0.26499464705898035E-007  -0.445847672E-005   0.000000000E+000
   0.26530278036951405E-007  -0.341407986E-005   0.000000000E+000
   0.26561091368004774E-007   0.400592080E-005   0.000000000E+000
   0.26591904699058144E-007   0.144592614E-004   0.000000000E+000
   0.26622718030111514E-007   0.114274890E-004   0.000000000E+000
   0.26653531361164884E-007  -0.749912670E-005   0.000000000E+000
   0.26684344692218254E-007  -0.207757948E-004   0.000000000E+000
   0.26715158023271623E-007  -0.111072031E-004   0.000000000E+000
   0.26745971354324993E-007   0.100021525E-004   0.000000000E+000
   0.26776784685378363E-007   0.183658285E-004   0.000000000E+000
   0.26807598016431733E-007   0.831104990E-005   0.000000000E+000
   0.26838411347485103E-007  -0.559117962E-005   0.000000000E+000
   0.26869224678538473E-007  -0.114190589E-004   0.000000000E+000
   0.26900038009591842E-007  -0.968073437E-005   0.000000000E+000
   0.26930851340645212E-007  -0.315480247E-005   0.000000000E+000
   0.26961664671698582E-007   0.722498771E-005   0.000000000E+000
   0.26992478002751952E-007   0.146108860E-004   0.000000000E+000
   0.27023291333805322E-007   0.893132074E-005   0.000000000E+000
   0.27054104664858691E-007  -0.717364765E-005   0.000000000E+000
   0.27084917995912061E-007  -0.166550126E-004   0.000000000E+000
   0.27115731326965431E-007  -0.907190679E-005   0.000000000E+000
   0.27146544658018801E-007   0.588796411E-005   0.000000000E+000
   0.27177357989072171E-007   0.125878905E-004   0.000000000E+000
   0.27208171320125540E-007   0.834826824E-005   0.000000000E+000
   0.27238984651178910E-007   0.457007445E-006   0.000000000E+000
   0.27269797982232280E-007  -0.685275381E-005   0.000000000E+000
   0.27300611313285650E-007  -0.117441323E-004   0.000000000E+000
   0.27331424644339020E-007  -0.824754716E-005   0.000000000E+000
   0.27362237975392389E-007   0.572729459E-005   0.000000000E+000
   0.27393051306445759E-007   0.172100499E-004   0.000000000E+000
   0.27423864637499129E-007   0.104239289E-004   0.000000000E+000
   0.27454677968552499E-007  -0.897864720E-005   0.000000000E+000
   0.27485491299605869E-007  -0.174554407E-004   0.000000000E+000
   0.27516304630659238E-007  -0.556400209E-005   0.000000000E+000
   0.27547117961712608E-007   0.918784281E-005   0.000000000E+000
   0.27577931292765978E-007   0.927074962E-005   0.000000000E+000
   0.27608744623819348E-007   0.110082783E-005   0.000000000E+000
   0.27639557954872718E-007  -0.829330020E-006   0.000000000E+000
   0.27670371285926088E-007   0.621091999E-006   0.000000000E+000
   0.27701184616979457E-007  -0.517602666E-005   0.000000000E+000
   0.27731997948032827E-007  -0.113230326E-004   0.000000000E+000
   0.27762811279086197E-007  -0.195852499E-005   0.000000000E+000
   0.27793624610139567E-007   0.159725714E-004   0.000000000E+000
   0.27824437941192937E-007   0.158992971E-004   0.000000000E+000
   0.27855251272246306E-007  -0.684923543E-005   0.000000000E+000
   0.27886064603299676E-007  -0.220331385E-004   0.000000000E+000
   0.27916877934353046E-007  -0.776614525E-005   0.000000000E+000
   0.27947691265406416E-007   0.151922059E-004   0.000000000E+000
   0.27978504596459786E-007   0.145872473E-004   0.000000000E+000
   0.28009317927513155E-007  -0.450490916E-005   0.000000000E+000
   0.28040131258566525E-007  -0.109061930E-004   0.000000000E+000
   0.28070944589619895E-007   0.124512735E-005   0.000000000E+000
   0.28101757920673265E-007   0.628401722E-005   0.000000000E+000
   0.28132571251726635E-007  -0.553206337E-005   0.000000000E+000
   0.28163384582780004E-007  -0.993526919E-005   0.000000000E+000
   0.28194197913833374E-007   0.712045403E-005   0.000000000E+000
   0.28225011244886744E-007   0.194371387E-004   0.000000000E+000
   0.28255824575940114E-007   0.171530519E-005   0.000000000E+000
   0.28286637906993484E-007  -0.235528914E-004   0.000000000E+000
   0.28317451238046853E-007  -0.165544807E-004   0.000000000E+000
   0.28348264569100223E-007   0.153771980E-004   0.000000000E+000
   0.28379077900153593E-007   0.253856924E-004   0.000000000E+000
   0.28409891231206963E-007  -0.598136467E-006   0.000000000E+000
   0.28440704562260333E-007  -0.221200644E-004   0.000000000E+000
   0.28471517893313703E-007  -0.880709013E-005   0.000000000E+000
   0.28502331224367072E-007   0.134023030E-004   0.000000000E+000
   0.28533144555420442E-007   0.838625965E-005   0.000000000E+000
   0.28563957886473812E-007  -0.103857165E-004   0.000000000E+000
   0.28594771217527182E-007  -0.621393792E-005   0.000000000E+000
   0.28625584548580552E-007   0.147644287E-004   0.000000000E+000
   0.28656397879633921E-007   0.123866994E-004   0.000000000E+000
   0.28687211210687291E-007  -0.162344350E-004   0.000000000E+000
   0.28718024541740661E-007  -0.253053549E-004   0.000000000E+000
   0.28748837872794031E-007   0.545508738E-005   0.000000000E+000
   0.28779651203847401E-007   0.321908010E-004   0.000000000E+000
   0.28810464534900770E-007   0.130302997E-004   0.000000000E+000
   0.28841277865954140E-007  -0.244067032E-004   0.000000000E+000
   0.28872091197007510E-007  -0.248706874E-004   0.000000000E+000
   0.28902904528060880E-007   0.870744225E-005   0.000000000E+000
   0.28933717859114250E-007   0.229558536E-004   0.000000000E+000
   0.28964531190167619E-007   0.607697075E-006   0.000000000E+000
   0.28995344521220989E-007  -0.159780448E-004   0.000000000E+000
   0.29026157852274359E-007   0.493602784E-006   0.000000000E+000
   0.29056971183327729E-007   0.167812868E-004   0.000000000E+000
   0.29087784514381099E-007  -0.100525176E-005   0.000000000E+000
   0.29118597845434468E-007  -0.250231788E-004   0.000000000E+000
   0.29149411176487838E-007  -0.998616542E-005   0.000000000E+000
   0.29180224507541208E-007   0.269828561E-004   0.000000000E+000
   0.29211037838594578E-007   0.276209848E-004   0.000000000E+000
   0.29241851169647948E-007  -0.135332612E-004   0.000000000E+000
   0.29272664500701318E-007  -0.360308768E-004   0.000000000E+000
   0.29303477831754687E-007  -0.699501652E-005   0.000000000E+000
   0.29334291162808057E-007   0.280107215E-004   0.000000000E+000
   0.29365104493861427E-007   0.183079683E-004   0.000000000E+000
   0.29395917824914797E-007  -0.140941593E-004   0.000000000E+000
   0.29426731155968167E-007  -0.161057305E-004   0.000000000E+000
   0.29457544487021536E-007   0.890849151E-005   0.000000000E+000
   0.29488357818074906E-007   0.125114602E-004   0.000000000E+000
   0.29519171149128276E-007  -0.125024399E-004   0.000000000E+000
   0.29549984480181646E-007  -0.191793897E-004   0.000000000E+000
   0.29580797811235016E-007   0.110398105E-004   0.000000000E+000
   0.29611611142288385E-007   0.312236807E-004   0.000000000E+000
   0.29642424473341755E-007   0.405723404E-005   0.000000000E+000
   0.29673237804395125E-007  -0.331093070E-004   0.000000000E+000
   0.29704051135448495E-007  -0.236600717E-004   0.000000000E+000
   0.29734864466501865E-007   0.188391350E-004   0.000000000E+000
   0.29765677797555234E-007   0.315042307E-004   0.000000000E+000
   0.29796491128608604E-007  -0.180516508E-006   0.000000000E+000
   0.29827304459661974E-007  -0.241411963E-004   0.000000000E+000
   0.29858117790715344E-007  -0.772707062E-005   0.000000000E+000
   0.29888931121768714E-007   0.145427002E-004   0.000000000E+000
   0.29919744452822084E-007   0.472652573E-005   0.000000000E+000
   0.29950557783875453E-007  -0.149802690E-004   0.000000000E+000
