t              noda2002.fdtd_Point probe_Ez_12_12_2.dat
   0.00000000000000000E+000   0.000000000E+000
   0.95999999616402931E-010   0.000000000E+000
   0.19199999923280586E-009  -0.330111170E+001
   0.28799999884920879E-009  -0.832958412E+001
   0.38399999846561172E-009  -0.118356810E+002
   0.47999999808201466E-009  -0.131464348E+002
   0.57599999769841759E-009  -0.143102741E+002
   0.67199999731482052E-009  -0.170481052E+002
   0.76799999693122345E-009  -0.208704090E+002
   0.86399999654762638E-009  -0.242191734E+002
   0.95999999616402931E-009  -0.265132256E+002
   0.10559999957804322E-008  -0.285249939E+002
   0.11519999953968352E-008  -0.311428223E+002
   0.12479999950132381E-008  -0.343743477E+002
   0.13439999946296410E-008  -0.376041260E+002
   0.14399999942460440E-008  -0.404141045E+002
   0.15359999938624469E-008  -0.429153709E+002
   0.16319999934788498E-008  -0.465112801E+002
   0.17279999930952528E-008  -0.526598473E+002
   0.18239999927116557E-008  -0.594303436E+002
   0.19199999923280586E-008  -0.647008743E+002
   0.20159999919444616E-008  -0.686296539E+002
   0.21119999915608645E-008  -0.728579559E+002
   0.22079999911772674E-008  -0.782805328E+002
   0.23039999907936703E-008  -0.842699585E+002
   0.23999999904100733E-008  -0.897787247E+002
   0.24959999900264762E-008  -0.945700912E+002
   0.25919999896428791E-008  -0.992366943E+002
   0.26879999892592821E-008  -0.104365509E+003
   0.27839999888756850E-008  -0.109955620E+003
   0.28799999884920879E-008  -0.115568085E+003
   0.29759999881084909E-008  -0.120837387E+003
   0.30719999877248938E-008  -0.125786545E+003
   0.31679999873412967E-008  -0.131440155E+003
   0.32639999869576997E-008  -0.137969330E+003
   0.33599999865741026E-008  -0.144535889E+003
   0.34559999861905055E-008  -0.150489243E+003
   0.35519999858069085E-008  -0.156008240E+003
   0.36479999854233114E-008  -0.161685272E+003
   0.37439999850397143E-008  -0.167794952E+003
   0.38399999846561172E-008  -0.174089752E+003
   0.39359999842725202E-008  -0.180184280E+003
   0.40319999838889231E-008  -0.185987854E+003
   0.41279999835053260E-008  -0.191743805E+003
   0.42239999831217290E-008  -0.197724228E+003
   0.43199999827381319E-008  -0.203947113E+003
   0.44159999823545348E-008  -0.210191467E+003
   0.45119999819709378E-008  -0.216253403E+003
   0.46079999815873407E-008  -0.221860916E+003
   0.47039999812037436E-008  -0.225291351E+003
   0.47999999808201466E-008  -0.227961426E+003
   0.48959999804365495E-008  -0.231894196E+003
   0.49919999800529524E-008  -0.237136520E+003
   0.50879999796693554E-008  -0.242157028E+003
   0.51839999792857583E-008  -0.246013977E+003
   0.52799999789021612E-008  -0.249307755E+003
   0.53759999785185641E-008  -0.253103180E+003
   0.54719999781349671E-008  -0.257589996E+003
   0.55679999777513700E-008  -0.262102142E+003
   0.56639999773677729E-008  -0.266113068E+003
   0.57599999769841759E-008  -0.269799988E+003
   0.58559999766005788E-008  -0.273657654E+003
   0.59519999762169817E-008  -0.277874084E+003
   0.60479999758333847E-008  -0.282231781E+003
   0.61439999754497876E-008  -0.284994324E+003
   0.62399999750661905E-008  -0.285354919E+003
   0.63359999746825935E-008  -0.285591919E+003
   0.64319999742989964E-008  -0.287544830E+003
   0.65279999739153993E-008  -0.290577576E+003
   0.66239999735318023E-008  -0.292939758E+003
   0.67199999731482052E-008  -0.294047150E+003
   0.68159999727646081E-008  -0.294837677E+003
   0.69119999723810110E-008  -0.296326080E+003
   0.70079999719974140E-008  -0.298472473E+003
   0.71039999716138169E-008  -0.300523376E+003
   0.71999999712302198E-008  -0.302021118E+003
   0.72959999708466228E-008  -0.303201782E+003
   0.73919999704630257E-008  -0.304558929E+003
   0.74879999700794286E-008  -0.306287720E+003
   0.75839999696958316E-008  -0.308192230E+003
   0.76799999693122345E-008  -0.309978668E+003
   0.77759999689286374E-008  -0.311537628E+003
   0.78719999685450404E-008  -0.312984436E+003
   0.79679999681614433E-008  -0.314504547E+003
   0.80639999677778462E-008  -0.316174530E+003
   0.81599999673942492E-008  -0.317437042E+003
   0.82559999670106521E-008  -0.318141846E+003
   0.83519999666270550E-008  -0.318831421E+003
   0.84479999662434579E-008  -0.319939423E+003
   0.85439999658598609E-008  -0.321335052E+003
   0.86399999654762638E-008  -0.322606018E+003
   0.87359999650926667E-008  -0.323565155E+003
   0.88319999647090697E-008  -0.324379272E+003
   0.89279999643254726E-008  -0.325297852E+003
   0.90239999639418755E-008  -0.326381897E+003
   0.91199999635582785E-008  -0.327502289E+003
   0.92159999631746814E-008  -0.328519409E+003
   0.93119999627910843E-008  -0.329416473E+003
   0.94079999624074873E-008  -0.330290588E+003
   0.95039999620238902E-008  -0.331258240E+003
   0.95999999616402931E-008  -0.332362640E+003
   0.96959999612566961E-008  -0.333538513E+003
   0.97919999608730990E-008  -0.334663055E+003
   0.98879999604895019E-008  -0.335671387E+003
   0.99839999601059048E-008  -0.336631042E+003
   0.10079999959722308E-007  -0.337671326E+003
   0.10175999959338711E-007  -0.338328186E+003
   0.10271999958955114E-007  -0.338603271E+003
   0.10367999958571517E-007  -0.338882385E+003
   0.10463999958187920E-007  -0.339401428E+003
   0.10559999957804322E-007  -0.340072052E+003
   0.10655999957420725E-007  -0.340684662E+003
   0.10751999957037128E-007  -0.341126495E+003
   0.10847999956653531E-007  -0.341435455E+003
   0.10943999956269934E-007  -0.341753052E+003
   0.11039999955886337E-007  -0.342224792E+003
   0.11135999955502740E-007  -0.342861938E+003
   0.11231999955119143E-007  -0.343491577E+003
   0.11327999954735546E-007  -0.343926422E+003
   0.11423999954351949E-007  -0.344209198E+003
   0.11519999953968352E-007  -0.344598328E+003
   0.11615999953584755E-007  -0.345243988E+003
   0.11711999953201158E-007  -0.345957703E+003
   0.11807999952817561E-007  -0.346425934E+003
   0.11903999952433963E-007  -0.346628540E+003
   0.11999999952050366E-007  -0.346891785E+003
   0.12095999951666769E-007  -0.347463837E+003
   0.12191999951283172E-007  -0.348171234E+003
   0.12287999950899575E-007  -0.348645416E+003
   0.12383999950515978E-007  -0.348832275E+003
   0.12479999950132381E-007  -0.349081421E+003
   0.12575999949748784E-007  -0.349670776E+003
   0.12671999949365187E-007  -0.350413300E+003
   0.12767999948981590E-007  -0.350901428E+003
   0.12863999948597993E-007  -0.351065216E+003
   0.12959999948214396E-007  -0.351271637E+003
   0.13055999947830799E-007  -0.351819214E+003
   0.13151999947447202E-007  -0.352388184E+003
   0.13247999947063605E-007  -0.352540314E+003
   0.13343999946680007E-007  -0.352399323E+003
   0.13439999946296410E-007  -0.352465942E+003
   0.13535999945912813E-007  -0.352964905E+003
   0.13631999945529216E-007  -0.353564026E+003
   0.13727999945145619E-007  -0.353819061E+003
   0.13823999944762022E-007  -0.353751404E+003
   0.13919999944378425E-007  -0.353799622E+003
   0.14015999943994828E-007  -0.354222015E+003
   0.14111999943611231E-007  -0.354755524E+003
   0.14207999943227634E-007  -0.354980408E+003
   0.14303999942844037E-007  -0.354887787E+003
   0.14399999942460440E-007  -0.354883514E+003
   0.14495999942076843E-007  -0.355236389E+003
   0.14591999941693246E-007  -0.355727875E+003
   0.14687999941309648E-007  -0.355968262E+003
   0.14783999940926051E-007  -0.355930756E+003
   0.14879999940542454E-007  -0.355972778E+003
   0.14975999940158857E-007  -0.356333099E+003
   0.15071999939775260E-007  -0.356807495E+003
   0.15167999939391663E-007  -0.357039551E+003
   0.15263999939008066E-007  -0.357010559E+003
   0.15359999938624469E-007  -0.357053070E+003
   0.15455999938240872E-007  -0.357385010E+003
   0.15551999937857275E-007  -0.357816986E+003
   0.15647999937473678E-007  -0.358027161E+003
   0.15743999937090081E-007  -0.358007874E+003
   0.15839999936706484E-007  -0.358066406E+003
   0.15935999936322887E-007  -0.358394165E+003
   0.16031999935939290E-007  -0.358808899E+003
   0.16127999935555692E-007  -0.358997528E+003
   0.16223999935172095E-007  -0.358930817E+003
   0.16319999934788498E-007  -0.358929535E+003
   0.16415999934404901E-007  -0.359203522E+003
   0.16511999934021304E-007  -0.359575470E+003
   0.16607999933637707E-007  -0.359747162E+003
   0.16703999933254110E-007  -0.359712006E+003
   0.16799999932870513E-007  -0.359746521E+003
   0.16895999932486916E-007  -0.360017975E+003
   0.16991999932103319E-007  -0.360362671E+003
   0.17087999931719722E-007  -0.360525909E+003
   0.17183999931336125E-007  -0.360511688E+003
   0.17279999930952528E-007  -0.360562347E+003
   0.17375999930568931E-007  -0.360815826E+003
   0.17471999930185333E-007  -0.361124756E+003
   0.17567999929801736E-007  -0.361273560E+003
   0.17663999929418139E-007  -0.361276917E+003
   0.17759999929034542E-007  -0.361348511E+003
   0.17855999928650945E-007  -0.361599640E+003
   0.17951999928267348E-007  -0.361891693E+003
   0.18047999927883751E-007  -0.362035614E+003
   0.18143999927500154E-007  -0.362050415E+003
   0.18239999927116557E-007  -0.362127411E+003
   0.18335999926732960E-007  -0.362363403E+003
   0.18431999926349363E-007  -0.362635712E+003
   0.18527999925965766E-007  -0.362779572E+003
   0.18623999925582169E-007  -0.362812408E+003
   0.18719999925198572E-007  -0.362901367E+003
   0.18815999924814975E-007  -0.363131897E+003
   0.18911999924431377E-007  -0.363398743E+003
   0.19007999924047780E-007  -0.363556641E+003
   0.19103999923664183E-007  -0.363614563E+003
   0.19199999923280586E-007  -0.363713196E+003
   0.19295999922896989E-007  -0.363929871E+003
   0.19391999922513392E-007  -0.364179596E+003
   0.19487999922129795E-007  -0.364335876E+003
   0.19583999921746198E-007  -0.364398743E+003
   0.19679999921362601E-007  -0.364488434E+003
   0.19775999920979004E-007  -0.364684814E+003
   0.19871999920595407E-007  -0.364929199E+003
   0.19967999920211810E-007  -0.365108887E+003
   0.20063999919828213E-007  -0.365203796E+003
   0.20159999919444616E-007  -0.365282104E+003
   0.20255999919061018E-007  -0.365423218E+003
   0.20351999918677421E-007  -0.365621613E+003
   0.20447999918293824E-007  -0.365791168E+003
   0.20543999917910227E-007  -0.365879517E+003
   0.20639999917526630E-007  -0.365938751E+003
   0.20735999917143033E-007  -0.366058685E+003
   0.20831999916759436E-007  -0.366249237E+003
   0.20927999916375839E-007  -0.366425659E+003
   0.21023999915992242E-007  -0.366519348E+003
   0.21119999915608645E-007  -0.366571808E+003
   0.21215999915225048E-007  -0.366685120E+003
   0.21311999914841451E-007  -0.366886719E+003
   0.21407999914457854E-007  -0.367085815E+003
   0.21503999914074257E-007  -0.367187775E+003
   0.21599999913690660E-007  -0.367223022E+003
   0.21695999913307062E-007  -0.367313904E+003
   0.21791999912923465E-007  -0.367512024E+003
   0.21887999912539868E-007  -0.367721252E+003
   0.21983999912156271E-007  -0.367821259E+003
   0.22079999911772674E-007  -0.367835419E+003
   0.22175999911389077E-007  -0.367910492E+003
   0.22271999911005480E-007  -0.368119965E+003
   0.22367999910621883E-007  -0.368355316E+003
   0.22463999910238286E-007  -0.368465820E+003
   0.22559999909854689E-007  -0.368467468E+003
   0.22655999909471092E-007  -0.368529938E+003
   0.22751999909087495E-007  -0.368744965E+003
   0.22847999908703898E-007  -0.368991272E+003
   0.22943999908320301E-007  -0.369094513E+003
   0.23039999907936703E-007  -0.369072266E+003
   0.23135999907553106E-007  -0.369120209E+003
   0.23231999907169509E-007  -0.369344360E+003
   0.23327999906785912E-007  -0.369607880E+003
   0.23423999906402315E-007  -0.369714813E+003
   0.23519999906018718E-007  -0.369685028E+003
   0.23615999905635121E-007  -0.369732788E+003
   0.23711999905251524E-007  -0.369969269E+003
   0.23807999904867927E-007  -0.370240906E+003
   0.23903999904484330E-007  -0.370338684E+003
   0.23999999904100733E-007  -0.370292542E+003
   0.24095999903717136E-007  -0.370335297E+003
   0.24191999903333539E-007  -0.370579224E+003
   0.24287999902949942E-007  -0.370855957E+003
   0.24383999902566345E-007  -0.370949463E+003
   0.24479999902182747E-007  -0.370899567E+003
   0.24575999901799150E-007  -0.370948395E+003
   0.24671999901415553E-007  -0.371201141E+003
   0.24767999901031956E-007  -0.371476685E+003
   0.24863999900648359E-007  -0.371560333E+003
   0.24959999900264762E-007  -0.371504791E+003
   0.25055999899881165E-007  -0.371556641E+003
   0.25151999899497568E-007  -0.371769806E+003
   0.25247999899113971E-007  -0.371946442E+003
   0.25343999898730374E-007  -0.371935272E+003
   0.25439999898346777E-007  -0.371838409E+003
   0.25535999897963180E-007  -0.371878387E+003
   0.25631999897579583E-007  -0.372094818E+003
   0.25727999897195986E-007  -0.372286133E+003
   0.25823999896812388E-007  -0.372283173E+003
   0.25919999896428791E-007  -0.372180817E+003
   0.26015999896045194E-007  -0.372207031E+003
   0.26111999895661597E-007  -0.372409332E+003
   0.26207999895278000E-007  -0.372592560E+003
   0.26303999894894403E-007  -0.372591492E+003
   0.26399999894510806E-007  -0.372497742E+003
   0.26495999894127209E-007  -0.372529358E+003
   0.26591999893743612E-007  -0.372729645E+003
   0.26687999893360015E-007  -0.372912781E+003
   0.26783999892976418E-007  -0.372923889E+003
   0.26879999892592821E-007  -0.372847778E+003
   0.26975999892209224E-007  -0.372883240E+003
   0.27071999891825627E-007  -0.373067719E+003
   0.27167999891442030E-007  -0.373234009E+003
   0.27263999891058432E-007  -0.373248230E+003
   0.27359999890674835E-007  -0.373191498E+003
   0.27455999890291238E-007  -0.373240265E+003
   0.27551999889907641E-007  -0.373423035E+003
   0.27647999889524044E-007  -0.373589996E+003
   0.27743999889140447E-007  -0.373625824E+003
   0.27839999888756850E-007  -0.373603363E+003
   0.27935999888373253E-007  -0.373674377E+003
   0.28031999887989656E-007  -0.373859955E+003
   0.28127999887606059E-007  -0.374030273E+003
   0.28223999887222462E-007  -0.374089264E+003
   0.28319999886838865E-007  -0.374102966E+003
   0.28415999886455268E-007  -0.374202759E+003
   0.28511999886071671E-007  -0.374407318E+003
   0.28607999885688074E-007  -0.374607025E+003
   0.28703999885304476E-007  -0.374720581E+003
   0.28799999884920879E-007  -0.374802643E+003
   0.28895999884537282E-007  -0.374962860E+003
   0.28991999884153685E-007  -0.375217163E+003
   0.29087999883770088E-007  -0.375473785E+003
   0.29183999883386491E-007  -0.375663300E+003
   0.29279999883002894E-007  -0.375830536E+003
   0.29375999882619297E-007  -0.376069885E+003
   0.29471999882235700E-007  -0.376400146E+003
   0.29567999881852103E-007  -0.376747650E+003
   0.29663999881468506E-007  -0.377052124E+003
   0.29759999881084909E-007  -0.377347565E+003
   0.29855999880701312E-007  -0.377714233E+003
   0.29951999880317715E-007  -0.378172760E+003
   0.30047999879934117E-007  -0.378662811E+003
   0.30143999879550520E-007  -0.379128021E+003
   0.30239999879166923E-007  -0.379591003E+003
   0.30335999878783326E-007  -0.380121460E+003
   0.30431999878399729E-007  -0.380744995E+003
   0.30527999878016132E-007  -0.381414185E+003
   0.30623999877632535E-007  -0.382075806E+003
   0.30719999877248938E-007  -0.382742523E+003
   0.30815999876865341E-007  -0.383475647E+003
   0.30911999876481744E-007  -0.384304962E+003
   0.31007999876098147E-007  -0.385191620E+003
   0.31103999875714550E-007  -0.386081024E+003
   0.31199999875330953E-007  -0.386974792E+003
   0.31295999874947356E-007  -0.387927643E+003
   0.31391999874563759E-007  -0.388974854E+003
   0.31487999874180161E-007  -0.390085938E+003
   0.31583999873796564E-007  -0.391204834E+003
   0.31679999873412967E-007  -0.392323883E+003
   0.31775999873029370E-007  -0.393493500E+003
   0.31871999872645773E-007  -0.394755005E+003
   0.31967999872262176E-007  -0.396084320E+003
   0.32063999871878579E-007  -0.397421082E+003
   0.32159999871494982E-007  -0.398746155E+003
   0.32255999871111385E-007  -0.400105591E+003
   0.32351999870727788E-007  -0.401547455E+003
   0.32447999870344191E-007  -0.403054291E+003
   0.32543999869960594E-007  -0.404562042E+003
   0.32639999869576997E-007  -0.406042786E+003
   0.32735999869193400E-007  -0.407541931E+003
   0.32831999868809802E-007  -0.409117126E+003
   0.32927999868426205E-007  -0.410757935E+003
   0.33023999868042608E-007  -0.412394287E+003
   0.33119999867659011E-007  -0.413987274E+003
   0.33215999867275414E-007  -0.415581268E+003
   0.33311999866891817E-007  -0.417244232E+003
   0.33407999866508220E-007  -0.418972198E+003
   0.33503999866124623E-007  -0.420688477E+003
   0.33599999865741026E-007  -0.422343994E+003
   0.33695999865357429E-007  -0.423984985E+003
   0.33791999864973832E-007  -0.425691559E+003
   0.33887999864590235E-007  -0.427465607E+003
   0.33983999864206638E-007  -0.429221558E+003
   0.34079999863823041E-007  -0.430898560E+003
   0.34175999863439444E-007  -0.432543671E+003
   0.34271999863055846E-007  -0.434247406E+003
   0.34367999862672249E-007  -0.436014069E+003
   0.34463999862288652E-007  -0.437746155E+003
   0.34559999861905055E-007  -0.439371613E+003
   0.34655999861521458E-007  -0.440942017E+003
   0.34751999861137861E-007  -0.442561493E+003
   0.34847999860754264E-007  -0.444238495E+003
   0.34943999860370667E-007  -0.445866486E+003
   0.35039999859987070E-007  -0.447366425E+003
   0.35135999859603473E-007  -0.448826355E+003
   0.35231999859219876E-007  -0.450390045E+003
   0.35327999858836279E-007  -0.452018646E+003
   0.35423999858452682E-007  -0.453549133E+003
   0.35519999858069085E-007  -0.454907349E+003
   0.35615999857685487E-007  -0.456201538E+003
   0.35711999857301890E-007  -0.457576447E+003
   0.35807999856918293E-007  -0.459021301E+003
   0.35903999856534696E-007  -0.460385986E+003
   0.35999999856151099E-007  -0.461583557E+003
   0.36095999855767502E-007  -0.462706848E+003
   0.36191999855383905E-007  -0.463900818E+003
   0.36287999855000308E-007  -0.465164215E+003
   0.36383999854616711E-007  -0.466351227E+003
   0.36479999854233114E-007  -0.467370361E+003
   0.36575999853849517E-007  -0.468308197E+003
   0.36671999853465920E-007  -0.469307251E+003
   0.36767999853082323E-007  -0.470368835E+003
   0.36863999852698726E-007  -0.471353973E+003
   0.36959999852315129E-007  -0.472179474E+003
   0.37055999851931531E-007  -0.472935211E+003
   0.37151999851547934E-007  -0.473759796E+003
   0.37247999851164337E-007  -0.474650238E+003
   0.37343999850780740E-007  -0.475471161E+003
   0.37439999850397143E-007  -0.476148224E+003
   0.37535999850013546E-007  -0.476773102E+003
   0.37631999849629949E-007  -0.477475555E+003
   0.37727999849246352E-007  -0.478244080E+003
   0.37823999848862755E-007  -0.478946075E+003
   0.37919999848479158E-007  -0.479515503E+003
   0.38015999848095561E-007  -0.480042572E+003
   0.38111999847711964E-007  -0.480643951E+003
   0.38207999847328367E-007  -0.481299713E+003
   0.38303999846944770E-007  -0.481884674E+003
   0.38399999846561172E-007  -0.482344360E+003
   0.38495999846177575E-007  -0.482767334E+003
   0.38591999845793978E-007  -0.483257477E+003
   0.38687999845410381E-007  -0.483791290E+003
   0.38783999845026784E-007  -0.484257416E+003
   0.38879999844643187E-007  -0.484616028E+003
   0.38975999844259590E-007  -0.484952576E+003
   0.39071999843875993E-007  -0.485358337E+003
   0.39167999843492396E-007  -0.485809204E+003
   0.39263999843108799E-007  -0.486208801E+003
   0.39359999842725202E-007  -0.486526489E+003
   0.39455999842341605E-007  -0.486836029E+003
   0.39551999841958008E-007  -0.487208923E+003
   0.39647999841574411E-007  -0.487617432E+003
   0.39743999841190814E-007  -0.487977570E+003
   0.39839999840807216E-007  -0.488263641E+003
   0.39935999840423619E-007  -0.466576729E+002
