t              noda2002.fdtd_Wire_probe_A_Wz_24_24_4_s1.dat       -E*dl Vplus Vminus Vplus-Vminus
   0.00000000000000000E+000   0.000000000E+000   0.000000000E+000   0.000000000E+000   0.000000000E+000   0.000000000E+000
   0.77033303347295856E-010  -0.267405761E-002   0.465297312E+000  -0.551463105E-001   0.000000000E+000  -0.551463105E-001
   0.15406660669459171E-009  -0.287495786E-002   0.568498671E+000  -0.157817498E+000   0.000000000E+000  -0.157817498E+000
   0.23109991004188757E-009  -0.289729284E-002   0.359877288E+000  -0.244522542E+000   0.000000000E+000  -0.244522542E+000
   0.30813321338918342E-009  -0.428655790E-002   0.469068378E+000  -0.338664919E+000   0.000000000E+000  -0.338664919E+000
   0.38516651673647928E-009  -0.512955897E-002   0.756948948E+000  -0.436139286E+000   0.000000000E+000  -0.436139286E+000
   0.46219982008377514E-009  -0.484702783E-002   0.783594728E+000  -0.495865941E+000   0.000000000E+000  -0.495865941E+000
   0.53923312343107099E-009  -0.507815462E-002   0.719165027E+000  -0.536895752E+000   0.000000000E+000  -0.536895752E+000
   0.61626642677836685E-009  -0.572140561E-002   0.794465601E+000  -0.589188993E+000   0.000000000E+000  -0.589188993E+000
   0.69329973012566271E-009  -0.599972019E-002   0.910453320E+000  -0.634953678E+000   0.000000000E+000  -0.634953678E+000
   0.77033303347295856E-009  -0.591283292E-002   0.923551440E+000  -0.669013739E+000   0.000000000E+000  -0.669013739E+000
   0.84736633682025442E-009  -0.602031918E-002   0.902960122E+000  -0.708058238E+000   0.000000000E+000  -0.708058238E+000
   0.92439964016755027E-009  -0.638160575E-002   0.960621715E+000  -0.745335639E+000   0.000000000E+000  -0.745335639E+000
   0.10014329435148461E-008  -0.664671604E-002   0.106775665E+001  -0.770557761E+000   0.000000000E+000  -0.770557761E+000
   0.10784662468621420E-008  -0.665496523E-002   0.110689127E+001  -0.796954691E+000   0.000000000E+000  -0.796954691E+000
   0.11554995502094378E-008  -0.706249382E-002   0.113558078E+001  -0.838287234E+000   0.000000000E+000  -0.838287234E+000
   0.12325328535567337E-008  -0.969813205E-002   0.156731355E+001  -0.931474745E+000   0.000000000E+000  -0.931474745E+000
   0.13095661569040296E-008  -0.118128490E-001   0.201341605E+001  -0.109406793E+001   0.000000000E+000  -0.109406793E+001
   0.13865994602513254E-008  -0.132171875E-001   0.215594411E+001  -0.129552042E+001   0.000000000E+000  -0.129552042E+001
   0.14636327635986213E-008  -0.153511940E-001   0.230975389E+001  -0.152636766E+001   0.000000000E+000  -0.152636766E+001
   0.15406660669459171E-008  -0.178398620E-001   0.269400167E+001  -0.177739251E+001   0.000000000E+000  -0.177739251E+001
   0.16176993702932130E-008  -0.193483401E-001   0.302885962E+001  -0.201179361E+001   0.000000000E+000  -0.201179361E+001
   0.16947326736405088E-008  -0.197415017E-001   0.306979299E+001  -0.220298910E+001   0.000000000E+000  -0.220298910E+001
   0.17717659769878047E-008  -0.208358504E-001   0.316177797E+001  -0.236839461E+001   0.000000000E+000  -0.236839461E+001
   0.18487992803351005E-008  -0.222583301E-001   0.345893621E+001  -0.252510905E+001   0.000000000E+000  -0.252510905E+001
   0.19258325836823964E-008  -0.230523665E-001   0.370929289E+001  -0.266546345E+001   0.000000000E+000  -0.266546345E+001
   0.20028658870296923E-008  -0.236678161E-001   0.381221628E+001  -0.280201316E+001   0.000000000E+000  -0.280201316E+001
   0.20798991903769881E-008  -0.247640908E-001   0.394291377E+001  -0.295217633E+001   0.000000000E+000  -0.295217633E+001
   0.21569324937242840E-008  -0.260359105E-001   0.418764877E+001  -0.310461354E+001   0.000000000E+000  -0.310461354E+001
   0.22339657970715798E-008  -0.270766467E-001   0.444685173E+001  -0.325200605E+001   0.000000000E+000  -0.325200605E+001
   0.23109991004188757E-008  -0.297003388E-001   0.492369938E+001  -0.344256806E+001   0.000000000E+000  -0.344256806E+001
   0.23880324037661715E-008  -0.321531408E-001   0.535242605E+001  -0.369728351E+001   0.000000000E+000  -0.369728351E+001
   0.24650657071134674E-008  -0.345014520E-001   0.565222502E+001  -0.398145819E+001   0.000000000E+000  -0.398145819E+001
   0.25420990104607633E-008  -0.372829773E-001   0.603806782E+001  -0.429359770E+001   0.000000000E+000  -0.429359770E+001
   0.26191323138080591E-008  -0.398249850E-001   0.648527670E+001  -0.462918091E+001   0.000000000E+000  -0.462918091E+001
   0.26961656171553550E-008  -0.419597626E-001   0.685630274E+001  -0.495536327E+001   0.000000000E+000  -0.495536327E+001
   0.27731989205026508E-008  -0.447161607E-001   0.730142212E+001  -0.527428436E+001   0.000000000E+000  -0.527428436E+001
   0.28502322238499467E-008  -0.475575849E-001   0.781713390E+001  -0.560844612E+001   0.000000000E+000  -0.560844612E+001
   0.29272655271972425E-008  -0.500565208E-001   0.825622368E+001  -0.595365095E+001   0.000000000E+000  -0.595365095E+001
   0.30042988305445384E-008  -0.526259132E-001   0.864171028E+001  -0.630776548E+001   0.000000000E+000  -0.630776548E+001
   0.30813321338918342E-008  -0.553101376E-001   0.906886101E+001  -0.667175007E+001   0.000000000E+000  -0.667175007E+001
   0.31583654372391301E-008  -0.577790923E-001   0.952617931E+001  -0.702847195E+001   0.000000000E+000  -0.702847195E+001
   0.32353987405864260E-008  -0.600356460E-001   0.996331501E+001  -0.736846113E+001   0.000000000E+000  -0.736846113E+001
   0.33124320439337218E-008  -0.622824021E-001   0.103686800E+002  -0.770163536E+001   0.000000000E+000  -0.770163536E+001
   0.33894653472810177E-008  -0.646680221E-001   0.107767582E+002  -0.803299904E+001   0.000000000E+000  -0.803299904E+001
   0.34664986506283135E-008  -0.670631379E-001   0.112051992E+002  -0.836249828E+001   0.000000000E+000  -0.836249828E+001
   0.35435319539756094E-008  -0.693722516E-001   0.116370268E+002  -0.869695568E+001   0.000000000E+000  -0.869695568E+001
   0.36205652573229052E-008  -0.715527236E-001   0.120351200E+002  -0.903694916E+001   0.000000000E+000  -0.903694916E+001
   0.36975985606702011E-008  -0.737846345E-001   0.124325666E+002  -0.937437153E+001   0.000000000E+000  -0.937437153E+001
   0.37746318640174970E-008  -0.767723247E-001   0.129945393E+002  -0.972356224E+001   0.000000000E+000  -0.972356224E+001
   0.38516651673647928E-008  -0.796862617E-001   0.135866442E+002  -0.101009407E+002   0.000000000E+000  -0.101009407E+002
   0.39286984707120887E-008  -0.822823569E-001   0.140441914E+002  -0.104972954E+002   0.000000000E+000  -0.104972954E+002
   0.40057317740593845E-008  -0.851988345E-001   0.144991274E+002  -0.109079981E+002   0.000000000E+000  -0.109079981E+002
   0.40827650774066804E-008  -0.891526043E-001   0.152139235E+002  -0.113482161E+002   0.000000000E+000  -0.113482161E+002
   0.41597983807539762E-008  -0.933458954E-001   0.160543938E+002  -0.118277626E+002   0.000000000E+000  -0.118277626E+002
   0.42368316841012721E-008  -0.969777852E-001   0.166951885E+002  -0.123344250E+002   0.000000000E+000  -0.123344250E+002
   0.43138649874485679E-008  -0.101013437E+000   0.172678051E+002  -0.128623161E+002   0.000000000E+000  -0.128623161E+002
   0.43908982907958638E-008  -0.104050212E+000   0.177412834E+002  -0.133808851E+002   0.000000000E+000  -0.133808851E+002
   0.44679315941431597E-008  -0.103741460E+000   0.177062569E+002  -0.137899971E+002   0.000000000E+000  -0.137899971E+002
   0.45449648974904555E-008  -0.103982985E+000   0.177642441E+002  -0.140618238E+002   0.000000000E+000  -0.140618238E+002
   0.46219982008377514E-008  -0.104679622E+000   0.181633091E+002  -0.142528324E+002   0.000000000E+000  -0.142528324E+002
   0.46990315041850472E-008  -0.104448430E+000   0.184489326E+002  -0.143777313E+002   0.000000000E+000  -0.143777313E+002
   0.47760648075323431E-008  -0.104343601E+000   0.185160007E+002  -0.144717264E+002   0.000000000E+000  -0.144717264E+002
   0.48530981108796389E-008  -0.105298117E+000   0.186759567E+002  -0.146036043E+002   0.000000000E+000  -0.146036043E+002
   0.49301314142269348E-008  -0.106336020E+000   0.189493790E+002  -0.147787266E+002   0.000000000E+000  -0.147787266E+002
   0.50071647175742307E-008  -0.106429145E+000   0.190852528E+002  -0.149487991E+002   0.000000000E+000  -0.149487991E+002
   0.50841980209215265E-008  -0.106487915E+000   0.191638947E+002  -0.150996428E+002   0.000000000E+000  -0.150996428E+002
   0.51612313242688224E-008  -0.106824040E+000   0.193403130E+002  -0.152376585E+002   0.000000000E+000  -0.152376585E+002
   0.52382646276161182E-008  -0.107001975E+000   0.195452557E+002  -0.153509359E+002   0.000000000E+000  -0.153509359E+002
   0.53152979309634141E-008  -0.107078098E+000   0.196859608E+002  -0.154468212E+002   0.000000000E+000  -0.154468212E+002
   0.53923312343107099E-008  -0.107378460E+000   0.197951374E+002  -0.155508041E+002   0.000000000E+000  -0.155508041E+002
   0.54693645376580058E-008  -0.107913427E+000   0.199379768E+002  -0.156631870E+002   0.000000000E+000  -0.156631870E+002
   0.55463978410053016E-008  -0.109006867E+000   0.202095680E+002  -0.157809410E+002   0.000000000E+000  -0.157809410E+002
   0.56234311443525975E-008  -0.110546850E+000   0.205697403E+002  -0.159237223E+002   0.000000000E+000  -0.159237223E+002
   0.57004644476998934E-008  -0.111851104E+000   0.208113079E+002  -0.160966682E+002   0.000000000E+000  -0.160966682E+002
   0.57774977510471892E-008  -0.113414824E+000   0.209964066E+002  -0.162917690E+002   0.000000000E+000  -0.162917690E+002
   0.58545310543944851E-008  -0.115156934E+000   0.212566547E+002  -0.165061550E+002   0.000000000E+000  -0.165061550E+002
   0.59315643577417809E-008  -0.115781985E+000   0.214033775E+002  -0.167098274E+002   0.000000000E+000  -0.167098274E+002
   0.60085976610890768E-008  -0.116239555E+000   0.214948101E+002  -0.168779259E+002   0.000000000E+000  -0.168779259E+002
   0.60856309644363726E-008  -0.116973296E+000   0.216758804E+002  -0.170195503E+002   0.000000000E+000  -0.170195503E+002
   0.61626642677836685E-008  -0.117599852E+000   0.218930511E+002  -0.171379471E+002   0.000000000E+000  -0.171379471E+002
   0.62396975711309643E-008  -0.118100770E+000   0.220502548E+002  -0.172414589E+002   0.000000000E+000  -0.172414589E+002
   0.63167308744782602E-008  -0.118592843E+000   0.221390095E+002  -0.173529034E+002   0.000000000E+000  -0.173529034E+002
   0.63937641778255561E-008  -0.118206292E+000   0.220618896E+002  -0.174545021E+002   0.000000000E+000  -0.174545021E+002
   0.64707974811728519E-008  -0.118078865E+000   0.220616589E+002  -0.175200729E+002   0.000000000E+000  -0.175200729E+002
   0.65478307845201478E-008  -0.117952220E+000   0.221968689E+002  -0.175620575E+002   0.000000000E+000  -0.175620575E+002
   0.66248640878674436E-008  -0.117268778E+000   0.222327251E+002  -0.175815067E+002   0.000000000E+000  -0.175815067E+002
   0.67018973912147395E-008  -0.116754584E+000   0.221687851E+002  -0.175754051E+002   0.000000000E+000  -0.175754051E+002
   0.67789306945620353E-008  -0.116918512E+000   0.222159004E+002  -0.175718536E+002   0.000000000E+000  -0.175718536E+002
   0.68559639979093312E-008  -0.116982713E+000   0.223138733E+002  -0.175905304E+002   0.000000000E+000  -0.175905304E+002
   0.69329973012566271E-008  -0.116661571E+000   0.222961349E+002  -0.176143932E+002   0.000000000E+000  -0.176143932E+002
   0.70100306046039229E-008  -0.116640873E+000   0.222725487E+002  -0.176352978E+002   0.000000000E+000  -0.176352978E+002
   0.70870639079512188E-008  -0.116863556E+000   0.223560829E+002  -0.176611710E+002   0.000000000E+000  -0.176611710E+002
   0.71640972112985146E-008  -0.116752781E+000   0.224188347E+002  -0.176793003E+002   0.000000000E+000  -0.176793003E+002
   0.72411305146458105E-008  -0.116581537E+000   0.223974648E+002  -0.176792660E+002   0.000000000E+000  -0.176792660E+002
   0.73181638179931063E-008  -0.116813883E+000   0.224062233E+002  -0.176828518E+002   0.000000000E+000  -0.176828518E+002
   0.73951971213404022E-008  -0.117121302E+000   0.224613171E+002  -0.177041130E+002   0.000000000E+000  -0.177041130E+002
   0.74722304246876980E-008  -0.117210604E+000   0.224833431E+002  -0.177284985E+002   0.000000000E+000  -0.177284985E+002
   0.75492637280349939E-008  -0.117518477E+000   0.225296936E+002  -0.177574749E+002   0.000000000E+000  -0.177574749E+002
   0.76262970313822898E-008  -0.117962494E+000   0.226285362E+002  -0.178094730E+002   0.000000000E+000  -0.178094730E+002
   0.77033303347295856E-008  -0.118137360E+000   0.226849041E+002  -0.178750725E+002   0.000000000E+000  -0.178750725E+002
   0.77803636380768815E-008  -0.118308350E+000   0.227186584E+002  -0.179356289E+002   0.000000000E+000  -0.179356289E+002
   0.78573969414241773E-008  -0.118617028E+000   0.228149376E+002  -0.179995861E+002   0.000000000E+000  -0.179995861E+002
   0.79344302447714732E-008  -0.118677244E+000   0.229098682E+002  -0.180745144E+002   0.000000000E+000  -0.180745144E+002
   0.80114635481187690E-008  -0.118519813E+000   0.229373531E+002  -0.181435833E+002   0.000000000E+000  -0.181435833E+002
   0.80884968514660649E-008  -0.118589409E+000   0.229966736E+002  -0.181971340E+002   0.000000000E+000  -0.181971340E+002
   0.81655301548133608E-008  -0.118742391E+000   0.231278496E+002  -0.182466412E+002   0.000000000E+000  -0.182466412E+002
   0.82425634581606566E-008  -0.118610732E+000   0.232022972E+002  -0.182948952E+002   0.000000000E+000  -0.182948952E+002
   0.83195967615079525E-008  -0.118550137E+000   0.232027111E+002  -0.183319054E+002   0.000000000E+000  -0.183319054E+002
   0.83966300648552483E-008  -0.118955687E+000   0.232742443E+002  -0.183628292E+002   0.000000000E+000  -0.183628292E+002
   0.84736633682025442E-008  -0.119378380E+000   0.234106712E+002  -0.184045334E+002   0.000000000E+000  -0.184045334E+002
   0.85506966715498400E-008  -0.119434856E+000   0.234592896E+002  -0.184585285E+002   0.000000000E+000  -0.184585285E+002
   0.86277299748971359E-008  -0.119580768E+000   0.234500923E+002  -0.185154686E+002   0.000000000E+000  -0.185154686E+002
   0.87047632782444317E-008  -0.120063834E+000   0.235400009E+002  -0.185756130E+002   0.000000000E+000  -0.185756130E+002
   0.87817965815917276E-008  -0.120176554E+000   0.236556683E+002  -0.186380997E+002   0.000000000E+000  -0.186380997E+002
   0.88588298849390235E-008  -0.119835958E+000   0.236575489E+002  -0.186885452E+002   0.000000000E+000  -0.186885452E+002
   0.89358631882863193E-008  -0.119765989E+000   0.236382103E+002  -0.187167168E+002   0.000000000E+000  -0.187167168E+002
   0.90128964916336152E-008  -0.120106921E+000   0.237336102E+002  -0.187309055E+002   0.000000000E+000  -0.187309055E+002
   0.90899297949809110E-008  -0.120262146E+000   0.238412647E+002  -0.187467098E+002   0.000000000E+000  -0.187467098E+002
   0.91669630983282069E-008  -0.120180257E+000   0.238257141E+002  -0.187697563E+002   0.000000000E+000  -0.187697563E+002
   0.92439964016755027E-008  -0.120553091E+000   0.238201103E+002  -0.188029881E+002   0.000000000E+000  -0.188029881E+002
   0.93210297050227986E-008  -0.121915519E+000   0.240704231E+002  -0.188709717E+002   0.000000000E+000  -0.188709717E+002
   0.93980630083700945E-008  -0.122615263E+000   0.242958279E+002  -0.189803658E+002   0.000000000E+000  -0.189803658E+002
   0.94750963117173903E-008  -0.122792386E+000   0.243065777E+002  -0.190978813E+002   0.000000000E+000  -0.190978813E+002
   0.95521296150646862E-008  -0.123601094E+000   0.243779755E+002  -0.192086506E+002   0.000000000E+000  -0.192086506E+002
   0.96291629184119820E-008  -0.124629363E+000   0.246365089E+002  -0.193206692E+002   0.000000000E+000  -0.193206692E+002
   0.97061962217592779E-008  -0.124948017E+000   0.248095284E+002  -0.194257526E+002   0.000000000E+000  -0.194257526E+002
   0.97832295251065737E-008  -0.125196546E+000   0.248275928E+002  -0.195148945E+002   0.000000000E+000  -0.195148945E+002
   0.98602628284538696E-008  -0.125657439E+000   0.248593655E+002  -0.195981884E+002   0.000000000E+000  -0.195981884E+002
   0.99372961318011654E-008  -0.126091152E+000   0.249935188E+002  -0.196829262E+002   0.000000000E+000  -0.196829262E+002
   0.10014329435148461E-007  -0.126028910E+000   0.250826054E+002  -0.197586670E+002   0.000000000E+000  -0.197586670E+002
   0.10091362738495757E-007  -0.125879183E+000   0.250901299E+002  -0.198163719E+002   0.000000000E+000  -0.198163719E+002
   0.10168396041843053E-007  -0.126112297E+000   0.251575851E+002  -0.198658447E+002   0.000000000E+000  -0.198658447E+002
   0.10245429345190349E-007  -0.126364782E+000   0.252868748E+002  -0.199129620E+002   0.000000000E+000  -0.199129620E+002
   0.10322462648537645E-007  -0.126371890E+000   0.253541451E+002  -0.199538250E+002   0.000000000E+000  -0.199538250E+002
   0.10399495951884941E-007  -0.126509264E+000   0.253717957E+002  -0.199958057E+002   0.000000000E+000  -0.199958057E+002
   0.10476529255232236E-007  -0.127009019E+000   0.254534035E+002  -0.200501347E+002   0.000000000E+000  -0.200501347E+002
   0.10553562558579532E-007  -0.127426744E+000   0.255747280E+002  -0.201122208E+002   0.000000000E+000  -0.201122208E+002
   0.10630595861926828E-007  -0.127596796E+000   0.256480522E+002  -0.201737423E+002   0.000000000E+000  -0.201737423E+002
   0.10707629165274124E-007  -0.127803400E+000   0.256859169E+002  -0.202343979E+002   0.000000000E+000  -0.202343979E+002
   0.10784662468621420E-007  -0.128200859E+000   0.257628632E+002  -0.202934971E+002   0.000000000E+000  -0.202934971E+002
   0.10861695771968716E-007  -0.128580481E+000   0.258745823E+002  -0.203508396E+002   0.000000000E+000  -0.203508396E+002
   0.10938729075316012E-007  -0.128789172E+000   0.259471188E+002  -0.204068203E+002   0.000000000E+000  -0.204068203E+002
   0.11015762378663307E-007  -0.129099399E+000   0.259960079E+002  -0.204607773E+002   0.000000000E+000  -0.204607773E+002
   0.11092795682010603E-007  -0.129758999E+000   0.261155796E+002  -0.205220566E+002   0.000000000E+000  -0.205220566E+002
   0.11169828985357899E-007  -0.130289018E+000   0.262451973E+002  -0.205965405E+002   0.000000000E+000  -0.205965405E+002
   0.11246862288705195E-007  -0.130627379E+000   0.263081360E+002  -0.206715088E+002   0.000000000E+000  -0.206715088E+002
   0.11323895592052491E-007  -0.131164640E+000   0.263853722E+002  -0.207449284E+002   0.000000000E+000  -0.207449284E+002
   0.11400928895399787E-007  -0.131762698E+000   0.265169010E+002  -0.208292732E+002   0.000000000E+000  -0.208292732E+002
   0.11477962198747083E-007  -0.132085979E+000   0.266085815E+002  -0.209143581E+002   0.000000000E+000  -0.209143581E+002
   0.11554995502094378E-007  -0.132446095E+000   0.266747837E+002  -0.209847641E+002   0.000000000E+000  -0.209847641E+002
   0.11632028805441674E-007  -0.132933989E+000   0.267852058E+002  -0.210550308E+002   0.000000000E+000  -0.210550308E+002
   0.11709062108788970E-007  -0.133136377E+000   0.268622093E+002  -0.211296844E+002   0.000000000E+000  -0.211296844E+002
   0.11786095412136266E-007  -0.133298501E+000   0.268911190E+002  -0.211879101E+002   0.000000000E+000  -0.211879101E+002
   0.11863128715483562E-007  -0.133773535E+000   0.269871025E+002  -0.212374763E+002   0.000000000E+000  -0.212374763E+002
   0.11940162018830858E-007  -0.134138286E+000   0.271084328E+002  -0.213010769E+002   0.000000000E+000  -0.213010769E+002
   0.12017195322178154E-007  -0.134217680E+000   0.271370964E+002  -0.213638573E+002   0.000000000E+000  -0.213638573E+002
   0.12094228625525449E-007  -0.134593233E+000   0.271807137E+002  -0.214144688E+002   0.000000000E+000  -0.214144688E+002
   0.12171261928872745E-007  -0.135148376E+000   0.273208675E+002  -0.214763260E+002   0.000000000E+000  -0.214763260E+002
   0.12248295232220041E-007  -0.135479301E+000   0.274358635E+002  -0.215506706E+002   0.000000000E+000  -0.215506706E+002
   0.12325328535567337E-007  -0.135877341E+000   0.274948273E+002  -0.216165371E+002   0.000000000E+000  -0.216165371E+002
   0.12402361838914633E-007  -0.136653066E+000   0.276223812E+002  -0.216866932E+002   0.000000000E+000  -0.216866932E+002
   0.12479395142261929E-007  -0.137297228E+000   0.277720604E+002  -0.217756710E+002   0.000000000E+000  -0.217756710E+002
   0.12556428445609225E-007  -0.137674838E+000   0.278354759E+002  -0.218596020E+002   0.000000000E+000  -0.218596020E+002
   0.12633461748956520E-007  -0.138352007E+000   0.279195366E+002  -0.219328537E+002   0.000000000E+000  -0.219328537E+002
   0.12710495052303816E-007  -0.139153466E+000   0.280784874E+002  -0.220182018E+002   0.000000000E+000  -0.220182018E+002
   0.12787528355651112E-007  -0.139609054E+000   0.281799679E+002  -0.221067772E+002   0.000000000E+000  -0.221067772E+002
   0.12864561658998408E-007  -0.140130311E+000   0.282384224E+002  -0.221825390E+002   0.000000000E+000  -0.221825390E+002
   0.12941594962345704E-007  -0.139981598E+000   0.282025719E+002  -0.222449760E+002   0.000000000E+000  -0.222449760E+002
   0.13018628265693000E-007  -0.139379665E+000   0.281044502E+002  -0.222801609E+002   0.000000000E+000  -0.222801609E+002
   0.13095661569040296E-007  -0.138889357E+000   0.280657749E+002  -0.222777920E+002   0.000000000E+000  -0.222777920E+002
   0.13172694872387591E-007  -0.138381019E+000   0.280834923E+002  -0.222505417E+002   0.000000000E+000  -0.222505417E+002
   0.13249728175734887E-007  -0.137660190E+000   0.280485325E+002  -0.222142963E+002   0.000000000E+000  -0.222142963E+002
   0.13326761479082183E-007  -0.137039527E+000   0.279662476E+002  -0.221745338E+002   0.000000000E+000  -0.221745338E+002
   0.13403794782429479E-007  -0.137304783E+000   0.280354099E+002  -0.221508293E+002   0.000000000E+000  -0.221508293E+002
   0.13480828085776775E-007  -0.137488931E+000   0.281407833E+002  -0.221543827E+002   0.000000000E+000  -0.221543827E+002
   0.13557861389124071E-007  -0.137351602E+000   0.281255245E+002  -0.221673126E+002   0.000000000E+000  -0.221673126E+002
   0.13634894692471367E-007  -0.137526140E+000   0.281072044E+002  -0.221860867E+002   0.000000000E+000  -0.221860867E+002
   0.13711927995818662E-007  -0.137894362E+000   0.281770267E+002  -0.222152996E+002   0.000000000E+000  -0.222152996E+002
   0.13788961299165958E-007  -0.137973383E+000   0.282324562E+002  -0.222405434E+002   0.000000000E+000  -0.222405434E+002
   0.13865994602513254E-007  -0.137966573E+000   0.282352543E+002  -0.222591228E+002   0.000000000E+000  -0.222591228E+002
   0.13943027905860550E-007  -0.138124451E+000   0.282492485E+002  -0.222862720E+002   0.000000000E+000  -0.222862720E+002
   0.14020061209207846E-007  -0.138190523E+000   0.282682495E+002  -0.223125820E+002   0.000000000E+000  -0.223125820E+002
   0.14097094512555142E-007  -0.137939781E+000   0.282462349E+002  -0.223178730E+002   0.000000000E+000  -0.223178730E+002
   0.14174127815902438E-007  -0.137749210E+000   0.282340946E+002  -0.223136349E+002   0.000000000E+000  -0.223136349E+002
   0.14251161119249733E-007  -0.137530476E+000   0.282173252E+002  -0.223096428E+002   0.000000000E+000  -0.223096428E+002
   0.14328194422597029E-007  -0.137338296E+000   0.281906796E+002  -0.222934399E+002   0.000000000E+000  -0.222934399E+002
   0.14405227725944325E-007  -0.137296647E+000   0.282037201E+002  -0.222744541E+002   0.000000000E+000  -0.222744541E+002
   0.14482261029291621E-007  -0.137129933E+000   0.282067909E+002  -0.222688847E+002   0.000000000E+000  -0.222688847E+002
   0.14559294332638917E-007  -0.136848912E+000   0.281510983E+002  -0.222631359E+002   0.000000000E+000  -0.222631359E+002
   0.14636327635986213E-007  -0.136916548E+000   0.281492424E+002  -0.222509689E+002   0.000000000E+000  -0.222509689E+002
   0.14713360939333509E-007  -0.137125030E+000   0.282248497E+002  -0.222477703E+002   0.000000000E+000  -0.222477703E+002
   0.14790394242680804E-007  -0.137011662E+000   0.282307644E+002  -0.222501373E+002   0.000000000E+000  -0.222501373E+002
   0.14867427546028100E-007  -0.136994004E+000   0.281847229E+002  -0.222509441E+002   0.000000000E+000  -0.222509441E+002
   0.14944460849375396E-007  -0.137277752E+000   0.282090397E+002  -0.222627430E+002   0.000000000E+000  -0.222627430E+002
   0.15021494152722692E-007  -0.137381285E+000   0.282564907E+002  -0.222821846E+002   0.000000000E+000  -0.222821846E+002
   0.15098527456069988E-007  -0.137260273E+000   0.282517052E+002  -0.222925739E+002   0.000000000E+000  -0.222925739E+002
   0.15175560759417284E-007  -0.137267917E+000   0.282451687E+002  -0.223001251E+002   0.000000000E+000  -0.223001251E+002
   0.15252594062764580E-007  -0.137087926E+000   0.282181969E+002  -0.223051434E+002   0.000000000E+000  -0.223051434E+002
   0.15329627366111875E-007  -0.136779293E+000   0.281690121E+002  -0.222897682E+002   0.000000000E+000  -0.222897682E+002
   0.15406660669459171E-007  -0.136600360E+000   0.281571598E+002  -0.222625732E+002   0.000000000E+000  -0.222625732E+002
   0.15483693972806467E-007  -0.136331543E+000   0.281400642E+002  -0.222417526E+002   0.000000000E+000  -0.222417526E+002
   0.15560727276153763E-007  -0.135977969E+000   0.280716667E+002  -0.222174911E+002   0.000000000E+000  -0.222174911E+002
   0.15637760579501059E-007  -0.135864988E+000   0.280396786E+002  -0.221845360E+002   0.000000000E+000  -0.221845360E+002
   0.15714793882848355E-007  -0.135779411E+000   0.280585327E+002  -0.221584206E+002   0.000000000E+000  -0.221584206E+002
   0.15791827186195651E-007  -0.135410786E+000   0.280129910E+002  -0.221379852E+002   0.000000000E+000  -0.221379852E+002
   0.15868860489542946E-007  -0.135433435E+000   0.279784813E+002  -0.221167355E+002   0.000000000E+000  -0.221167355E+002
   0.15945893792890242E-007  -0.135746256E+000   0.280294285E+002  -0.221058540E+002   0.000000000E+000  -0.221058540E+002
   0.16022927096237538E-007  -0.135808259E+000   0.280685158E+002  -0.221091175E+002   0.000000000E+000  -0.221091175E+002
   0.16099960399584834E-007  -0.135684773E+000   0.280274925E+002  -0.221179676E+002   0.000000000E+000  -0.221179676E+002
   0.16176993702932130E-007  -0.135780424E+000   0.280001183E+002  -0.221287136E+002   0.000000000E+000  -0.221287136E+002
   0.16254027006279426E-007  -0.135969907E+000   0.280452118E+002  -0.221396465E+002   0.000000000E+000  -0.221396465E+002
   0.16331060309626722E-007  -0.135910735E+000   0.280841465E+002  -0.221476955E+002   0.000000000E+000  -0.221476955E+002
   0.16408093612974017E-007  -0.135695875E+000   0.280573483E+002  -0.221553345E+002   0.000000000E+000  -0.221553345E+002
   0.16485126916321313E-007  -0.135519519E+000   0.280038033E+002  -0.221597672E+002   0.000000000E+000  -0.221597672E+002
   0.16562160219668609E-007  -0.135536417E+000   0.280181789E+002  -0.221550331E+002   0.000000000E+000  -0.221550331E+002
   0.16639193523015905E-007  -0.135434166E+000   0.280634251E+002  -0.221472034E+002   0.000000000E+000  -0.221472034E+002
   0.16716226826363201E-007  -0.135084078E+000   0.280288906E+002  -0.221392288E+002   0.000000000E+000  -0.221392288E+002
   0.16793260129710497E-007  -0.134924233E+000   0.279625340E+002  -0.221231136E+002   0.000000000E+000  -0.221231136E+002
   0.16870293433057792E-007  -0.135115430E+000   0.279890537E+002  -0.221031227E+002   0.000000000E+000  -0.221031227E+002
   0.16947326736405088E-007  -0.135128781E+000   0.280374050E+002  -0.220926552E+002   0.000000000E+000  -0.220926552E+002
   0.17024360039752384E-007  -0.134998649E+000   0.280061073E+002  -0.220908718E+002   0.000000000E+000  -0.220908718E+002
   0.17101393343099680E-007  -0.135563046E+000   0.280440712E+002  -0.221004181E+002   0.000000000E+000  -0.221004181E+002
   0.17178426646446976E-007  -0.136257350E+000   0.281700478E+002  -0.221310329E+002   0.000000000E+000  -0.221310329E+002
   0.17255459949794272E-007  -0.136544064E+000   0.282372398E+002  -0.221774921E+002   0.000000000E+000  -0.221774921E+002
   0.17332493253141568E-007  -0.136745274E+000   0.282235661E+002  -0.222282658E+002   0.000000000E+000  -0.222282658E+002
   0.17409526556488863E-007  -0.137251899E+000   0.282649479E+002  -0.222791157E+002   0.000000000E+000  -0.222791157E+002
   0.17486559859836159E-007  -0.137740180E+000   0.283809662E+002  -0.223281250E+002   0.000000000E+000  -0.223281250E+002
   0.17563593163183455E-007  -0.137890995E+000   0.284503174E+002  -0.223715134E+002   0.000000000E+000  -0.223715134E+002
   0.17640626466530751E-007  -0.137658671E+000   0.283887520E+002  -0.224026375E+002   0.000000000E+000  -0.224026375E+002
   0.17717659769878047E-007  -0.137380838E+000   0.282951469E+002  -0.224123039E+002   0.000000000E+000  -0.224123039E+002
   0.17794693073225343E-007  -0.137331828E+000   0.283138371E+002  -0.224031620E+002   0.000000000E+000  -0.224031620E+002
   0.17871726376572639E-007  -0.137000069E+000   0.283419456E+002  -0.223847885E+002   0.000000000E+000  -0.223847885E+002
   0.17948759679919934E-007  -0.136436582E+000   0.282634697E+002  -0.223591824E+002   0.000000000E+000  -0.223591824E+002
   0.18025792983267230E-007  -0.136219397E+000   0.281910667E+002  -0.223298855E+002   0.000000000E+000  -0.223298855E+002
   0.18102826286614526E-007  -0.136238441E+000   0.282188473E+002  -0.223052158E+002   0.000000000E+000  -0.223052158E+002
   0.18179859589961822E-007  -0.135941371E+000   0.282264805E+002  -0.222850494E+002   0.000000000E+000  -0.222850494E+002
   0.18256892893309118E-007  -0.135497317E+000   0.281407681E+002  -0.222619419E+002   0.000000000E+000  -0.222619419E+002
   0.18333926196656414E-007  -0.135504931E+000   0.281037960E+002  -0.222386093E+002   0.000000000E+000  -0.222386093E+002
   0.18410959500003710E-007  -0.135610774E+000   0.281514645E+002  -0.222222214E+002   0.000000000E+000  -0.222222214E+002
   0.18487992803351005E-007  -0.135367841E+000   0.281500816E+002  -0.222102032E+002   0.000000000E+000  -0.222102032E+002
   0.18565026106698301E-007  -0.135077491E+000   0.280751648E+002  -0.221995182E+002   0.000000000E+000  -0.221995182E+002
   0.18642059410045597E-007  -0.135078326E+000   0.280468655E+002  -0.221920185E+002   0.000000000E+000  -0.221920185E+002
   0.18719092713392893E-007  -0.135070041E+000   0.280820656E+002  -0.221846008E+002   0.000000000E+000  -0.221846008E+002
   0.18796126016740189E-007  -0.134783238E+000   0.280772133E+002  -0.221704578E+002   0.000000000E+000  -0.221704578E+002
   0.18873159320087485E-007  -0.134536505E+000   0.280242367E+002  -0.221517239E+002   0.000000000E+000  -0.221517239E+002
   0.18950192623434781E-007  -0.134671032E+000   0.280260124E+002  -0.221384144E+002   0.000000000E+000  -0.221384144E+002
   0.19027225926782076E-007  -0.134799257E+000   0.280659332E+002  -0.221327209E+002   0.000000000E+000  -0.221327209E+002
   0.19104259230129372E-007  -0.134727657E+000   0.280641422E+002  -0.221298466E+002   0.000000000E+000  -0.221298466E+002
   0.19181292533476668E-007  -0.134687468E+000   0.280323181E+002  -0.221302147E+002   0.000000000E+000  -0.221302147E+002
   0.19258325836823964E-007  -0.134784907E+000   0.280298729E+002  -0.221334896E+002   0.000000000E+000  -0.221334896E+002
   0.19335359140171260E-007  -0.134851411E+000   0.280517673E+002  -0.221327858E+002   0.000000000E+000  -0.221327858E+002
   0.19412392443518556E-007  -0.134821549E+000   0.280571175E+002  -0.221261978E+002   0.000000000E+000  -0.221261978E+002
   0.19489425746865852E-007  -0.134808078E+000   0.280420723E+002  -0.221222763E+002   0.000000000E+000  -0.221222763E+002
   0.19566459050213147E-007  -0.134436086E+000   0.279554710E+002  -0.221165657E+002   0.000000000E+000  -0.221165657E+002
   0.19643492353560443E-007  -0.134147957E+000   0.278876534E+002  -0.220972290E+002   0.000000000E+000  -0.220972290E+002
   0.19720525656907739E-007  -0.133907467E+000   0.278855648E+002  -0.220680447E+002   0.000000000E+000  -0.220680447E+002
   0.19797558960255035E-007  -0.133423895E+000   0.278564034E+002  -0.220343685E+002   0.000000000E+000  -0.220343685E+002
   0.19874592263602331E-007  -0.132896796E+000   0.277642097E+002  -0.219937630E+002   0.000000000E+000  -0.219937630E+002
   0.19951625566949627E-007  -0.132668406E+000   0.277074165E+002  -0.219474087E+002   0.000000000E+000  -0.219474087E+002
   0.20028658870296923E-007  -0.132658735E+000   0.277356510E+002  -0.219078808E+002   0.000000000E+000  -0.219078808E+002
   0.20105692173644218E-007  -0.132748067E+000   0.277840309E+002  -0.218885059E+002   0.000000000E+000  -0.218885059E+002
   0.20182725476991514E-007  -0.132708490E+000   0.277499638E+002  -0.218837585E+002   0.000000000E+000  -0.218837585E+002
   0.20259758780338810E-007  -0.132926106E+000   0.277272148E+002  -0.218831100E+002   0.000000000E+000  -0.218831100E+002
   0.20336792083686106E-007  -0.133273676E+000   0.277871609E+002  -0.218896542E+002   0.000000000E+000  -0.218896542E+002
   0.20413825387033402E-007  -0.133293301E+000   0.278121700E+002  -0.218998260E+002   0.000000000E+000  -0.218998260E+002
   0.20490858690380698E-007  -0.133236244E+000   0.277598515E+002  -0.219027767E+002   0.000000000E+000  -0.219027767E+002
   0.20567891993727994E-007  -0.133524239E+000   0.277585411E+002  -0.219024582E+002   0.000000000E+000  -0.219024582E+002
   0.20644925297075289E-007  -0.133548126E+000   0.277766418E+002  -0.219030170E+002   0.000000000E+000  -0.219030170E+002
   0.20721958600422585E-007  -0.132828131E+000   0.276583309E+002  -0.218888817E+002   0.000000000E+000  -0.218888817E+002
   0.20798991903769881E-007  -0.132281959E+000   0.275231724E+002  -0.218542900E+002   0.000000000E+000  -0.218542900E+002
   0.20876025207117177E-007  -0.132011756E+000   0.274982548E+002  -0.218093433E+002   0.000000000E+000  -0.218093433E+002
   0.20953058510464473E-007  -0.131479487E+000   0.274858437E+002  -0.217556419E+002   0.000000000E+000  -0.217556419E+002
   0.21030091813811769E-007  -0.130780295E+000   0.273939419E+002  -0.216971397E+002   0.000000000E+000  -0.216971397E+002
   0.21107125117159065E-007  -0.130774841E+000   0.273676395E+002  -0.216531792E+002   0.000000000E+000  -0.216531792E+002
   0.21184158420506360E-007  -0.130876780E+000   0.273999596E+002  -0.216289368E+002   0.000000000E+000  -0.216289368E+002
   0.21261191723853656E-007  -0.130739421E+000   0.273960457E+002  -0.216131001E+002   0.000000000E+000  -0.216131001E+002
   0.21338225027200952E-007  -0.130560115E+000   0.273476048E+002  -0.216041107E+002   0.000000000E+000  -0.216041107E+002
   0.21415258330548248E-007  -0.130513102E+000   0.273128109E+002  -0.215960026E+002   0.000000000E+000  -0.215960026E+002
   0.21492291633895544E-007  -0.130536810E+000   0.273236198E+002  -0.215795784E+002   0.000000000E+000  -0.215795784E+002
   0.21569324937242840E-007  -0.130451128E+000   0.273346748E+002  -0.215610485E+002   0.000000000E+000  -0.215610485E+002
   0.21646358240590136E-007  -0.130254328E+000   0.272901249E+002  -0.215464840E+002   0.000000000E+000  -0.215464840E+002
   0.21723391543937431E-007  -0.130692616E+000   0.273249149E+002  -0.215413589E+002   0.000000000E+000  -0.215413589E+002
   0.21800424847284727E-007  -0.131314039E+000   0.274406433E+002  -0.215567532E+002   0.000000000E+000  -0.215567532E+002
   0.21877458150632023E-007  -0.131593794E+000   0.274908295E+002  -0.215898838E+002   0.000000000E+000  -0.215898838E+002
   0.21954491453979319E-007  -0.131859988E+000   0.274751987E+002  -0.216288986E+002   0.000000000E+000  -0.216288986E+002
   0.22031524757326615E-007  -0.132413626E+000   0.275233669E+002  -0.216707573E+002   0.000000000E+000  -0.216707573E+002
   0.22108558060673911E-007  -0.132874161E+000   0.276214352E+002  -0.217140255E+002   0.000000000E+000  -0.217140255E+002
   0.22185591364021207E-007  -0.133043990E+000   0.276612701E+002  -0.217507076E+002   0.000000000E+000  -0.217507076E+002
   0.22262624667368502E-007  -0.133224741E+000   0.276557407E+002  -0.217812366E+002   0.000000000E+000  -0.217812366E+002
   0.22339657970715798E-007  -0.133298337E+000   0.276411533E+002  -0.218074951E+002   0.000000000E+000  -0.218074951E+002
   0.22416691274063094E-007  -0.133364215E+000   0.276567841E+002  -0.218232231E+002   0.000000000E+000  -0.218232231E+002
   0.22493724577410390E-007  -0.133348793E+000   0.276806030E+002  -0.218290653E+002   0.000000000E+000  -0.218290653E+002
   0.22570757880757686E-007  -0.133260697E+000   0.276768436E+002  -0.218333359E+002   0.000000000E+000  -0.218333359E+002
   0.22647791184104982E-007  -0.133229777E+000   0.276594086E+002  -0.218368969E+002   0.000000000E+000  -0.218368969E+002
   0.22724824487452278E-007  -0.133325145E+000   0.276754360E+002  -0.218369827E+002   0.000000000E+000  -0.218369827E+002
   0.22801857790799573E-007  -0.133376896E+000   0.277093849E+002  -0.218406677E+002   0.000000000E+000  -0.218406677E+002
   0.22878891094146869E-007  -0.133287638E+000   0.277006836E+002  -0.218507576E+002   0.000000000E+000  -0.218507576E+002
   0.22955924397494165E-007  -0.133301064E+000   0.276806183E+002  -0.218589096E+002   0.000000000E+000  -0.218589096E+002
   0.23032957700841461E-007  -0.133476958E+000   0.277180748E+002  -0.218654919E+002   0.000000000E+000  -0.218654919E+002
   0.23109991004188757E-007  -0.133497804E+000   0.277606449E+002  -0.218762035E+002   0.000000000E+000  -0.218762035E+002
   0.23187024307536053E-007  -0.133354694E+000   0.277379398E+002  -0.218848057E+002   0.000000000E+000  -0.218848057E+002
   0.23264057610883349E-007  -0.133424461E+000   0.277223873E+002  -0.218880291E+002   0.000000000E+000  -0.218880291E+002
   0.23341090914230644E-007  -0.133634537E+000   0.277694206E+002  -0.218937969E+002   0.000000000E+000  -0.218937969E+002
   0.23418124217577940E-007  -0.133633897E+000   0.277960052E+002  -0.219005661E+002   0.000000000E+000  -0.219005661E+002
   0.23495157520925236E-007  -0.133491740E+000   0.277546692E+002  -0.219008083E+002   0.000000000E+000  -0.219008083E+002
   0.23572190824272532E-007  -0.133525759E+000   0.277295780E+002  -0.218997059E+002   0.000000000E+000  -0.218997059E+002
   0.23649224127619828E-007  -0.133596852E+000   0.277502136E+002  -0.219007034E+002   0.000000000E+000  -0.219007034E+002
   0.23726257430967124E-007  -0.133492231E+000   0.277535439E+002  -0.218964329E+002   0.000000000E+000  -0.218964329E+002
   0.23803290734314420E-007  -0.133374512E+000   0.277302151E+002  -0.218900623E+002   0.000000000E+000  -0.218900623E+002
   0.23880324037661715E-007  -0.133344918E+000   0.277144527E+002  -0.218894978E+002   0.000000000E+000  -0.218894978E+002
   0.23957357341009011E-007  -0.133319288E+000   0.277149200E+002  -0.218885918E+002   0.000000000E+000  -0.218885918E+002
   0.24034390644356307E-007  -0.133254886E+000   0.277242851E+002  -0.218844357E+002   0.000000000E+000  -0.218844357E+002
   0.24111423947703603E-007  -0.133460462E+000   0.277781124E+002  -0.218910847E+002   0.000000000E+000  -0.218910847E+002
   0.24188457251050899E-007  -0.133656412E+000   0.278200798E+002  -0.219102402E+002   0.000000000E+000  -0.219102402E+002
   0.24265490554398195E-007  -0.133880898E+000   0.278428001E+002  -0.219308681E+002   0.000000000E+000  -0.219308681E+002
   0.24342523857745491E-007  -0.134220406E+000   0.278934174E+002  -0.219572849E+002   0.000000000E+000  -0.219572849E+002
   0.24419557161092786E-007  -0.134462968E+000   0.279393005E+002  -0.219903355E+002   0.000000000E+000  -0.219903355E+002
   0.24496590464440082E-007  -0.134649515E+000   0.279554348E+002  -0.220187263E+002   0.000000000E+000  -0.220187263E+002
   0.24573623767787378E-007  -0.134974778E+000   0.279935665E+002  -0.220443039E+002   0.000000000E+000  -0.220443039E+002
   0.24650657071134674E-007  -0.135282636E+000   0.280509987E+002  -0.220738850E+002   0.000000000E+000  -0.220738850E+002
   0.24727690374481970E-007  -0.135158971E+000   0.280260372E+002  -0.220956821E+002   0.000000000E+000  -0.220956821E+002
   0.24804723677829266E-007  -0.135168031E+000   0.279979801E+002  -0.221063137E+002   0.000000000E+000  -0.221063137E+002
   0.24881756981176562E-007  -0.135307819E+000   0.280294495E+002  -0.221167660E+002   0.000000000E+000  -0.221167660E+002
   0.24958790284523857E-007  -0.135263205E+000   0.280498772E+002  -0.221215801E+002   0.000000000E+000  -0.221215801E+002
   0.25035823587871153E-007  -0.135191172E+000   0.280384007E+002  -0.221180038E+002   0.000000000E+000  -0.221180038E+002
   0.25112856891218449E-007  -0.135256812E+000   0.280393829E+002  -0.221192017E+002   0.000000000E+000  -0.221192017E+002
   0.25189890194565745E-007  -0.135315120E+000   0.280461884E+002  -0.221244965E+002   0.000000000E+000  -0.221244965E+002
   0.25266923497913041E-007  -0.135362089E+000   0.280507774E+002  -0.221240902E+002   0.000000000E+000  -0.221240902E+002
   0.25343956801260337E-007  -0.135451600E+000   0.280662231E+002  -0.221250381E+002   0.000000000E+000  -0.221250381E+002
   0.25420990104607633E-007  -0.135478437E+000   0.280663605E+002  -0.221322193E+002   0.000000000E+000  -0.221322193E+002
   0.25498023407954928E-007  -0.135515735E+000   0.280530968E+002  -0.221365891E+002   0.000000000E+000  -0.221365891E+002
   0.25575056711302224E-007  -0.135659531E+000   0.280722408E+002  -0.221401615E+002   0.000000000E+000  -0.221401615E+002
   0.25652090014649520E-007  -0.135707259E+000   0.280977669E+002  -0.221514835E+002   0.000000000E+000  -0.221514835E+002
   0.25729123317996816E-007  -0.135610476E+000   0.280815239E+002  -0.221640205E+002   0.000000000E+000  -0.221640205E+002
   0.25806156621344112E-007  -0.135623634E+000   0.280716190E+002  -0.221705647E+002   0.000000000E+000  -0.221705647E+002
   0.25883189924691408E-007  -0.135791570E+000   0.281194000E+002  -0.221767178E+002   0.000000000E+000  -0.221767178E+002
   0.25960223228038704E-007  -0.135897309E+000   0.281692448E+002  -0.221863441E+002   0.000000000E+000  -0.221863441E+002
   0.26037256531385999E-007  -0.135935023E+000   0.281671486E+002  -0.221970520E+002   0.000000000E+000  -0.221970520E+002
   0.26114289834733295E-007  -0.136158898E+000   0.281718178E+002  -0.222106380E+002   0.000000000E+000  -0.222106380E+002
   0.26191323138080591E-007  -0.136468217E+000   0.282217464E+002  -0.222300301E+002   0.000000000E+000  -0.222300301E+002
   0.26268356441427887E-007  -0.136610061E+000   0.282614861E+002  -0.222531967E+002   0.000000000E+000  -0.222531967E+002
   0.26345389744775183E-007  -0.136660919E+000   0.282592411E+002  -0.222767849E+002   0.000000000E+000  -0.222767849E+002
   0.26422423048122479E-007  -0.136838570E+000   0.282684174E+002  -0.222978706E+002   0.000000000E+000  -0.222978706E+002
   0.26499456351469775E-007  -0.136969447E+000   0.283026924E+002  -0.223144341E+002   0.000000000E+000  -0.223144341E+002
   0.26576489654817070E-007  -0.136904880E+000   0.283138027E+002  -0.223270817E+002   0.000000000E+000  -0.223270817E+002
   0.26653522958164366E-007  -0.136808410E+000   0.282913265E+002  -0.223355846E+002   0.000000000E+000  -0.223355846E+002
   0.26730556261511662E-007  -0.136866450E+000   0.282916355E+002  -0.223393002E+002   0.000000000E+000  -0.223393002E+002
   0.26807589564858958E-007  -0.136957839E+000   0.283302708E+002  -0.223430061E+002   0.000000000E+000  -0.223430061E+002
   0.26884622868206254E-007  -0.136880919E+000   0.283413734E+002  -0.223490753E+002   0.000000000E+000  -0.223490753E+002
   0.26961656171553550E-007  -0.136797145E+000   0.283145542E+002  -0.223533897E+002   0.000000000E+000  -0.223533897E+002
   0.27038689474900846E-007  -0.136901051E+000   0.283210659E+002  -0.223573532E+002   0.000000000E+000  -0.223573532E+002
   0.27115722778248141E-007  -0.137062356E+000   0.283729038E+002  -0.223662968E+002   0.000000000E+000  -0.223662968E+002
   0.27192756081595437E-007  -0.137048274E+000   0.283907413E+002  -0.223765602E+002   0.000000000E+000  -0.223765602E+002
   0.27269789384942733E-007  -0.137072176E+000   0.283780575E+002  -0.223848324E+002   0.000000000E+000  -0.223848324E+002
   0.27346822688290029E-007  -0.137265891E+000   0.283986702E+002  -0.223963032E+002   0.000000000E+000  -0.223963032E+002
   0.27423855991637325E-007  -0.137408003E+000   0.284359131E+002  -0.224097080E+002   0.000000000E+000  -0.224097080E+002
   0.27500889294984621E-007  -0.137446463E+000   0.284469547E+002  -0.224198265E+002   0.000000000E+000  -0.224198265E+002
   0.27577922598331917E-007  -0.137542844E+000   0.284498291E+002  -0.224312439E+002   0.000000000E+000  -0.224312439E+002
   0.27654955901679212E-007  -0.137689710E+000   0.284667702E+002  -0.224468365E+002   0.000000000E+000  -0.224468365E+002
   0.27731989205026508E-007  -0.137735158E+000   0.284786110E+002  -0.224590511E+002   0.000000000E+000  -0.224590511E+002
   0.27809022508373804E-007  -0.137765199E+000   0.284895077E+002  -0.224672623E+002   0.000000000E+000  -0.224672623E+002
   0.27886055811721100E-007  -0.137784928E+000   0.284980659E+002  -0.224777069E+002   0.000000000E+000  -0.224777069E+002
   0.27963089115068396E-007  -0.137789696E+000   0.284979801E+002  -0.224873867E+002   0.000000000E+000  -0.224873867E+002
   0.28040122418415692E-007  -0.137847275E+000   0.285111961E+002  -0.224935722E+002   0.000000000E+000  -0.224935722E+002
   0.28117155721762987E-007  -0.137891874E+000   0.285380211E+002  -0.225025749E+002   0.000000000E+000  -0.225025749E+002
   0.28194189025110283E-007  -0.137831122E+000   0.285418758E+002  -0.225154800E+002   0.000000000E+000  -0.225154800E+002
   0.28271222328457579E-007  -0.137825236E+000   0.285389595E+002  -0.225262966E+002   0.000000000E+000  -0.225262966E+002
   0.28348255631804875E-007  -0.138027832E+000   0.285868626E+002  -0.225369797E+002   0.000000000E+000  -0.225369797E+002
   0.28425288935152171E-007  -0.138137728E+000   0.286395016E+002  -0.225522842E+002   0.000000000E+000  -0.225522842E+002
   0.28502322238499467E-007  -0.138132796E+000   0.286427822E+002  -0.225699043E+002   0.000000000E+000  -0.225699043E+002
   0.28579355541846763E-007  -0.138265848E+000   0.286453857E+002  -0.225884323E+002   0.000000000E+000  -0.225884323E+002
   0.28656388845194058E-007  -0.138499632E+000   0.286953316E+002  -0.226103859E+002   0.000000000E+000  -0.226103859E+002
   0.28733422148541354E-007  -0.138571620E+000   0.287433929E+002  -0.226356964E+002   0.000000000E+000  -0.226356964E+002
   0.28810455451888650E-007  -0.138519391E+000   0.287473488E+002  -0.226603355E+002   0.000000000E+000  -0.226603355E+002
   0.28887488755235946E-007  -0.138596639E+000   0.287588196E+002  -0.226821899E+002   0.000000000E+000  -0.226821899E+002
   0.28964522058583242E-007  -0.138807148E+000   0.288238010E+002  -0.227046375E+002   0.000000000E+000  -0.227046375E+002
   0.29041555361930538E-007  -0.138858616E+000   0.288786354E+002  -0.227303638E+002   0.000000000E+000  -0.227303638E+002
   0.29118588665277834E-007  -0.138820603E+000   0.288847141E+002  -0.227578945E+002   0.000000000E+000  -0.227578945E+002
   0.29195621968625129E-007  -0.138933718E+000   0.289056797E+002  -0.227876835E+002   0.000000000E+000  -0.227876835E+002
   0.29272655271972425E-007  -0.139077649E+000   0.289717617E+002  -0.228211250E+002   0.000000000E+000  -0.228211250E+002
   0.29349688575319721E-007  -0.139022768E+000   0.290215454E+002  -0.228547707E+002   0.000000000E+000  -0.228547707E+002
   0.29426721878667017E-007  -0.138903320E+000   0.290340061E+002  -0.228853760E+002   0.000000000E+000  -0.228853760E+002
   0.29503755182014313E-007  -0.138808906E+000   0.290456848E+002  -0.229133759E+002   0.000000000E+000  -0.229133759E+002
   0.29580788485361609E-007  -0.138681814E+000   0.290788765E+002  -0.229385929E+002   0.000000000E+000  -0.229385929E+002
   0.29657821788708905E-007  -0.138446480E+000   0.291114044E+002  -0.229616203E+002   0.000000000E+000  -0.229616203E+002
   0.29734855092056200E-007  -0.138135314E+000   0.291240234E+002  -0.229854069E+002   0.000000000E+000  -0.229854069E+002
   0.29811888395403496E-007  -0.137845337E+000   0.291378994E+002  -0.230108204E+002   0.000000000E+000  -0.230108204E+002
   0.29888921698750792E-007  -0.137562543E+000   0.291751194E+002  -0.230360088E+002   0.000000000E+000  -0.230360088E+002
   0.29965955002098088E-007  -0.137183860E+000   0.292160702E+002  -0.230612698E+002   0.000000000E+000  -0.230612698E+002
   0.30042988305445384E-007  -0.136707976E+000   0.292337093E+002  -0.230878696E+002   0.000000000E+000  -0.230878696E+002
   0.30120021608792680E-007  -0.136257827E+000   0.292486782E+002  -0.231151218E+002   0.000000000E+000  -0.231151218E+002
   0.30197054912139976E-007  -0.135719106E+000   0.292714024E+002  -0.231414776E+002   0.000000000E+000  -0.231414776E+002
   0.30274088215487271E-007  -0.134920582E+000   0.292718906E+002  -0.231640511E+002   0.000000000E+000  -0.231640511E+002
   0.30351121518834567E-007  -0.134050205E+000   0.292623043E+002  -0.231809826E+002   0.000000000E+000  -0.231809826E+002
   0.30428154822181863E-007  -0.133195639E+000   0.292702885E+002  -0.231931458E+002   0.000000000E+000  -0.231931458E+002
   0.30505188125529159E-007  -0.132291406E+000   0.292918701E+002  -0.232022629E+002   0.000000000E+000  -0.232022629E+002
   0.30582221428876455E-007  -0.131295890E+000   0.293035088E+002  -0.232110291E+002   0.000000000E+000  -0.232110291E+002
   0.30659254732223751E-007  -0.130282536E+000   0.293073540E+002  -0.232235851E+002   0.000000000E+000  -0.232235851E+002
   0.30736288035571047E-007  -0.129566520E+000   0.293716125E+002  -0.232483425E+002   0.000000000E+000  -0.232483425E+002
   0.30813321338918342E-007  -0.128719926E+000   0.294421577E+002  -0.232859821E+002   0.000000000E+000  -0.232859821E+002
   0.30890354642265638E-007  -0.127709001E+000   0.294765072E+002  -0.233290119E+002   0.000000000E+000  -0.233290119E+002
   0.30967387945612934E-007  -0.126722634E+000   0.295136509E+002  -0.233769512E+002   0.000000000E+000  -0.233769512E+002
   0.31044421248960230E-007  -0.125711948E+000   0.295736179E+002  -0.234275875E+002   0.000000000E+000  -0.234275875E+002
   0.31121454552307526E-007  -0.124583751E+000   0.296347866E+002  -0.234751911E+002   0.000000000E+000  -0.234751911E+002
   0.31198487855654822E-007  -0.123381428E+000   0.296887856E+002  -0.235231571E+002   0.000000000E+000  -0.235231571E+002
   0.31275521159002118E-007  -0.122064225E+000   0.297278233E+002  -0.235754757E+002   0.000000000E+000  -0.235754757E+002
   0.31352554462349413E-007  -0.120510586E+000   0.297377777E+002  -0.236241055E+002   0.000000000E+000  -0.236241055E+002
   0.31429587765696709E-007  -0.118956231E+000   0.297733269E+002  -0.236667519E+002   0.000000000E+000  -0.236667519E+002
   0.31506621069044005E-007  -0.117290519E+000   0.298296967E+002  -0.237094250E+002   0.000000000E+000  -0.237094250E+002
   0.31583654372391301E-007  -0.115436949E+000   0.298595924E+002  -0.237496262E+002   0.000000000E+000  -0.237496262E+002
   0.31660687675738597E-007  -0.113589078E+000   0.298881626E+002  -0.237881432E+002   0.000000000E+000  -0.237881432E+002
   0.31737720979085893E-007  -0.111737810E+000   0.299460869E+002  -0.238342228E+002   0.000000000E+000  -0.238342228E+002
   0.31814754282433189E-007  -0.109694056E+000   0.299975796E+002  -0.238875198E+002   0.000000000E+000  -0.238875198E+002
   0.31891787585780484E-007  -0.107652977E+000   0.300567417E+002  -0.239452343E+002   0.000000000E+000  -0.239452343E+002
   0.31968820889127780E-007  -0.105713539E+000   0.301603050E+002  -0.240145626E+002   0.000000000E+000  -0.240145626E+002
   0.32045854192475076E-007  -0.103572458E+000   0.302548637E+002  -0.240933475E+002   0.000000000E+000  -0.240933475E+002
   0.32122887495822372E-007  -0.101307169E+000   0.303253632E+002  -0.241724968E+002   0.000000000E+000  -0.241724968E+002
   0.32199920799169668E-007  -0.990629792E-001   0.304164524E+002  -0.242563457E+002   0.000000000E+000  -0.242563457E+002
   0.32276954102516964E-007  -0.966910273E-001   0.305164299E+002  -0.243464031E+002   0.000000000E+000  -0.243464031E+002
   0.32353987405864260E-007  -0.941727087E-001   0.306010647E+002  -0.244323158E+002   0.000000000E+000  -0.244323158E+002
   0.32431020709211555E-007  -0.916569307E-001   0.306993046E+002  -0.245150223E+002   0.000000000E+000  -0.245150223E+002
   0.32508054012558851E-007  -0.889621899E-001   0.307880192E+002  -0.245999069E+002   0.000000000E+000  -0.245999069E+002
   0.32585087315906147E-007  -0.861132890E-001   0.308461857E+002  -0.246787567E+002   0.000000000E+000  -0.246787567E+002
   0.32662120619253443E-007  -0.833449513E-001   0.309280758E+002  -0.247508621E+002   0.000000000E+000  -0.247508621E+002
   0.32739153922600739E-007  -0.805323198E-001   0.310385342E+002  -0.248281536E+002   0.000000000E+000  -0.248281536E+002
   0.32816187225948035E-007  -0.775049552E-001   0.311155148E+002  -0.249099846E+002   0.000000000E+000  -0.249099846E+002
   0.32893220529295331E-007  -0.744735226E-001   0.311806374E+002  -0.249907341E+002   0.000000000E+000  -0.249907341E+002
   0.32970253832642626E-007  -0.714950040E-001   0.312889614E+002  -0.250776730E+002   0.000000000E+000  -0.250776730E+002
   0.33047287135989922E-007  -0.683009773E-001   0.313959255E+002  -0.251719475E+002   0.000000000E+000  -0.251719475E+002
   0.33124320439337218E-007  -0.649382770E-001   0.314680882E+002  -0.252639065E+002   0.000000000E+000  -0.252639065E+002
   0.33201353742684514E-007  -0.616348684E-001   0.315602875E+002  -0.253562374E+002   0.000000000E+000  -0.253562374E+002
   0.33278387046031810E-007  -0.582520664E-001   0.316781521E+002  -0.254547596E+002   0.000000000E+000  -0.254547596E+002
   0.33355420349379106E-007  -0.547934622E-001   0.317952423E+002  -0.255539284E+002   0.000000000E+000  -0.255539284E+002
   0.33432453652726402E-007  -0.513425134E-001   0.319123993E+002  -0.256529922E+002   0.000000000E+000  -0.256529922E+002
   0.33509486956073697E-007  -0.478806458E-001   0.320335464E+002  -0.257565994E+002   0.000000000E+000  -0.257565994E+002
   0.33586520259420993E-007  -0.443669595E-001   0.321463089E+002  -0.258585987E+002   0.000000000E+000  -0.258585987E+002
   0.33663553562768289E-007  -0.408915915E-001   0.322634773E+002  -0.259523563E+002   0.000000000E+000  -0.259523563E+002
   0.33740586866115585E-007  -0.374612361E-001   0.323912621E+002  -0.260431175E+002   0.000000000E+000  -0.260431175E+002
   0.33817620169462881E-007  -0.340087563E-001   0.325010757E+002  -0.261318512E+002   0.000000000E+000  -0.261318512E+002
   0.33894653472810177E-007  -0.306482688E-001   0.326017113E+002  -0.262131805E+002   0.000000000E+000  -0.262131805E+002
   0.33971686776157473E-007  -0.274418499E-001   0.327258682E+002  -0.262913437E+002   0.000000000E+000  -0.262913437E+002
   0.34048720079504768E-007  -0.242343955E-001   0.328460541E+002  -0.263717518E+002   0.000000000E+000  -0.263717518E+002
   0.34125753382852064E-007  -0.211251732E-001   0.329517288E+002  -0.264527531E+002   0.000000000E+000  -0.264527531E+002
   0.34202786686199360E-007  -0.183738861E-001   0.331039047E+002  -0.265407524E+002   0.000000000E+000  -0.265407524E+002
   0.34279819989546656E-007  -0.156184435E-001   0.332664719E+002  -0.266425629E+002   0.000000000E+000  -0.266425629E+002
   0.34356853292893952E-007  -0.127528273E-001   0.333875809E+002  -0.267524261E+002   0.000000000E+000  -0.267524261E+002
   0.34433886596241248E-007  -0.997774769E-002   0.335054398E+002  -0.268659382E+002   0.000000000E+000  -0.268659382E+002
   0.34510919899588544E-007  -0.726835383E-002   0.336556778E+002  -0.269812737E+002   0.000000000E+000  -0.269812737E+002
   0.34587953202935839E-007  -0.446358975E-002   0.338044510E+002  -0.270900917E+002   0.000000000E+000  -0.270900917E+002
   0.34664986506283135E-007  -0.155834306E-002   0.339165421E+002  -0.271858807E+002   0.000000000E+000  -0.271858807E+002
   0.34742019809630431E-007   0.140841235E-002   0.339912949E+002  -0.272673588E+002   0.000000000E+000  -0.272673588E+002
   0.34819053112977727E-007   0.418246444E-002   0.340854149E+002  -0.273329582E+002   0.000000000E+000  -0.273329582E+002
   0.34896086416325023E-007   0.682031084E-002   0.342043839E+002  -0.273835316E+002   0.000000000E+000  -0.273835316E+002
   0.34973119719672319E-007   0.940567069E-002   0.343014030E+002  -0.274245567E+002   0.000000000E+000  -0.274245567E+002
   0.35050153023019615E-007   0.118238349E-001   0.343637772E+002  -0.274597092E+002   0.000000000E+000  -0.274597092E+002
   0.35127186326366910E-007   0.139268115E-001   0.344376335E+002  -0.274892845E+002   0.000000000E+000  -0.274892845E+002
   0.35204219629714206E-007   0.158158764E-001   0.345376167E+002  -0.275181808E+002   0.000000000E+000  -0.275181808E+002
   0.35281252933061502E-007   0.176421907E-001   0.346175461E+002  -0.275518684E+002   0.000000000E+000  -0.275518684E+002
   0.35358286236408798E-007   0.193203688E-001   0.346680260E+002  -0.275894966E+002   0.000000000E+000  -0.275894966E+002
   0.35435319539756094E-007   0.207589734E-001   0.347392540E+002  -0.276313629E+002   0.000000000E+000  -0.276313629E+002
   0.35512352843103390E-007   0.221372135E-001   0.348333893E+002  -0.276806507E+002   0.000000000E+000  -0.276806507E+002
   0.35589386146450686E-007   0.236124769E-001   0.348980942E+002  -0.277347584E+002   0.000000000E+000  -0.277347584E+002
   0.35666419449797981E-007   0.250332467E-001   0.349436684E+002  -0.277903996E+002   0.000000000E+000  -0.277903996E+002
   0.35743452753145277E-007   0.263329484E-001   0.350190048E+002  -0.278501949E+002   0.000000000E+000  -0.278501949E+002
   0.35820486056492573E-007   0.277051032E-001   0.351070938E+002  -0.279134274E+002   0.000000000E+000  -0.279134274E+002
   0.35897519359839869E-007   0.292983092E-001   0.351529694E+002  -0.279735394E+002   0.000000000E+000  -0.279735394E+002
   0.35974552663187165E-007   0.308816563E-001   0.351861801E+002  -0.280293503E+002   0.000000000E+000  -0.280293503E+002
   0.36051585966534461E-007   0.323905908E-001   0.352497902E+002  -0.280818291E+002   0.000000000E+000  -0.280818291E+002
   0.36128619269881757E-007   0.339596570E-001   0.353219032E+002  -0.281263847E+002   0.000000000E+000  -0.281263847E+002
   0.36205652573229052E-007   0.355632156E-001   0.353751602E+002  -0.281636257E+002   0.000000000E+000  -0.281636257E+002
   0.36282685876576348E-007   0.370907970E-001   0.354164467E+002  -0.281994209E+002   0.000000000E+000  -0.281994209E+002
   0.36359719179923644E-007   0.385079347E-001   0.354651108E+002  -0.282322941E+002   0.000000000E+000  -0.282322941E+002
   0.36436752483270940E-007   0.398439877E-001   0.355288124E+002  -0.282592983E+002   0.000000000E+000  -0.282592983E+002
   0.36513785786618236E-007   0.411713496E-001   0.355836067E+002  -0.282829914E+002   0.000000000E+000  -0.282829914E+002
   0.36590819089965532E-007   0.424458198E-001   0.356123085E+002  -0.283020859E+002   0.000000000E+000  -0.283020859E+002
   0.36667852393312828E-007   0.435241908E-001   0.356464806E+002  -0.283127422E+002   0.000000000E+000  -0.283127422E+002
   0.36744885696660123E-007   0.444349535E-001   0.357054520E+002  -0.283184891E+002   0.000000000E+000  -0.283184891E+002
   0.36821919000007419E-007   0.453265570E-001   0.357481689E+002  -0.283240128E+002   0.000000000E+000  -0.283240128E+002
   0.36898952303354715E-007   0.461304113E-001   0.357591019E+002  -0.283291569E+002   0.000000000E+000  -0.283291569E+002
   0.36975985606702011E-007   0.467161126E-001   0.357839508E+002  -0.283357334E+002   0.000000000E+000  -0.283357334E+002
   0.37053018910049307E-007   0.471888334E-001   0.358366852E+002  -0.283470192E+002   0.000000000E+000  -0.283470192E+002
   0.37130052213396603E-007   0.475163423E-001   0.359070053E+002  -0.283663425E+002   0.000000000E+000  -0.283663425E+002
   0.37207085516743899E-007   0.478609279E-001   0.359497604E+002  -0.283956146E+002   0.000000000E+000  -0.283956146E+002
   0.37284118820091194E-007   0.481350832E-001   0.359809952E+002  -0.284331131E+002   0.000000000E+000  -0.284331131E+002
   0.37361152123438490E-007   0.483348519E-001   0.360394363E+002  -0.284765606E+002   0.000000000E+000  -0.284765606E+002
   0.37438185426785786E-007   0.486236885E-001   0.361073570E+002  -0.285237846E+002   0.000000000E+000  -0.285237846E+002
   0.37515218730133082E-007   0.490373969E-001   0.361482162E+002  -0.285715485E+002   0.000000000E+000  -0.285715485E+002
   0.37592252033480378E-007   0.494156331E-001   0.361828995E+002  -0.286154938E+002   0.000000000E+000  -0.286154938E+002
   0.37669285336827674E-007   0.498455502E-001   0.362261467E+002  -0.286525173E+002   0.000000000E+000  -0.286525173E+002
   0.37746318640174970E-007   0.506092943E-001   0.362249069E+002  -0.286787701E+002   0.000000000E+000  -0.286787701E+002
   0.37823351943522265E-007   0.513641275E-001   0.362074356E+002  -0.286931858E+002   0.000000000E+000  -0.286931858E+002
   0.37900385246869561E-007   0.519918688E-001   0.362208023E+002  -0.286993103E+002   0.000000000E+000  -0.286993103E+002
   0.37977418550216857E-007   0.526328124E-001   0.362516708E+002  -0.287012596E+002   0.000000000E+000  -0.287012596E+002
   0.38054451853564153E-007   0.533558615E-001   0.362571754E+002  -0.287030849E+002   0.000000000E+000  -0.287030849E+002
   0.38131485156911449E-007   0.540331490E-001   0.362432938E+002  -0.287063808E+002   0.000000000E+000  -0.287063808E+002
   0.38208518460258745E-007   0.545927361E-001   0.362509689E+002  -0.287114277E+002   0.000000000E+000  -0.287114277E+002
   0.38285551763606041E-007   0.549189448E-001   0.363197556E+002  -0.287231865E+002   0.000000000E+000  -0.287231865E+002
   0.38362585066953336E-007   0.551631153E-001   0.364063187E+002  -0.287467117E+002   0.000000000E+000  -0.287467117E+002
   0.38439618370300632E-007   0.554814339E-001   0.364455338E+002  -0.287788963E+002   0.000000000E+000  -0.287788963E+002
   0.38516651673647928E-007   0.556634068E-001   0.364812279E+002  -0.288169460E+002   0.000000000E+000  -0.288169460E+002
   0.38593684976995224E-007   0.557545274E-001   0.365540733E+002  -0.288598690E+002   0.000000000E+000  -0.288598690E+002
   0.38670718280342520E-007   0.559600145E-001   0.366221695E+002  -0.289021034E+002   0.000000000E+000  -0.289021034E+002
   0.38747751583689816E-007   0.562113523E-001   0.366608391E+002  -0.289410877E+002   0.000000000E+000  -0.289410877E+002
   0.38824784887037112E-007   0.563540496E-001   0.367051239E+002  -0.289801617E+002   0.000000000E+000  -0.289801617E+002
   0.38901818190384407E-007   0.567454323E-001   0.367207146E+002  -0.290149822E+002   0.000000000E+000  -0.290149822E+002
   0.38978851493731703E-007   0.572619699E-001   0.367154236E+002  -0.290407906E+002   0.000000000E+000  -0.290407906E+002
   0.39055884797078999E-007   0.577457808E-001   0.367266884E+002  -0.290630913E+002   0.000000000E+000  -0.290630913E+002
   0.39132918100426295E-007   0.582816601E-001   0.367455215E+002  -0.290827522E+002   0.000000000E+000  -0.290827522E+002
   0.39209951403773591E-007   0.588666834E-001   0.367603645E+002  -0.290977077E+002   0.000000000E+000  -0.290977077E+002
   0.39286984707120887E-007   0.594538860E-001   0.367777328E+002  -0.291133881E+002   0.000000000E+000  -0.291133881E+002
   0.39364018010468182E-007   0.598454922E-001   0.368305359E+002  -0.291370602E+002   0.000000000E+000  -0.291370602E+002
   0.39441051313815478E-007   0.602265447E-001   0.368896866E+002  -0.291680126E+002   0.000000000E+000  -0.291680126E+002
   0.39518084617162774E-007   0.606460050E-001   0.369325829E+002  -0.292024555E+002   0.000000000E+000  -0.292024555E+002
   0.39595117920510070E-007   0.610351674E-001   0.369748878E+002  -0.292399178E+002   0.000000000E+000  -0.292399178E+002
   0.39672151223857366E-007   0.614113770E-001   0.370237885E+002  -0.292769852E+002   0.000000000E+000  -0.292769852E+002
   0.39749184527204662E-007   0.617910735E-001   0.370734520E+002  -0.293107777E+002   0.000000000E+000  -0.293107777E+002
   0.39826217830551958E-007   0.621636994E-001   0.371199379E+002  -0.293444958E+002   0.000000000E+000  -0.293444958E+002
   0.39903251133899253E-007   0.625341460E-001   0.371617584E+002  -0.293807182E+002   0.000000000E+000  -0.293807182E+002
   0.39980284437246549E-007   0.631823763E-001   0.371561623E+002  -0.294132252E+002   0.000000000E+000  -0.294132252E+002
