t              noda2002.fdtd_Wire_probe_B_Wz_12_12_3_s2.dat       -E*dl Vplus Vminus Vplus-Vminus
   0.00000000000000000E+000   0.000000000E+000   0.000000000E+000   0.000000000E+000   0.000000000E+000   0.000000000E+000
   0.95999999616402931E-010   0.000000000E+000   0.000000000E+000   0.000000000E+000   0.000000000E+000   0.000000000E+000
   0.19199999923280586E-009   0.000000000E+000   0.000000000E+000   0.000000000E+000  -0.165151022E-001   0.165151022E-001
   0.28799999884920879E-009  -0.163092394E-003   0.176830105E-001  -0.136793393E-002  -0.684906319E-001   0.671226978E-001
   0.38399999846561172E-009  -0.575547107E-003   0.683683380E-001  -0.744995195E-002  -0.150759473E+000   0.143309519E+000
   0.47999999808201466E-009  -0.115343044E-002   0.134240508E+000  -0.212913789E-001  -0.249274209E+000   0.227982834E+000
   0.57599999769841759E-009  -0.182654057E-002   0.172492713E+000  -0.442791246E-001  -0.358361810E+000   0.314082682E+000
   0.67199999731482052E-009  -0.274055800E-002   0.163748160E+000  -0.781174451E-001  -0.482809275E+000   0.404691815E+000
   0.76799999693122345E-009  -0.416276557E-002   0.143808752E+000  -0.127344772E+000  -0.626119554E+000   0.498774767E+000
   0.86399999654762638E-009  -0.614751689E-002   0.172120690E+000  -0.197808281E+000  -0.780701697E+000   0.582893431E+000
   0.95999999616402931E-009  -0.835908484E-002   0.264358342E+000  -0.291219741E+000  -0.931525469E+000   0.640305758E+000
   0.10559999957804322E-008  -0.103155682E-001   0.366362303E+000  -0.401570112E+000  -0.106862116E+001   0.667051077E+000
   0.11519999953968352E-008  -0.118321534E-001   0.406738460E+000  -0.518252015E+000  -0.119440091E+001   0.676148891E+000
   0.12479999950132381E-008  -0.131754540E-001   0.375587493E+000  -0.633452415E+000  -0.131854165E+001   0.685089231E+000
   0.13439999946296410E-008  -0.147347795E-001   0.340885222E+000  -0.746156275E+000  -0.144712210E+001   0.700965822E+000
   0.14399999942460440E-008  -0.165600255E-001   0.378759921E+000  -0.858609319E+000  -0.157798231E+001   0.719372988E+000
   0.15359999938624469E-008  -0.182854645E-001   0.490384579E+000  -0.969742656E+000  -0.170607460E+001   0.736331940E+000
   0.16319999934788498E-008  -0.195400082E-001   0.597161889E+000  -0.107376266E+001  -0.183653569E+001   0.762773037E+000
   0.17279999930952528E-008  -0.204481650E-001   0.628236592E+000  -0.116655791E+001  -0.198988986E+001   0.823331952E+000
   0.18239999927116557E-008  -0.216200799E-001   0.605257511E+000  -0.125320077E+001  -0.217946649E+001   0.926265717E+000
   0.19199999923280586E-008  -0.235047713E-001   0.615281940E+000  -0.134654236E+001  -0.239619064E+001   0.104964828E+001
   0.20159999919444616E-008  -0.259590950E-001   0.708838820E+000  -0.145705557E+001  -0.262378883E+001   0.116673326E+001
   0.21119999915608645E-008  -0.284885932E-001   0.843963742E+000  -0.158544636E+001  -0.285563183E+001   0.127018547E+001
   0.22079999911772674E-008  -0.308353882E-001   0.937831283E+000  -0.172616601E+001  -0.309661317E+001   0.137044716E+001
   0.23039999907936703E-008  -0.332243145E-001   0.961352944E+000  -0.187689388E+001  -0.335131192E+001   0.147441804E+001
   0.23999999904100733E-008  -0.360182263E-001   0.966972172E+000  -0.204209948E+001  -0.361398077E+001   0.157188129E+001
   0.24959999900264762E-008  -0.392257497E-001   0.102271962E+001  -0.222625589E+001  -0.387183738E+001   0.164558148E+001
   0.25919999896428791E-008  -0.424444713E-001   0.113398504E+001  -0.242508507E+001  -0.411703873E+001   0.169195366E+001
   0.26879999892592821E-008  -0.452852808E-001   0.124287677E+001  -0.262591457E+001  -0.435336065E+001   0.172744608E+001
   0.27839999888756850E-008  -0.477674343E-001   0.130003977E+001  -0.281755614E+001  -0.459058475E+001   0.177302861E+001
   0.28799999884920879E-008  -0.502384640E-001   0.132095647E+001  -0.299882221E+001  -0.483368158E+001   0.183485937E+001
   0.29759999881084909E-008  -0.529456846E-001   0.136265922E+001  -0.317634058E+001  -0.507884598E+001   0.190250540E+001
   0.30719999877248938E-008  -0.557755455E-001   0.145327401E+001  -0.335479188E+001  -0.531966352E+001   0.196487164E+001
   0.31679999873412967E-008  -0.584453158E-001   0.155983984E+001  -0.353128433E+001  -0.555875683E+001   0.202747250E+001
   0.32639999869576997E-008  -0.609197691E-001   0.163409591E+001  -0.370050669E+001  -0.580661201E+001   0.210610533E+001
   0.33599999865741026E-008  -0.634732246E-001   0.167267489E+001  -0.386392593E+001  -0.606816673E+001   0.220424080E+001
   0.34559999861905055E-008  -0.663596615E-001   0.171801531E+001  -0.403112745E+001  -0.633853674E+001   0.230740929E+001
   0.35519999858069085E-008  -0.695175827E-001   0.180383110E+001  -0.421129513E+001  -0.660972929E+001   0.239843416E+001
   0.36479999854233114E-008  -0.726552978E-001   0.191429734E+001  -0.440474796E+001  -0.687912512E+001   0.247437716E+001
   0.37439999850397143E-008  -0.755940080E-001   0.200507402E+001  -0.460423374E+001  -0.715079212E+001   0.254655838E+001
   0.38399999846561172E-008  -0.784508735E-001   0.205755067E+001  -0.480405855E+001  -0.742926073E+001   0.262520218E+001
   0.39359999842725202E-008  -0.814588815E-001   0.209967303E+001  -0.500613117E+001  -0.771365356E+001   0.270752239E+001
   0.40319999838889231E-008  -0.846615881E-001   0.217019701E+001  -0.521610355E+001  -0.799874401E+001   0.278264046E+001
   0.41279999835053260E-008  -0.878551975E-001   0.227193236E+001  -0.543472147E+001  -0.828101349E+001   0.284629202E+001
   0.42239999831217290E-008  -0.908359215E-001   0.237036371E+001  -0.565497017E+001  -0.856222439E+001   0.290725422E+001
   0.43199999827381319E-008  -0.936432034E-001   0.243709135E+001  -0.586841869E+001  -0.884654522E+001   0.297812653E+001
   0.44159999823545348E-008  -0.965083092E-001   0.248380136E+001  -0.607325745E+001  -0.913501453E+001   0.306175709E+001
   0.45119999819709378E-008  -0.995813534E-001   0.254631472E+001  -0.627482700E+001  -0.942394829E+001   0.314912128E+001
   0.46079999815873407E-008  -0.102769904E+000   0.263990474E+001  -0.647854614E+001  -0.970733452E+001   0.322878838E+001
   0.47039999812037436E-008  -0.105858892E+000   0.273940682E+001  -0.668379259E+001  -0.997221279E+001   0.328842020E+001
   0.47999999808201466E-008  -0.108682916E+000   0.279954338E+001  -0.688490915E+001  -0.102097740E+002   0.332486486E+001
   0.48959999804365495E-008  -0.111343570E+000   0.281073380E+001  -0.707793188E+001  -0.104265928E+002   0.334866095E+001
   0.49919999800529524E-008  -0.114050381E+000   0.281973767E+001  -0.726530743E+001  -0.106308537E+002   0.336554623E+001
   0.50879999796693554E-008  -0.116778076E+000   0.288179684E+001  -0.745212126E+001  -0.108232346E+002   0.337111330E+001
   0.51839999792857583E-008  -0.119188987E+000   0.299509144E+001  -0.763796759E+001  -0.110006199E+002   0.336265230E+001
   0.52799999789021612E-008  -0.120967276E+000   0.309605455E+001  -0.781453896E+001  -0.111654587E+002   0.335091972E+001
   0.53759999785185641E-008  -0.122204393E+000   0.312717867E+001  -0.797274399E+001  -0.113284426E+002   0.335569859E+001
   0.54719999781349671E-008  -0.123377673E+000   0.310341835E+001  -0.811190701E+001  -0.115013142E+002   0.338940716E+001
   0.55679999777513700E-008  -0.124911308E+000   0.310036707E+001  -0.824071980E+001  -0.116881428E+002   0.344742298E+001
   0.56639999773677729E-008  -0.126789913E+000   0.317380500E+001  -0.836880493E+001  -0.118843346E+002   0.351552963E+001
   0.57599999769841759E-008  -0.128648579E+000   0.329851460E+001  -0.849839497E+001  -0.120832710E+002   0.358487606E+001
   0.58559999766005788E-008  -0.130233616E+000   0.339454699E+001  -0.862527180E+001  -0.122824574E+002   0.365718555E+001
   0.59519999762169817E-008  -0.131716400E+000   0.341283488E+001  -0.874729633E+001  -0.124829483E+002   0.373565197E+001
   0.60479999758333847E-008  -0.133511841E+000   0.338705897E+001  -0.887005711E+001  -0.126843252E+002   0.381426811E+001
   0.61439999754497876E-008  -0.135807961E+000   0.339658046E+001  -0.900268173E+001  -0.128748493E+002   0.387216759E+001
   0.62399999750661905E-008  -0.138255447E+000   0.347442627E+001  -0.914773273E+001  -0.130335760E+002   0.388584328E+001
   0.63359999746825935E-008  -0.140255228E+000   0.356767917E+001  -0.929632854E+001  -0.131534805E+002   0.385715199E+001
   0.64319999742989964E-008  -0.141574547E+000   0.360330629E+001  -0.943504524E+001  -0.132474861E+002   0.381244087E+001
   0.65279999739153993E-008  -0.142496422E+000   0.357531738E+001  -0.955720901E+001  -0.133300610E+002   0.377285194E+001
   0.66239999735318023E-008  -0.143387064E+000   0.354886198E+001  -0.966553593E+001  -0.134043217E+002   0.373878574E+001
   0.67199999731482052E-008  -0.144241348E+000   0.358046103E+001  -0.976385021E+001  -0.134660168E+002   0.370216656E+001
   0.68159999727646081E-008  -0.144744977E+000   0.365251780E+001  -0.984878922E+001  -0.135161190E+002   0.366732979E+001
   0.69119999723810110E-008  -0.144743413E+000   0.369871831E+001  -0.991222382E+001  -0.135656805E+002   0.365345669E+001
   0.70079999719974140E-008  -0.144526124E+000   0.368615007E+001  -0.995191574E+001  -0.136274548E+002   0.367553902E+001
   0.71039999716138169E-008  -0.144576564E+000   0.365422630E+001  -0.997767258E+001  -0.137044735E+002   0.372680092E+001
   0.71999999712302198E-008  -0.145085201E+000   0.366544771E+001  -0.100051718E+002  -0.137885456E+002   0.378337383E+001
   0.72959999708466228E-008  -0.145796552E+000   0.372920346E+001  -0.100437708E+002  -0.138696651E+002   0.382589436E+001
   0.73919999704630257E-008  -0.146354854E+000   0.379039812E+001  -0.100914402E+002  -0.139453354E+002   0.385389519E+001
   0.74879999700794286E-008  -0.146725759E+000   0.379585648E+001  -0.101415634E+002  -0.140201416E+002   0.387857819E+001
   0.75839999696958316E-008  -0.147198707E+000   0.375891566E+001  -0.101928797E+002  -0.140977373E+002   0.390485764E+001
   0.76799999693122345E-008  -0.147984594E+000   0.374535060E+001  -0.102508640E+002  -0.141755552E+002   0.392469120E+001
   0.77759999689286374E-008  -0.148902789E+000   0.379680252E+001  -0.103194456E+002  -0.142481909E+002   0.392874527E+001
   0.78719999685450404E-008  -0.149541631E+000   0.388099909E+001  -0.103934145E+002  -0.143147116E+002   0.392129707E+001
   0.79679999681614433E-008  -0.149716482E+000   0.392681384E+001  -0.104610004E+002  -0.143808041E+002   0.391980362E+001
   0.80639999677778462E-008  -0.149698630E+000   0.390431929E+001  -0.105142765E+002  -0.144531870E+002   0.393891048E+001
   0.81599999673942492E-008  -0.149947017E+000   0.385879374E+001  -0.105561285E+002  -0.145304241E+002   0.397429562E+001
   0.82559999670106521E-008  -0.150614455E+000   0.385814929E+001  -0.105962582E+002  -0.146033096E+002   0.400705147E+001
   0.83519999666270550E-008  -0.151414290E+000   0.391725111E+001  -0.106409731E+002  -0.146655979E+002   0.402462482E+001
   0.84479999662434579E-008  -0.151966631E+000   0.398509645E+001  -0.106880865E+002  -0.147189827E+002   0.403089619E+001
   0.85439999658598609E-008  -0.152201578E+000   0.400469017E+001  -0.107315111E+002  -0.147685127E+002   0.403700161E+001
   0.86399999654762638E-008  -0.152382463E+000   0.397503805E+001  -0.107692213E+002  -0.148157616E+002   0.404654026E+001
   0.87359999650926667E-008  -0.152761295E+000   0.394755435E+001  -0.108054485E+002  -0.148575459E+002   0.405209732E+001
   0.88319999647090697E-008  -0.153279155E+000   0.396593428E+001  -0.108454313E+002  -0.148911705E+002   0.404573917E+001
   0.89279999643254726E-008  -0.153640151E+000   0.401952696E+001  -0.108893299E+002  -0.149196997E+002   0.403036976E+001
   0.90239999639418755E-008  -0.153650850E+000   0.405987883E+001  -0.109320726E+002  -0.149508934E+002   0.401882076E+001
   0.91199999635582785E-008  -0.153433919E+000   0.405714703E+001  -0.109687166E+002  -0.149908266E+002   0.402210999E+001
   0.92159999631746814E-008  -0.153291360E+000   0.403143835E+001  -0.109991207E+002  -0.150391235E+002   0.404000282E+001
   0.93119999627910843E-008  -0.153391570E+000   0.402674389E+001  -0.110273418E+002  -0.150907640E+002   0.406342220E+001
   0.94079999624074873E-008  -0.153630406E+000   0.406054068E+001  -0.110572481E+002  -0.151420469E+002   0.408479881E+001
   0.95039999620238902E-008  -0.153798014E+000   0.410620213E+001  -0.110893450E+002  -0.151939745E+002   0.410462952E+001
   0.95999999616402931E-008  -0.153840333E+000   0.412536621E+001  -0.111215324E+002  -0.152495794E+002   0.412804699E+001
   0.96959999612566961E-008  -0.153919116E+000   0.411149406E+001  -0.111520071E+002  -0.153086586E+002   0.415665150E+001
   0.97919999608730990E-008  -0.154217780E+000   0.409604216E+001  -0.111809464E+002  -0.153661118E+002   0.418516541E+001
   0.98879999604895019E-008  -0.154722944E+000   0.411218548E+001  -0.112097206E+002  -0.154159155E+002   0.420619488E+001
   0.99839999601059048E-008  -0.155225873E+000   0.415760326E+001  -0.112391405E+002  -0.154565077E+002   0.421736717E+001
   0.10079999959722308E-007  -0.155537397E+000   0.419708920E+001  -0.112686882E+002  -0.154918528E+002   0.422316456E+001
   0.10175999959338711E-007  -0.155678347E+000   0.420124722E+001  -0.112971468E+002  -0.155247526E+002   0.422760582E+001
   0.10271999958955114E-007  -0.155818224E+000   0.417609262E+001  -0.113235445E+002  -0.155535154E+002   0.422997093E+001
   0.10367999958571517E-007  -0.156086206E+000   0.415661907E+001  -0.113477201E+002  -0.155758018E+002   0.422808170E+001
   0.10463999958187920E-007  -0.156427801E+000   0.417168331E+001  -0.113704815E+002  -0.155913019E+002   0.422082043E+001
   0.10559999957804322E-007  -0.156645849E+000   0.421498823E+001  -0.113929644E+002  -0.156028204E+002   0.420985603E+001
   0.10655999957420725E-007  -0.156590939E+000   0.425099945E+001  -0.114152536E+002  -0.156150122E+002   0.419975853E+001
   0.10751999957037128E-007  -0.156317636E+000   0.425034428E+001  -0.114355431E+002  -0.156314697E+002   0.419592667E+001
   0.10847999956653531E-007  -0.156050324E+000   0.421980429E+001  -0.114512262E+002  -0.156525717E+002   0.420134544E+001
   0.10943999956269934E-007  -0.155984551E+000   0.419635057E+001  -0.114614058E+002  -0.156759834E+002   0.421457767E+001
   0.11039999955886337E-007  -0.156114504E+000   0.421009302E+001  -0.114682617E+002  -0.156993217E+002   0.423106003E+001
   0.11135999955502740E-007  -0.156259462E+000   0.425319004E+001  -0.114754171E+002  -0.157223711E+002   0.424695396E+001
   0.11231999955119143E-007  -0.156265721E+000   0.428726292E+001  -0.114847555E+002  -0.157466393E+002   0.426188374E+001
   0.11327999954735546E-007  -0.156177074E+000   0.428300095E+001  -0.114952354E+002  -0.157727242E+002   0.427748871E+001
   0.11423999954351949E-007  -0.156190261E+000   0.425128078E+001  -0.115052109E+002  -0.157984123E+002   0.429320145E+001
   0.11519999953968352E-007  -0.156434432E+000   0.423224497E+001  -0.115155172E+002  -0.158198881E+002   0.430437088E+001
   0.11615999953584755E-007  -0.156808525E+000   0.425276661E+001  -0.115292645E+002  -0.158352337E+002   0.430596924E+001
   0.11711999953201158E-007  -0.157061160E+000   0.429739857E+001  -0.115480652E+002  -0.158466711E+002   0.429860592E+001
   0.11807999952817561E-007  -0.157040834E+000   0.432484579E+001  -0.115690413E+002  -0.158589611E+002   0.428991985E+001
   0.11903999952433963E-007  -0.156851783E+000   0.431282711E+001  -0.115866032E+002  -0.158752804E+002   0.428867722E+001
   0.11999999952050366E-007  -0.156743005E+000   0.428225851E+001  -0.115975809E+002  -0.158947430E+002   0.429716206E+001
   0.12095999951666769E-007  -0.156848013E+000   0.427369833E+001  -0.116040363E+002  -0.159141512E+002   0.431011486E+001
   0.12191999951283172E-007  -0.157060370E+000   0.430203962E+001  -0.116104555E+002  -0.159320135E+002   0.432155800E+001
   0.12287999950899575E-007  -0.157180712E+000   0.434043264E+001  -0.116186247E+002  -0.159502840E+002   0.433165932E+001
   0.12383999950515978E-007  -0.157163292E+000   0.435161304E+001  -0.116263523E+002  -0.159717436E+002   0.434539127E+001
   0.12479999950132381E-007  -0.157174483E+000   0.433070374E+001  -0.116316042E+002  -0.159959841E+002   0.436437988E+001
   0.12575999949748784E-007  -0.157392606E+000   0.431012392E+001  -0.116368237E+002  -0.160187931E+002   0.438196945E+001
   0.12671999949365187E-007  -0.157782376E+000   0.432105017E+001  -0.116475868E+002  -0.160361099E+002   0.438852310E+001
   0.12767999948981590E-007  -0.158112884E+000   0.435671329E+001  -0.116665564E+002  -0.160483704E+002   0.438181400E+001
   0.12863999948597993E-007  -0.158206344E+000   0.438084412E+001  -0.116898279E+002  -0.160603504E+002   0.437052250E+001
   0.12959999948214396E-007  -0.158130109E+000   0.437127781E+001  -0.117104378E+002  -0.160764732E+002   0.436603546E+001
   0.13055999947830799E-007  -0.158107325E+000   0.434661388E+001  -0.117253809E+002  -0.160967007E+002   0.437131977E+001
   0.13151999947447202E-007  -0.158252329E+000   0.434367752E+001  -0.117379713E+002  -0.161168613E+002   0.437889004E+001
   0.13247999947063605E-007  -0.158440575E+000   0.437183523E+001  -0.117526608E+002  -0.161335106E+002   0.438084984E+001
   0.13343999946680007E-007  -0.158480376E+000   0.440053844E+001  -0.117685890E+002  -0.161482563E+002   0.437966728E+001
   0.13439999946296410E-007  -0.158376187E+000   0.439701700E+001  -0.117800894E+002  -0.161653156E+002   0.438522625E+001
   0.13535999945912813E-007  -0.158346549E+000   0.436827135E+001  -0.117839518E+002  -0.161853752E+002   0.440142345E+001
   0.13631999945529216E-007  -0.158561632E+000   0.435449409E+001  -0.117846041E+002  -0.162037182E+002   0.441911411E+001
   0.13727999945145619E-007  -0.158916667E+000   0.437969303E+001  -0.117902880E+002  -0.162149754E+002   0.442468739E+001
   0.13823999944762022E-007  -0.159130394E+000   0.441950989E+001  -0.118040333E+002  -0.162190266E+002   0.441499329E+001
   0.13919999944378425E-007  -0.159068674E+000   0.442813110E+001  -0.118199749E+002  -0.162211838E+002   0.440120888E+001
   0.14015999943994828E-007  -0.158907101E+000   0.439466190E+001  -0.118297977E+002  -0.162264252E+002   0.439662743E+001
   0.14111999943611231E-007  -0.158922821E+000   0.436023188E+001  -0.118320999E+002  -0.162343998E+002   0.440229988E+001
   0.14207999943227634E-007  -0.159152538E+000   0.437128305E+001  -0.118336735E+002  -0.162410412E+002   0.440736771E+001
   0.14303999942844037E-007  -0.159333736E+000   0.442215109E+001  -0.118409872E+002  -0.162446404E+002   0.440365314E+001
   0.14399999942460440E-007  -0.159221038E+000   0.445732594E+001  -0.118519421E+002  -0.162488918E+002   0.439694977E+001
   0.14495999942076843E-007  -0.158911183E+000   0.443536472E+001  -0.118580408E+002  -0.162589569E+002   0.440091610E+001
   0.14591999941693246E-007  -0.158772424E+000   0.438081121E+001  -0.118548164E+002  -0.162750759E+002   0.442025948E+001
   0.14687999941309648E-007  -0.159031376E+000   0.435979939E+001  -0.118482342E+002  -0.162915096E+002   0.444327545E+001
   0.14783999940926051E-007  -0.159493029E+000   0.440347576E+001  -0.118490000E+002  -0.163024883E+002   0.445348835E+001
   0.14879999940542454E-007  -0.159740925E+000   0.446808958E+001  -0.118608742E+002  -0.163083954E+002   0.444752121E+001
   0.14975999940158857E-007  -0.159608960E+000   0.448212242E+001  -0.118765011E+002  -0.163149166E+002   0.443841553E+001
   0.15071999939775260E-007  -0.159378588E+000   0.442934370E+001  -0.118857994E+002  -0.163260002E+002   0.444020081E+001
   0.15167999939391663E-007  -0.159455568E+000   0.437096834E+001  -0.118872967E+002  -0.163389835E+002   0.445168686E+001
   0.15263999939008066E-007  -0.159887478E+000   0.437756062E+001  -0.118892202E+002  -0.163478050E+002   0.445858479E+001
   0.15359999938624469E-007  -0.160288274E+000   0.444688225E+001  -0.118990908E+002  -0.163506794E+002   0.445158863E+001
   0.15455999938240872E-007  -0.160276234E+000   0.450374889E+001  -0.119141884E+002  -0.163529854E+002   0.443879700E+001
   0.15551999937857275E-007  -0.159927636E+000   0.448509455E+001  -0.119243240E+002  -0.163615818E+002   0.443725777E+001
   0.15647999937473678E-007  -0.159711719E+000   0.441354847E+001  -0.119238405E+002  -0.163768654E+002   0.445302486E+001
   0.15743999937090081E-007  -0.159964219E+000   0.437332392E+001  -0.119187307E+002  -0.163919964E+002   0.447326565E+001
   0.15839999936706484E-007  -0.160500079E+000   0.441404867E+001  -0.119203014E+002  -0.164005184E+002   0.448021698E+001
   0.15935999936322887E-007  -0.160818741E+000   0.449285889E+001  -0.119326239E+002  -0.164037266E+002   0.447110271E+001
   0.16031999935939290E-007  -0.160674363E+000   0.452261066E+001  -0.119483109E+002  -0.164091473E+002   0.446083641E+001
   0.16127999935555692E-007  -0.160355598E+000   0.447184420E+001  -0.119574337E+002  -0.164216213E+002   0.446418762E+001
   0.16223999935172095E-007  -0.160348088E+000   0.440124846E+001  -0.119589729E+002  -0.164373016E+002   0.447832870E+001
   0.16319999934788498E-007  -0.160768211E+000   0.439398289E+001  -0.119613867E+002  -0.164480114E+002   0.448662472E+001
   0.16415999934404901E-007  -0.161227077E+000   0.446024275E+001  -0.119718790E+002  -0.164508724E+002   0.447899342E+001
   0.16511999934021304E-007  -0.161280558E+000   0.452600145E+001  -0.119873495E+002  -0.164518299E+002   0.446448040E+001
   0.16607999933637707E-007  -0.160944238E+000   0.451855946E+001  -0.119978199E+002  -0.164590149E+002   0.446119499E+001
   0.16703999933254110E-007  -0.160677314E+000   0.444981527E+001  -0.119982252E+002  -0.164734135E+002   0.447518826E+001
   0.16799999932870513E-007  -0.160855368E+000   0.440146112E+001  -0.119945259E+002  -0.164876232E+002   0.449309731E+001
   0.16895999932486916E-007  -0.161343500E+000   0.443031454E+001  -0.119968939E+002  -0.164942169E+002   0.449732304E+001
   0.16991999932103319E-007  -0.161659569E+000   0.450376272E+001  -0.120080624E+002  -0.164941540E+002   0.448609161E+001
   0.17087999931719722E-007  -0.161531657E+000   0.453904629E+001  -0.120205765E+002  -0.164956112E+002   0.447503471E+001
   0.17183999931336125E-007  -0.161201656E+000   0.449924660E+001  -0.120259562E+002  -0.165045853E+002   0.447862911E+001
   0.17279999930952528E-007  -0.161131531E+000   0.443432808E+001  -0.120247097E+002  -0.165181465E+002   0.449343681E+001
   0.17375999930568931E-007  -0.161464840E+000   0.442135334E+001  -0.120253096E+002  -0.165280647E+002   0.450275517E+001
   0.17471999930185333E-007  -0.161871329E+000   0.447525787E+001  -0.120336161E+002  -0.165304813E+002   0.449686527E+001
   0.17567999929801736E-007  -0.161944374E+000   0.453382587E+001  -0.120456028E+002  -0.165303993E+002   0.448479652E+001
   0.17663999929418139E-007  -0.161676347E+000   0.453197527E+001  -0.120521421E+002  -0.165358562E+002   0.448371410E+001
   0.17759999929034542E-007  -0.161458641E+000   0.447681332E+001  -0.120500755E+002  -0.165486164E+002   0.449854088E+001
   0.17855999928650945E-007  -0.161618561E+000   0.443667269E+001  -0.120462589E+002  -0.165621872E+002   0.451592827E+001
   0.17951999928267348E-007  -0.162043124E+000   0.445968199E+001  -0.120497322E+002  -0.165692749E+002   0.451954269E+001
   0.18047999927883751E-007  -0.162323311E+000   0.451871204E+001  -0.120613298E+002  -0.165699997E+002   0.450866985E+001
   0.18143999927500154E-007  -0.162235409E+000   0.454576111E+001  -0.120730247E+002  -0.165714436E+002   0.449841881E+001
   0.18239999927116557E-007  -0.161989361E+000   0.451272106E+001  -0.120776157E+002  -0.165793552E+002   0.450173950E+001
   0.18335999926732960E-007  -0.161963820E+000   0.446272755E+001  -0.120770874E+002  -0.165917587E+002   0.451467133E+001
   0.18431999926349363E-007  -0.162255466E+000   0.445718431E+001  -0.120797510E+002  -0.166017265E+002   0.452197552E+001
   0.18527999925965766E-007  -0.162576288E+000   0.450322819E+001  -0.120897903E+002  -0.166057281E+002   0.451593781E+001
   0.18623999925582169E-007  -0.162608340E+000   0.454725361E+001  -0.121018877E+002  -0.166076813E+002   0.450579357E+001
   0.18719999925198572E-007  -0.162384242E+000   0.453994274E+001  -0.121074257E+002  -0.166141281E+002   0.450670242E+001
   0.18815999924814975E-007  -0.162243992E+000   0.449411249E+001  -0.121048269E+002  -0.166264610E+002   0.452163410E+001
   0.18911999924431377E-007  -0.162429735E+000   0.446757269E+001  -0.121017056E+002  -0.166392975E+002   0.453759193E+001
   0.19007999924047780E-007  -0.162804425E+000   0.449352217E+001  -0.121062422E+002  -0.166467304E+002   0.454048824E+001
   0.19103999923664183E-007  -0.163021669E+000   0.454210711E+001  -0.121180058E+002  -0.166489468E+002   0.453094101E+001
   0.19199999923280586E-007  -0.162934065E+000   0.455756092E+001  -0.121289244E+002  -0.166516132E+002   0.452268887E+001
   0.19295999922896989E-007  -0.162753597E+000   0.452492619E+001  -0.121330166E+002  -0.166590633E+002   0.452604675E+001
   0.19391999922513392E-007  -0.162783980E+000   0.448664951E+001  -0.121332064E+002  -0.166695099E+002   0.453630352E+001
   0.19487999922129795E-007  -0.163054943E+000   0.449078417E+001  -0.121372881E+002  -0.166777115E+002   0.454042339E+001
   0.19583999921746198E-007  -0.163294613E+000   0.453386497E+001  -0.121481342E+002  -0.166816120E+002   0.453347778E+001
   0.19679999921362601E-007  -0.163263842E+000   0.456623363E+001  -0.121599445E+002  -0.166848850E+002   0.452494049E+001
   0.19775999920979004E-007  -0.163046643E+000   0.455195236E+001  -0.121649752E+002  -0.166925068E+002   0.452753162E+001
   0.19871999920595407E-007  -0.162952170E+000   0.451116800E+001  -0.121626549E+002  -0.167047672E+002   0.454211235E+001
   0.19967999920211810E-007  -0.163150847E+000   0.449514675E+001  -0.121603346E+002  -0.167168446E+002   0.455650997E+001
   0.20063999919828213E-007  -0.163479045E+000   0.452498293E+001  -0.121649256E+002  -0.167243233E+002   0.455939770E+001
   0.20159999919444616E-007  -0.163638026E+000   0.456724644E+001  -0.121753702E+002  -0.167279091E+002   0.455253887E+001
   0.20255999919061018E-007  -0.163542479E+000   0.457431602E+001  -0.121845722E+002  -0.167320480E+002   0.454747581E+001
   0.20351999918677421E-007  -0.163407892E+000   0.454063988E+001  -0.121880932E+002  -0.167394524E+002   0.455135918E+001
   0.20447999918293824E-007  -0.163482055E+000   0.450844955E+001  -0.121891241E+002  -0.167479706E+002   0.455884647E+001
   0.20543999917910227E-007  -0.163746625E+000   0.451732159E+001  -0.121940823E+002  -0.167535057E+002   0.455942345E+001
   0.20639999917526630E-007  -0.163941637E+000   0.455803061E+001  -0.122044287E+002  -0.167553024E+002   0.455087376E+001
   0.20735999917143033E-007  -0.163876951E+000   0.458451843E+001  -0.122146111E+002  -0.167571697E+002   0.454255867E+001
   0.20831999916759436E-007  -0.163658068E+000   0.456844902E+001  -0.122184420E+002  -0.167631931E+002   0.454475117E+001
   0.20927999916375839E-007  -0.163563579E+000   0.453154469E+001  -0.122162247E+002  -0.167730598E+002   0.455683517E+001
   0.21023999915992242E-007  -0.163725600E+000   0.451882887E+001  -0.122142630E+002  -0.167824955E+002   0.456823254E+001
   0.21119999915608645E-007  -0.163988680E+000   0.454583788E+001  -0.122176380E+002  -0.167881775E+002   0.457053947E+001
   0.21215999915225048E-007  -0.164102882E+000   0.458185673E+001  -0.122248964E+002  -0.167912807E+002   0.456638432E+001
   0.21311999914841451E-007  -0.164013728E+000   0.458713913E+001  -0.122306385E+002  -0.167956581E+002   0.456501961E+001
   0.21407999914457854E-007  -0.163910538E+000   0.455890942E+001  -0.122324209E+002  -0.168030281E+002   0.457060719E+001
   0.21503999914074257E-007  -0.163989857E+000   0.453278542E+001  -0.122335529E+002  -0.168109703E+002   0.457741737E+001
   0.21599999913690660E-007  -0.164222300E+000   0.454011202E+001  -0.122386942E+002  -0.168159924E+002   0.457729816E+001
   0.21695999913307062E-007  -0.164393261E+000   0.457245874E+001  -0.122478733E+002  -0.168178558E+002   0.456998253E+001
   0.21791999912923465E-007  -0.164357558E+000   0.459353447E+001  -0.122561979E+002  -0.168200321E+002   0.456383419E+001
   0.21887999912539868E-007  -0.164204031E+000   0.458215761E+001  -0.122594461E+002  -0.168258305E+002   0.456638432E+001
   0.21983999912156271E-007  -0.164145619E+000   0.455529737E+001  -0.122587490E+002  -0.168347511E+002   0.457600212E+001
   0.22079999911772674E-007  -0.164275870E+000   0.454612923E+001  -0.122589607E+002  -0.168432636E+002   0.458430290E+001
   0.22175999911389077E-007  -0.164477319E+000   0.456524324E+001  -0.122629766E+002  -0.168488617E+002   0.458588505E+001
   0.22271999911005480E-007  -0.164574087E+000   0.459041119E+001  -0.122688684E+002  -0.168526287E+002   0.458376026E+001
   0.22367999910621883E-007  -0.164535910E+000   0.459444904E+001  -0.122729349E+002  -0.168575268E+002   0.458459187E+001
   0.22463999910238286E-007  -0.164496690E+000   0.457643986E+001  -0.122745619E+002  -0.168646870E+002   0.459012508E+001
   0.22559999909854689E-007  -0.164582133E+000   0.456049728E+001  -0.122769175E+002  -0.168721371E+002   0.459521961E+001
   0.22655999909471092E-007  -0.164760843E+000   0.456616688E+001  -0.122828655E+002  -0.168772793E+002   0.459441376E+001
   0.22751999909087495E-007  -0.164889082E+000   0.458669567E+001  -0.122912664E+002  -0.168800392E+002   0.458877277E+001
   0.22847999908703898E-007  -0.164882734E+000   0.459919834E+001  -0.122981586E+002  -0.168829918E+002   0.458483315E+001
   0.22943999908320301E-007  -0.164808944E+000   0.459218264E+001  -0.123012323E+002  -0.168884888E+002   0.458725643E+001
   0.23039999907936703E-007  -0.164799437E+000   0.457739019E+001  -0.123021879E+002  -0.168962059E+002   0.459401798E+001
   0.23135999907553106E-007  -0.164900124E+000   0.457402515E+001  -0.123043909E+002  -0.169037914E+002   0.459940052E+001
   0.23231999907169509E-007  -0.165033430E+000   0.458618975E+001  -0.123089333E+002  -0.169096146E+002   0.460068130E+001
   0.23327999906785912E-007  -0.165103301E+000   0.459995937E+001  -0.123138428E+002  -0.169143467E+002   0.460050392E+001
   0.23423999906402315E-007  -0.165106788E+000   0.460128546E+001  -0.123170586E+002  -0.169197655E+002   0.460270691E+001
   0.23519999906018718E-007  -0.165123880E+000   0.459192657E+001  -0.123192167E+002  -0.169264755E+002   0.460725880E+001
   0.23615999905635121E-007  -0.165211990E+000   0.458551931E+001  -0.123228302E+002  -0.169332542E+002   0.461042404E+001
   0.23711999905251524E-007  -0.165338188E+000   0.459061337E+001  -0.123290844E+002  -0.169386234E+002   0.460953903E+001
   0.23807999904867927E-007  -0.165424034E+000   0.460165405E+001  -0.123363028E+002  -0.169426060E+002   0.460630322E+001
   0.23903999904484330E-007  -0.165438622E+000   0.460713530E+001  -0.123418608E+002  -0.169466724E+002   0.460481167E+001
   0.23999999904100733E-007  -0.165428147E+000   0.460337687E+001  -0.123450613E+002  -0.169521065E+002   0.460704517E+001
   0.24095999903717136E-007  -0.165456295E+000   0.459751463E+001  -0.123475084E+002  -0.169587612E+002   0.461125278E+001
   0.24191999903333539E-007  -0.165534869E+000   0.459792995E+001  -0.123508358E+002  -0.169654579E+002   0.461462212E+001
   0.24287999902949942E-007  -0.165623203E+000   0.460482311E+001  -0.123548441E+002  -0.169713707E+002   0.461652660E+001
   0.24383999902566345E-007  -0.165684491E+000   0.461143255E+001  -0.123582735E+002  -0.169767151E+002   0.461844158E+001
   0.24479999902182747E-007  -0.165725052E+000   0.461255789E+001  -0.123608913E+002  -0.169821892E+002   0.462129784E+001
   0.24575999901799150E-007  -0.165776357E+000   0.460965395E+001  -0.123640299E+002  -0.169880447E+002   0.462401485E+001
   0.24671999901415553E-007  -0.165852532E+000   0.460777092E+001  -0.123688908E+002  -0.169938583E+002   0.462496758E+001
   0.24767999901031956E-007  -0.165936887E+000   0.460971832E+001  -0.123749294E+002  -0.169991302E+002   0.462420082E+001
   0.24863999900648359E-007  -0.166005164E+000   0.461423492E+001  -0.123804789E+002  -0.170038757E+002   0.462339687E+001
   0.24959999900264762E-007  -0.166049659E+000   0.461850691E+001  -0.123847427E+002  -0.170086002E+002   0.462385750E+001
   0.25055999899881165E-007  -0.166079104E+000   0.462069798E+001  -0.123885250E+002  -0.170138550E+002   0.462532997E+001
   0.25151999899497568E-007  -0.166106224E+000   0.462038088E+001  -0.123927956E+002  -0.170196381E+002   0.462684250E+001
   0.25247999899113971E-007  -0.166141361E+000   0.461823988E+001  -0.123971119E+002  -0.170253544E+002   0.462824249E+001
   0.25343999898730374E-007  -0.166194439E+000   0.461650515E+001  -0.124001541E+002  -0.170304241E+002   0.463027000E+001
   0.25439999898346777E-007  -0.166268721E+000   0.461824942E+001  -0.124017620E+002  -0.170345840E+002   0.463282204E+001
   0.25535999897963180E-007  -0.166346967E+000   0.462406015E+001  -0.124036598E+002  -0.170378532E+002   0.463419342E+001
   0.25631999897579583E-007  -0.166397482E+000   0.462963009E+001  -0.124075880E+002  -0.170404987E+002   0.463291073E+001
   0.25727999897195986E-007  -0.166406870E+000   0.462913084E+001  -0.124130430E+002  -0.170429211E+002   0.462987804E+001
   0.25823999896812388E-007  -0.166402400E+000   0.462246370E+001  -0.124176188E+002  -0.170453415E+002   0.462772274E+001
   0.25919999896428791E-007  -0.166425899E+000   0.461740780E+001  -0.124197941E+002  -0.170476036E+002   0.462780952E+001
   0.26015999896045194E-007  -0.166480154E+000   0.462173748E+001  -0.124207630E+002  -0.170494671E+002   0.462870407E+001
   0.26111999895661597E-007  -0.166516080E+000   0.463309193E+001  -0.124228783E+002  -0.170512142E+002   0.462833595E+001
   0.26207999895278000E-007  -0.166489258E+000   0.463963079E+001  -0.124265079E+002  -0.170537128E+002   0.462720490E+001
   0.26303999894894403E-007  -0.166425645E+000   0.463326025E+001  -0.124293194E+002  -0.170575962E+002   0.462827682E+001
   0.26399999894510806E-007  -0.166408598E+000   0.462069988E+001  -0.124291677E+002  -0.170623589E+002   0.463319111E+001
   0.26495999894127209E-007  -0.166486979E+000   0.461762094E+001  -0.124271641E+002  -0.170665569E+002   0.463939285E+001
   0.26591999893743612E-007  -0.166608408E+000   0.463038540E+001  -0.124269371E+002  -0.170692043E+002   0.464226723E+001
   0.26687999893360015E-007  -0.166667342E+000   0.464667511E+001  -0.124306326E+002  -0.170708733E+002   0.464024067E+001
   0.26783999892976418E-007  -0.166625291E+000   0.464820385E+001  -0.124363623E+002  -0.170731106E+002   0.463674831E+001
   0.26879999892592821E-007  -0.166561767E+000   0.463262272E+001  -0.124403381E+002  -0.170766258E+002   0.463628769E+001
   0.26975999892209224E-007  -0.166584551E+000   0.461831951E+001  -0.124413013E+002  -0.170803661E+002   0.463906479E+001
   0.27071999891825627E-007  -0.166696012E+000   0.462414360E+001  -0.124419289E+002  -0.170827522E+002   0.464082336E+001
   0.27167999891442030E-007  -0.166778043E+000   0.464634705E+001  -0.124453802E+002  -0.170837746E+002   0.463839436E+001
   0.27263999891058432E-007  -0.166727111E+000   0.466098118E+001  -0.124511471E+002  -0.170854073E+002   0.463426018E+001
   0.27359999890674835E-007  -0.166586414E+000   0.465124035E+001  -0.124553699E+002  -0.170895424E+002   0.463417244E+001
   0.27455999890291238E-007  -0.166510463E+000   0.462851763E+001  -0.124554911E+002  -0.170956974E+002   0.464020634E+001
   0.27551999889907641E-007  -0.166589648E+000   0.462088156E+001  -0.124536638E+002  -0.171012707E+002   0.464760685E+001
   0.27647999889524044E-007  -0.166736677E+000   0.464044857E+001  -0.124546347E+002  -0.171043377E+002   0.464970303E+001
   0.27743999889140447E-007  -0.166777655E+000   0.466769314E+001  -0.124604015E+002  -0.171058598E+002   0.464545822E+001
   0.27839999888756850E-007  -0.166651621E+000   0.467285872E+001  -0.124679985E+002  -0.171086407E+002   0.464064217E+001
   0.27935999888373253E-007  -0.166484997E+000   0.465102673E+001  -0.124731445E+002  -0.171140671E+002   0.464092255E+001
   0.28031999887989656E-007  -0.166444048E+000   0.462937784E+001  -0.124754353E+002  -0.171204453E+002   0.464500999E+001
   0.28127999887606059E-007  -0.166532487E+000   0.463639641E+001  -0.124787788E+002  -0.171250038E+002   0.464622498E+001
   0.28223999887222462E-007  -0.166575775E+000   0.466801405E+001  -0.124865007E+002  -0.171273880E+002   0.464088726E+001
   0.28319999886838865E-007  -0.166420698E+000   0.469110727E+001  -0.124970446E+002  -0.171304436E+002   0.463339901E+001
   0.28415999886455268E-007  -0.166119903E+000   0.468176126E+001  -0.125056391E+002  -0.171371937E+002   0.463155460E+001
   0.28511999886071671E-007  -0.165878758E+000   0.465399218E+001  -0.125100908E+002  -0.171473541E+002   0.463726330E+001
   0.28607999885688074E-007  -0.165817589E+000   0.464433479E+001  -0.125137463E+002  -0.171575470E+002   0.464380074E+001
   0.28703999885304476E-007  -0.165825799E+000   0.466924572E+001  -0.125218897E+002  -0.171651268E+002   0.464323711E+001
   0.28799999884920879E-007  -0.165683761E+000   0.470517254E+001  -0.125357733E+002  -0.171712418E+002   0.463546848E+001
   0.28895999884537282E-007  -0.165314838E+000   0.471557903E+001  -0.125514154E+002  -0.171795292E+002   0.462811375E+001
   0.28991999884153685E-007  -0.164871395E+000   0.469390011E+001  -0.125646515E+002  -0.171919041E+002   0.462725258E+001
   0.29087999883770088E-007  -0.164549634E+000   0.467174816E+001  -0.125763741E+002  -0.172063637E+002   0.462998962E+001
   0.29183999883386491E-007  -0.164349645E+000   0.468205595E+001  -0.125915632E+002  -0.172194824E+002   0.462791920E+001
   0.29279999883002894E-007  -0.164065912E+000   0.472019196E+001  -0.126132317E+002  -0.172307167E+002   0.461748505E+001
   0.29375999882619297E-007  -0.163523674E+000   0.474914646E+001  -0.126386280E+002  -0.172434006E+002   0.460477257E+001
   0.29471999882235700E-007  -0.162783146E+000   0.474312353E+001  -0.126624451E+002  -0.172611656E+002   0.459872055E+001
   0.29567999881852103E-007  -0.162067905E+000   0.471811342E+001  -0.126833172E+002  -0.172838821E+002   0.460056496E+001
   0.29663999881468506E-007  -0.161498830E+000   0.471308136E+001  -0.127057819E+002  -0.173079281E+002   0.460214615E+001
   0.29759999881084909E-007  -0.160947546E+000   0.474382114E+001  -0.127352238E+002  -0.173305073E+002   0.459528351E+001
   0.29855999880701312E-007  -0.160183743E+000   0.478422260E+001  -0.127717562E+002  -0.173529644E+002   0.458120823E+001
   0.29951999880317715E-007  -0.159142196E+000   0.479727411E+001  -0.128103790E+002  -0.173792343E+002   0.456885529E+001
   0.30047999879934117E-007  -0.157992482E+000   0.477906227E+001  -0.128472271E+002  -0.174112263E+002   0.456399918E+001
   0.30143999879550520E-007  -0.156928450E+000   0.476336193E+001  -0.128844004E+002  -0.174466648E+002   0.456226444E+001
   0.30239999879166923E-007  -0.155929059E+000   0.478131819E+001  -0.129274788E+002  -0.174819260E+002   0.455444717E+001
   0.30335999878783326E-007  -0.154776692E+000   0.482428122E+001  -0.129786749E+002  -0.175165195E+002   0.453784466E+001
   0.30431999878399729E-007  -0.153312549E+000   0.485418415E+001  -0.130338917E+002  -0.175538654E+002   0.451997375E+001
   0.30527999878016132E-007  -0.151623890E+000   0.484907579E+001  -0.130873680E+002  -0.175973835E+002   0.451001549E+001
   0.30623999877632535E-007  -0.149938986E+000   0.482936954E+001  -0.131384373E+002  -0.176465359E+002   0.450809860E+001
   0.30719999877248938E-007  -0.148353949E+000   0.483339310E+001  -0.131923103E+002  -0.176974812E+002   0.450517082E+001
   0.30815999876865341E-007  -0.146717548E+000   0.487146187E+001  -0.132538776E+002  -0.177475719E+002   0.449369431E+001
   0.30911999876481744E-007  -0.144811332E+000   0.491347504E+001  -0.133218861E+002  -0.177983570E+002   0.447647095E+001
   0.31007999876098147E-007  -0.142609432E+000   0.492494488E+001  -0.133904343E+002  -0.178535480E+002   0.446311378E+001
   0.31103999875714550E-007  -0.140307218E+000   0.490836000E+001  -0.134559631E+002  -0.179144230E+002   0.445845985E+001
   0.31199999875330953E-007  -0.138084605E+000   0.490031338E+001  -0.135213366E+002  -0.179781704E+002   0.445683384E+001
   0.31295999874947356E-007  -0.135887980E+000   0.492771816E+001  -0.135920963E+002  -0.180411644E+002   0.444906807E+001
   0.31391999874563759E-007  -0.133493081E+000   0.497551823E+001  -0.136693993E+002  -0.181032219E+002   0.443382263E+001
   0.31487999874180161E-007  -0.130774558E+000   0.500458765E+001  -0.137481422E+002  -0.181677551E+002   0.441961288E+001
   0.31583999873796564E-007  -0.127859786E+000   0.499851322E+001  -0.138226023E+002  -0.182375946E+002   0.441499233E+001
   0.31679999873412967E-007  -0.124982104E+000   0.498330927E+001  -0.138928785E+002  -0.183114758E+002   0.441859722E+001
   0.31775999873029370E-007  -0.122207977E+000   0.499644375E+001  -0.139644823E+002  -0.183853474E+002   0.442086506E+001
   0.31871999872645773E-007  -0.119362921E+000   0.504212523E+001  -0.140415926E+002  -0.184569645E+002   0.441537189E+001
   0.31967999872262176E-007  -0.116244137E+000   0.508622217E+001  -0.141220312E+002  -0.185282688E+002   0.440623760E+001
   0.32063999871878579E-007  -0.112865567E+000   0.509690094E+001  -0.141999168E+002  -0.186027794E+002   0.440286255E+001
   0.32159999871494982E-007  -0.109443001E+000   0.508246136E+001  -0.142726927E+002  -0.186811543E+002   0.440846157E+001
   0.32255999871111385E-007  -0.106138296E+000   0.508135414E+001  -0.143440742E+002  -0.187602444E+002   0.441617012E+001
   0.32351999870727788E-007  -0.102868609E+000   0.511636114E+001  -0.144194002E+002  -0.188367729E+002   0.441737270E+001
   0.32447999870344191E-007  -0.994084030E-001   0.516758823E+001  -0.144990330E+002  -0.189112320E+002   0.441219902E+001
   0.32543999869960594E-007  -0.956618190E-001   0.519622898E+001  -0.145777578E+002  -0.189873123E+002   0.440955448E+001
   0.32639999869576997E-007  -0.917811319E-001   0.519058132E+001  -0.146508770E+002  -0.190675507E+002   0.441667366E+001
   0.32735999869193400E-007  -0.879913270E-001   0.517958927E+001  -0.147196884E+002  -0.191503487E+002   0.443066025E+001
   0.32831999868809802E-007  -0.843309313E-001   0.519816971E+001  -0.147898331E+002  -0.192318783E+002   0.444204521E+001
   0.32927999868426205E-007  -0.806160793E-001   0.524587774E+001  -0.148645782E+002  -0.193105659E+002   0.444598770E+001
   0.33023999868042608E-007  -0.766673014E-001   0.528787756E+001  -0.149410915E+002  -0.193888187E+002   0.444772720E+001
   0.33119999867659011E-007  -0.725267008E-001   0.529649353E+001  -0.150140667E+002  -0.194700031E+002   0.445593643E+001
   0.33215999867275414E-007  -0.684090629E-001   0.528364849E+001  -0.150821867E+002  -0.195543137E+002   0.447212696E+001
   0.33311999866891817E-007  -0.644492060E-001   0.528604794E+001  -0.151495972E+002  -0.196384754E+002   0.448887825E+001
   0.33407999866508220E-007  -0.605485737E-001   0.532145596E+001  -0.152206650E+002  -0.197195835E+002   0.449891853E+001
   0.33503999866124623E-007  -0.565012060E-001   0.536822605E+001  -0.152944164E+002  -0.197984638E+002   0.450404739E+001
   0.33599999865741026E-007  -0.522454381E-001   0.539174509E+001  -0.153653545E+002  -0.198785572E+002   0.451320267E+001
   0.33695999865357429E-007  -0.479414202E-001   0.538551569E+001  -0.154296436E+002  -0.199617119E+002   0.453206825E+001
   0.33791999864973832E-007  -0.437865891E-001   0.537806177E+001  -0.154892340E+002  -0.200458527E+002   0.455661869E+001
   0.33887999864590235E-007  -0.397925861E-001   0.539834976E+001  -0.155490675E+002  -0.201272507E+002   0.457818317E+001
   0.33983999864206638E-007  -0.357873254E-001   0.544164228E+001  -0.156108513E+002  -0.202046089E+002   0.459375763E+001
   0.34079999863823041E-007  -0.316331945E-001   0.547610378E+001  -0.156709003E+002  -0.202801399E+002   0.460923958E+001
   0.34175999863439444E-007  -0.273969024E-001   0.548121691E+001  -0.157245436E+002  -0.203564434E+002   0.463189983E+001
   0.34271999863055846E-007  -0.232711416E-001   0.547165155E+001  -0.157716703E+002  -0.204330521E+002   0.466138172E+001
   0.34367999862672249E-007  -0.193479732E-001   0.547874498E+001  -0.158167009E+002  -0.205067387E+002   0.469003773E+001
   0.34463999862288652E-007  -0.155174062E-001   0.551278305E+001  -0.158631010E+002  -0.205751762E+002   0.471207523E+001
   0.34559999861905055E-007  -0.116087804E-001   0.555139065E+001  -0.159091005E+002  -0.206395416E+002   0.473044109E+001
   0.34655999861521458E-007  -0.760087976E-002   0.556706285E+001  -0.159497375E+002  -0.207029877E+002   0.475325012E+001
   0.34751999861137861E-007  -0.364947924E-002   0.555998707E+001  -0.159827251E+002  -0.207669067E+002   0.478418159E+001
   0.34847999860754264E-007   0.954144853E-004   0.555698109E+001  -0.160110798E+002  -0.208294086E+002   0.481832886E+001
   0.34943999860370667E-007   0.365982507E-002   0.557876587E+001  -0.160394821E+002  -0.208877335E+002   0.484825134E+001
   0.35039999859987070E-007   0.720193144E-002   0.561543751E+001  -0.160688324E+002  -0.209415989E+002   0.487276649E+001
   0.35135999859603473E-007   0.108129028E-001   0.563912821E+001  -0.160955505E+002  -0.209936352E+002   0.489808464E+001
   0.35231999859219876E-007   0.144030200E-001   0.563790846E+001  -0.161162643E+002  -0.210464516E+002   0.493018723E+001
   0.35327999858836279E-007   0.178079028E-001   0.562985611E+001  -0.161321659E+002  -0.210995998E+002   0.496743393E+001
   0.35423999858452682E-007   0.209844112E-001   0.564065266E+001  -0.161477394E+002  -0.211502495E+002   0.500251007E+001
   0.35519999858069085E-007   0.240564812E-001   0.567252254E+001  -0.161655006E+002  -0.211967735E+002   0.503127289E+001
   0.35615999857685487E-007   0.271596014E-001   0.570202398E+001  -0.161831207E+002  -0.212406807E+002   0.505755997E+001
   0.35711999857301890E-007   0.302751232E-001   0.570871544E+001  -0.161963482E+002  -0.212846775E+002   0.508832932E+001
   0.35807999856918293E-007   0.332530849E-001   0.569965696E+001  -0.162040882E+002  -0.213293648E+002   0.512527657E+001
   0.35903999856534696E-007   0.359920636E-001   0.570049477E+001  -0.162095604E+002  -0.213724747E+002   0.516291428E+001
   0.35999999856151099E-007   0.385577455E-001   0.572446203E+001  -0.162163105E+002  -0.214115086E+002   0.519519806E+001
   0.36095999855767502E-007   0.411003940E-001   0.575676632E+001  -0.162240353E+002  -0.214465141E+002   0.522247887E+001
   0.36191999855383905E-007   0.436745062E-001   0.577264643E+001  -0.162292271E+002  -0.214797764E+002   0.525054932E+001
   0.36287999855000308E-007   0.461778753E-001   0.576686621E+001  -0.162297058E+002  -0.215129147E+002   0.528320885E+001
   0.36383999854616711E-007   0.484793335E-001   0.575941706E+001  -0.162274532E+002  -0.215449696E+002   0.531751633E+001
   0.36479999854233114E-007   0.505785905E-001   0.577128887E+001  -0.162264023E+002  -0.215737057E+002   0.534730339E+001
   0.36575999853849517E-007   0.526077189E-001   0.579975414E+001  -0.162279568E+002  -0.215984821E+002   0.537052536E+001
   0.36671999853465920E-007   0.546768121E-001   0.582225895E+001  -0.162296906E+002  -0.216212311E+002   0.539154053E+001
   0.36767999853082323E-007   0.567501038E-001   0.582338524E+001  -0.162286453E+002  -0.216444416E+002   0.541579628E+001
   0.36863999852698726E-007   0.586963445E-001   0.581249952E+001  -0.162250881E+002  -0.216686268E+002   0.544353867E+001
   0.36959999852315129E-007   0.604474843E-001   0.581189013E+001  -0.162222176E+002  -0.216921978E+002   0.546998024E+001
   0.37055999851931531E-007   0.620758347E-001   0.583052778E+001  -0.162223396E+002  -0.217137718E+002   0.549143219E+001
   0.37151999851547934E-007   0.637041405E-001   0.585459948E+001  -0.162242584E+002  -0.217340221E+002   0.550976372E+001
   0.37247999851164337E-007   0.653623492E-001   0.586480618E+001  -0.162249813E+002  -0.217549362E+002   0.552995491E+001
   0.37343999850780740E-007   0.669605210E-001   0.585882139E+001  -0.162234840E+002  -0.217774734E+002   0.555398941E+001
   0.37439999850397143E-007   0.684022233E-001   0.585266781E+001  -0.162218666E+002  -0.218004551E+002   0.557858849E+001
   0.37535999850013546E-007   0.696975291E-001   0.586099911E+001  -0.162226162E+002  -0.218219490E+002   0.559933281E+001
   0.37631999849629949E-007   0.709451362E-001   0.588060856E+001  -0.162254295E+002  -0.218413715E+002   0.561594200E+001
   0.37727999849246352E-007   0.722143799E-001   0.589583683E+001  -0.162275238E+002  -0.218598709E+002   0.563234711E+001
   0.37823999848862755E-007   0.734719858E-001   0.589766979E+001  -0.162269382E+002  -0.218786716E+002   0.565173340E+001
   0.37919999848479158E-007   0.746340305E-001   0.589314127E+001  -0.162247219E+002  -0.218974838E+002   0.567276192E+001
   0.38015999848095561E-007   0.756706670E-001   0.589526033E+001  -0.162234116E+002  -0.219148388E+002   0.569142723E+001
   0.38111999847711964E-007   0.766364932E-001   0.590725803E+001  -0.162238541E+002  -0.219298134E+002   0.570595932E+001
   0.38207999847328367E-007   0.775993317E-001   0.592017412E+001  -0.162243404E+002  -0.219430103E+002   0.571866989E+001
   0.38303999846944770E-007   0.785626471E-001   0.592498541E+001  -0.162230740E+002  -0.219557610E+002   0.573268700E+001
   0.38399999846561172E-007   0.794745684E-001   0.592315292E+001  -0.162207546E+002  -0.219686451E+002   0.574789047E+001
   0.38495999846177575E-007   0.803024769E-001   0.592320824E+001  -0.162200260E+002  -0.219811401E+002   0.576111412E+001
   0.38591999845793978E-007   0.810750276E-001   0.592934704E+001  -0.162224464E+002  -0.219926815E+002   0.577023506E+001
   0.38687999845410381E-007   0.818434432E-001   0.593701649E+001  -0.162267838E+002  -0.220036888E+002   0.577690506E+001
   0.38783999845026784E-007   0.826183036E-001   0.594011927E+001  -0.162306538E+002  -0.220153027E+002   0.578464890E+001
   0.38879999844643187E-007   0.833634511E-001   0.593934059E+001  -0.162334442E+002  -0.220282822E+002   0.579483795E+001
   0.38975999844259590E-007   0.840491578E-001   0.594060135E+001  -0.162368069E+002  -0.220424213E+002   0.580561447E+001
   0.39071999843875993E-007   0.846902803E-001   0.594648838E+001  -0.162422180E+002  -0.220570889E+002   0.581487083E+001
   0.39167999843492396E-007   0.853198543E-001   0.595268297E+001  -0.162487011E+002  -0.220720425E+002   0.582334137E+001
   0.39263999843108799E-007   0.859369859E-001   0.595422745E+001  -0.162536736E+002  -0.220874252E+002   0.583375168E+001
   0.39359999842725202E-007   0.865019560E-001   0.595289755E+001  -0.162558517E+002  -0.221030655E+002   0.584721375E+001
   0.39455999842341605E-007   0.869872048E-001   0.595527267E+001  -0.162566319E+002  -0.221181259E+002   0.586149406E+001
   0.39551999841958008E-007   0.874163359E-001   0.596366310E+001  -0.162582073E+002  -0.221316471E+002   0.587343979E+001
   0.39647999841574411E-007   0.878367648E-001   0.597214413E+001  -0.162607746E+002  -0.221432877E+002   0.588251305E+001
   0.39743999841190814E-007   0.882595852E-001   0.597367573E+001  -0.162623444E+002  -0.221533051E+002   0.589096069E+001
   0.39839999840807216E-007   0.886460394E-001   0.596959448E+001  -0.162613640E+002  -0.221618595E+002   0.590049553E+001
   0.39935999840423619E-007   0.889621079E-001   0.596873713E+001  -0.162588558E+002  -0.199579868E+002   0.369913101E+001
