t              noda2002.fdtd_Wire probe_Wz_12_12_2_s1.dat       -E*dl Vplus Vminus Vplus-Vminus
   0.00000000000000000E+000   0.000000000E+000   0.000000000E+000   0.000000000E+000   0.000000000E+000   0.000000000E+000
   0.95999999616402931E-010   0.000000000E+000   0.000000000E+000   0.000000000E+000   0.000000000E+000   0.000000000E+000
   0.19199999923280586E-009  -0.304465275E-002   0.330111176E+000  -0.154014276E-001   0.000000000E+000  -0.154014276E-001
   0.28799999884920879E-009  -0.564656220E-002   0.832958400E+000  -0.580903962E-001   0.000000000E+000  -0.580903962E-001
   0.38399999846561172E-009  -0.662068464E-002   0.118356812E+001  -0.115295261E+000   0.000000000E+000  -0.115295261E+000
   0.47999999808201466E-009  -0.751902768E-002   0.131464350E+001  -0.177607313E+000   0.000000000E+000  -0.177607313E+000
   0.57599999769841759E-009  -0.982564501E-002   0.143102741E+001  -0.251379609E+000   0.000000000E+000  -0.251379609E+000
   0.67199999731482052E-009  -0.130397454E-001   0.170481050E+001  -0.344210714E+000   0.000000000E+000  -0.344210714E+000
   0.76799999693122345E-009  -0.156463087E-001   0.208704090E+001  -0.449816316E+000   0.000000000E+000  -0.449816316E+000
   0.86399999654762638E-009  -0.170780774E-001   0.242191744E+001  -0.553819478E+000   0.000000000E+000  -0.553819478E+000
   0.95999999616402931E-009  -0.181145389E-001   0.265132260E+001  -0.649653137E+000   0.000000000E+000  -0.649653137E+000
   0.10559999957804322E-008  -0.196593925E-001   0.285249949E+001  -0.741966963E+000   0.000000000E+000  -0.741966963E+000
   0.11519999953968352E-008  -0.217269883E-001   0.311428213E+001  -0.835688174E+000   0.000000000E+000  -0.835688174E+000
   0.12479999950132381E-008  -0.237134229E-001   0.343743467E+001  -0.928436756E+000   0.000000000E+000  -0.928436756E+000
   0.13439999946296410E-008  -0.252568070E-001   0.376041269E+001  -0.101594663E+001   0.000000000E+000  -0.101594663E+001
   0.14399999942460440E-008  -0.265524779E-001   0.404141045E+001  -0.110015202E+001   0.000000000E+000  -0.110015202E+001
   0.15359999938624469E-008  -0.279712286E-001   0.429153728E+001  -0.118737388E+001   0.000000000E+000  -0.118737388E+001
   0.16319999934788498E-008  -0.306173563E-001   0.465112782E+001  -0.128502643E+001   0.000000000E+000  -0.128502643E+001
   0.17279999930952528E-008  -0.348614715E-001   0.526598454E+001  -0.140157890E+001   0.000000000E+000  -0.140157890E+001
   0.18239999927116557E-008  -0.382683240E-001   0.594303417E+001  -0.153585422E+001   0.000000000E+000  -0.153585422E+001
   0.19199999923280586E-008  -0.406162888E-001   0.647008753E+001  -0.167935789E+001   0.000000000E+000  -0.167935789E+001
   0.20159999919444616E-008  -0.432426035E-001   0.686296558E+001  -0.183179283E+001   0.000000000E+000  -0.183179283E+001
   0.21119999915608645E-008  -0.468851253E-001   0.728579569E+001  -0.199758971E+001   0.000000000E+000  -0.199758971E+001
   0.22079999911772674E-008  -0.508927889E-001   0.782805347E+001  -0.217452455E+001   0.000000000E+000  -0.217452455E+001
   0.23039999907936703E-008  -0.542806834E-001   0.842699623E+001  -0.235352325E+001   0.000000000E+000  -0.235352325E+001
   0.23999999904100733E-008  -0.568953119E-001   0.897787285E+001  -0.252860832E+001   0.000000000E+000  -0.252860832E+001
   0.24959999900264762E-008  -0.593581535E-001   0.945700932E+001  -0.270139194E+001   0.000000000E+000  -0.270139194E+001
   0.25919999896428791E-008  -0.622075573E-001   0.992366982E+001  -0.287485242E+001   0.000000000E+000  -0.287485242E+001
   0.26879999892592821E-008  -0.653885454E-001   0.104365511E+002  -0.304728413E+001   0.000000000E+000  -0.304728413E+001
   0.27839999888756850E-008  -0.684967116E-001   0.109955616E+002  -0.321526003E+001   0.000000000E+000  -0.321526003E+001
   0.28799999884920879E-008  -0.712814704E-001   0.115568085E+002  -0.337979364E+001   0.000000000E+000  -0.337979364E+001
   0.29759999881084909E-008  -0.738461390E-001   0.120837383E+002  -0.354565740E+001   0.000000000E+000  -0.354565740E+001
   0.30719999877248938E-008  -0.764720365E-001   0.125786543E+002  -0.371494508E+001   0.000000000E+000  -0.371494508E+001
   0.31679999873412967E-008  -0.799885094E-001   0.131440153E+002  -0.388789463E+001   0.000000000E+000  -0.388789463E+001
   0.32639999869576997E-008  -0.838017240E-001   0.137969332E+002  -0.406478405E+001   0.000000000E+000  -0.406478405E+001
   0.33599999865741026E-008  -0.871921778E-001   0.144535885E+002  -0.424478245E+001   0.000000000E+000  -0.424478245E+001
   0.34559999861905055E-008  -0.902594998E-001   0.150489244E+002  -0.442834997E+001   0.000000000E+000  -0.442834997E+001
   0.35519999858069085E-008  -0.935003385E-001   0.156008244E+002  -0.461658382E+001   0.000000000E+000  -0.461658382E+001
   0.36479999854233114E-008  -0.971173868E-001   0.161685276E+002  -0.480843973E+001   0.000000000E+000  -0.480843973E+001
   0.37439999850397143E-008  -0.100859724E+000   0.167794952E+002  -0.500127506E+001   0.000000000E+000  -0.500127506E+001
   0.38399999846561172E-008  -0.104393095E+000   0.174089756E+002  -0.519413757E+001   0.000000000E+000  -0.519413757E+001
   0.39359999842725202E-008  -0.107659988E+000   0.180184288E+002  -0.538869143E+001   0.000000000E+000  -0.538869143E+001
   0.40319999838889231E-008  -0.110866785E+000   0.185987854E+002  -0.558637094E+001   0.000000000E+000  -0.558637094E+001
   0.41279999835053260E-008  -0.114209428E+000   0.191743813E+002  -0.578597832E+001   0.000000000E+000  -0.578597832E+001
   0.42239999831217290E-008  -0.117670134E+000   0.197724228E+002  -0.598513842E+001   0.000000000E+000  -0.598513842E+001
   0.43199999827381319E-008  -0.121066295E+000   0.203947105E+002  -0.618335629E+001   0.000000000E+000  -0.618335629E+001
   0.44159999823545348E-008  -0.124257810E+000   0.210191460E+002  -0.638227606E+001   0.000000000E+000  -0.638227606E+001
   0.45119999819709378E-008  -0.127287328E+000   0.216253395E+002  -0.658285952E+001   0.000000000E+000  -0.658285952E+001
   0.46079999815873407E-008  -0.130051732E+000   0.221860924E+002  -0.678205061E+001   0.000000000E+000  -0.678205061E+001
   0.47039999812037436E-008  -0.131076247E+000   0.225291348E+002  -0.696636105E+001   0.000000000E+000  -0.696636105E+001
   0.47999999808201466E-008  -0.132604703E+000   0.227961426E+002  -0.712850094E+001   0.000000000E+000  -0.712850094E+001
   0.48959999804365495E-008  -0.135110900E+000   0.231894188E+002  -0.727872705E+001   0.000000000E+000  -0.727872705E+001
   0.49919999800529524E-008  -0.137438104E+000   0.237136517E+002  -0.742408705E+001   0.000000000E+000  -0.742408705E+001
   0.50879999796693554E-008  -0.138789654E+000   0.242157021E+002  -0.756006384E+001   0.000000000E+000  -0.756006384E+001
   0.51839999792857583E-008  -0.139742866E+000   0.246013985E+002  -0.768168354E+001   0.000000000E+000  -0.768168354E+001
   0.52799999789021612E-008  -0.141323969E+000   0.249307747E+002  -0.779460239E+001   0.000000000E+000  -0.779460239E+001
   0.53759999785185641E-008  -0.143720493E+000   0.253103180E+002  -0.791075802E+001   0.000000000E+000  -0.791075802E+001
   0.54719999781349671E-008  -0.146252275E+000   0.257589989E+002  -0.803637886E+001   0.000000000E+000  -0.803637886E+001
   0.55679999777513700E-008  -0.148336992E+000   0.262102146E+002  -0.816866779E+001   0.000000000E+000  -0.816866779E+001
   0.56639999773677729E-008  -0.150085196E+000   0.266113071E+002  -0.830318642E+001   0.000000000E+000  -0.830318642E+001
   0.57599999769841759E-008  -0.151945695E+000   0.269799995E+002  -0.843997288E+001   0.000000000E+000  -0.843997288E+001
   0.58559999766005788E-008  -0.154075891E+000   0.273657646E+002  -0.858096409E+001   0.000000000E+000  -0.858096409E+001
   0.59519999762169817E-008  -0.156235576E+000   0.277874088E+002  -0.872457981E+001   0.000000000E+000  -0.872457981E+001
   0.60479999758333847E-008  -0.158167765E+000   0.282231789E+002  -0.886590195E+001   0.000000000E+000  -0.886590195E+001
   0.61439999754497876E-008  -0.158528864E+000   0.284994316E+002  -0.899466038E+001   0.000000000E+000  -0.899466038E+001
   0.62399999750661905E-008  -0.157714039E+000   0.285354919E+002  -0.909920406E+001   0.000000000E+000  -0.909920406E+001
   0.63359999746825935E-008  -0.157947943E+000   0.285591927E+002  -0.918194771E+001   0.000000000E+000  -0.918194771E+001
   0.64319999742989964E-008  -0.159061849E+000   0.287544823E+002  -0.925363445E+001   0.000000000E+000  -0.925363445E+001
   0.65279999739153993E-008  -0.159637228E+000   0.290577583E+002  -0.931602955E+001   0.000000000E+000  -0.931602955E+001
   0.66239999735318023E-008  -0.159202844E+000   0.292939758E+002  -0.936471844E+001   0.000000000E+000  -0.936471844E+001
   0.67199999731482052E-008  -0.158664197E+000   0.294047146E+002  -0.940169144E+001   0.000000000E+000  -0.940169144E+001
   0.68159999727646081E-008  -0.158962086E+000   0.294837685E+002  -0.943719006E+001   0.000000000E+000  -0.943719006E+001
   0.69119999723810110E-008  -0.159995034E+000   0.296326084E+002  -0.947957325E+001   0.000000000E+000  -0.947957325E+001
   0.70079999719974140E-008  -0.160977960E+000   0.298472481E+002  -0.952860069E+001   0.000000000E+000  -0.952860069E+001
   0.71039999716138169E-008  -0.161451384E+000   0.300523376E+002  -0.958003616E+001   0.000000000E+000  -0.958003616E+001
   0.71999999712302198E-008  -0.161649927E+000   0.302021122E+002  -0.963283062E+001   0.000000000E+000  -0.963283062E+001
   0.72959999708466228E-008  -0.162027851E+000   0.303201790E+002  -0.968880177E+001   0.000000000E+000  -0.968880177E+001
   0.73919999704630257E-008  -0.162711591E+000   0.304558926E+002  -0.974736691E+001   0.000000000E+000  -0.974736691E+001
   0.74879999700794286E-008  -0.163470134E+000   0.306287727E+002  -0.980446625E+001   0.000000000E+000  -0.980446625E+001
   0.75839999696958316E-008  -0.164052561E+000   0.308192234E+002  -0.985718632E+001   0.000000000E+000  -0.985718632E+001
   0.76799999693122345E-008  -0.164431766E+000   0.309978676E+002  -0.990693569E+001   0.000000000E+000  -0.990693569E+001
   0.77759999689286374E-008  -0.164764941E+000   0.311537628E+002  -0.995685959E+001   0.000000000E+000  -0.995685959E+001
   0.78719999685450404E-008  -0.165212050E+000   0.312984428E+002  -0.100078125E+002   0.000000000E+000  -0.100078125E+002
   0.79679999681614433E-008  -0.165806919E+000   0.314504547E+002  -0.100585651E+002   0.000000000E+000  -0.100585651E+002
   0.80639999677778462E-008  -0.166455895E+000   0.316174526E+002  -0.101090870E+002   0.000000000E+000  -0.101090870E+002
   0.81599999673942492E-008  -0.166600540E+000   0.317437038E+002  -0.101592379E+002   0.000000000E+000  -0.101592379E+002
   0.82559999670106521E-008  -0.166479975E+000   0.318141842E+002  -0.102075176E+002   0.000000000E+000  -0.102075176E+002
   0.83519999666270550E-008  -0.166580498E+000   0.318831425E+002  -0.102530890E+002   0.000000000E+000  -0.102530890E+002
   0.84479999662434579E-008  -0.166856974E+000   0.319939423E+002  -0.102948189E+002   0.000000000E+000  -0.102948189E+002
   0.85439999658598609E-008  -0.166997805E+000   0.321335068E+002  -0.103308353E+002   0.000000000E+000  -0.103308353E+002
   0.86399999654762638E-008  -0.166898727E+000   0.322606010E+002  -0.103606825E+002   0.000000000E+000  -0.103606825E+002
   0.87359999650926667E-008  -0.166764706E+000   0.323565140E+002  -0.103864870E+002   0.000000000E+000  -0.103864870E+002
   0.88319999647090697E-008  -0.166835770E+000   0.324379272E+002  -0.104111986E+002   0.000000000E+000  -0.104111986E+002
   0.89279999643254726E-008  -0.167139411E+000   0.325297852E+002  -0.104362278E+002   0.000000000E+000  -0.104362278E+002
   0.90239999639418755E-008  -0.167522669E+000   0.326381912E+002  -0.104615717E+002   0.000000000E+000  -0.104615717E+002
   0.91199999635582785E-008  -0.167844698E+000   0.327502289E+002  -0.104880047E+002   0.000000000E+000  -0.104880047E+002
   0.92159999631746814E-008  -0.168088123E+000   0.328519402E+002  -0.105179539E+002   0.000000000E+000  -0.105179539E+002
   0.93119999627910843E-008  -0.168315530E+000   0.329416466E+002  -0.105533924E+002   0.000000000E+000  -0.105533924E+002
   0.94079999624074873E-008  -0.168573663E+000   0.330290604E+002  -0.105932608E+002   0.000000000E+000  -0.105932608E+002
   0.95039999620238902E-008  -0.168847740E+000   0.331258240E+002  -0.106340351E+002   0.000000000E+000  -0.106340351E+002
   0.95999999616402931E-008  -0.169076413E+000   0.332362633E+002  -0.106731596E+002   0.000000000E+000  -0.106731596E+002
   0.96959999612566961E-008  -0.169196963E+000   0.333538513E+002  -0.107110949E+002   0.000000000E+000  -0.107110949E+002
   0.97919999608730990E-008  -0.169198915E+000   0.334663048E+002  -0.107492037E+002   0.000000000E+000  -0.107492037E+002
   0.98879999604895019E-008  -0.169153750E+000   0.335671387E+002  -0.107862597E+002   0.000000000E+000  -0.107862597E+002
   0.99839999601059048E-008  -0.169174463E+000   0.336631050E+002  -0.108186817E+002   0.000000000E+000  -0.108186817E+002
   0.10079999959722308E-007  -0.169316739E+000   0.337671318E+002  -0.108447866E+002   0.000000000E+000  -0.108447866E+002
   0.10175999959338711E-007  -0.169072270E+000   0.338328171E+002  -0.108652039E+002   0.000000000E+000  -0.108652039E+002
   0.10271999958955114E-007  -0.168778881E+000   0.338603287E+002  -0.108822079E+002   0.000000000E+000  -0.108822079E+002
   0.10367999958571517E-007  -0.168722585E+000   0.338882370E+002  -0.108982229E+002   0.000000000E+000  -0.108982229E+002
   0.10463999958187920E-007  -0.168823600E+000   0.339401436E+002  -0.109119730E+002   0.000000000E+000  -0.109119730E+002
   0.10559999957804322E-007  -0.168892682E+000   0.340072060E+002  -0.109211922E+002   0.000000000E+000  -0.109211922E+002
   0.10655999957420725E-007  -0.168871969E+000   0.340684662E+002  -0.109281492E+002   0.000000000E+000  -0.109281492E+002
   0.10751999957037128E-007  -0.168827876E+000   0.341126480E+002  -0.109386797E+002   0.000000000E+000  -0.109386797E+002
   0.10847999956653531E-007  -0.168839350E+000   0.341435471E+002  -0.109551640E+002   0.000000000E+000  -0.109551640E+002
   0.10943999956269934E-007  -0.168941930E+000   0.341753044E+002  -0.109735641E+002   0.000000000E+000  -0.109735641E+002
   0.11039999955886337E-007  -0.169108629E+000   0.342224808E+002  -0.109893322E+002   0.000000000E+000  -0.109893322E+002
   0.11135999955502740E-007  -0.169238850E+000   0.342861938E+002  -0.110039148E+002   0.000000000E+000  -0.110039148E+002
   0.11231999955119143E-007  -0.169222727E+000   0.343491592E+002  -0.110221739E+002   0.000000000E+000  -0.110221739E+002
   0.11327999954735546E-007  -0.169074982E+000   0.343926430E+002  -0.110441351E+002   0.000000000E+000  -0.110441351E+002
   0.11423999954351949E-007  -0.168962508E+000   0.344209213E+002  -0.110632887E+002   0.000000000E+000  -0.110632887E+002
   0.11519999953968352E-007  -0.169025034E+000   0.344598312E+002  -0.110747099E+002   0.000000000E+000  -0.110747099E+002
   0.11615999953584755E-007  -0.169187576E+000   0.345243988E+002  -0.110818653E+002   0.000000000E+000  -0.110818653E+002
   0.11711999953201158E-007  -0.169243008E+000   0.345957718E+002  -0.110921564E+002   0.000000000E+000  -0.110921564E+002
   0.11807999952817561E-007  -0.169137672E+000   0.346425934E+002  -0.111070318E+002   0.000000000E+000  -0.111070318E+002
   0.11903999952433963E-007  -0.169074506E+000   0.346628532E+002  -0.111206083E+002   0.000000000E+000  -0.111206083E+002
   0.11999999952050366E-007  -0.169255868E+000   0.346891785E+002  -0.111289091E+002   0.000000000E+000  -0.111289091E+002
   0.12095999951666769E-007  -0.169593021E+000   0.347463837E+002  -0.111365404E+002   0.000000000E+000  -0.111365404E+002
   0.12191999951283172E-007  -0.169796690E+000   0.348171234E+002  -0.111508865E+002   0.000000000E+000  -0.111508865E+002
   0.12287999950899575E-007  -0.169755459E+000   0.348645401E+002  -0.111716194E+002   0.000000000E+000  -0.111716194E+002
   0.12383999950515978E-007  -0.169689000E+000   0.348832283E+002  -0.111904364E+002   0.000000000E+000  -0.111904364E+002
   0.12479999950132381E-007  -0.169849247E+000   0.349081421E+002  -0.112018213E+002   0.000000000E+000  -0.112018213E+002
   0.12575999949748784E-007  -0.170169771E+000   0.349670792E+002  -0.112100296E+002   0.000000000E+000  -0.112100296E+002
   0.12671999949365187E-007  -0.170355126E+000   0.350413284E+002  -0.112225704E+002   0.000000000E+000  -0.112225704E+002
   0.12767999948981590E-007  -0.170298025E+000   0.350901413E+002  -0.112394209E+002   0.000000000E+000  -0.112394209E+002
   0.12863999948597993E-007  -0.170244306E+000   0.351065216E+002  -0.112532415E+002   0.000000000E+000  -0.112532415E+002
   0.12959999948214396E-007  -0.170463875E+000   0.351271629E+002  -0.112603140E+002   0.000000000E+000  -0.112603140E+002
   0.13055999947830799E-007  -0.170875952E+000   0.351819229E+002  -0.112666712E+002   0.000000000E+000  -0.112666712E+002
   0.13151999947447202E-007  -0.171025097E+000   0.352388191E+002  -0.112798729E+002   0.000000000E+000  -0.112798729E+002
   0.13247999947063605E-007  -0.170833781E+000   0.352540321E+002  -0.112984657E+002   0.000000000E+000  -0.112984657E+002
   0.13343999946680007E-007  -0.170689419E+000   0.352399330E+002  -0.113143406E+002   0.000000000E+000  -0.113143406E+002
   0.13439999946296410E-007  -0.170823768E+000   0.352465935E+002  -0.113235140E+002   0.000000000E+000  -0.113235140E+002
   0.13535999945912813E-007  -0.171043620E+000   0.352964897E+002  -0.113306408E+002   0.000000000E+000  -0.113306408E+002
   0.13631999945529216E-007  -0.171011329E+000   0.353564034E+002  -0.113416767E+002   0.000000000E+000  -0.113416767E+002
   0.13727999945145619E-007  -0.170706123E+000   0.353819046E+002  -0.113548889E+002   0.000000000E+000  -0.113548889E+002
   0.13823999944762022E-007  -0.170463383E+000   0.353751411E+002  -0.113628588E+002   0.000000000E+000  -0.113628588E+002
   0.13919999944378425E-007  -0.170543656E+000   0.353799629E+002  -0.113628178E+002   0.000000000E+000  -0.113628178E+002
   0.14015999943994828E-007  -0.170804843E+000   0.354222031E+002  -0.113609457E+002   0.000000000E+000  -0.113609457E+002
   0.14111999943611231E-007  -0.170909643E+000   0.354755516E+002  -0.113645878E+002   0.000000000E+000  -0.113645878E+002
   0.14207999943227634E-007  -0.170782268E+000   0.354980392E+002  -0.113730955E+002   0.000000000E+000  -0.113730955E+002
   0.14303999942844037E-007  -0.170698643E+000   0.354887772E+002  -0.113797865E+002   0.000000000E+000  -0.113797865E+002
   0.14399999942460440E-007  -0.170897096E+000   0.354883499E+002  -0.113819780E+002   0.000000000E+000  -0.113819780E+002
   0.14495999942076843E-007  -0.171245456E+000   0.355236397E+002  -0.113849592E+002   0.000000000E+000  -0.113849592E+002
   0.14591999941693246E-007  -0.171415612E+000   0.355727882E+002  -0.113944511E+002   0.000000000E+000  -0.113944511E+002
   0.14687999941309648E-007  -0.171319887E+000   0.355968246E+002  -0.114082556E+002   0.000000000E+000  -0.114082556E+002
   0.14783999940926051E-007  -0.171214670E+000   0.355930748E+002  -0.114187832E+002   0.000000000E+000  -0.114187832E+002
   0.14879999940542454E-007  -0.171341196E+000   0.355972786E+002  -0.114229307E+002   0.000000000E+000  -0.114229307E+002
   0.14975999940158857E-007  -0.171604261E+000   0.356333084E+002  -0.114256840E+002   0.000000000E+000  -0.114256840E+002
   0.15071999939775260E-007  -0.171722487E+000   0.356807480E+002  -0.114327564E+002   0.000000000E+000  -0.114327564E+002
   0.15167999939391663E-007  -0.171627522E+000   0.357039566E+002  -0.114427099E+002   0.000000000E+000  -0.114427099E+002
   0.15263999939008066E-007  -0.171557397E+000   0.357010574E+002  -0.114493895E+002   0.000000000E+000  -0.114493895E+002
   0.15359999938624469E-007  -0.171724677E+000   0.357053070E+002  -0.114509201E+002   0.000000000E+000  -0.114509201E+002
   0.15455999938240872E-007  -0.172026485E+000   0.357385025E+002  -0.114525862E+002   0.000000000E+000  -0.114525862E+002
   0.15551999937857275E-007  -0.172192216E+000   0.357817001E+002  -0.114596977E+002   0.000000000E+000  -0.114596977E+002
   0.15647999937473678E-007  -0.172154263E+000   0.358027153E+002  -0.114704924E+002   0.000000000E+000  -0.114704924E+002
   0.15743999937090081E-007  -0.172128394E+000   0.358007889E+002  -0.114787903E+002   0.000000000E+000  -0.114787903E+002
   0.15839999936706484E-007  -0.172304571E+000   0.358066406E+002  -0.114824810E+002   0.000000000E+000  -0.114824810E+002
   0.15935999936322887E-007  -0.172585726E+000   0.358394165E+002  -0.114860620E+002   0.000000000E+000  -0.114860620E+002
   0.16031999935939290E-007  -0.172730252E+000   0.358808899E+002  -0.114940290E+002   0.000000000E+000  -0.114940290E+002
   0.16127999935555692E-007  -0.172670707E+000   0.358997536E+002  -0.115044813E+002   0.000000000E+000  -0.115044813E+002
   0.16223999935172095E-007  -0.172596678E+000   0.358930817E+002  -0.115117264E+002   0.000000000E+000  -0.115117264E+002
   0.16319999934788498E-007  -0.172727391E+000   0.358929520E+002  -0.115142860E+002   0.000000000E+000  -0.115142860E+002
   0.16415999934404901E-007  -0.172971755E+000   0.359203529E+002  -0.115169029E+002   0.000000000E+000  -0.115169029E+002
   0.16511999934021304E-007  -0.173080325E+000   0.359575462E+002  -0.115238380E+002   0.000000000E+000  -0.115238380E+002
   0.16607999933637707E-007  -0.172997713E+000   0.359747162E+002  -0.115331573E+002   0.000000000E+000  -0.115331573E+002
   0.16703999933254110E-007  -0.172927544E+000   0.359711990E+002  -0.115396776E+002   0.000000000E+000  -0.115396776E+002
   0.16799999932870513E-007  -0.173041642E+000   0.359746513E+002  -0.115421391E+002   0.000000000E+000  -0.115421391E+002
   0.16895999932486916E-007  -0.173249736E+000   0.360017967E+002  -0.115446672E+002   0.000000000E+000  -0.115446672E+002
   0.16991999932103319E-007  -0.173338264E+000   0.360362663E+002  -0.115508432E+002   0.000000000E+000  -0.115508432E+002
   0.17087999931719722E-007  -0.173269093E+000   0.360525894E+002  -0.115588179E+002   0.000000000E+000  -0.115588179E+002
   0.17183999931336125E-007  -0.173223674E+000   0.360511703E+002  -0.115640965E+002   0.000000000E+000  -0.115640965E+002
   0.17279999930952528E-007  -0.173346624E+000   0.360562363E+002  -0.115658550E+002   0.000000000E+000  -0.115658550E+002
   0.17375999930568931E-007  -0.173552409E+000   0.360815811E+002  -0.115680132E+002   0.000000000E+000  -0.115680132E+002
   0.17471999930185333E-007  -0.173653841E+000   0.361124763E+002  -0.115738287E+002   0.000000000E+000  -0.115738287E+002
   0.17567999929801736E-007  -0.173620179E+000   0.361273575E+002  -0.115816202E+002   0.000000000E+000  -0.115816202E+002
   0.17663999929418139E-007  -0.173607811E+000   0.361276932E+002  -0.115873280E+002   0.000000000E+000  -0.115873280E+002
   0.17759999929034542E-007  -0.173735008E+000   0.361348495E+002  -0.115900745E+002   0.000000000E+000  -0.115900745E+002
   0.17855999928650945E-007  -0.173921570E+000   0.361599655E+002  -0.115930700E+002   0.000000000E+000  -0.115930700E+002
   0.17951999928267348E-007  -0.174008310E+000   0.361891708E+002  -0.115989323E+002   0.000000000E+000  -0.115989323E+002
   0.18047999927883751E-007  -0.173979387E+000   0.362035599E+002  -0.116060905E+002   0.000000000E+000  -0.116060905E+002
   0.18143999927500154E-007  -0.173979104E+000   0.362050400E+002  -0.116111088E+002   0.000000000E+000  -0.116111088E+002
   0.18239999927116557E-007  -0.174110234E+000   0.362127419E+002  -0.116134567E+002   0.000000000E+000  -0.116134567E+002
   0.18335999926732960E-007  -0.174297407E+000   0.362363396E+002  -0.116161718E+002   0.000000000E+000  -0.116161718E+002
   0.18431999926349363E-007  -0.174396977E+000   0.362635727E+002  -0.116217461E+002   0.000000000E+000  -0.116217461E+002
   0.18527999925965766E-007  -0.174391702E+000   0.362779579E+002  -0.116290016E+002   0.000000000E+000  -0.116290016E+002
   0.18623999925582169E-007  -0.174404010E+000   0.362812424E+002  -0.116349831E+002   0.000000000E+000  -0.116349831E+002
   0.18719999925198572E-007  -0.174521163E+000   0.362901382E+002  -0.116389799E+002   0.000000000E+000  -0.116389799E+002
   0.18815999924814975E-007  -0.174678579E+000   0.363131905E+002  -0.116431723E+002   0.000000000E+000  -0.116431723E+002
   0.18911999924431377E-007  -0.174754545E+000   0.363398743E+002  -0.116493464E+002   0.000000000E+000  -0.116493464E+002
   0.19007999924047780E-007  -0.174736932E+000   0.363556633E+002  -0.116563644E+002   0.000000000E+000  -0.116563644E+002
   0.19103999923664183E-007  -0.174735233E+000   0.363614578E+002  -0.116616859E+002   0.000000000E+000  -0.116616859E+002
   0.19199999923280586E-007  -0.174831390E+000   0.363713188E+002  -0.116646900E+002   0.000000000E+000  -0.116646900E+002
   0.19295999922896989E-007  -0.174976587E+000   0.363929863E+002  -0.116673641E+002   0.000000000E+000  -0.116673641E+002
   0.19391999922513392E-007  -0.175066292E+000   0.364179611E+002  -0.116717215E+002   0.000000000E+000  -0.116717215E+002
   0.19487999922129795E-007  -0.175081685E+000   0.364335861E+002  -0.116775007E+002   0.000000000E+000  -0.116775007E+002
   0.19583999921746198E-007  -0.175107419E+000   0.364398727E+002  -0.116829538E+002   0.000000000E+000  -0.116829538E+002
   0.19679999921362601E-007  -0.175211996E+000   0.364488449E+002  -0.116873560E+002   0.000000000E+000  -0.116873560E+002
   0.19775999920979004E-007  -0.175356150E+000   0.364684830E+002  -0.116918869E+002   0.000000000E+000  -0.116918869E+002
   0.19871999920595407E-007  -0.175446421E+000   0.364929199E+002  -0.116979542E+002   0.000000000E+000  -0.116979542E+002
   0.19967999920211810E-007  -0.175455108E+000   0.365108871E+002  -0.117052660E+002   0.000000000E+000  -0.117052660E+002
   0.20063999919828213E-007  -0.175450370E+000   0.365203781E+002  -0.117120256E+002   0.000000000E+000  -0.117120256E+002
   0.20159999919444616E-007  -0.175483689E+000   0.365282097E+002  -0.117168131E+002   0.000000000E+000  -0.117168131E+002
   0.20255999919061018E-007  -0.175558299E+000   0.365423203E+002  -0.117200279E+002   0.000000000E+000  -0.117200279E+002
   0.20351999918677421E-007  -0.175623089E+000   0.365621605E+002  -0.117233295E+002   0.000000000E+000  -0.117233295E+002
   0.20447999918293824E-007  -0.175635681E+000   0.365791168E+002  -0.117276030E+002   0.000000000E+000  -0.117276030E+002
   0.20543999917910227E-007  -0.175627008E+000   0.365879517E+002  -0.117319851E+002   0.000000000E+000  -0.117319851E+002
   0.20639999917526630E-007  -0.175664410E+000   0.365938759E+002  -0.117351990E+002   0.000000000E+000  -0.117351990E+002
   0.20735999917143033E-007  -0.175762966E+000   0.366058693E+002  -0.117374935E+002   0.000000000E+000  -0.117374935E+002
   0.20831999916759436E-007  -0.175862163E+000   0.366249237E+002  -0.117406778E+002   0.000000000E+000  -0.117406778E+002
   0.20927999916375839E-007  -0.175900206E+000   0.366425667E+002  -0.117459841E+002   0.000000000E+000  -0.117459841E+002
   0.21023999915992242E-007  -0.175892219E+000   0.366519356E+002  -0.117523651E+002   0.000000000E+000  -0.117523651E+002
   0.21119999915608645E-007  -0.175910726E+000   0.366571808E+002  -0.117575378E+002   0.000000000E+000  -0.117575378E+002
   0.21215999915225048E-007  -0.175990507E+000   0.366685104E+002  -0.117607260E+002   0.000000000E+000  -0.117607260E+002
   0.21311999914841451E-007  -0.176080585E+000   0.366886711E+002  -0.117635946E+002   0.000000000E+000  -0.117635946E+002
   0.21407999914457854E-007  -0.176110595E+000   0.367085800E+002  -0.117679682E+002   0.000000000E+000  -0.117679682E+002
   0.21503999914074257E-007  -0.176089078E+000   0.367187767E+002  -0.117732172E+002   0.000000000E+000  -0.117732172E+002
   0.21599999913690660E-007  -0.176101223E+000   0.367223015E+002  -0.117769756E+002   0.000000000E+000  -0.117769756E+002
   0.21695999913307062E-007  -0.176199526E+000   0.367313919E+002  -0.117785101E+002   0.000000000E+000  -0.117785101E+002
   0.21791999912923465E-007  -0.176328555E+000   0.367512016E+002  -0.117801695E+002   0.000000000E+000  -0.117801695E+002
   0.21887999912539868E-007  -0.176391616E+000   0.367721252E+002  -0.117845774E+002   0.000000000E+000  -0.117845774E+002
   0.21983999912156271E-007  -0.176379576E+000   0.367821274E+002  -0.117910910E+002   0.000000000E+000  -0.117910910E+002
   0.22079999911772674E-007  -0.176387593E+000   0.367835426E+002  -0.117964840E+002   0.000000000E+000  -0.117964840E+002
   0.22175999911389077E-007  -0.176486984E+000   0.367910500E+002  -0.117992563E+002   0.000000000E+000  -0.117992563E+002
   0.22271999911005480E-007  -0.176621139E+000   0.368119965E+002  -0.118017006E+002   0.000000000E+000  -0.118017006E+002
   0.22367999910621883E-007  -0.176675558E+000   0.368355331E+002  -0.118066521E+002   0.000000000E+000  -0.118066521E+002
   0.22463999910238286E-007  -0.176636994E+000   0.368465805E+002  -0.118132572E+002   0.000000000E+000  -0.118132572E+002
   0.22559999909854689E-007  -0.176622152E+000   0.368467484E+002  -0.118178377E+002   0.000000000E+000  -0.118178377E+002
   0.22655999909471092E-007  -0.176724240E+000   0.368529930E+002  -0.118189850E+002   0.000000000E+000  -0.118189850E+002
   0.22751999909087495E-007  -0.176881552E+000   0.368744965E+002  -0.118198376E+002   0.000000000E+000  -0.118198376E+002
   0.22847999908703898E-007  -0.176956296E+000   0.368991280E+002  -0.118240337E+002   0.000000000E+000  -0.118240337E+002
   0.22943999908320301E-007  -0.176925153E+000   0.369094505E+002  -0.118307533E+002   0.000000000E+000  -0.118307533E+002
   0.23039999907936703E-007  -0.176917151E+000   0.369072266E+002  -0.118358431E+002   0.000000000E+000  -0.118358431E+002
   0.23135999907553106E-007  -0.177036062E+000   0.369120216E+002  -0.118376732E+002   0.000000000E+000  -0.118376732E+002
   0.23231999907169509E-007  -0.177209005E+000   0.369344368E+002  -0.118395300E+002   0.000000000E+000  -0.118395300E+002
   0.23327999906785912E-007  -0.177279562E+000   0.369607887E+002  -0.118449793E+002   0.000000000E+000  -0.118449793E+002
   0.23423999906402315E-007  -0.177225247E+000   0.369714813E+002  -0.118526106E+002   0.000000000E+000  -0.118526106E+002
   0.23519999906018718E-007  -0.177195758E+000   0.369685020E+002  -0.118577137E+002   0.000000000E+000  -0.118577137E+002
   0.23615999905635121E-007  -0.177309096E+000   0.369732780E+002  -0.118587704E+002   0.000000000E+000  -0.118587704E+002
   0.23711999905251524E-007  -0.177485511E+000   0.369969254E+002  -0.118596792E+002   0.000000000E+000  -0.118596792E+002
   0.23807999904867927E-007  -0.177555829E+000   0.370240898E+002  -0.118644075E+002   0.000000000E+000  -0.118644075E+002
   0.23903999904484330E-007  -0.177499771E+000   0.370338669E+002  -0.118714867E+002   0.000000000E+000  -0.118714867E+002
   0.23999999904100733E-007  -0.177478939E+000   0.370292549E+002  -0.118761435E+002   0.000000000E+000  -0.118761435E+002
   0.24095999903717136E-007  -0.177611589E+000   0.370335312E+002  -0.118771381E+002   0.000000000E+000  -0.118771381E+002
   0.24191999903333539E-007  -0.177802518E+000   0.370579224E+002  -0.118786154E+002   0.000000000E+000  -0.118786154E+002
   0.24287999902949942E-007  -0.177871272E+000   0.370855942E+002  -0.118842707E+002   0.000000000E+000  -0.118842707E+002
   0.24383999902566345E-007  -0.177804217E+000   0.370949478E+002  -0.118920240E+002   0.000000000E+000  -0.118920240E+002
   0.24479999902182747E-007  -0.177776366E+000   0.370899582E+002  -0.118967943E+002   0.000000000E+000  -0.118967943E+002
   0.24575999901799150E-007  -0.177908048E+000   0.370948410E+002  -0.118975439E+002   0.000000000E+000  -0.118975439E+002
   0.24671999901415553E-007  -0.178096429E+000   0.371201134E+002  -0.118986788E+002   0.000000000E+000  -0.118986788E+002
   0.24767999901031956E-007  -0.178159937E+000   0.371476669E+002  -0.119038439E+002   0.000000000E+000  -0.119038439E+002
   0.24863999900648359E-007  -0.178094462E+000   0.371560326E+002  -0.119108706E+002   0.000000000E+000  -0.119108706E+002
   0.24959999900264762E-007  -0.178079993E+000   0.371504784E+002  -0.119149885E+002   0.000000000E+000  -0.119149885E+002
   0.25055999899881165E-007  -0.178227574E+000   0.371556625E+002  -0.119156742E+002   0.000000000E+000  -0.119156742E+002
   0.25151999899497568E-007  -0.178383976E+000   0.371769791E+002  -0.119172478E+002   0.000000000E+000  -0.119172478E+002
   0.25247999899113971E-007  -0.178384438E+000   0.371946449E+002  -0.119226084E+002   0.000000000E+000  -0.119226084E+002
   0.25343999898730374E-007  -0.178280249E+000   0.371935272E+002  -0.119291773E+002   0.000000000E+000  -0.119291773E+002
   0.25439999898346777E-007  -0.178244710E+000   0.371838417E+002  -0.119324026E+002   0.000000000E+000  -0.119324026E+002
   0.25535999897963180E-007  -0.178348050E+000   0.371878395E+002  -0.119319363E+002   0.000000000E+000  -0.119319363E+002
   0.25631999897579583E-007  -0.178464964E+000   0.372094803E+002  -0.119319773E+002   0.000000000E+000  -0.119319773E+002
   0.25727999897195986E-007  -0.178449139E+000   0.372286148E+002  -0.119353504E+002   0.000000000E+000  -0.119353504E+002
   0.25823999896812388E-007  -0.178339228E+000   0.372283173E+002  -0.119396954E+002   0.000000000E+000  -0.119396954E+002
   0.25919999896428791E-007  -0.178309545E+000   0.372180824E+002  -0.119410648E+002   0.000000000E+000  -0.119410648E+002
   0.26015999896045194E-007  -0.178430513E+000   0.372207031E+002  -0.119396954E+002   0.000000000E+000  -0.119396954E+002
   0.26111999895661597E-007  -0.178570643E+000   0.372409325E+002  -0.119397974E+002   0.000000000E+000  -0.119397974E+002
   0.26207999895278000E-007  -0.178576693E+000   0.372592545E+002  -0.119437447E+002   0.000000000E+000  -0.119437447E+002
   0.26303999894894403E-007  -0.178481981E+000   0.372591476E+002  -0.119488811E+002   0.000000000E+000  -0.119488811E+002
   0.26399999894510806E-007  -0.178455025E+000   0.372497749E+002  -0.119513025E+002   0.000000000E+000  -0.119513025E+002
   0.26495999894127209E-007  -0.178563684E+000   0.372529373E+002  -0.119511490E+002   0.000000000E+000  -0.119511490E+002
   0.26591999893743612E-007  -0.178683758E+000   0.372729645E+002  -0.119520836E+002   0.000000000E+000  -0.119520836E+002
   0.26687999893360015E-007  -0.178674862E+000   0.372912788E+002  -0.119559364E+002   0.000000000E+000  -0.119559364E+002
   0.26783999892976418E-007  -0.178574711E+000   0.372923889E+002  -0.119601631E+002   0.000000000E+000  -0.119601631E+002
   0.26879999892592821E-007  -0.178543895E+000   0.372847786E+002  -0.119615259E+002   0.000000000E+000  -0.119615259E+002
   0.26975999892209224E-007  -0.178644359E+000   0.372883224E+002  -0.119606552E+002   0.000000000E+000  -0.119606552E+002
   0.27071999891825627E-007  -0.178759828E+000   0.373067703E+002  -0.119611530E+002   0.000000000E+000  -0.119611530E+002
   0.27167999891442030E-007  -0.178761169E+000   0.373234024E+002  -0.119646997E+002   0.000000000E+000  -0.119646997E+002
   0.27263999891058432E-007  -0.178680837E+000   0.373248215E+002  -0.119690132E+002   0.000000000E+000  -0.119690132E+002
   0.27359999890674835E-007  -0.178658202E+000   0.373191490E+002  -0.119712553E+002   0.000000000E+000  -0.119712553E+002
   0.27455999890291238E-007  -0.178741753E+000   0.373240280E+002  -0.119719172E+002   0.000000000E+000  -0.119719172E+002
   0.27551999889907641E-007  -0.178825334E+000   0.373423042E+002  -0.119738655E+002   0.000000000E+000  -0.119738655E+002
   0.27647999889524044E-007  -0.178798735E+000   0.373590012E+002  -0.119781847E+002   0.000000000E+000  -0.119781847E+002
   0.27743999889140447E-007  -0.178697035E+000   0.373625832E+002  -0.119826889E+002   0.000000000E+000  -0.119826889E+002
   0.27839999888756850E-007  -0.178645477E+000   0.373603363E+002  -0.119849977E+002   0.000000000E+000  -0.119849977E+002
   0.27935999888373253E-007  -0.178685889E+000   0.373674393E+002  -0.119857435E+002   0.000000000E+000  -0.119857435E+002
   0.28031999887989656E-007  -0.178725466E+000   0.373859940E+002  -0.119875956E+002   0.000000000E+000  -0.119875956E+002
   0.28127999887606059E-007  -0.178669631E+000   0.374030266E+002  -0.119916830E+002   0.000000000E+000  -0.119916830E+002
   0.28223999887222462E-007  -0.178547785E+000   0.374089279E+002  -0.119963894E+002   0.000000000E+000  -0.119963894E+002
   0.28319999886838865E-007  -0.178462997E+000   0.374102974E+002  -0.119998960E+002   0.000000000E+000  -0.119998960E+002
   0.28415999886455268E-007  -0.178444788E+000   0.374202766E+002  -0.120027676E+002   0.000000000E+000  -0.120027676E+002
   0.28511999886071671E-007  -0.178409323E+000   0.374407310E+002  -0.120070896E+002   0.000000000E+000  -0.120070896E+002
   0.28607999885688074E-007  -0.178274244E+000   0.374607010E+002  -0.120135832E+002   0.000000000E+000  -0.120135832E+002
   0.28703999885304476E-007  -0.178064227E+000   0.374720573E+002  -0.120206957E+002   0.000000000E+000  -0.120206957E+002
   0.28799999884920879E-007  -0.177867323E+000   0.374802628E+002  -0.120267487E+002   0.000000000E+000  -0.120267487E+002
   0.28895999884537282E-007  -0.177710846E+000   0.374962845E+002  -0.120321026E+002   0.000000000E+000  -0.120321026E+002
   0.28991999884153685E-007  -0.177527085E+000   0.375217171E+002  -0.120385323E+002   0.000000000E+000  -0.120385323E+002
   0.29087999883770088E-007  -0.177247599E+000   0.375473785E+002  -0.120468731E+002   0.000000000E+000  -0.120468731E+002
   0.29183999883386491E-007  -0.176891133E+000   0.375663300E+002  -0.120561666E+002   0.000000000E+000  -0.120561666E+002
   0.29279999883002894E-007  -0.176528722E+000   0.375830536E+002  -0.120652647E+002   0.000000000E+000  -0.120652647E+002
   0.29375999882619297E-007  -0.176180899E+000   0.376069870E+002  -0.120745754E+002   0.000000000E+000  -0.120745754E+002
   0.29471999882235700E-007  -0.175787434E+000   0.376400146E+002  -0.120856285E+002   0.000000000E+000  -0.120856285E+002
   0.29567999881852103E-007  -0.175284639E+000   0.376747665E+002  -0.120991812E+002   0.000000000E+000  -0.120991812E+002
   0.29663999881468506E-007  -0.174681395E+000   0.377052116E+002  -0.121144009E+002   0.000000000E+000  -0.121144009E+002
   0.29759999881084909E-007  -0.174034968E+000   0.377347565E+002  -0.121300983E+002   0.000000000E+000  -0.121300983E+002
   0.29855999880701312E-007  -0.173365787E+000   0.377714233E+002  -0.121462908E+002   0.000000000E+000  -0.121462908E+002
   0.29951999880317715E-007  -0.172626808E+000   0.378172760E+002  -0.121641083E+002   0.000000000E+000  -0.121641083E+002
   0.30047999879934117E-007  -0.171763629E+000   0.378662796E+002  -0.121842985E+002   0.000000000E+000  -0.121842985E+002
   0.30143999879550520E-007  -0.170780465E+000   0.379128036E+002  -0.122063656E+002   0.000000000E+000  -0.122063656E+002
   0.30239999879166923E-007  -0.169726029E+000   0.379590988E+002  -0.122293777E+002   0.000000000E+000  -0.122293777E+002
   0.30335999878783326E-007  -0.168622136E+000   0.380121460E+002  -0.122533340E+002   0.000000000E+000  -0.122533340E+002
   0.30431999878399729E-007  -0.167430833E+000   0.380745010E+002  -0.122792730E+002   0.000000000E+000  -0.122792730E+002
   0.30527999878016132E-007  -0.166100517E+000   0.381414185E+002  -0.123080339E+002   0.000000000E+000  -0.123080339E+002
   0.30623999877632535E-007  -0.164627075E+000   0.382075806E+002  -0.123392715E+002   0.000000000E+000  -0.123392715E+002
   0.30719999877248938E-007  -0.163050950E+000   0.382742538E+002  -0.123719540E+002   0.000000000E+000  -0.123719540E+002
   0.30815999876865341E-007  -0.161397278E+000   0.383475647E+002  -0.124056749E+002   0.000000000E+000  -0.124056749E+002
   0.30911999876481744E-007  -0.159639448E+000   0.384304962E+002  -0.124410887E+002   0.000000000E+000  -0.124410887E+002
   0.31007999876098147E-007  -0.157732308E+000   0.385191612E+002  -0.124789515E+002   0.000000000E+000  -0.124789515E+002
   0.31103999875714550E-007  -0.155669525E+000   0.386081009E+002  -0.125190382E+002   0.000000000E+000  -0.125190382E+002
   0.31199999875330953E-007  -0.153489947E+000   0.386974792E+002  -0.125603666E+002   0.000000000E+000  -0.125603666E+002
   0.31295999874947356E-007  -0.151225626E+000   0.387927628E+002  -0.126024275E+002   0.000000000E+000  -0.126024275E+002
   0.31391999874563759E-007  -0.148859918E+000   0.388974838E+002  -0.126458435E+002   0.000000000E+000  -0.126458435E+002
   0.31487999874180161E-007  -0.146350011E+000   0.390085945E+002  -0.126915417E+002   0.000000000E+000  -0.126915417E+002
   0.31583999873796564E-007  -0.143683597E+000   0.391204834E+002  -0.127395020E+002   0.000000000E+000  -0.127395020E+002
   0.31679999873412967E-007  -0.140895724E+000   0.392323875E+002  -0.127886801E+002   0.000000000E+000  -0.127886801E+002
   0.31775999873029370E-007  -0.138023809E+000   0.393493500E+002  -0.128382435E+002   0.000000000E+000  -0.128382435E+002
   0.31871999872645773E-007  -0.135060579E+000   0.394755020E+002  -0.128885117E+002   0.000000000E+000  -0.128885117E+002
   0.31967999872262176E-007  -0.131966501E+000   0.396084328E+002  -0.129403687E+002   0.000000000E+000  -0.129403687E+002
   0.32063999871878579E-007  -0.128726453E+000   0.397421074E+002  -0.129938860E+002   0.000000000E+000  -0.129938860E+002
   0.32159999871494982E-007  -0.125375912E+000   0.398746147E+002  -0.130480070E+002   0.000000000E+000  -0.130480070E+002
   0.32255999871111385E-007  -0.121961229E+000   0.400105591E+002  -0.131017895E+002   0.000000000E+000  -0.131017895E+002
   0.32351999870727788E-007  -0.118484594E+000   0.401547470E+002  -0.131556082E+002   0.000000000E+000  -0.131556082E+002
   0.32447999870344191E-007  -0.114906788E+000   0.403054276E+002  -0.132106829E+002   0.000000000E+000  -0.132106829E+002
   0.32543999869960594E-007  -0.111205220E+000   0.404562035E+002  -0.132674570E+002   0.000000000E+000  -0.132674570E+002
   0.32639999869576997E-007  -0.107411042E+000   0.406042786E+002  -0.133249578E+002   0.000000000E+000  -0.133249578E+002
   0.32735999869193400E-007  -0.103574470E+000   0.407541924E+002  -0.133820467E+002   0.000000000E+000  -0.133820467E+002
   0.32831999868809802E-007  -0.997026265E-001   0.409117126E+002  -0.134389324E+002   0.000000000E+000  -0.134389324E+002
   0.32927999868426205E-007  -0.957533494E-001   0.410757942E+002  -0.134968815E+002   0.000000000E+000  -0.134968815E+002
   0.33023999868042608E-007  -0.916963443E-001   0.412394295E+002  -0.135564108E+002   0.000000000E+000  -0.135564108E+002
   0.33119999867659011E-007  -0.875618011E-001   0.413987274E+002  -0.136163921E+002   0.000000000E+000  -0.136163921E+002
   0.33215999867275414E-007  -0.834088549E-001   0.415581284E+002  -0.136753988E+002   0.000000000E+000  -0.136753988E+002
   0.33311999866891817E-007  -0.792529806E-001   0.417244225E+002  -0.137335873E+002   0.000000000E+000  -0.137335873E+002
   0.33407999866508220E-007  -0.750495270E-001   0.418972206E+002  -0.137925091E+002   0.000000000E+000  -0.137925091E+002
   0.33503999866124623E-007  -0.707593039E-001   0.420688477E+002  -0.138529844E+002   0.000000000E+000  -0.138529844E+002
   0.33599999865741026E-007  -0.664097965E-001   0.422343979E+002  -0.139138699E+002   0.000000000E+000  -0.139138699E+002
   0.33695999865357429E-007  -0.620668046E-001   0.423984985E+002  -0.139734869E+002   0.000000000E+000  -0.139734869E+002
   0.33791999864973832E-007  -0.577508733E-001   0.425691566E+002  -0.140318460E+002   0.000000000E+000  -0.140318460E+002
   0.33887999864590235E-007  -0.534124449E-001   0.427465591E+002  -0.140905609E+002   0.000000000E+000  -0.140905609E+002
   0.33983999864206638E-007  -0.490042530E-001   0.429221573E+002  -0.141504250E+002   0.000000000E+000  -0.141504250E+002
   0.34079999863823041E-007  -0.445557535E-001   0.430898552E+002  -0.142099438E+002   0.000000000E+000  -0.142099438E+002
   0.34175999863439444E-007  -0.401455350E-001   0.432543678E+002  -0.142670031E+002   0.000000000E+000  -0.142670031E+002
   0.34271999863055846E-007  -0.358044542E-001   0.434247398E+002  -0.143215189E+002   0.000000000E+000  -0.143215189E+002
   0.34367999862672249E-007  -0.314815640E-001   0.436014061E+002  -0.143753967E+002   0.000000000E+000  -0.143753967E+002
   0.34463999862288652E-007  -0.271241851E-001   0.437746162E+002  -0.144297314E+002   0.000000000E+000  -0.144297314E+002
   0.34559999861905055E-007  -0.227650609E-001   0.439371605E+002  -0.144830809E+002   0.000000000E+000  -0.144830809E+002
   0.34655999861521458E-007  -0.184931271E-001   0.440942001E+002  -0.145333252E+002   0.000000000E+000  -0.145333252E+002
   0.34751999861137861E-007  -0.143424971E-001   0.442561493E+002  -0.145806274E+002   0.000000000E+000  -0.145806274E+002
   0.34847999860754264E-007  -0.102522587E-001   0.444238510E+002  -0.146273060E+002   0.000000000E+000  -0.146273060E+002
   0.34943999860370667E-007  -0.615761988E-002   0.445866470E+002  -0.146746311E+002   0.000000000E+000  -0.146746311E+002
   0.35039999859987070E-007  -0.208976679E-002   0.447366409E+002  -0.147209635E+002   0.000000000E+000  -0.147209635E+002
   0.35135999859603473E-007   0.182907016E-002   0.448826370E+002  -0.147640705E+002   0.000000000E+000  -0.147640705E+002
   0.35231999859219876E-007   0.555757945E-002   0.450390053E+002  -0.148044548E+002   0.000000000E+000  -0.148044548E+002
   0.35327999858836279E-007   0.922062434E-002   0.452018661E+002  -0.148446903E+002   0.000000000E+000  -0.148446903E+002
   0.35423999858452682E-007   0.128928786E-001   0.453549118E+002  -0.148858738E+002   0.000000000E+000  -0.148858738E+002
   0.35519999858069085E-007   0.165091082E-001   0.454907341E+002  -0.149261694E+002   0.000000000E+000  -0.149261694E+002
   0.35615999857685487E-007   0.199546255E-001   0.456201553E+002  -0.149633226E+002   0.000000000E+000  -0.149633226E+002
   0.35711999857301890E-007   0.232178587E-001   0.457576447E+002  -0.149978113E+002   0.000000000E+000  -0.149978113E+002
   0.35807999856918293E-007   0.264054630E-001   0.459021301E+002  -0.150322275E+002   0.000000000E+000  -0.150322275E+002
   0.35903999856534696E-007   0.295998324E-001   0.460385971E+002  -0.150676241E+002   0.000000000E+000  -0.150676241E+002
   0.35999999856151099E-007   0.327483490E-001   0.461583557E+002  -0.151018934E+002   0.000000000E+000  -0.151018934E+002
   0.36095999855767502E-007   0.357335433E-001   0.462706833E+002  -0.151325464E+002   0.000000000E+000  -0.151325464E+002
   0.36191999855383905E-007   0.385307446E-001   0.463900833E+002  -0.151600876E+002   0.000000000E+000  -0.151600876E+002
   0.36287999855000308E-007   0.412392542E-001   0.465164223E+002  -0.151872578E+002   0.000000000E+000  -0.151872578E+002
   0.36383999854616711E-007   0.439439677E-001   0.466351242E+002  -0.152151508E+002   0.000000000E+000  -0.152151508E+002
   0.36479999854233114E-007   0.465965271E-001   0.467370377E+002  -0.152416658E+002   0.000000000E+000  -0.152416658E+002
   0.36575999853849517E-007   0.490795523E-001   0.468308182E+002  -0.152645168E+002   0.000000000E+000  -0.152645168E+002
   0.36671999853465920E-007   0.513666123E-001   0.469307251E+002  -0.152846060E+002   0.000000000E+000  -0.152846060E+002
   0.36767999853082323E-007   0.535571575E-001   0.470368843E+002  -0.153049822E+002   0.000000000E+000  -0.153049822E+002
   0.36863999852698726E-007   0.557391234E-001   0.471353989E+002  -0.153268137E+002   0.000000000E+000  -0.153268137E+002
   0.36959999852315129E-007   0.578706153E-001   0.472179489E+002  -0.153480215E+002   0.000000000E+000  -0.153480215E+002
   0.37055999851931531E-007   0.598446615E-001   0.472935219E+002  -0.153664532E+002   0.000000000E+000  -0.153664532E+002
   0.37151999851547934E-007   0.616452582E-001   0.473759804E+002  -0.153830996E+002   0.000000000E+000  -0.153830996E+002
   0.37247999851164337E-007   0.633759499E-001   0.474650230E+002  -0.154008055E+002   0.000000000E+000  -0.154008055E+002
   0.37343999850780740E-007   0.651218295E-001   0.475471153E+002  -0.154203405E+002   0.000000000E+000  -0.154203405E+002
   0.37439999850397143E-007   0.668387860E-001   0.476148224E+002  -0.154393835E+002   0.000000000E+000  -0.154393835E+002
   0.37535999850013546E-007   0.684238821E-001   0.476773109E+002  -0.154558010E+002   0.000000000E+000  -0.154558010E+002
   0.37631999849629949E-007   0.698657781E-001   0.477475548E+002  -0.154705706E+002   0.000000000E+000  -0.154705706E+002
   0.37727999849246352E-007   0.712641403E-001   0.478244095E+002  -0.154862614E+002   0.000000000E+000  -0.154862614E+002
   0.37823999848862755E-007   0.726929009E-001   0.478946075E+002  -0.155033302E+002   0.000000000E+000  -0.155033302E+002
   0.37919999848479158E-007   0.741010010E-001   0.479515495E+002  -0.155194664E+002   0.000000000E+000  -0.155194664E+002
   0.38015999848095561E-007   0.753882155E-001   0.480042572E+002  -0.155328226E+002   0.000000000E+000  -0.155328226E+002
   0.38111999847711964E-007   0.765461847E-001   0.480643959E+002  -0.155444937E+002   0.000000000E+000  -0.155444937E+002
   0.38207999847328367E-007   0.776670948E-001   0.481299706E+002  -0.155568380E+002   0.000000000E+000  -0.155568380E+002
   0.38303999846944770E-007   0.788118616E-001   0.481884689E+002  -0.155701332E+002   0.000000000E+000  -0.155701332E+002
   0.38399999846561172E-007   0.799258277E-001   0.482344360E+002  -0.155823135E+002   0.000000000E+000  -0.155823135E+002
   0.38495999846177575E-007   0.809176117E-001   0.482767334E+002  -0.155920134E+002   0.000000000E+000  -0.155920134E+002
   0.38591999845793978E-007   0.817867666E-001   0.483257484E+002  -0.156005583E+002   0.000000000E+000  -0.156005583E+002
   0.38687999845410381E-007   0.826219246E-001   0.483791275E+002  -0.156101961E+002   0.000000000E+000  -0.156101961E+002
   0.38783999845026784E-007   0.834778771E-001   0.484257431E+002  -0.156212034E+002   0.000000000E+000  -0.156212034E+002
   0.38879999844643187E-007   0.843065977E-001   0.484616013E+002  -0.156318846E+002   0.000000000E+000  -0.156318846E+002
   0.38975999844259590E-007   0.850348026E-001   0.484952583E+002  -0.156412592E+002   0.000000000E+000  -0.156412592E+002
   0.39071999843875993E-007   0.856733546E-001   0.485358353E+002  -0.156505222E+002   0.000000000E+000  -0.156505222E+002
   0.39167999843492396E-007   0.863065422E-001   0.485809212E+002  -0.156613359E+002   0.000000000E+000  -0.156613359E+002
   0.39263999843108799E-007   0.869811401E-001   0.486208801E+002  -0.156734943E+002   0.000000000E+000  -0.156734943E+002
   0.39359999842725202E-007   0.876522139E-001   0.486526489E+002  -0.156851969E+002   0.000000000E+000  -0.156851969E+002
   0.39455999842341605E-007   0.882551074E-001   0.486836014E+002  -0.156953611E+002   0.000000000E+000  -0.156953611E+002
   0.39551999841958008E-007   0.887967348E-001   0.487208939E+002  -0.157046995E+002   0.000000000E+000  -0.157046995E+002
   0.39647999841574411E-007   0.893404707E-001   0.487617416E+002  -0.157142620E+002   0.000000000E+000  -0.157142620E+002
   0.39743999841190814E-007   0.899133384E-001   0.487977562E+002  -0.157237024E+002   0.000000000E+000  -0.157237024E+002
   0.39839999840807216E-007   0.904673710E-001   0.488263626E+002  -0.157316771E+002   0.000000000E+000  -0.157316771E+002
   0.39935999840423619E-007   0.498492420E+000   0.466576719E+001  -0.136760483E+002   0.000000000E+000  -0.136760483E+002
