t              noda2002.fdtd_Bulk_probe_Jz_23_23_4__24_24_4.dat
   0.00000000000000000E+000   0.000000000E+000
   0.77033303347295856E-010   0.114093057E-002
   0.15406660669459171E-009   0.253491546E-002
   0.23109991004188757E-009   0.320965145E-002
   0.30813321338918342E-009   0.361623615E-002
   0.38516651673647928E-009   0.418966031E-002
   0.46219982008377514E-009   0.464176806E-002
   0.53923312343107099E-009   0.494609028E-002
   0.61626642677836685E-009   0.528403372E-002
   0.69329973012566271E-009   0.560598820E-002
   0.77033303347295856E-009   0.576938409E-002
   0.84736633682025442E-009   0.583534827E-002
   0.92439964016755027E-009   0.596823031E-002
   0.10014329435148461E-008   0.622738432E-002
   0.10784662468621420E-008   0.649393443E-002
   0.11554995502094378E-008   0.679144077E-002
   0.12325328535567337E-008   0.804585218E-002
   0.13095661569040296E-008   0.101982960E-001
   0.13865994602513254E-008   0.123393908E-001
   0.14636327635986213E-008   0.141795957E-001
   0.15406660669459171E-008   0.160210300E-001
   0.16176993702932130E-008   0.177939013E-001
   0.16947326736405088E-008   0.190037005E-001
   0.17717659769878047E-008   0.198500697E-001
   0.18487992803351005E-008   0.208037347E-001
   0.19258325836823964E-008   0.218526125E-001
   0.20028658870296923E-008   0.227996036E-001
   0.20798991903769881E-008   0.236966610E-001
   0.21569324937242840E-008   0.246826597E-001
   0.22339657970715798E-008   0.257739127E-001
   0.23109991004188757E-008   0.276087970E-001
   0.23880324037661715E-008   0.300864838E-001
   0.24650657071134674E-008   0.326458924E-001
   0.25420990104607633E-008   0.351308286E-001
   0.26191323138080591E-008   0.375332795E-001
   0.26961656171553550E-008   0.397815146E-001
   0.27731989205026508E-008   0.421837047E-001
   0.28502322238499467E-008   0.448951945E-001
   0.29272655271972425E-008   0.476486459E-001
   0.30042988305445384E-008   0.502450094E-001
   0.30813321338918342E-008   0.527224243E-001
   0.31583654372391301E-008   0.551340207E-001
   0.32353987405864260E-008   0.575035512E-001
   0.33124320439337218E-008   0.598522052E-001
   0.33894653472810177E-008   0.622023158E-001
   0.34664986506283135E-008   0.645489544E-001
   0.35435319539756094E-008   0.668677166E-001
   0.36205652573229052E-008   0.690916255E-001
   0.36975985606702011E-008   0.712320432E-001
   0.37746318640174970E-008   0.736823156E-001
   0.38516651673647928E-008   0.765209273E-001
   0.39286984707120887E-008   0.793919861E-001
   0.40057317740593845E-008   0.821553543E-001
   0.40827650774066804E-008   0.853023380E-001
   0.41597983807539762E-008   0.891544521E-001
   0.42368316841012721E-008   0.932852626E-001
   0.43138649874485679E-008   0.973617733E-001
   0.43908982907958638E-008   0.100824386E+000
   0.44679315941431597E-008   0.102318853E+000
   0.45449648974904555E-008   0.102334529E+000
   0.46219982008377514E-008   0.102317140E+000
   0.46990315041850472E-008   0.102681883E+000
   0.47760648075323431E-008   0.103198051E+000
   0.48530981108796389E-008   0.103863589E+000
   0.49301314142269348E-008   0.104611687E+000
   0.50071647175742307E-008   0.105042353E+000
   0.50841980209215265E-008   0.105140440E+000
   0.51612313242688224E-008   0.105239317E+000
   0.52382646276161182E-008   0.105484523E+000
   0.53152979309634141E-008   0.105821788E+000
   0.53923312343107099E-008   0.106215864E+000
   0.54693645376580058E-008   0.106689155E+000
   0.55463978410053016E-008   0.107498258E+000
   0.56234311443525975E-008   0.108878903E+000
   0.57004644476998934E-008   0.110534862E+000
   0.57774977510471892E-008   0.112150028E+000
   0.58545310543944851E-008   0.113648653E+000
   0.59315643577417809E-008   0.114664331E+000
   0.60085976610890768E-008   0.115197659E+000
   0.60856309644363726E-008   0.115674406E+000
   0.61626642677836685E-008   0.116335884E+000
   0.62396975711309643E-008   0.117106304E+000
   0.63167308744782602E-008   0.117791109E+000
   0.63937641778255561E-008   0.117876709E+000
   0.64707974811728519E-008   0.117487714E+000
   0.65478307845201478E-008   0.117115483E+000
   0.66248640878674436E-008   0.116833732E+000
   0.67018973912147395E-008   0.116563194E+000
   0.67789306945620353E-008   0.116476581E+000
   0.68559639979093312E-008   0.116559833E+000
   0.69329973012566271E-008   0.116518766E+000
   0.70100306046039229E-008   0.116368279E+000
   0.70870639079512188E-008   0.116365977E+000
   0.71640972112985146E-008   0.116486572E+000
   0.72411305146458105E-008   0.116583779E+000
   0.73181638179931063E-008   0.116729915E+000
   0.73951971213404022E-008   0.116960168E+000
   0.74722304246876980E-008   0.117118441E+000
   0.75492637280349939E-008   0.117237180E+000
   0.76262970313822898E-008   0.117451221E+000
   0.77033303347295856E-008   0.117653057E+000
   0.77803636380768815E-008   0.117737308E+000
   0.78573969414241773E-008   0.117802352E+000
   0.79344302447714732E-008   0.117860489E+000
   0.80114635481187690E-008   0.117801204E+000
   0.80884968514660649E-008   0.117716581E+000
   0.81655301548133608E-008   0.117795147E+000
   0.82425634581606566E-008   0.117973410E+000
   0.83195967615079525E-008   0.118123680E+000
   0.83966300648552483E-008   0.118361279E+000
   0.84736633682025442E-008   0.118763864E+000
   0.85506966715498400E-008   0.119107902E+000
   0.86277299748971359E-008   0.119238257E+000
   0.87047632782444317E-008   0.119330525E+000
   0.87817965815917276E-008   0.119454354E+000
   0.88588298849390235E-008   0.119461209E+000
   0.89358631882863193E-008   0.119399726E+000
   0.90128964916336152E-008   0.119543269E+000
   0.90899297949809110E-008   0.119909741E+000
   0.91669630983282069E-008   0.120199233E+000
   0.92439964016755027E-008   0.120342381E+000
   0.93210297050227986E-008   0.120828673E+000
   0.93980630083700945E-008   0.121593058E+000
   0.94750963117173903E-008   0.122159295E+000
   0.95521296150646862E-008   0.122595586E+000
   0.96291629184119820E-008   0.123265035E+000
   0.97061962217592779E-008   0.124034353E+000
   0.97832295251065737E-008   0.124626040E+000
   0.98602628284538696E-008   0.124993421E+000
   0.99372961318011654E-008   0.125254869E+000
   0.10014329435148461E-007   0.125362843E+000
   0.10091362738495757E-007   0.125312835E+000
   0.10168396041843053E-007   0.125346318E+000
   0.10245429345190349E-007   0.125591233E+000
   0.10322462648537645E-007   0.125887945E+000
   0.10399495951884941E-007   0.126122177E+000
   0.10476529255232236E-007   0.126395881E+000
   0.10553562558579532E-007   0.126743272E+000
   0.10630595861926828E-007   0.127061427E+000
   0.10707629165274124E-007   0.127305567E+000
   0.10784662468621420E-007   0.127567589E+000
   0.10861695771968716E-007   0.127921388E+000
   0.10938729075316012E-007   0.128291756E+000
   0.11015762378663307E-007   0.128627151E+000
   0.11092795682010603E-007   0.129071683E+000
   0.11169828985357899E-007   0.129627034E+000
   0.11246862288705195E-007   0.130112961E+000
   0.11323895592052491E-007   0.130532905E+000
   0.11400928895399787E-007   0.131004095E+000
   0.11477962198747083E-007   0.131445646E+000
   0.11554995502094378E-007   0.131811544E+000
   0.11632028805441674E-007   0.132220045E+000
   0.11709062108788970E-007   0.132605582E+000
   0.11786095412136266E-007   0.132855207E+000
   0.11863128715483562E-007   0.133133665E+000
   0.11940162018830858E-007   0.133529827E+000
   0.12017195322178154E-007   0.133836716E+000
   0.12094228625525449E-007   0.134061486E+000
   0.12171261928872745E-007   0.134415284E+000
   0.12248295232220041E-007   0.134866506E+000
   0.12325328535567337E-007   0.135307401E+000
   0.12402361838914633E-007   0.135877669E+000
   0.12479395142261929E-007   0.136583924E+000
   0.12556428445609225E-007   0.137193054E+000
   0.12633461748956520E-007   0.137745559E+000
   0.12710495052303816E-007   0.138419271E+000
   0.12787528355651112E-007   0.139083654E+000
   0.12864561658998408E-007   0.139636785E+000
   0.12941594962345704E-007   0.139824063E+000
   0.13018628265693000E-007   0.139474452E+000
   0.13095661569040296E-007   0.138814732E+000
   0.13172694872387591E-007   0.138189048E+000
   0.13249728175734887E-007   0.137660101E+000
   0.13326761479082183E-007   0.137147427E+000
   0.13403794782429479E-007   0.136943400E+000
   0.13480828085776775E-007   0.137087435E+000
   0.13557861389124071E-007   0.137265563E+000
   0.13634894692471367E-007   0.137390941E+000
   0.13711927995818662E-007   0.137568608E+000
   0.13788961299165958E-007   0.137737423E+000
   0.13865994602513254E-007   0.137831748E+000
   0.13943027905860550E-007   0.137918100E+000
   0.14020061209207846E-007   0.137979090E+000
   0.14097094512555142E-007   0.137895763E+000
   0.14174127815902438E-007   0.137740135E+000
   0.14251161119249733E-007   0.137566760E+000
   0.14328194422597029E-007   0.137370884E+000
   0.14405227725944325E-007   0.137238339E+000
   0.14482261029291621E-007   0.137150005E+000
   0.14559294332638917E-007   0.136975318E+000
   0.14636327635986213E-007   0.136837706E+000
   0.14713360939333509E-007   0.136917338E+000
   0.14790394242680804E-007   0.137051061E+000
   0.14867427546028100E-007   0.137090683E+000
   0.14944460849375396E-007   0.137138635E+000
   0.15021494152722692E-007   0.137206241E+000
   0.15098527456069988E-007   0.137203127E+000
   0.15175560759417284E-007   0.137189120E+000
   0.15252594062764580E-007   0.137123495E+000
   0.15329627366111875E-007   0.136921421E+000
   0.15406660669459171E-007   0.136688203E+000
   0.15483693972806467E-007   0.136483341E+000
   0.15560727276153763E-007   0.136225611E+000
   0.15637760579501059E-007   0.135978132E+000
   0.15714793882848355E-007   0.135842532E+000
   0.15791827186195651E-007   0.135690212E+000
   0.15868860489542946E-007   0.135559887E+000
   0.15945893792890242E-007   0.135612071E+000
   0.16022927096237538E-007   0.135767758E+000
   0.16099960399584834E-007   0.135815531E+000
   0.16176993702932130E-007   0.135760725E+000
   0.16254027006279426E-007   0.135738045E+000
   0.16331060309626722E-007   0.135748819E+000
   0.16408093612974017E-007   0.135697693E+000
   0.16485126916321313E-007   0.135528028E+000
   0.16562160219668609E-007   0.135357916E+000
   0.16639193523015905E-007   0.135284483E+000
   0.16716226826363201E-007   0.135209188E+000
   0.16793260129710497E-007   0.135079503E+000
   0.16870293433057792E-007   0.135050297E+000
   0.16947326736405088E-007   0.135142535E+000
   0.17024360039752384E-007   0.135199443E+000
   0.17101393343099680E-007   0.135380089E+000
   0.17178426646446976E-007   0.135819927E+000
   0.17255459949794272E-007   0.136314362E+000
   0.17332493253141568E-007   0.136637479E+000
   0.17409526556488863E-007   0.136881486E+000
   0.17486559859836159E-007   0.137209445E+000
   0.17563593163183455E-007   0.137567878E+000
   0.17640626466530751E-007   0.137704223E+000
   0.17717659769878047E-007   0.137514263E+000
   0.17794693073225343E-007   0.137236863E+000
   0.17871726376572639E-007   0.136997938E+000
   0.17948759679919934E-007   0.136696294E+000
   0.18025792983267230E-007   0.136365622E+000
   0.18102826286614526E-007   0.136162311E+000
   0.18179859589961822E-007   0.136026427E+000
   0.18256892893309118E-007   0.135794297E+000
   0.18333926196656414E-007   0.135578826E+000
   0.18410959500003710E-007   0.135516882E+000
   0.18487992803351005E-007   0.135471791E+000
   0.18565026106698301E-007   0.135289550E+000
   0.18642059410045597E-007   0.135067523E+000
   0.18719092713392893E-007   0.134934515E+000
   0.18796126016740189E-007   0.134832263E+000
   0.18873159320087485E-007   0.134698763E+000
   0.18950192623434781E-007   0.134649873E+000
   0.19027225926782076E-007   0.134719506E+000
   0.19104259230129372E-007   0.134783655E+000
   0.19181292533476668E-007   0.134777784E+000
   0.19258325836823964E-007   0.134769350E+000
   0.19335359140171260E-007   0.134808168E+000
   0.19412392443518556E-007   0.134865001E+000
   0.19489425746865852E-007   0.134904161E+000
   0.19566459050213147E-007   0.134731367E+000
   0.19643492353560443E-007   0.134352550E+000
   0.19720525656907739E-007   0.133956790E+000
   0.19797558960255035E-007   0.133600861E+000
   0.19874592263602331E-007   0.133223653E+000
   0.19951625566949627E-007   0.132877588E+000
   0.20028658870296923E-007   0.132701412E+000
   0.20105692173644218E-007   0.132754192E+000
   0.20182725476991514E-007   0.132856727E+000
   0.20259758780338810E-007   0.132956564E+000
   0.20336792083686106E-007   0.133149147E+000
   0.20413825387033402E-007   0.133354515E+000
   0.20490858690380698E-007   0.133446038E+000
   0.20567891993727994E-007   0.133532554E+000
   0.20644925297075289E-007   0.133602723E+000
   0.20721958600422585E-007   0.133330718E+000
   0.20798991903769881E-007   0.132732362E+000
   0.20876025207117177E-007   0.132136807E+000
   0.20953058510464473E-007   0.131659195E+000
   0.21030091813811769E-007   0.131191269E+000
   0.21107125117159065E-007   0.130888864E+000
   0.21184158420506360E-007   0.130811006E+000
   0.21261191723853656E-007   0.130803615E+000
   0.21338225027200952E-007   0.130736187E+000
   0.21415258330548248E-007   0.130618483E+000
   0.21492291633895544E-007   0.130544066E+000
   0.21569324937242840E-007   0.130540103E+000
   0.21646358240590136E-007   0.130503193E+000
   0.21723391543937431E-007   0.130602777E+000
   0.21800424847284727E-007   0.130988061E+000
   0.21877458150632023E-007   0.131466910E+000
   0.21954491453979319E-007   0.131827056E+000
   0.22031524757326615E-007   0.132148936E+000
   0.22108558060673911E-007   0.132531524E+000
   0.22185591364021207E-007   0.132886857E+000
   0.22262624667368502E-007   0.133149162E+000
   0.22339657970715798E-007   0.133270428E+000
   0.22416691274063094E-007   0.133289069E+000
   0.22493724577410390E-007   0.133273989E+000
   0.22570757880757686E-007   0.133255944E+000
   0.22647791184104982E-007   0.133230358E+000
   0.22724824487452278E-007   0.133230507E+000
   0.22801857790799573E-007   0.133277133E+000
   0.22878891094146869E-007   0.133293599E+000
   0.22955924397494165E-007   0.133255273E+000
   0.23032957700841461E-007   0.133270621E+000
   0.23109991004188757E-007   0.133353159E+000
   0.23187024307536053E-007   0.133379996E+000
   0.23264057610883349E-007   0.133375332E+000
   0.23341090914230644E-007   0.133466110E+000
   0.23418124217577940E-007   0.133600101E+000
   0.23495157520925236E-007   0.133632079E+000
   0.23572190824272532E-007   0.133593842E+000
   0.23649224127619828E-007   0.133569598E+000
   0.23726257430967124E-007   0.133529365E+000
   0.23803290734314420E-007   0.133452848E+000
   0.23880324037661715E-007   0.133367077E+000
   0.23957357341009011E-007   0.133276463E+000
   0.24034390644356307E-007   0.133189678E+000
   0.24111423947703603E-007   0.133245945E+000
   0.24188457251050899E-007   0.133437395E+000
   0.24265490554398195E-007   0.133680508E+000
   0.24342523857745491E-007   0.133976996E+000
   0.24419557161092786E-007   0.134281501E+000
   0.24496590464440082E-007   0.134529620E+000
   0.24573623767787378E-007   0.134783536E+000
   0.24650657071134674E-007   0.135082319E+000
   0.24727690374481970E-007   0.135221586E+000
   0.24804723677829266E-007   0.135202199E+000
   0.24881756981176562E-007   0.135192424E+000
   0.24958790284523857E-007   0.135209501E+000
   0.25035823587871153E-007   0.135219604E+000
   0.25112856891218449E-007   0.135259390E+000
   0.25189890194565745E-007   0.135314852E+000
   0.25266923497913041E-007   0.135362610E+000
   0.25343956801260337E-007   0.135441199E+000
   0.25420990104607633E-007   0.135523751E+000
   0.25498023407954928E-007   0.135556668E+000
   0.25575056711302224E-007   0.135587335E+000
   0.25652090014649520E-007   0.135629356E+000
   0.25729123317996816E-007   0.135604441E+000
   0.25806156621344112E-007   0.135539159E+000
   0.25883189924691408E-007   0.135573640E+000
   0.25960223228038704E-007   0.135734051E+000
   0.26037256531385999E-007   0.135913074E+000
   0.26114289834733295E-007   0.136085078E+000
   0.26191323138080591E-007   0.136287302E+000
   0.26268356441427887E-007   0.136481926E+000
   0.26345389744775183E-007   0.136605710E+000
   0.26422423048122479E-007   0.136695012E+000
   0.26499456351469775E-007   0.136790782E+000
   0.26576489654817070E-007   0.136849776E+000
   0.26653522958164366E-007   0.136825398E+000
   0.26730556261511662E-007   0.136780545E+000
   0.26807589564858958E-007   0.136802837E+000
   0.26884622868206254E-007   0.136841446E+000
   0.26961656171553550E-007   0.136817962E+000
   0.27038689474900846E-007   0.136795819E+000
   0.27115722778248141E-007   0.136868447E+000
   0.27192756081595437E-007   0.136969641E+000
   0.27269789384942733E-007   0.137040854E+000
   0.27346822688290029E-007   0.137140855E+000
   0.27423855991637325E-007   0.137280703E+000
   0.27500889294984621E-007   0.137400568E+000
   0.27577922598331917E-007   0.137496069E+000
   0.27654955901679212E-007   0.137591213E+000
   0.27731989205026508E-007   0.137653753E+000
   0.27809022508373804E-007   0.137687489E+000
   0.27886055811721100E-007   0.137712210E+000
   0.27963089115068396E-007   0.137715384E+000
   0.28040122418415692E-007   0.137713432E+000
   0.28117155721762987E-007   0.137730166E+000
   0.28194189025110283E-007   0.137722194E+000
   0.28271222328457579E-007   0.137682274E+000
   0.28348255631804875E-007   0.137728214E+000
   0.28425288935152171E-007   0.137874320E+000
   0.28502322238499467E-007   0.138004497E+000
   0.28579355541846763E-007   0.138082996E+000
   0.28656388845194058E-007   0.138172954E+000
   0.28733422148541354E-007   0.138266549E+000
   0.28810455451888650E-007   0.138295129E+000
   0.28887488755235946E-007   0.138288081E+000
   0.28964522058583242E-007   0.138354838E+000
   0.29041555361930538E-007   0.138468891E+000
   0.29118588665277834E-007   0.138518780E+000
   0.29195621968625129E-007   0.138511881E+000
   0.29272655271972425E-007   0.138520777E+000
   0.29349688575319721E-007   0.138518050E+000
   0.29426721878667017E-007   0.138451576E+000
   0.29503755182014313E-007   0.138318405E+000
   0.29580788485361609E-007   0.138135150E+000
   0.29657821788708905E-007   0.137892306E+000
   0.29734855092056200E-007   0.137570888E+000
   0.29811888395403496E-007   0.137188658E+000
   0.29888921698750792E-007   0.136788636E+000
   0.29965955002098088E-007   0.136377737E+000
   0.30042988305445384E-007   0.135914341E+000
   0.30120021608792680E-007   0.135384321E+000
   0.30197054912139976E-007   0.134772748E+000
   0.30274088215487271E-007   0.134009540E+000
   0.30351121518834567E-007   0.133093432E+000
   0.30428154822181863E-007   0.132108971E+000
   0.30505188125529159E-007   0.131120384E+000
   0.30582221428876455E-007   0.130110443E+000
   0.30659254732223751E-007   0.129044458E+000
   0.30736288035571047E-007   0.128041953E+000
   0.30813321338918342E-007   0.127095431E+000
   0.30890354642265638E-007   0.126094967E+000
   0.30967387945612934E-007   0.125014648E+000
   0.31044421248960230E-007   0.123880252E+000
   0.31121454552307526E-007   0.122690514E+000
   0.31198487855654822E-007   0.121438533E+000
   0.31275521159002118E-007   0.120079160E+000
   0.31352554462349413E-007   0.118511274E+000
   0.31429587765696709E-007   0.116785675E+000
   0.31506621069044005E-007   0.114988349E+000
   0.31583654372391301E-007   0.113101386E+000
   0.31660687675738597E-007   0.111124262E+000
   0.31737720979085893E-007   0.109088913E+000
   0.31814754282433189E-007   0.106945872E+000
   0.31891787585780484E-007   0.104710378E+000
   0.31968820889127780E-007   0.102498755E+000
   0.32045854192475076E-007   0.100280732E+000
   0.32122887495822372E-007   0.979667008E-001
   0.32199920799169668E-007   0.955736563E-001
   0.32276954102516964E-007   0.931087434E-001
   0.32353987405864260E-007   0.905397683E-001
   0.32431020709211555E-007   0.879160762E-001
   0.32508054012558851E-007   0.852297917E-001
   0.32585087315906147E-007   0.824068412E-001
   0.32662120619253443E-007   0.794962496E-001
   0.32739153922600739E-007   0.765709281E-001
   0.32816187225948035E-007   0.735578686E-001
   0.32893220529295331E-007   0.704154372E-001
   0.32970253832642626E-007   0.672227070E-001
   0.33047287135989922E-007   0.639695674E-001
   0.33124320439337218E-007   0.605829842E-001
   0.33201353742684514E-007   0.571140945E-001
   0.33278387046031810E-007   0.536176413E-001
   0.33355420349379106E-007   0.500992425E-001
   0.33432453652726402E-007   0.465863496E-001
   0.33509486956073697E-007   0.431075208E-001
   0.33586520259420993E-007   0.396389589E-001
   0.33663553562768289E-007   0.361912996E-001
   0.33740586866115585E-007   0.328148864E-001
   0.33817620169462881E-007   0.294959024E-001
   0.33894653472810177E-007   0.262208860E-001
   0.33971686776157473E-007   0.230428800E-001
   0.34048720079504768E-007   0.199554078E-001
   0.34125753382852064E-007   0.169250406E-001
   0.34202786686199360E-007   0.140439700E-001
   0.34279819989546656E-007   0.112972539E-001
   0.34356853292893952E-007   0.853986386E-002
   0.34433886596241248E-007   0.572807901E-002
   0.34510919899588544E-007   0.293236948E-002
   0.34587953202935839E-007   0.186317309E-003
   0.34664986506283135E-007  -0.253243931E-002
   0.34742019809630431E-007  -0.526257884E-002
   0.34819053112977727E-007  -0.792938843E-002
   0.34896086416325023E-007  -0.104219895E-001
   0.34973119719672319E-007  -0.127083547E-001
   0.35050153023019615E-007  -0.148196798E-001
   0.35127186326366910E-007  -0.167478062E-001
   0.35204219629714206E-007  -0.184682664E-001
   0.35281252933061502E-007  -0.200387444E-001
   0.35358286236408798E-007  -0.215409957E-001
   0.35435319539756094E-007  -0.229704864E-001
   0.35512352843103390E-007  -0.243200902E-001
   0.35589386146450686E-007  -0.256752782E-001
   0.35666419449797981E-007  -0.270849541E-001
   0.35743452753145277E-007  -0.284988619E-001
   0.35820486056492573E-007  -0.299072489E-001
   0.35897519359839869E-007  -0.314033888E-001
   0.35974552663187165E-007  -0.329941288E-001
   0.36051585966534461E-007  -0.345872305E-001
   0.36128619269881757E-007  -0.361320302E-001
   0.36205652573229052E-007  -0.376254097E-001
   0.36282685876576348E-007  -0.390652642E-001
   0.36359719179923644E-007  -0.404405147E-001
   0.36436752483270940E-007  -0.417206287E-001
   0.36513785786618236E-007  -0.428962633E-001
   0.36590819089965532E-007  -0.439885594E-001
   0.36667852393312828E-007  -0.449696854E-001
   0.36744885696660123E-007  -0.457824320E-001
   0.36821919000007419E-007  -0.464600995E-001
   0.36898952303354715E-007  -0.470778793E-001
   0.36975985606702011E-007  -0.476292148E-001
   0.37053018910049307E-007  -0.480834991E-001
   0.37130052213396603E-007  -0.484091938E-001
   0.37207085516743899E-007  -0.486750528E-001
   0.37284118820091194E-007  -0.489537194E-001
   0.37361152123438490E-007  -0.492524952E-001
   0.37438185426785786E-007  -0.495744757E-001
   0.37515218730133082E-007  -0.499508008E-001
   0.37592252033480378E-007  -0.503672287E-001
   0.37669285336827674E-007  -0.508051440E-001
   0.37746318640174970E-007  -0.513669774E-001
   0.37823351943522265E-007  -0.520612635E-001
   0.37900385246869561E-007  -0.527726337E-001
   0.37977418550216857E-007  -0.534187444E-001
   0.38054451853564153E-007  -0.540340692E-001
   0.38131485156911449E-007  -0.546710938E-001
   0.38208518460258745E-007  -0.553066432E-001
   0.38285551763606041E-007  -0.558045506E-001
   0.38362585066953336E-007  -0.561023727E-001
   0.38439618370300632E-007  -0.563132837E-001
   0.38516651673647928E-007  -0.565054417E-001
   0.38593684976995224E-007  -0.566618592E-001
   0.38670718280342520E-007  -0.568031892E-001
   0.38747751583689816E-007  -0.569626763E-001
   0.38824784887037112E-007  -0.571201630E-001
   0.38901818190384407E-007  -0.573824421E-001
   0.38978851493731703E-007  -0.578237846E-001
   0.39055884797078999E-007  -0.583787337E-001
   0.39132918100426295E-007  -0.589777082E-001
   0.39209951403773591E-007  -0.595937259E-001
   0.39286984707120887E-007  -0.602120534E-001
   0.39364018010468182E-007  -0.607509762E-001
   0.39441051313815478E-007  -0.611957125E-001
   0.39518084617162774E-007  -0.615930632E-001
   0.39595117920510070E-007  -0.619708449E-001
   0.39672151223857366E-007  -0.623382479E-001
   0.39749184527204662E-007  -0.626951307E-001
   0.39826217830551958E-007  -0.630429015E-001
   0.39903251133899253E-007  -0.634045750E-001
   0.39980284437246549E-007  -0.639197081E-001
