FiniteElementSpace
FiniteElementCollection: RT_2D_P2
VDim: 1
Ordering: 0

-0.0926153
-0.104067
-0.117689
0.0677882
0.0761526
0.0861692
0.181332
0.181198
0.181318
0.162196
0.177089
0.193213
0.172929
0.169969
0.166398
0.00685362
0.00757901
0.00845561
0.0177495
0.0197788
0.0221455
0.167745
0.178218
0.188802
-0.15032
-0.158362
-0.166468
-0.105131
-0.114963
-0.125974
0.0396253
0.0434645
0.0478704
0.158172
0.159061
0.159379
-0.0979583
-0.109662
-0.123496
0.185948
0.187139
0.187423
-0.161126
-0.145178
-0.131104
-0.171128
-0.171711
-0.17158
0.0286268
0.0257036
0.0231916
-0.21595
-0.212918
-0.20856
0.0727438
0.0666568
0.0612506
-0.201792
-0.198952
-0.195041
-0.0895853
-0.0965929
-0.104297
0.0926368
0.101538
0.111612
0.0877215
0.095688
0.10475
-0.194289
-0.200911
-0.206704
-0.146192
-0.161457
-0.17855
-0.0579727
-0.0525239
-0.0477858
-0.213522
-0.215076
-0.215226
0.00327543
0.00366334
0.00415182
0.136243
0.148263
0.161559
-0.139814
-0.144997
-0.15002
0.112827
0.118453
0.124266
-0.106671
-0.114576
-0.12325
-0.100276
-0.0905757
-0.08213
-0.184779
-0.184865
-0.184059
-0.0847926
-0.0933443
-0.103125
-0.201725
-0.200402
-0.197972
-0.0935646
-0.0844759
-0.0765689
-0.161622
-0.17706
-0.193906
0.0170193
0.0188365
0.0209383
0.193926
0.196639
0.198325
0.19162
0.192745
0.192852
0.0989744
0.0903248
0.082668
0.141153
0.152863
0.1655
-0.160351
-0.164425
-0.167994
-0.0100494
-0.0111306
-0.0123775
0.179425
0.176087
0.172093
-0.00169979
-0.00151944
-0.00136467
-0.0400918
-0.0448044
-0.0503888
-0.149642
-0.139296
-0.129626
-0.176743
-0.184653
-0.192135
0.18459
0.189095
0.192745
0.105725
0.0977218
0.0904632
-0.0193718
-0.0216017
-0.0242339
0.128877
0.138798
0.149484
0.166574
0.160795
0.154751
-0.209011
-0.21461
-0.218972
0.0701709
0.0642542
0.0590207
-0.1593
-0.149727
-0.140533
0.0631116
0.0706195
0.0795684
0.181333
0.181197
0.181312
-0.131085
-0.119312
-0.108836
-0.166862
-0.168368
-0.169205
0.0535415
0.0483094
0.0438044
0.103938
0.0930947
0.0837733
-0.0903367
-0.0831949
-0.0767808
0.181433
0.177098
0.172131
-0.0912757
-0.102266
-0.115188
0.0764259
0.0851074
0.0952796
0.189278
0.188583
0.186958
-0.181922
-0.179186
-0.175715
-0.207949
-0.209884
-0.210508
0.125542
0.114739
0.105077
-0.102489
-0.0942361
-0.0868268
-0.0901288
-0.098849
-0.108844
0.0745694
0.0817656
0.09005
0.181315
0.181185
0.181307
0.213341
0.211966
0.209273
0.0638827
0.0582959
0.0533759
0.148768
0.158381
0.168345
0.136508
0.13305
0.1294
-0.0278194
-0.0254056
-0.0232824
-0.14244
-0.133618
-0.125277
-0.1482
-0.155476
-0.162721
0.15352
0.166117
0.179579
-0.162944
-0.166664
-0.169825
-0.000128708
-0.000161713
-0.000183002
0.109146
0.117955
0.127612
0.168952
0.163312
0.157371
-0.183762
-0.189177
-0.193807
-0.0278355
-0.0303775
-0.0332701
-0.145844
-0.132465
-0.120556
-0.202897
-0.204411
-0.20471
0.0785541
0.070919
0.0642945
0.20129
0.210078
0.218007
0.115783
0.109439
0.103416
0.0908895
0.0999426
0.110282
-0.167589
-0.168712
-0.169166
-0.0615151
-0.0679326
-0.0753784
-0.0134867
-0.0123131
-0.0112804
-0.172135
-0.174533
-0.176179
-0.210801
-0.211321
-0.210496
0.0999528
0.0909939
0.083085
0.20347
0.201368
0.198146
0.0985304
0.107107
0.116639
0.170344
0.168298
0.16562
0.0920068
0.085906
0.0803094
-0.0865537
-0.0820024
-0.0777275
-0.162989
-0.173108
-0.183383
-0.00222395
-0.00240021
-0.00260351
0.167171
0.170914
0.174033
-0.0972748
-0.105853
-0.115412
-0.117616
-0.108324
-0.099922
0.0331701
0.0363951
0.0401204
0.150595
0.151733
0.152389
-0.200299
-0.208794
-0.216435
0.13169
0.140217
0.149147
-0.0967772
-0.105477
-0.115324
0.186459
0.188154
0.188913
0.0907473
0.100426
0.111677
-0.108518
-0.0972644
-0.0875669
0.191112
0.19149
0.190876
-0.0782717
-0.0852289
-0.0930395
0.120825
0.128669
0.136982
-0.169552
-0.179612
-0.189693
-0.0207606
-0.0229331
-0.0254559
0.149507
0.156607
0.163639
-0.0543416
-0.0496111
-0.0454447
-0.148392
-0.152662
-0.156591
-0.054881
-0.0615643
-0.0695227
0.0826435
0.0903215
0.0990989
0.16523
0.165126
0.164373
0.0353234
0.031946
0.0290202
0.117543
0.112753
0.108068
-0.0910145
-0.0857674
-0.0808669
-0.088603
-0.0973469
-0.107295
0.096959
0.106081
0.116344
0.187454
0.184695
0.181133
0.0199228
0.0180409
0.0164129
0.119016
0.129581
0.141244
-0.0725139
-0.0793816
-0.0871827
0.0928836
0.0855001
0.0788783
-0.116027
-0.106488
-0.0979195
-0.105053
-0.114212
-0.124368
-0.0528425
-0.048021
-0.0438157
-0.164004
-0.162847
-0.161103
-0.0942425
-0.103116
-0.11312
0.0720116
0.079278
0.0876274
-0.184051
-0.183247
-0.18158
0.175993
0.180466
0.184271
-0.099415
-0.108874
-0.119659
0.00639685
0.0070379
0.00777072
0.148749
0.156879
0.165093
0.156513
0.149851
0.143155
-0.115592
-0.124386
-0.133917
-0.152253
-0.150197
-0.147708
0.0464201
0.0503158
0.0547035
-0.0858757
-0.0923187
-0.0993791
0.0712536
0.0755431
0.0801644
0.178345
0.179207
0.179246
0.0987026
0.0907047
0.0835413
0.0806726
0.0878046
0.095807
-0.177733
-0.176756
-0.175
0.100422
0.0925774
0.0855111
-0.0913334
-0.0834977
-0.0765518
-0.170501
-0.159656
-0.149303
0.160847
0.158397
0.155457
-0.00167351
-0.00153492
-0.00141588
-0.00473833
-0.00511718
-0.00554795
0.170397
0.174668
0.178294
-0.183109
-0.19107
-0.19848
-0.150919
-0.142314
-0.134032
-0.0957859
-0.104561
-0.114408
0.0690351
0.0754967
0.0828477
-0.180838
-0.180841
-0.180007
0.163871
0.169768
0.175225
0.0959507
0.0899411
0.0843753
-0.0968461
-0.0915409
-0.0865539
-0.14418
-0.1534
-0.163058
0.190521
0.184551
0.178041
0.0235826
0.0253695
0.0273575
-0.178826
-0.174858
-0.170301
-0.117863
-0.106592
-0.096706
0.0877375
0.079639
0.0725477
0.222934
0.218651
0.213031
-0.101385
-0.110357
-0.12034
-0.0597299
-0.0545104
-0.0499225
-0.16582
-0.165507
-0.164556
-0.0801922
-0.0711643
-0.063525
-0.194901
-0.191305
-0.186834
-0.108492
-0.119126
-0.131137
0.0777418
0.0731737
0.0689396
0.0898261
0.09724
0.105478
-0.185341
-0.185229
-0.184215
0.0847786
0.0780175
0.0719698
0.180279
0.187578
0.194303
0.109395
0.10171
0.0946557
0.0884255
0.0968876
0.106577
-0.194659
-0.193321
-0.191006
-0.0879811
-0.0955294
-0.104049
-0.143203
-0.132926
-0.123409
0.174261
0.171749
0.168577
0.0420571
0.0383008
0.0350123
0.139567
0.148899
0.158678
0.163884
0.15768
0.151291
0.00953942
0.0085651
0.00773199
0.0929573
0.10161
0.111358
0.173761
0.173592
0.172679
0.0783576
0.0712276
0.064981
0.0920054
0.0996344
0.108085
0.177771
0.17829
0.177997
0.0846103
0.0780171
0.0720995
-0.0880892
-0.0809226
-0.0745263
-0.186691
-0.18752
-0.187406
-0.13907
-0.139086
-0.138724
-0.0289782
-0.0318794
-0.0352462
0.181279
0.181176
0.181323
-0.0299556
-0.0325376
-0.0355105
0.109478
0.100522
0.0924875
0.188311
0.189092
0.188914
0.1848
0.184292
0.182902
0.0837458
0.0764415
0.0699915
0.0362357
0.0325333
0.0293611
0.173049
0.166504
0.159701
0.187258
0.185368
0.182602
0.0973158
0.105259
0.114018
0.168112
0.17329
0.177916
0.110703
0.101309
0.0929125
0.205688
0.205393
0.203863
0.0919536
0.0999429
0.108847
0.207647
0.207474
0.206022
0.0948671
0.103411
0.112967
0.0254535
0.023439
0.021644
-0.19267
-0.185158
-0.177261
0.104885
0.0960941
0.0882478
-0.180247
-0.180333
-0.179579
0.129143
0.13406
0.138892
0.134736
0.126861
0.11939
-0.0897347
-0.09751
-0.106184
0.0823184
0.0892818
0.0970437
0.119783
0.127776
0.136266
0.166959
0.160653
0.154134
0.188021
0.187325
0.185696
0.0887422
0.0813576
0.0747839
0.196893
0.188113
0.179028
-0.0213629
-0.0236202
-0.0262548
0.155365
0.164293
0.173298
-0.0444573
-0.0498
-0.0561214
0.18524
0.180122
0.174405
0.180953
0.180909
0.180034
0.0820924
0.0880284
0.0945247
-0.14058
-0.12787
-0.11655
0.170095
0.170124
0.169454
0.0458018
0.0415147
0.0377929
0.00859932
0.00760399
0.00676813
-0.129837
-0.119853
-0.11079
-0.122687
-0.127768
-0.132857
0.117195
0.122834
0.12861
0.14015
0.130296
0.121198
0.18131
0.181183
0.181307
0.0784964
0.0852266
0.0928437
0.119859
0.126427
0.133233
0.112818
0.106528
0.100585
0.0900853
0.0975783
0.105885
0.179763
0.179359
0.178134
0.0884633
0.0811073
0.07456
0.186044
0.18586
0.184761
0.0869354
0.0789384
0.0719324
-0.113991
-0.125716
-0.139001
0.185948
0.186382
0.185889
-0.08284
-0.0900131
-0.0980344
0.0880238
0.0956352
0.104128
-0.0978489
-0.105659
-0.114359
0.0690558
0.0752335
0.0822883
-0.182974
-0.181635
-0.17948
0.164952
0.157184
0.149436
-0.000543757
-0.000597486
-0.000659914
0.0898447
0.0822005
0.075416
0.179257
0.177223
0.174439
-0.150049
-0.140903
-0.132208
0.164186
0.159234
0.153949
-0.168928
-0.172011
-0.174441
-0.0210227
-0.0227594
-0.024711
0.0343216
0.0310271
0.0281757
0.0339743
0.0313558
0.0290175
-0.158646
-0.15315
-0.14747
-0.0933898
-0.0853667
-0.0782512
0.101585
0.0931212
0.0855588
0.0557894
0.0515826
0.0478076
0.118941
0.125153
0.131572
-0.0365532
-0.0400789
-0.0441391
0.150506
0.160377
0.170569
0.105901
0.0964968
0.0881662
-0.0808361
-0.0748764
-0.0695009
0.181311
0.181187
0.181312
-0.0826593
-0.0903373
-0.0991104
0.0826688
0.0903363
0.0991021
0.181311
0.181188
0.181314
-0.0764507
-0.0837473
-0.0921352
-0.0886324
-0.096718
-0.105919
0.0769709
0.0839811
0.091984
0.181314
0.181187
0.181307
0.181309
0.181179
0.181299
-0.0951842
-0.102794
-0.111282
0.0722813
0.0780356
0.0845075
0.181311
0.181187
0.181311
-0.0826504
-0.0903375
-0.0991176
0.0826589
0.0903363
0.0991096
0.181308
0.181184
0.181308
-0.0822571
-0.0896964
-0.0981676
0.0834607
0.0910084
0.0995984
-0.0826546
-0.0903348
-0.0991104
0.0826518
0.0903336
0.0991103
0.181305
0.181181
0.181305
0.18131
0.181178
0.181296
-0.0999615
-0.108443
-0.117954
0.0667089
0.0723344
0.0787163
0.181311
0.181191
0.181319
-0.0723697
-0.0800562
-0.0890408
0.181307
0.181184
0.181308
-0.0826657
-0.0903409
-0.0991077
0.0826619
0.0903353
0.0991033
0.181314
0.181184
0.181303
0.0942739
0.103447
0.113954
0.181302
0.181184
0.181313
-0.0703488
-0.0771693
-0.0850374
-0.113117
-0.124059
-0.136482
0.0516647
0.056595
0.0623082
0.18132
0.181185
0.181296
0.181306
0.181184
0.181313
-0.0779314
-0.0849949
-0.0930524
0.181306
0.181182
0.181306
-0.0826545
-0.0903346
-0.0991095
0.0826572
0.090335
0.0991064
0.181294
0.181174
0.181306
-0.0698638
-0.0750492
-0.0808419
0.0984816
0.105842
0.113973
0.0893602
0.0979991
0.107902
0.181307
0.181184
0.181311
-0.0753584
-0.0826249
-0.0909895
-0.090483
-0.0993704
-0.109576
0.0739958
0.0812351
0.0895924
0.181312
0.181184
0.181305
0.181307
0.181185
0.181311
-0.082665
-0.090334
-0.099103
0.181311
0.181175
0.181288
0.0617894
0.0663247
0.0713944
0.0655592
0.0717624
0.078909
0.181318
0.181186
0.181304
0.0847297
0.0935977
0.103892
0.181308
0.181187
0.181311
-0.0786955
-0.0869243
-0.0964943
0.128722
0.1378
0.147463
0.167232
0.164679
0.16157
0.187568
0.185412
0.182417
0.0503695
0.0460142
0.0421863
0.0338821
0.0305581
0.0276972
0.110074
0.119164
0.129137
0.153076
0.150208
0.146959
-0.0899614
-0.0978426
-0.106658
-0.0938176
-0.0863822
-0.0797111
-0.183815
-0.184945
-0.185176
-0.0555983
-0.0601744
-0.0653693
0.0917651
0.0977446
0.104268
0.0760103
0.0698903
0.064433
-0.174715
-0.16816
-0.161344
-0.177939
-0.186599
-0.194904
0.0125472
0.0115636
0.0106887
-0.180787
-0.175026
-0.16883
-0.126061
-0.117334
-0.109269
-0.152797
-0.156077
-0.158896
-0.0808055
-0.0744779
-0.0688095
-0.099491
-0.106211
-0.113452
-0.178997
-0.179748
-0.179672
0.0911565
0.0838558
0.0773619
-0.10324
-0.0951823
-0.0879619
-0.184585
-0.184914
-0.184344
0.0950237
0.087439
0.0806793
-0.105168
-0.0967254
-0.0891854
-0.186651
-0.187637
-0.187685
0.0988588
0.0906068
0.0832917
-0.104687
-0.0962408
-0.0887008
-0.179003
-0.179749
-0.179672
0.0911574
0.083859
0.077366
-0.103242
-0.0951848
-0.0879643
0.211783
0.210328
0.207591
-0.186571
-0.18669
-0.185883
0.095243
0.0876346
0.0808522
-0.10701
-0.0982897
-0.0905134
-0.184052
-0.184425
-0.183916
0.0954038
0.0877772
0.0809809
-0.104271
-0.0959155
-0.0884525
-0.0882262
-0.0955985
-0.103891
-0.173324
-0.174317
-0.174573
0.0895504
0.0823117
0.0758803
-0.111434
-0.102138
-0.0938665
0.126576
0.121057
0.11566
-0.0972699
-0.0913233
-0.0858082
0.201594
0.199114
0.195578
0.160391
0.165994
0.171184
0.0954645
0.0900367
0.0849568
-0.0882997
-0.0839479
-0.0798388
0.120462
0.114638
0.109033
0.113751
0.10494
0.0969636
0.15339
0.155076
0.156243
-0.0310506
-0.0280518
-0.0254585
0.101763
0.0969991
0.0924412
0.0959798
0.088365
0.0815705
-0.108729
-0.0999547
-0.0921165
0.0914896
0.0836076
0.0766659
-0.108683
-0.0999006
-0.092051
0.10106
0.0926521
0.0851467
-0.101808
-0.0939553
-0.086865
0.175618
0.172125
0.168039
0.0338251
0.0313221
0.0290809
-0.148069
-0.140521
-0.133161
0.083257
0.090378
0.0984268
0.176228
0.174903
0.172869
-0.0832579
-0.0903764
-0.0984217
0.100114
0.0923502
0.085352
-0.099291
-0.091946
-0.0852825
0.0927975
0.0851743
0.0783727
-0.10138
-0.093515
-0.0864216
-0.174465
-0.174446
-0.173666
-0.0748176
-0.0811769
-0.0882884
0.0851517
0.0926037
0.100944
-0.177618
-0.177372
-0.17633
-0.0748179
-0.0811784
-0.0882905
0.087704
0.0955051
0.104247
-0.187784
-0.189364
-0.189987
0.0954899
0.103405
0.112149
0.0701304
0.0765087
0.0837121
-0.170824
-0.169562
-0.167621
-0.0855037
-0.0924332
-0.100105
0.026908
0.0296674
0.0328568
-0.148773
-0.142634
-0.136485
-0.106559
-0.112761
-0.119296
0.0434777
0.0478704
0.0529764
0.127436
0.128073
0.128413
0.14181
0.149221
0.156711
-0.0261722
-0.0282021
-0.0304801
0.153374
0.158324
0.162907
0.0769563
0.0693956
0.0628623
-0.128255
-0.119075
-0.110616
0.18129
0.181163
0.181293
0.0929132
0.0856465
0.0791566
0.181293
0.181166
0.181296
0.0929133
0.0856471
0.079158
0.18129
0.181165
0.181297
0.0920021
0.0845594
0.0779445
0.181288
0.181161
0.181291
0.091434
0.0840741
0.0775292
-0.0856291
-0.0925298
-0.100264
0.18129
0.181164
0.181296
0.0898423
0.0824967
0.0759821
0.181295
0.181169
0.181298
0.0923037
0.0848895
0.0782955
0.104705
0.109584
0.114603
0.0842452
0.079762
0.0755513
-0.148167
-0.147813
-0.146997
0.181288
0.181163
0.181297
0.0858156
0.0786216
0.0722715
0.0849166
0.0779436
0.0717317
-0.103137
-0.0950092
-0.0876915
0.0896626
0.0826334
0.0763223
-0.103137
-0.0950087
-0.0876905
0.181291
0.181165
0.181295
0.087968
0.0808407
0.0745157
0.181286
0.181159
0.181291
0.0880404
0.0808951
0.074554
-0.0631325
-0.0582885
-0.0539459
0.163686
0.163778
0.163232
-0.0819989
-0.0881255
-0.0949384
-0.0922147
-0.0847376
-0.0780546
-0.182377
-0.182964
-0.182683
-0.101792
-0.0931376
-0.0854354
-0.0768973
-0.0835299
-0.0909592
-0.0873058
-0.0944575
-0.102373
-0.0862556
-0.0793712
-0.0732107
0.0906281
0.0969189
0.103834
-0.17865
-0.174998
-0.170738
-0.0785696
-0.0840113
-0.0900207
-0.182285
-0.180279
-0.177509
-0.0826519
-0.0891873
-0.0965034
0.087164
0.0943841
0.102499
0.181114
0.180152
0.178387
0.0663065
0.0717264
0.0778518
-0.0766315
-0.0828002
-0.089735
0.092538
0.100062
0.108481
0.192913
0.191231
0.188614
0.0849288
0.0916471
0.0991617
0.184774
0.182753
0.179934
-0.0837119
-0.0904111
-0.0979214
-0.156052
-0.157282
-0.157977
-0.187446
-0.185023
-0.181787
-0.0746901
-0.0807438
-0.0875602
0.0837065
0.0904113
0.097926
0.182255
0.180862
0.17867
-0.187266
-0.18524
-0.182381
-0.0798015
-0.0864049
-0.0938455
0.0906967
0.0980161
0.106205
0.190952
0.189171
0.186488
-0.201865
-0.200309
-0.197671
-0.100785
-0.109077
-0.118337
0.149947
0.159067
0.168415
0.151125
0.146846
0.142319
-0.101862
-0.0934235
-0.0858854
-0.183933
-0.184172
-0.183525
-0.184476
-0.181914
-0.17857
-0.0731572
-0.0779523
-0.083161
0.101346
0.0933676
0.0861881
0.182675
0.183339
0.183127
0.198151
0.201646
0.204018
0.0862995
0.0927521
0.0999159
0.0554115
0.0614678
0.0685105
-0.104821
-0.0960918
-0.0882926
-0.182985
-0.183412
-0.182955
-0.079565
-0.0865787
-0.0944508
0.183489
0.183658
0.182947
0.0905435
0.0829842
0.0762571
0.111359
0.120638
0.130967
0.183358
0.17614
0.168607
0.144021
0.152944
0.16216
-0.104934
-0.0962268
-0.0884417
0.1816
0.182092
0.181727
0.0928257
0.0851376
0.0782841
-0.072594
-0.0677761
-0.0633763
-0.163011
-0.166159
-0.168713
-0.0979971
-0.0883202
-0.0799237
-0.187298
-0.186606
-0.185001
0.182421
0.183001
0.182711
0.0942824
0.0866511
0.0798242
0.0786199
0.0851825
0.0925882
-0.172531
-0.173573
-0.173869
0.079642
0.0863388
0.0938047
-0.177586
-0.175819
-0.173296
-0.0435755
-0.0472248
-0.0513252
0.122441
0.133093
0.144804
0.0781962
0.0714469
0.0654836
0.085249
0.0927978
0.101261
0.179802
0.180121
0.179612
0.0945567
0.0865975
0.0795088
-0.0861257
-0.0793719
-0.0733135
-0.0835675
-0.0896514
-0.0963038
0.081703
0.088283
0.0956683
0.173004
0.169083
0.164655
0.0763037
0.0703031
0.0649328
0.107008
0.114491
0.122543
-0.0918736
-0.0845404
-0.0779695
0.181754
0.182921
0.18322
0.178702
0.181298
0.183067
-0.0731022
-0.0789708
-0.0854853
0.134274
0.145953
0.158712
0.0603208
0.0546013
0.049627
0.0923308
0.0868363
0.0817271
-0.0950584
-0.087307
-0.080391
0.127156
0.138224
0.15035
0.0748176
0.0684031
0.0627271
0.184261
0.176839
0.169107
0.0571487
0.0518515
0.0472334
-0.101703
-0.0936398
-0.0863885
0.0940443
0.0977889
0.101622
0.137508
0.129741
0.122313
0.0403037
0.0362914
0.0328296
0.13571
0.143925
0.152445
0.188232
0.18054
0.172525
0.0463917
0.0412764
0.0369456
0.125055
0.133953
0.143455
0.18334
0.175678
0.167769
-0.132429
-0.125954
-0.119676
-0.111804
-0.118295
-0.125106
0.18131
0.181184
0.181309
0.0316826
0.0283294
0.0254715
0.137945
0.147445
0.157457
-0.18244
-0.182694
-0.182084
-0.0794666
-0.086448
-0.0942804
-0.182558
-0.182772
-0.18212
-0.0823425
-0.0894462
-0.0973856
-0.105621
-0.0963926
-0.0882048
0.182566
0.183275
0.183114
0.0942067
0.0860944
0.0789025
0.0953555
0.0877649
0.0809543
-0.0993018
-0.0916077
-0.0846723
0.180004
0.180034
0.179236
-0.107905
-0.0990012
-0.0910262
0.074376
0.0813802
0.0893138
0.178288
0.178661
0.178219
-0.126425
-0.114063
-0.103247
-0.00551606
-0.00595918
-0.00645892
-0.108366
-0.112378
-0.116399
0.130586
0.138762
0.147306
0.16853
0.163671
0.158417
0.0270359
0.0246104
0.0224935
0.114527
0.10489
0.0962772
-0.0782631
-0.0713223
-0.0652242
-0.177301
-0.17695
-0.175815
0.187672
0.18143
0.174707
0.162207
0.169765
0.177111
0.0226486
0.0204888
0.0186149
-0.148103
-0.139938
-0.132079
0.176587
0.1769
0.176422
-0.0960929
-0.0884871
-0.081657
0.181306
0.181181
0.181305
0.0145479
0.0130757
0.0118138
0.136379
0.143998
0.151815
0.158607
0.149037
0.139864
-0.035221
-0.0324752
-0.0300307
-0.181675
-0.18111
-0.1797
-0.0809178
-0.0876164
-0.0950652
0.144968
0.137575
0.130396
-0.0551515
-0.0511091
-0.0474682
0.181286
0.181162
0.181288
0.066177
0.0610055
0.0564168
0.195179
0.198396
0.20054
0.131759
0.123286
0.115353
0.151184
0.156534
0.161572
0.0898444
0.0847949
0.0800731
0.173975
0.175337
0.175935
0.0970929
0.0892864
0.0822871
0.100097
0.0915127
0.0838764
0.074988
0.0800636
0.0855937
-0.0856667
-0.0909172
-0.0966281
-0.187211
-0.183559
-0.179139
-0.0857466
-0.0905314
-0.0956872
0.0857436
0.0905287
0.0956858
0.0988924
0.106744
0.115478
0.105468
0.109129
0.112774
0.0695321
0.0654129
0.0615992
-0.0545773
-0.0506527
-0.0471462
0.181288
0.181164
0.181286
0.162644
0.160387
0.157606
0.0802263
0.08489
0.0899497
-0.0908596
-0.0961535
-0.101866
-0.0990802
-0.0912223
-0.0841598
-0.179276
-0.179497
-0.178896
0.0883955
0.0811703
0.0747182
-0.0995315
-0.0917759
-0.0847877
-0.0972566
-0.0896138
-0.0827422
-0.17732
-0.177549
-0.176981
-0.0806693
-0.0872872
-0.0946414
0.0834024
0.0905069
0.0984352
0.0932879
0.0857255
0.0789638
-0.18836
-0.188175
-0.187035
-0.0985452
-0.0909197
-0.0840448
0.178766
0.179108
0.178625
0.0987442
0.091337
0.0846295
0.0807977
0.0871661
0.0942036
0.111947
0.121637
0.132335
0.0606543
0.054887
0.049885
-0.109901
-0.101117
-0.0932094
-0.17681
-0.175116
-0.17268
-0.0923227
-0.0848839
-0.0782261
-0.104446
-0.0964721
-0.0892569
-0.0134884
-0.0145395
-0.0157237
-0.10666
-0.111644
-0.116753
-0.101603
-0.0936546
-0.0864954
-0.174703
-0.175477
-0.175484
-0.101602
-0.0936538
-0.0864944
-0.174701
-0.175475
-0.175483
0.149331
0.145282
0.141001
-0.0450565
-0.0421222
-0.039449
0.181298
0.181176
0.181304
0.181299
0.181177
0.181304
0.181305
0.18118
0.181304
0.181305
0.18118
0.181307
-0.181308
-0.181182
-0.181306
0.181308
0.181176
0.181294
0.1813
0.181177
0.181305
0.185149
0.180184
0.174597
0.181303
0.181179
0.181304
-0.0976872
-0.0899914
-0.0830723
-0.176566
-0.176976
-0.176599
-0.0796937
-0.0863362
-0.0937353
0.0960563
0.0883449
0.0814737
-0.102422
-0.093809
-0.0861762
0.0916643
0.0843836
0.0778974
-0.100522
-0.0924593
-0.0852681
0.0939254
0.0863661
0.07964
-0.101109
-0.0930347
-0.0858269
0.0916302
0.0843467
0.0778584
-0.102687
-0.0944363
-0.0870746
0.181295
0.181182
0.181318
0.0994819
0.0917235
0.0847779
-0.0996021
-0.0917264
-0.0846899
0.0967482
0.0890941
0.0822615
-0.10126
-0.0931789
-0.085964
0.179046
0.175166
0.170663
0.0319652
0.0285963
0.0257307
-0.181308
-0.181806
-0.181449
0.0965252
0.0889959
0.0822628
-0.0998521
-0.092108
-0.0851698
0.186897
0.187974
0.18811
0.0961991
0.0887333
0.0820503
-0.10712
-0.0984886
-0.0907802
0.179545
0.180108
0.179841
0.0979834
0.0904227
0.0836487
-0.0965246
-0.0889956
-0.082264
-0.18111
-0.181536
-0.181111
0.0979835
0.0904224
0.083648
-0.0979833
-0.0904217
-0.083647
-0.0958698
-0.0880075
-0.0809802
0.180225
0.181174
0.181272
0.0973106
0.0900741
0.0835593
-0.0979801
-0.0904196
-0.083648
-0.175751
-0.17702
-0.177513
0.0929327
0.0855605
0.0789928
-0.0980971
-0.0908041
-0.0842367
0.0979841
0.0904235
0.0836482
-0.100044
-0.0922068
-0.0851947
0.0996006
0.0918365
0.0848871
-0.0979836
-0.0904227
-0.0836475
0.179643
0.180208
0.179941
0.0979689
0.0904042
0.0836266
-0.0966545
-0.0891117
-0.0823673
-0.179126
-0.179753
-0.179553
0.096161
0.088623
0.081887
-0.0980064
-0.0904406
-0.0836616
-0.181115
-0.181546
-0.181116
0.0979828
0.0904218
0.0836479
-0.0979832
-0.0904218
-0.0836481
0.172744
0.17
0.166631
0.181307
0.18118
0.181305
0.0968235
0.0892585
0.082495
-0.099963
-0.0921241
-0.0851123
0.0967652
0.0891831
0.0824059
-0.101458
-0.0933697
-0.0861477
0.091665
0.0843835
0.0778977
-0.0979825
-0.0904231
-0.0836492
0.0916646
0.0843817
0.0778958
-0.0979813
-0.0904205
-0.0836464
0.0989545
0.0910969
0.0840823
-0.0996011
-0.0918379
-0.0848876
0.181291
0.181165
0.181296
0.181295
0.181167
0.181295
0.181295
0.181165
0.181293
-0.0979823
-0.0904217
-0.0836472
0.181293
0.181165
0.181296
-0.0983618
-0.0901501
-0.082877
0.181293
0.181165
0.181295
0.181296
0.181167
0.181295
-0.10473
-0.0964332
-0.0890102
0.181292
0.181165
0.181295
-0.104731
-0.0964323
-0.0890086
0.181292
0.181166
0.181297
0.181295
0.181167
0.181296
0.181295
0.181167
0.181295
-0.0979826
-0.090423
-0.083649
0.181296
0.181168
0.181297
-0.104777
-0.0964698
-0.0890381
0.181292
0.181165
0.181296
-0.10536
-0.0969486
-0.089431
-0.181293
-0.181162
-0.181288
-0.103439
-0.0952547
-0.0879329
0.181293
0.181165
0.181294
-0.104728
-0.0964315
-0.0890089
0.18129
0.181163
0.181292
0.0916638
0.0843822
0.0778956
0.181289
0.181162
0.181292
0.181296
0.181164
0.181292
0.0979777
0.0904153
0.0836483
0.181296
0.181167
0.181296
-0.104729
-0.0964308
-0.0890082
0.181291
0.181164
0.181294
0.181288
0.181162
0.181293
0.0949324
0.0869401
0.0798693
-0.105359
-0.09695
-0.0894324
0.18129
0.181164
0.181296
0.181292
0.181164
0.181293
0.0962532
0.0887004
0.0819521
0.0965701
0.0889149
0.0820855
-0.099805
-0.091899
-0.0848376
0.171072
0.166824
0.162088
-0.181602
-0.181867
-0.181278
-0.10041
-0.0924504
-0.0853398
-0.10624
-0.0971148
-0.0890408
0.100302
0.0923687
0.0852364
-0.0934452
-0.0860807
-0.079468
0.0930707
0.0857025
0.0790903
-0.110865
-0.101737
-0.0935532
0.180833
0.180971
0.180263
0.181292
0.181164
0.181293
-0.103572
-0.0954295
-0.0880945
0.101253
0.0933666
0.0862582
0.181293
0.181166
0.181295
0.0979837
0.0904226
0.0836483
-0.0974593
-0.0897169
-0.0828096
-0.11895
-0.113346
-0.107933
-0.107867
-0.113495
-0.119342
0.181295
0.181167
0.181296
0.181295
0.181166
0.181296
0.181295
0.181166
0.181295
0.181293
0.181166
0.181296
0.0979832
0.0904217
0.083647
-0.0993278
-0.0915706
-0.084629
0.0979834
0.0904224
0.0836472
-0.0994319
-0.0916448
-0.0846789
0.181295
0.181166
0.181294
0.181297
0.181169
0.181297
0.181296
0.181168
0.181296
0.181292
0.181165
0.181295
0.181293
0.181165
0.181295
0.181293
0.181165
0.181294
0.181293
0.181165
0.181295
0.181295
0.181167
0.181296
0.174178
0.168821
0.163052
-0.118298
-0.108474
-0.0996628
0.074404
0.0678219
0.0620397
0.181293
0.181164
0.181292
0.181291
0.181163
0.181293
0.181284
0.181158
0.18129
0.0696428
0.0751727
0.0813947
-0.00698199
-0.00629717
-0.00570768
0.112702
0.117922
0.123261
0.117949
0.11154
0.105456
-0.097983
-0.0904253
-0.0836102
0.0965106
0.0891429
0.0824912
-0.157625
-0.162165
-0.166256
0.125518
0.133007
0.140809
-0.126518
-0.118559
-0.111111
0.0980187
0.0904591
0.0836427
-0.095948
-0.0886551
-0.0820699
-0.160062
-0.163256
-0.165893
0.0626488
0.0572497
0.0524884
-0.113216
-0.105508
-0.0984031
0.181297
0.181177
0.181308
-0.0686791
-0.0740958
-0.0801893
-0.181104
-0.181537
-0.181105
-0.0218252
-0.0235387
-0.0254585
-0.172446
-0.172447
-0.171713
-0.166816
-0.168168
-0.168843
0.0745888
0.068518
0.0631152
-0.107109
-0.0990688
-0.091771
-0.0985214
-0.0904531
-0.0832379
-0.0851926
-0.0920698
-0.0996879
-0.0865817
-0.0797716
-0.0736649
-0.0324512
-0.0359452
-0.0400132
0.105141
0.110776
0.116667
0.154668
0.146899
0.13929
0.182133
0.182796
0.182591
0.181569
0.181723
0.181024
0.181001
0.18123
0.180613
0.182134
0.182798
0.182593
-0.178915
-0.178767
-0.1778
0.141912
0.151131
0.160729
-0.0273124
-0.0293362
-0.0315907
-0.0974502
-0.0903812
-0.0839571
0.142529
0.142373
0.141805
0.19598
0.193398
0.189826
-0.164997
-0.160239
-0.155142
-0.0735949
-0.0784431
-0.083781
0.181309
0.181179
0.181299
0.178506
0.17847
0.177625
0.176155
0.175994
0.175059
-0.0063304
-0.00677802
-0.00727588
0.176566
0.17629
0.175237
-0.177962
-0.179011
-0.17924
0.0949758
0.0871081
0.0800906
0.179544
0.179093
0.177824
0.177884
0.178018
0.177353
0.178343
0.178559
0.177966
-0.176953
-0.177363
-0.176974
0.0945469
0.0871067
0.0804218
0.174265
0.173505
0.172005
0.0870631
0.0801972
0.074042
0.176452
0.17604
0.174845
-0.102036
-0.0940198
-0.0868001
0.0897739
0.0827004
0.0763536
-0.162699
-0.163039
-0.162755
0.16946
0.170362
0.17055
-0.0851073
-0.0784416
-0.0724628
-0.177929
-0.17859
-0.178435
-0.103255
-0.095231
-0.0879872
0.169005
0.167095
0.164554
0.172615
0.173369
0.17337
-0.102935
-0.094724
-0.0873444
-0.0576626
-0.0621662
-0.0671746
0.206553
0.20425
0.200782
-0.106052
-0.098579
-0.0917362
0.176039
0.176277
0.17573
0.182766
0.18268
0.181723
-0.181115
-0.181429
-0.180886
0.0944568
0.0871151
0.0805083
-0.181113
-0.181426
-0.180885
0.0944558
0.0871147
0.080508
0.0848884
0.0900916
0.0957507
0.112916
0.120696
0.129028
-0.0336883
-0.0362001
-0.0389946
-0.18334
-0.183883
-0.18353
0.103691
0.0951481
0.0875015
0.181311
0.181174
0.181288
-0.118966
-0.126556
-0.134679
0.0512548
0.0544672
0.0580142
-0.0675153
-0.0727433
-0.0785401
0.0620767
0.0664972
0.0713611
0.140259
0.139627
0.138614
0.181289
0.181178
0.181317
-0.047125
-0.0501359
-0.0534678
0.122884
0.130884
0.139445
-0.180537
-0.179867
-0.178373
0.0934365
0.0860274
0.079378
-0.165587
-0.165496
-0.164757
0.0927152
0.0855484
0.0790969
-0.173405
-0.172845
-0.171543
0.100203
0.0928877
0.0862371
-0.140486
-0.141535
-0.142196
-0.0491716
-0.0536959
-0.0588648
-0.17731
-0.177692
-0.17727
0.0944912
0.0870529
0.0803699
-0.0793967
-0.0858075
-0.0929169
0.181481
0.18182
0.181301
-0.10798
-0.0988768
-0.0907506
0.166412
0.15781
0.149335
-0.0988156
-0.0900136
-0.082242
-0.175368
-0.175804
-0.175451
0.0898067
0.083033
0.07692
-0.0996475
-0.092168
-0.0853962
0.181306
0.18118
0.181305
-0.0781602
-0.0832391
-0.0888131
0.179466
0.174173
0.168375
-0.126806
-0.118792
-0.111287
0.176793
0.175805
0.174048
-0.10172
-0.0940571
-0.0871147
0.0890126
0.0813464
0.0745596
0.169216
0.168047
0.166213
-0.104484
-0.0972168
-0.09056
0.181314
0.181175
0.181292
-0.119576
-0.128021
-0.137181
0.0494954
0.0529412
0.0567822
0.172081
0.170325
0.167898
-0.106122
-0.0982777
-0.0911435
-0.181984
-0.181282
-0.179731
0.107784
0.0997031
0.0923649
-0.184144
-0.179691
-0.174586
0.135691
0.126621
0.118158
-0.153125
-0.141446
-0.130687
0.0309793
0.0279799
0.0253994
0.0818658
0.074154
0.0674323
-0.154612
-0.143652
-0.133419
0.173094
0.168434
0.163304
0.0321663
0.0293371
0.0268667
0.174559
0.172082
0.168955
0.200619
0.199439
0.197141
-0.117515
-0.108286
-0.0999302
-0.126331
-0.11651
-0.107584
0.0306378
0.0278869
0.0254846
-0.138991
-0.131059
-0.123491
-0.0982065
-0.0902162
-0.0830646
-0.0806189
-0.0732993
-0.0668777
-0.163099
-0.165036
-0.166348
-0.161705
-0.165267
-0.16827
0.177452
0.177445
0.17664
-0.107048
-0.0987881
-0.0913219
0.0411399
0.0374197
0.0341685
-0.00504751
-0.00466204
-0.0043207
0.0293668
0.0320258
0.0350709
0.152057
0.155692
0.158893
0.00828722
0.00893656
0.00966878
-0.137649
-0.135772
-0.133583
-0.117638
-0.113259
-0.108937
-0.0615727
-0.0650131
-0.0687157
0.175366
0.17427
0.172432
-0.105457
-0.0971585
-0.0896794
-0.0586082
-0.0628765
-0.0675886
0.103022
0.108817
0.114918
-0.100096
-0.0938695
-0.0880917
-0.0933045
-0.088186
-0.083379
-0.11842
-0.124338
-0.130404
-0.0945471
-0.0865996
-0.0795347
-0.0865182
-0.0795779
-0.0733716
0.0925245
0.0853333
0.0788669
0.0930281
0.0859142
0.079497
0.123738
0.122169
0.120373
0.0878262
0.0808908
0.074684
-0.0660825
-0.0610098
-0.0564757
-0.111013
-0.103116
-0.0958883
0.0845437
0.0782651
0.0725952
-0.0584647
-0.0541361
-0.0502493
0.0260869
0.0277032
0.0294951
0.181311
0.181164
0.181275
-0.108966
-0.102311
-0.096105
0.0397045
0.0370193
0.0345879
0.0805874
0.0743719
0.068797
0.0609135
0.0565416
0.0525992
-0.144706
-0.140947
-0.136967
0.13207
0.13993
0.148073
0.0625622
0.0571288
0.0523449
0.157004
0.156149
0.154771
-0.178084
-0.178648
-0.178391
0.0836435
0.0768556
0.0707987
0.0877568
0.0807381
0.0744575
0.0609813
0.0563721
0.052241
0.0802762
0.0736696
0.0677971
0.150972
0.150384
0.149314
0.137589
0.129776
0.122334
-0.150957
-0.153772
-0.15613
0.193234
0.195162
0.196025
-0.0475324
-0.0508668
-0.0545446
0.0799689
0.0845938
0.0895478
-0.11805
-0.114515
-0.110944
-0.0563952
-0.0597415
-0.0633737
0.0998877
0.106864
0.114406
-0.141799
-0.149386
-0.15708
-0.0860317
-0.080364
-0.0751666
-0.142871
-0.143612
-0.143928
-0.160324
-0.164655
-0.168483
0.0048371
0.00517654
0.00555519
-0.138326
-0.128772
-0.119897
0.0446555
0.0407334
0.0372889
-0.0606739
-0.0648638
-0.0694596
0.0971678
0.103435
0.110153
-0.161072
-0.162548
-0.163417
0.088143
0.081717
0.0758967
-0.0730353
-0.0780238
-0.0834704
0.0899988
0.0958274
0.102104
-0.176823
-0.177845
-0.178065
0.14645
0.144274
0.141718
-0.087154
-0.0808141
-0.0750696
0.0732268
0.068621
0.0643905
-0.111481
-0.104296
-0.0976295
-0.144948
-0.147476
-0.149595
-0.00209965
-0.00193486
-0.0017907
-0.163603
-0.159901
-0.15577
-0.0523919
-0.055942
-0.0598389
0.181304
0.181179
0.181305
0.0961656
0.102529
0.109467
0.0702889
0.0645226
0.0593965
0.145605
0.142186
0.138494
-0.0579111
-0.0533214
-0.0492268
0.150985
0.147338
0.143385
0.181301
0.181174
0.181297
-0.116218
-0.107325
-0.09925
-0.159043
-0.159575
-0.159522
-0.0972034
-0.0911124
-0.085473
0.0666282
0.0711272
0.0760412
0.151775
0.15473
0.157222
0.1813
0.181177
0.181304
-0.144822
-0.14778
-0.150351
-0.0965649
-0.091072
-0.0859337
-0.0836478
-0.0787276
-0.0741606
-0.150412
-0.153498
-0.156141
-0.110784
-0.11658
-0.122594
0.0594354
0.063325
0.0675708
0.0189223
0.0174659
0.0161624
0.181302
0.181175
0.181301
-0.00326848
-0.00354086
-0.00384838
-0.13219
-0.124265
-0.116781
0.0542079
0.0503832
0.0469256
-0.111029
-0.105395
-0.10002
0.14283
0.145701
0.148199
0.0521063
0.0481015
0.0445179
-0.095976
-0.0906074
-0.0855773
0.0761973
0.0718918
0.0678934
0.0966114
0.0912471
0.086215
-0.0881646
-0.0833358
-0.0788107
0.15031
0.146192
0.141803
-0.0742691
-0.0693149
-0.0647912
0.138049
0.135426
0.132545
0.0328239
0.030717
0.0287985
0.046198
0.0421647
0.0386222
0.0983439
0.0934227
0.0887577
-0.111493
-0.104461
-0.0979237
-0.130616
-0.131826
-0.132717
-0.119878
-0.112352
-0.105323
-0.150935
-0.1549
-0.158463
-0.101469
-0.0947313
-0.0885287
0.069132
0.0644088
0.0601208
-0.0699588
-0.0652709
-0.0610036
-0.0739005
-0.0688584
-0.0642684
-0.0272665
-0.029239
-0.0314313
0.0595645
0.0552561
0.0513729
0.0937883
0.0891508
0.0847541
0.119682
0.119534
0.119142
-0.0938762
-0.0890409
-0.0844741
0.122467
0.12228
0.121832
-0.0991045
0.18597
-0.114596
0.199934
-0.112131
0.185952
0.168545
-0.0109701
0.18823
-0.0236545
0.180799
-0.0125412
0.0145896
0.155047
0.0167218
0.165393
0.00417298
0.165526
0.121052
-0.155207
0.108092
-0.14693
0.112187
-0.155854
0.116428
-0.181321
0.100631
-0.168861
0.102849
-0.182141
0.135842
0.0210963
0.154604
0.0127196
0.143457
0.0240097
-0.157107
-0.0731446
-0.138779
-0.0759538
-0.153326
-0.0660079
0.20015
-0.098536
0.204467
-0.110644
0.212993
-0.110244
0.109051
-0.199418
0.0938764
-0.183344
0.0920001
-0.192098
0.170882
-0.21035
0.150677
-0.197192
0.15673
-0.209168
-0.00820194
-0.145087
-0.00705669
-0.134773
-0.0188151
-0.13917
0.000514117
0.110698
0.000597935
0.11925
-0.00817057
0.1213
0.0833942
0.0862625
0.0944628
0.0861219
0.0826785
0.0974857
0.202947
-0.0824484
0.205421
-0.0948333
0.216224
-0.0929938
0.187808
-0.190989
0.1674
-0.181381
0.177508
-0.193376
0.0942077
0.0837641
0.105844
0.0829023
0.0942664
0.0937377
0.146058
0.00716826
0.161481
-0.00246733
0.155286
0.00813202
-0.185858
-0.00310832
-0.167342
-0.014421
-0.174057
-0.00274433
-0.0457143
0.182827
-0.0525208
0.197429
-0.059817
0.192851
-0.099301
-0.103781
-0.0880277
-0.10182
-0.100551
-0.0945477
0.0193558
-0.161244
0.0168707
-0.150164
0.00791803
-0.154329
0.220823
-0.144481
0.214301
-0.150045
0.226972
-0.155644
-0.104349
0.185829
-0.120092
0.199299
-0.116951
0.185804
0.112012
0.0430275
0.125862
0.0379518
0.116409
0.0487223
-0.0899155
0.177563
-0.102445
0.191293
-0.102925
0.183541
0.10789
-0.184024
0.0932816
-0.17084
0.0936201
-0.182645
-0.167185
0.184683
-0.186478
0.192871
-0.174811
0.180435
0.214255
-0.0918384
0.212647
-0.101663
0.224911
-0.10142
-0.0952525
0.185026
-0.106818
0.1959
-0.105566
0.185016
0.216808
-0.146645
0.214009
-0.155513
0.226427
-0.161267
-0.163014
0.0236634
-0.151313
0.014288
-0.153579
0.0212106
-0.0236025
0.153187
-0.0270481
0.16482
-0.0349995
0.162591
0.158906
-0.00325956
0.175435
-0.0138846
0.169174
-0.00369711
0.0446715
-0.163296
0.0387927
-0.151379
0.0322439
-0.156508
0.152848
0.0257036
0.165327
0.0178509
0.160332
0.0286841
0.12376
0.0640702
0.139502
0.0594911
0.127408
0.0725691
0.207946
-0.0976011
0.218643
-0.112385
0.223347
-0.109733
0.0930577
0.0618271
0.105029
0.0591873
0.0949577
0.0701597
-0.152916
0.176873
-0.172524
0.189048
-0.164414
0.179276
0.215118
-0.114967
0.215264
-0.126545
0.22763
-0.128522
0.206736
-0.103473
0.203276
-0.112491
0.216583
-0.114455
0.171875
-0.0802531
0.168886
-0.0848585
0.176837
-0.0856099
0.180495
-0.166513
0.167519
-0.162345
0.176141
-0.170431
0.219132
-0.105178
0.218054
-0.115159
0.229948
-0.115949
0.120919
-0.147919
0.108175
-0.140309
0.112765
-0.148916
0.217208
-0.134994
0.206749
-0.139081
0.22187
-0.145333
0.11023
-0.18321
0.0987035
-0.17382
0.100099
-0.18464
0.0920781
0.0916651
0.104886
0.0916868
0.0911212
0.103233
0.0892243
0.0851652
0.10203
0.0843302
0.0890384
0.097454
-0.207773
0.133521
-0.213654
0.126594
-0.201485
0.123303
-0.171523
0.162954
-0.183431
0.163084
-0.171721
0.153772
-0.0974157
0.153456
-0.112162
0.166579
-0.109817
0.158712
0.0635578
-0.15133
0.0548734
-0.139764
0.0513475
-0.146528
-0.141195
-0.0372167
-0.125905
-0.042799
-0.134966
-0.0330689
-0.198427
0.0872072
-0.194396
0.0788926
-0.190491
0.0809935
0.208794
-0.102523
0.2076
-0.113138
0.220308
-0.114347
-0.173889
-0.0231493
-0.158304
-0.0315593
-0.164978
-0.0206118
0.121744
0.0725897
0.135601
0.0689313
0.124556
0.081417
0.195582
-0.103047
0.196336
-0.112904
0.206132
-0.114106
-0.109405
0.16673
-0.121095
0.174761
-0.116863
0.164792
0.107913
-0.17829
0.0962529
-0.168843
0.0976918
-0.179722
0.0630163
0.10213
0.0728243
0.105583
0.0587561
0.114821
0.00347524
0.147221
0.00391874
0.156154
-0.005453
0.15585
-0.11912
0.154082
-0.130147
0.159796
-0.124464
0.151081
0.119526
-0.162041
0.107545
-0.15356
0.110509
-0.161463
0.0951534
-0.166971
0.0868775
-0.158855
0.0866371
-0.164126
0.18198
-0.0853061
0.182564
-0.0945657
0.191876
-0.094601
0.178879
-0.0812645
0.180647
-0.0909482
0.189178
-0.0903868
-0.165538
-0.00159379
-0.152846
-0.0095466
-0.157333
-0.00145173
0.18707
-0.17004
0.174215
-0.166356
0.183234
-0.174566
0.198819
-0.136828
0.188863
-0.139827
0.202219
-0.146824
0.109264
-0.176618
0.0977666
-0.167269
0.0992053
-0.177076
-0.087112
-0.0940987
-0.0773312
-0.0916238
-0.0890953
-0.087138
-0.0605
0.150172
-0.0699238
0.164158
-0.074161
0.162302
-0.212934
0.0231392
-0.203105
0.0130666
-0.202966
0.0211155
-0.166187
0.17983
-0.178324
0.183429
-0.169578
0.174195
-0.115445
-0.0869644
-0.102497
-0.0878661
-0.113688
-0.0775884
-0.211776
0.166624
-0.217515
0.159381
-0.205148
0.15313
-0.105922
0.168887
-0.117429
0.177579
-0.114027
0.16801
0.0633048
0.11163
0.0731534
0.115676
0.0583425
0.125794
0.171238
-0.0944782
0.175585
-0.103929
0.181134
-0.104123
0.0997171
0.0725285
0.110882
0.070869
0.100715
0.0803327
-0.0947766
-0.106947
-0.0829212
-0.1036
-0.0974491
-0.0981124
0.0895631
0.0893351
0.100698
0.0894536
0.0886932
0.0992933
0.126834
0.0336305
0.139298
0.0275283
0.132457
0.0376578
0.144161
0.00473944
0.156374
-0.0048294
0.153538
0.00538648
0.0949627
0.0653617
0.106325
0.0630716
0.0965659
0.0734397
0.0935706
0.0727113
0.103487
0.0713559
0.0943425
0.0803419
0.11022
-0.183823
0.099045
-0.174216
0.0999301
-0.183367
0.0997304
0.0279827
0.112849
0.0230758
0.104076
0.0315923
-0.157062
-0.0373949
-0.141554
-0.0431787
-0.150897
-0.033767
0.104499
-0.184937
0.0940342
-0.175605
0.0944634
-0.185278
0.100549
0.0703893
0.111761
0.068051
0.102195
0.078708
0.0311702
-0.167592
0.0273859
-0.156455
0.0197101
-0.159735
0.190045
-0.101651
0.187015
-0.109419
0.198473
-0.11177
-0.0800123
-0.107818
-0.0694971
-0.104155
-0.0829333
-0.0970915
0.209494
-0.0970623
0.208324
-0.106932
0.220176
-0.107378
0.211656
-0.100247
0.210604
-0.110602
0.222875
-0.111296
-0.201669
0.191543
-0.211123
0.190184
-0.200465
0.181514
0.100001
-0.176272
0.0897672
-0.167177
0.090232
-0.176652
-0.0105093
-0.130611
-0.0093363
-0.123402
-0.0175708
-0.121465
0.190872
-0.0868713
0.190429
-0.0958622
0.200528
-0.0958942
-0.0337316
0.159003
-0.0383371
0.170519
-0.0449364
0.167311
0.0991199
0.0753158
0.109467
0.0733803
0.10041
0.0837906
0.196373
-0.157596
0.184779
-0.158722
0.197697
-0.16815
-0.0501136
0.180069
-0.0576956
0.194398
-0.0637683
0.187178
0.1838
-0.0858971
0.183225
-0.0932766
0.191701
-0.0934919
0.120034
0.0367095
0.135004
0.0310635
0.125013
0.041348
-0.0102007
0.126738
-0.0117859
0.13663
-0.019841
0.133356
0.00450401
-0.134616
0.00387585
-0.124942
-0.00507453
-0.123387
0.184628
-0.082911
0.184636
-0.0921136
0.194262
-0.0918069
-0.024304
-0.109246
-0.0212231
-0.102804
-0.0306229
-0.101985
0.0916537
0.075246
0.101408
0.0738138
0.0924669
0.0837063
0.0989989
0.0724836
0.110963
0.0702934
0.100421
0.0815632
0.132183
-0.206014
0.116702
-0.193716
0.118855
-0.206129
0.189553
-0.092762
0.189505
-0.101989
0.199448
-0.102614
0.110079
-0.176932
0.0997723
-0.169077
0.101625
-0.178972
0.163799
-0.150679
0.153813
-0.150096
0.163197
-0.159018
0.0966181
0.0761314
0.107767
0.0745899
0.0974521
0.084914
-0.0769748
0.178792
-0.0862922
0.190134
-0.0876706
0.18192
0.136159
0.0141044
0.147511
0.00618517
0.143823
0.015877
-0.154593
-0.0269177
-0.143138
-0.0330585
-0.148117
-0.0244094
-0.138944
-0.0363675
-0.127084
-0.0425545
-0.132328
-0.0322825
-0.178147
0.157956
-0.187275
0.15746
-0.177766
0.15071
0.0792091
0.0869536
0.0884458
0.0871907
0.0783064
0.0968029
-0.171805
0.129452
-0.177304
0.12568
-0.168351
0.121428
0.207809
-0.154038
0.199683
-0.158206
0.212429
-0.165934
0.100391
-0.170121
0.0895585
-0.159859
0.0895464
-0.166817
0.184893
-0.0874742
0.184891
-0.0974186
0.195353
-0.097676
-0.104694
-0.0910619
-0.093463
-0.0915297
-0.103679
-0.0813049
-0.0934447
0.184836
-0.10415
0.195103
-0.103217
0.184828
0.184405
-0.0763138
0.18442
-0.0849081
0.193365
-0.0839179
0.184894
-0.0874748
0.184892
-0.0974196
0.195355
-0.0976768
0.184803
-0.088162
0.184801
-0.0978554
0.194984
-0.0981696
-0.0874716
0.184888
-0.0976748
0.195348
-0.0974163
0.184887
0.184576
-0.0708978
0.184598
-0.079995
0.194088
-0.0783933
-0.109308
-0.0880826
-0.0963685
-0.0890096
-0.107692
-0.0776742
0.184888
-0.0874706
0.184888
-0.0974167
0.195349
-0.0976739
-0.101642
0.184783
-0.113083
0.194858
-0.111244
0.184764
-0.111631
-0.0843529
-0.0994759
-0.0855717
-0.109847
-0.0751841
-0.118566
0.185033
-0.132917
0.195828
-0.128829
0.184992
0.184812
-0.0925197
0.184806
-0.102231
0.195015
-0.103051
0.184887
-0.0874714
0.184887
-0.0974162
0.19535
-0.0976746
0.184226
-0.102576
0.184208
-0.110604
0.192565
-0.112127
-0.10593
-0.089973
-0.0944581
-0.0905672
-0.104774
-0.0802407
-0.0956742
0.185079
-0.107483
0.196132
-0.106145
0.185069
0.184887
-0.0874699
0.184889
-0.0974152
0.195351
-0.0976759
0.184174
-0.0654027
0.184202
-0.0733721
0.192442
-0.0714007
-0.104592
0.184973
-0.117073
0.195646
-0.11473
0.18495
-0.102033
-0.0950881
-0.090144
-0.0951645
-0.101291
-0.084013
0.0492823
-0.189766
0.0426908
-0.175457
0.0344961
-0.179267
-0.146215
-0.0274948
-0.135515
-0.0332701
-0.14012
-0.0249245
0.190048
-0.133241
0.186616
-0.14007
0.197428
-0.145627
-0.0315647
0.150846
-0.0356601
0.160854
-0.0411204
0.154854
0.101601
-0.181547
0.0913438
-0.172008
0.0914095
-0.180723
0.0613358
-0.157274
0.0554362
-0.148988
0.0526798
-0.154086
-0.106071
-0.0756317
-0.0962713
-0.0769011
-0.104246
-0.0684681
-0.18446
0.17381
-0.193524
0.172973
-0.183743
0.165134
-0.179952
0.180546
-0.18997
0.181246
-0.180648
0.172745
-0.122721
-0.043357
-0.112623
-0.0479217
-0.117756
-0.0388042
0.105509
-0.172655
0.0963592
-0.16551
0.0978386
-0.174257
0.18304
-0.0735873
0.185312
-0.08221
0.192159
-0.080606
0.182893
-0.0923365
0.182444
-0.100695
0.191835
-0.101635
0.187882
-0.0938462
0.18802
-0.102859
0.19752
-0.103589
0.191129
-0.0933671
0.190458
-0.102332
0.20076
-0.103103
0.182894
-0.0923391
0.182448
-0.100697
0.191838
-0.101638
0.129753
-0.206857
0.115295
-0.194378
0.116412
-0.204312
0.189567
-0.0953202
0.189991
-0.104638
0.19953
-0.105381
0.18743
-0.09308
0.187499
-0.10203
0.197007
-0.102722
0.0992722
-0.171253
0.0895886
-0.162543
0.0900121
-0.170491
0.188015
-0.0988336
0.188705
-0.108391
0.198225
-0.109541
-0.212182
0.0929697
-0.207789
0.0835712
-0.203244
0.0859596
0.114477
-0.197012
0.102847
-0.185875
0.102679
-0.193392
-0.082519
-0.0936907
-0.0738718
-0.0912043
-0.084594
-0.0873825
0.030207
-0.116414
0.026685
-0.108626
0.0222995
-0.109619
0.109794
-0.151137
0.0993445
-0.144345
0.102517
-0.152785
0.0241227
0.0948959
0.0272498
0.100008
0.0189054
0.10084
0.192004
-0.0969463
0.192374
-0.106272
0.201978
-0.107071
0.188074
-0.0966652
0.186829
-0.105322
0.19739
-0.106768
0.191171
-0.0912433
0.189677
-0.0996164
0.200198
-0.100359
0.176617
-0.135848
0.171678
-0.139253
0.180286
-0.144746
0.0868587
-0.172105
0.0772728
-0.161939
0.0760527
-0.170124
0.0660218
0.0848534
0.0741384
0.0860735
0.0642371
0.0942697
0.188268
-0.0894643
0.1874
-0.097536
0.196931
-0.0980177
0.182857
-0.0907005
0.1818
-0.0988715
0.191632
-0.0998275
0.177167
-0.0897103
0.177665
-0.0986324
0.186691
-0.0993841
0.18001
-0.0924534
0.180815
-0.101746
0.189929
-0.102587
0.193231
-0.100086
0.191789
-0.108645
0.202474
-0.110222
-0.0830298
-0.0983353
-0.074622
-0.0967744
-0.0840222
-0.0894482
0.0253219
0.109549
0.028641
0.11548
0.0191942
0.117657
0.160473
-0.0374007
0.171941
-0.0483903
0.171555
-0.0420191
0.0837038
-0.124844
0.0743492
-0.117851
0.0762151
-0.125401
0.145957
-0.00243592
0.155529
-0.0113348
0.154824
-0.00273794
0.193497
-0.154054
0.18263
-0.152811
0.192319
-0.15959
0.195671
-0.114532
0.189142
-0.120691
0.202461
-0.125108
0.0892824
0.080041
0.0985958
0.0793657
0.089563
0.0883947
0.0892845
0.0800417
0.0985981
0.0793664
0.0895656
0.0883951
0.0901132
0.078807
0.0998577
0.0779884
0.0905046
0.0873352
0.0906144
0.0783651
0.100358
0.0775023
0.0910556
0.086799
0.0961839
-0.161864
0.0871025
-0.154276
0.0880842
-0.162598
0.0920375
0.0767546
0.102099
0.0757099
0.0926457
0.0851545
0.0898412
0.0791674
0.0994825
0.0783915
0.0902005
0.0876682
-0.0338358
-0.082003
-0.0299418
-0.0781179
-0.0375758
-0.0768047
-0.113208
0.151159
-0.126917
0.15972
-0.121213
0.150321
0.0956127
0.0728741
0.10634
0.07138
0.096647
0.0810619
0.176861
-0.0919706
0.176142
-0.100097
0.185569
-0.101394
0.181137
-0.0921288
0.181262
-0.100715
0.190311
-0.101572
0.0937059
0.0752025
0.103845
0.0739985
0.0944849
0.0833493
0.093639
0.0752451
0.103791
0.0740424
0.0944128
0.0834123
-0.101209
0.166312
-0.111439
0.174652
-0.109054
0.166548
0.083539
0.0832557
0.0935862
0.0838284
0.0823908
0.0913188
0.101303
-0.179279
0.0911863
-0.170119
0.09149
-0.179082
0.0867677
0.0778674
0.0967931
0.0772245
0.0867686
0.0864749
0.0980297
-0.170758
0.088741
-0.16265
0.0893528
-0.171216
0.0898307
-0.184495
0.0790948
-0.171558
0.0763088
-0.177105
0.0835095
0.0797469
0.0935422
0.0804029
0.0823296
0.0869017
0.0836029
0.0839112
0.0936736
0.0842873
0.0826094
0.0925169
0.0879696
-0.17719
0.0787145
-0.167314
0.0774671
-0.175582
0.113014
-0.17754
0.101842
-0.168428
0.103308
-0.176952
-0.185139
0.109774
-0.186424
0.101285
-0.177223
0.100113
0.0935007
-0.188477
0.08344
-0.177557
0.0818958
-0.185937
0.0936238
-0.180399
0.0835574
-0.16982
0.082417
-0.17753
0.0937969
-0.154953
0.0850149
-0.147235
0.0856509
-0.15378
0.0957851
0.0755412
0.107876
0.0748225
0.0958227
0.0834968
0.0929531
-0.178205
0.0831986
-0.168156
0.0822915
-0.176073
0.0906352
0.0808908
0.102009
0.0806616
0.090175
0.0895873
0.0935308
-0.186524
0.0834668
-0.175683
0.0820181
-0.183887
0.0832892
0.102639
0.0933409
0.103948
0.0812412
0.113588
-0.163403
0.00974409
-0.152392
0.000908233
-0.154476
0.00873591
0.0871366
0.0839603
0.0969366
0.0835043
0.0869184
0.0932756
0.0968084
0.0738796
0.107022
0.0733874
0.0967887
0.0800585
0.0967576
-0.179508
0.0874384
-0.170787
0.0874034
-0.179771
-0.199359
0.078201
-0.195938
0.0663347
-0.188165
0.0700477
0.0853893
-0.174678
0.0759006
-0.163779
0.0739265
-0.170323
0.0548625
0.10207
0.0625434
0.106374
0.0501108
0.110905
0.0897084
0.0805297
0.0998659
0.0796788
0.089885
0.0896313
0.0935617
0.0770201
0.10397
0.0756835
0.0942263
0.0857288
-0.206223
0.125833
-0.208597
0.115465
-0.196666
0.113568
0.18338
-0.146552
0.173794
-0.14867
0.185742
-0.157293
0.0898779
0.0792034
0.100017
0.0782873
0.0901236
0.0880922
-0.0947105
0.167009
-0.104981
0.177013
-0.104226
0.170621
-0.11989
0.192842
-0.135029
0.204152
-0.130303
0.191152
0.0809681
0.090309
0.0919449
0.090809
0.0796105
0.101799
0.089386
0.0807891
0.0992818
0.0800313
0.0894907
0.0896393
0.103541
-0.182864
0.0918315
-0.171501
0.0914782
-0.179791
0.176951
-0.0838342
0.176093
-0.092015
0.185733
-0.092505
-0.137011
-0.0521344
-0.122355
-0.0553775
-0.133118
-0.0472588
0.125322
0.0652752
0.139278
0.0612244
0.128596
0.0728974
0.0865839
0.0805305
0.096414
0.079826
0.086619
0.0897275
0.0739514
0.0848793
0.0817483
0.0856271
0.0727116
0.0927619
0.0830215
-0.167834
0.0729364
-0.156269
0.0708476
-0.162907
-0.180661
0.118857
-0.183389
0.111676
-0.174006
0.109136
0.101347
-0.17888
0.0919244
-0.170659
0.0925169
-0.179736
-0.109544
-0.0846304
-0.0982376
-0.0847876
-0.108743
-0.0770471
0.138095
0.0484749
0.153469
0.0420123
0.143812
0.0546991
0.174728
-0.0851476
0.179766
-0.0951849
0.185228
-0.0942401
0.130228
0.0623466
0.144721
0.0578915
0.133901
0.069571
0.148415
0.0187356
0.16006
0.00960587
0.157299
0.0212655
0.0519028
-0.180102
0.04614
-0.169027
0.0403783
-0.17372
0.0875404
0.0864986
0.0969392
0.0862204
0.0871786
0.095571
-0.0324931
0.126519
-0.0366394
0.135692
-0.0416167
0.136186
0.0348817
-0.182298
0.0307472
-0.170392
0.0226776
-0.173054
0.0403486
-0.17697
0.0350712
-0.164095
0.0270581
-0.167827
0.00438769
0.115382
0.00500169
0.123072
-0.0033627
0.12389
0.184623
-0.0877204
0.184622
-0.096902
0.194236
-0.0971193
0.0960163
-0.184029
0.0862745
-0.174381
0.0856837
-0.183415
0.0262921
-0.177421
0.022994
-0.165367
0.0139034
-0.168769
0.0890966
0.0804532
0.0992579
0.0796747
0.0891954
0.0895159
0.0863816
0.0834572
0.0960682
0.083026
0.0861507
0.0926794
0.0896781
0.0799067
0.100364
0.0790449
0.0898143
0.0892582
0.0907636
-0.176672
0.0819456
-0.16784
0.0813248
-0.176218
0.0925319
0.0792457
0.102917
0.078201
0.0928986
0.0880612
-0.0931592
0.181954
-0.104018
0.192363
-0.10284
0.181975
0.105871
0.0630263
0.120186
0.0597256
0.108295
0.0714847
0.182037
-0.164681
0.172018
-0.16344
0.180769
-0.171323
0.155995
-0.0481271
0.168774
-0.05993
0.167891
-0.0543324
0.134229
0.0204884
0.144864
0.0132929
0.141155
0.0229387
0.109631
-0.172686
0.0983413
-0.163861
0.100137
-0.173529
0.187398
-0.164094
0.178991
-0.164949
0.188364
-0.172879
0.0183805
-0.162077
0.016295
-0.152231
0.00833815
-0.154521
0.179873
-0.0859757
0.179765
-0.0944626
0.188951
-0.0948192
0.184545
-0.0829232
0.184553
-0.0919005
0.193931
-0.0915895
0.010261
-0.159697
0.00903395
-0.14959
5.85651e-05
-0.150537
0.182388
-0.0337089
0.186309
-0.042795
0.191853
-0.0371213
0.183525
-0.0900474
0.184783
-0.0996029
0.193711
-0.0998773
-0.188699
0.0509756
-0.183919
0.0415091
-0.179604
0.0464547
0.113211
0.0561744
0.124932
0.053063
0.115948
0.062026
0.199461
-0.0734785
0.20296
-0.0836161
0.21017
-0.0809531
-0.0779586
-0.088178
-0.0697836
-0.0858266
-0.0799433
-0.0823031
0.183217
-0.0930456
0.183629
-0.102306
0.193124
-0.103164
-0.0922617
-0.0956139
-0.0829395
-0.0948048
-0.0924449
-0.0865653
0.0947202
-0.171134
0.0848654
-0.160907
0.0839845
-0.166603
0.0852791
0.0872821
0.0968414
0.0892868
0.0827468
0.0942275
-0.096998
-0.100466
-0.08576
-0.098567
-0.0981895
-0.0913379
0.0772841
0.0872445
0.086371
0.089205
0.0749126
0.0935381
0.0930871
-0.1821
0.0831228
-0.170326
0.0808708
-0.174371
0.0794147
-0.182697
0.0705344
-0.171515
0.0675998
-0.178973
-0.047968
-0.0680241
-0.0427516
-0.0657905
-0.0499767
-0.0632339
0.135566
-0.178289
0.123875
-0.170356
0.127343
-0.178258
-0.156339
0.0874524
-0.159349
0.0823829
-0.15161
0.0813607
0.0511717
0.0929077
0.0575043
0.096396
0.0473801
0.0998963
0.0853346
0.0819581
0.0944933
0.0815273
0.0851563
0.0906351
0.0838426
-0.170473
0.0755006
-0.161658
0.0744497
-0.169689
0.0838676
0.0817168
0.0927753
0.0813575
0.0836389
0.0902907
0.0846323
0.0799598
0.093863
0.0793765
0.0846035
0.0887284
-0.184931
0.0938715
-0.18415
0.0842016
-0.175867
0.0849909
-0.17566
0.0899917
-0.175748
0.0813041
-0.167529
0.0817639
0.114977
0.0492049
0.127728
0.0442855
0.119261
0.0555389
0.0949086
0.072305
0.105216
0.0706596
0.0959236
0.080324
0.176513
-0.0827269
0.179158
-0.0920139
0.186326
-0.0914332
0.0906797
0.0770791
0.100046
0.0759798
0.0911869
0.0852265
-0.0300174
0.164829
-0.0342708
0.177038
-0.0418909
0.173516
0.186989
-0.161226
0.176893
-0.160144
0.185924
-0.167526
-0.0263104
0.110144
-0.0299087
0.118282
-0.0342899
0.116604
-0.133694
-0.0354993
-0.123993
-0.0402271
-0.12864
-0.0322674
0.0878987
0.0755918
0.0972043
0.0745278
0.0883709
0.0838124
0.0878964
0.0755917
0.0972023
0.0745272
0.088368
0.083813
-0.190015
0.0413053
-0.181669
0.0327249
-0.181565
0.0380477
0.184028
-0.0943649
0.184021
-0.101853
0.191784
-0.102522
0.184445
-0.0950111
0.184435
-0.103676
0.193485
-0.104592
0.184423
-0.087902
0.184423
-0.0965205
0.193414
-0.096708
0.184524
-0.0915419
0.184519
-0.100435
0.193819
-0.101027
0.18439
-0.0890921
0.184389
-0.0976028
0.193264
-0.0978995
0.184479
-0.0703699
0.184502
-0.0791952
0.19369
-0.0775705
0.184466
-0.0969065
0.184454
-0.105627
0.19357
-0.106749
-0.0422818
0.180087
-0.0485254
0.193912
-0.0554856
0.187022
0.184226
-0.0902595
0.184223
-0.0983164
0.192604
-0.098683
0.084248
0.080702
0.0932227
0.0802104
0.0841436
0.0893061
0.185548
-0.0910218
0.186482
-0.100584
0.195752
-0.100956
0.180368
-0.089728
0.180574
-0.0984015
0.189627
-0.0990357
0.183161
-0.0902996
0.18303
-0.0989604
0.192424
-0.0996166
0.182338
-0.0916087
0.182567
-0.100397
0.191724
-0.101131
-0.128122
-0.0656975
-0.11607
-0.0684789
-0.124959
-0.0595544
0.187008
-0.0892071
0.187269
-0.0980714
0.196478
-0.0983129
0.185898
-0.090514
0.186077
-0.0993884
0.195383
-0.0998477
-0.153373
-0.0346766
-0.138759
-0.0423598
-0.145139
-0.03042
0.184757
-0.0895407
0.18466
-0.0980326
0.193833
-0.0984938
0.19064
-0.0955905
0.191399
-0.104955
0.200637
-0.10556
0.182884
-0.0866039
0.183076
-0.0951397
0.191993
-0.095314
0.184411
-0.0879755
0.184411
-0.0964341
0.193446
-0.0967227
0.0819275
0.0867988
0.0910223
0.0870303
0.0810843
0.0957985
0.18365
-0.0880179
0.184317
-0.09664
0.192829
-0.0967768
0.180393
-0.0882511
0.179255
-0.0958922
0.188583
-0.09668
0.186119
-0.0896654
0.186405
-0.0984168
0.195463
-0.0987296
0.185971
-0.0879886
0.185779
-0.0964617
0.195032
-0.0967339
0.182986
-0.0867132
0.183178
-0.0952589
0.192106
-0.0954397
0.182765
-0.0879373
0.182489
-0.0962469
0.191651
-0.0966858
0.184413
-0.0879757
0.184412
-0.0964362
0.193449
-0.0967242
0.186565
-0.0932109
0.186569
-0.102472
0.196494
-0.1033
-0.140317
-0.0422136
-0.126886
-0.0482174
-0.133745
-0.037299
0.18444
-0.0859006
0.184442
-0.0945685
0.193486
-0.0945555
0.184982
-0.0895482
0.185058
-0.098195
0.194219
-0.0986085
0.18608
-0.0907134
0.186424
-0.0996369
0.19561
-0.100059
0.178566
-0.0878263
0.178057
-0.0958736
0.187171
-0.0965592
0.178563
-0.0878237
0.178054
-0.0958716
0.187168
-0.0965566
0.186799
-0.0892901
0.186448
-0.0978424
0.195954
-0.0982624
0.0922984
0.0766357
0.102265
0.0755865
0.0929236
0.0849195
0.0870755
0.0819824
0.0963806
0.081505
0.087138
0.0907457
-0.178005
0.0934604
-0.178005
0.0845443
-0.169473
0.0847363
0.087218
0.0818468
0.0965321
0.0813549
0.0872932
0.0905905
0.0939396
-0.177723
0.0844746
-0.168512
0.084269
-0.177722
0.0860536
0.0832997
0.0950107
0.0829618
0.0859987
0.0919724
0.0904069
0.0787357
0.0999924
0.0779188
0.0908148
0.0870903
0.0904065
0.0787363
0.0999932
0.0779187
0.0908149
0.087091
0.0863828
0.0829103
0.0954239
0.0825305
0.0863642
0.0915891
0.09501
-0.177971
0.0860523
-0.169352
0.0859984
-0.17797
0.0934619
-0.178008
0.0847375
-0.169475
0.0845456
-0.178008
0.0904375
0.0786947
0.100035
0.0778729
0.0908505
0.087052
0.0908608
0.0781825
0.100576
0.0773042
0.0913226
0.0865506
0.0892734
0.0798859
0.0987252
0.0791896
0.0895629
0.0883486
0.090405
0.0787341
0.0999907
0.0779175
0.0908132
0.0870893
0.0874093
0.0816642
0.0967332
0.0811543
0.0875038
0.0903796
-0.178003
0.09346
-0.178004
0.0845435
-0.169472
0.0847353
0.0948895
-0.17797
0.0859382
-0.169346
0.0858716
-0.177969
0.0904052
0.0787342
0.0999916
0.0779176
0.0908135
0.0870898
0.0875252
0.0808813
0.0974142
0.0802773
0.0876626
0.090024
0.0908624
0.0781857
0.100576
0.077307
0.0913245
0.0865522
0.0862973
0.08298
0.0953392
0.0826082
0.0862708
0.0916753
0.183176
-0.0879102
0.182682
-0.0961695
0.192015
-0.0966478
0.179887
-0.089207
0.179855
-0.0976779
0.188934
-0.0983349
-0.0517055
0.166556
-0.058036
0.177507
-0.062222
0.172379
0.184713
-0.089831
0.184915
-0.0985982
0.194077
-0.0990284
0.187885
-0.0940383
0.188333
-0.103777
0.19831
-0.104539
0.182081
-0.0837789
0.182
-0.0923368
0.191236
-0.0923526
-0.173678
0.0587988
-0.167853
0.0493776
-0.164576
0.0533497
0.1909
-0.0985298
0.191725
-0.108189
0.201226
-0.109116
0.184165
-0.0908442
0.183788
-0.0994656
0.193406
-0.100205
0.0864945
0.0825083
0.0957807
0.0820871
0.0864952
0.0913704
0.0894427
0.0799879
0.0989681
0.0791563
0.0896549
0.0885426
0.0967636
-0.176443
0.0875384
-0.167937
0.0876543
-0.17661
0.0883961
0.0805818
0.0979074
0.0799546
0.0886013
0.0892566
0.183485
-0.0872758
0.184023
-0.0960994
0.192892
-0.0962295
-0.0025242
0.111124
-0.0028542
0.118222
-0.009626
0.118451
0.0858661
0.0833156
0.0949422
0.0829795
0.0857966
0.0921237
0.0863421
0.0830694
0.095282
0.0827073
0.0863148
0.0916726
0.0934615
-0.178007
0.0847377
-0.169474
0.0845449
-0.178006
-0.178132
0.0937453
-0.17813
0.0851619
-0.169901
0.0853046
0.185492
-0.0890616
0.185718
-0.0977381
0.194758
-0.0980331
0.185548
-0.0891303
0.185828
-0.0978504
0.194858
-0.0981357
0.084737
0.0847377
0.0934612
0.0845447
0.0845447
0.0934617
0.0847526
0.0847173
0.0934828
0.0845244
0.0845614
0.0934454
-0.178008
0.0934619
-0.178008
0.084546
-0.169476
0.0847382
0.0857844
0.0835435
0.0947321
0.083231
0.0857029
0.0922583
0.0858405
0.0834542
0.0948209
0.0831325
0.0857647
0.0921868
-0.178006
0.0934613
-0.178005
0.0845447
-0.169474
0.0847381
0.0934603
-0.178005
0.0847356
-0.169471
0.0845444
-0.178005
0.0942838
-0.177906
0.0852341
-0.169132
0.0850989
-0.177906
0.174682
-0.138326
0.167449
-0.141115
0.17773
-0.148283
0.101897
0.0621482
0.11345
0.0592614
0.104121
0.0695896
0.0860227
0.0831322
0.0951347
0.0827765
0.0859704
0.0919397
0.0957051
-0.17789
0.0864502
-0.169144
0.0863396
-0.177884
0.0950788
0.0797405
0.105726
0.0787337
0.0954077
0.0883115
0.0865522
0.0825933
0.0957275
0.0821811
0.0865555
0.0913512
0.0905835
0.0775357
0.101063
0.076543
0.0910841
0.0865142
-0.124089
-0.0935405
-0.109851
-0.0937464
-0.122996
-0.0843338
0.106804
-0.175233
0.0968072
-0.16687
0.0978964
-0.175161
-0.00948829
-0.114298
-0.00838515
-0.10771
-0.0160003
-0.106864
0.0847133
0.0835592
0.0935368
0.0832481
0.0844374
0.0921683
0.18018
-0.0505368
0.185563
-0.0602101
0.190256
-0.0558168
0.152609
0.00223295
0.163032
-0.00545667
0.160153
0.00245733
-0.0156719
0.159329
-0.0177781
0.170165
-0.0262608
0.167042
0.16913
-0.128042
0.162571
-0.130992
0.172351
-0.13716
0.00341817
0.11135
0.00387571
0.118367
-0.0034957
0.116539
0.0935726
-0.176386
0.0847471
-0.167874
0.0844792
-0.176129
0.167715
-0.101757
0.16393
-0.107303
0.173715
-0.110694
0.184398
-0.103237
0.184379
-0.111749
0.193268
-0.113465
0.184428
-0.0879442
0.184428
-0.0964509
0.193525
-0.0967447
0.137348
0.0201035
0.148028
0.0139728
0.143193
0.0221018
0.189148
-0.0933932
0.190613
-0.103721
0.200178
-0.104085
-0.107019
-0.0998152
-0.0940318
-0.0984208
-0.107575
-0.0900818
0.17504
-0.0822261
0.175513
-0.0907262
0.1841
-0.0907635
0.171566
-0.0957512
0.170229
-0.103043
0.179382
-0.105077
0.112906
0.0251067
0.124766
0.0206049
0.117007
0.0275911
0.084378
0.0847167
0.0937463
0.0844555
0.0839897
0.0940205
0.192489
-0.0892076
0.191014
-0.09774
0.201698
-0.0982115
0.0954693
-0.168864
0.086535
-0.16094
0.0869972
-0.169288
0.215116
-0.114093
0.212383
-0.122933
0.224747
-0.12527
0.0352038
-0.149306
0.0309398
-0.139016
0.0247426
-0.140192
0.185612
-0.0935771
0.185889
-0.102412
0.195048
-0.103161
0.184896
-0.0935091
0.184529
-0.102114
0.194108
-0.10308
0.184339
-0.0935056
0.184071
-0.102115
0.193552
-0.103077
0.185615
-0.0935788
0.185892
-0.102413
0.19505
-0.103163
0.181348
-0.0825142
0.182076
-0.0915112
0.190945
-0.0912222
-0.157018
-0.0334141
-0.145731
-0.0386931
-0.151369
-0.0306067
-0.0955359
-0.0558505
-0.0873164
-0.0575329
-0.093479
-0.0508748
0.198894
-0.116788
0.194851
-0.125015
0.207873
-0.129083
0.0746044
0.0748386
0.0840597
0.0760129
0.0729874
0.081228
0.184396
-0.0736341
0.184416
-0.0822122
0.193336
-0.0809503
0.181717
-0.0923314
0.181133
-0.100713
0.190692
-0.101769
0.179208
-0.0878205
0.178493
-0.0958351
0.187788
-0.0965514
0.168259
-0.152198
0.160803
-0.151917
0.16799
-0.158319
0.179703
-0.0938234
0.178824
-0.102091
0.188567
-0.103504
0.189525
-0.0957933
0.188679
-0.104885
0.199311
-0.106093
0.182437
-0.0885115
0.181613
-0.0969239
0.19147
-0.0976314
0.182662
-0.0924429
0.181541
-0.100694
0.191532
-0.101881
0.18114
-0.0934706
0.180777
-0.101909
0.190168
-0.103048
0.181654
-0.0939158
0.181388
-0.102468
0.190803
-0.103613
0.180268
-0.0870626
0.180251
-0.0955348
0.189327
-0.0959518
0.177041
-0.0847032
0.175593
-0.0922031
0.185097
-0.0928907
0.174672
-0.0881931
0.174355
-0.0961916
0.183226
-0.0970568
0.179519
-0.0910728
0.178471
-0.0992002
0.188249
-0.100372
-0.0803237
0.165713
-0.0885567
0.174074
-0.0881641
0.165747
0.17272
-0.0765327
0.173433
-0.0848295
0.181545
-0.084323
0.181651
-0.0889613
0.18132
-0.097285
0.19056
-0.0979073
-0.0696145
0.168583
-0.0779471
0.179116
-0.0795687
0.171469
0.175986
-0.091762
0.176445
-0.100323
0.185116
-0.101302
0.185487
-0.0907199
0.187066
-0.100384
0.195776
-0.100532
0.100303
0.0576215
0.10952
0.0550727
0.102401
0.063359
0.209322
-0.0959366
0.205632
-0.103695
0.217788
-0.104624
0.0925231
-0.172803
0.0834428
-0.164127
0.0832503
-0.172616
0.185935
-0.0862923
0.185272
-0.0945507
0.194791
-0.094784
0.184289
-0.090942
0.184424
-0.0996072
0.193553
-0.100185
0.184287
-0.0909413
0.184423
-0.099607
0.193551
-0.100184
0.0759871
-0.163618
0.0689707
-0.155208
0.0671969
-0.160246
-0.126149
-0.0400794
-0.116411
-0.0437303
-0.122141
-0.0366876
0.187065
-0.0855762
0.186954
-0.0947138
0.196866
-0.0947146
0.18378
-0.0542631
0.183822
-0.0611317
0.190837
-0.0584924
0.179401
-0.0877093
0.179196
-0.0964408
0.188753
-0.0970655
0.075096
-0.137676
0.0683546
-0.131138
0.0682066
-0.136686
0.183875
-0.126723
0.183829
-0.13368
0.191024
-0.136894
0.182253
-0.0902993
0.183631
-0.0999944
0.192588
-0.100346
0.167948
-0.077266
0.168486
-0.0854503
0.176661
-0.0852925
0.174952
-0.0774797
0.176158
-0.0860265
0.184027
-0.0853822
0.082183
0.0492104
0.0912536
0.046852
0.0840634
0.0550301
0.180586
-0.0874176
0.180606
-0.095938
0.189694
-0.0963682
0.179368
-0.0879009
0.180316
-0.0968343
0.188885
-0.0971273
0.185089
-0.0955871
0.184947
-0.104882
0.195067
-0.106116
-0.01143
0.154225
-0.013
0.164907
-0.0220876
0.165212
-0.0969508
-0.0741573
-0.086794
-0.074833
-0.0956833
-0.0666998
0.178574
-0.0895342
0.178508
-0.0975443
0.187124
-0.0982485
0.183876
-0.0952865
0.183865
-0.102327
0.191145
-0.103007
0.180487
-0.114323
0.173314
-0.118593
0.185203
-0.123595
0.17958
-0.0911548
0.177801
-0.0987178
0.187721
-0.100051
-0.0790735
0.170526
-0.0879865
0.180341
-0.0883074
0.172044
0.171599
-0.0941737
0.169645
-0.100709
0.178616
-0.102628
0.184037
-0.0528013
0.184082
-0.0603982
0.191881
-0.0573791
0.174508
-0.0949733
0.171791
-0.101835
0.181917
-0.104057
0.183464
-0.0790388
0.184938
-0.0883556
0.193376
-0.0874114
0.179421
-0.0526
0.185647
-0.0639649
0.191285
-0.0591154
-0.148371
-0.033347
-0.134921
-0.040118
-0.141109
-0.0295828
0.0866141
0.0802993
0.0953862
0.0796256
0.0867259
0.0885796
0.225421
-0.138153
0.218921
-0.145407
0.233447
-0.150816
0.173923
-0.133414
0.167549
-0.136837
0.177647
-0.143386
0.0764685
-0.170071
0.0677937
-0.159529
0.0653071
-0.166769
0.203946
-0.104752
0.201676
-0.113613
0.213559
-0.115428
-0.0542694
0.172893
-0.0610476
0.184093
-0.0648901
0.176633
0.16474
-0.125997
0.158102
-0.128897
0.167904
-0.135242
0.194785
-0.0878057
0.19465
-0.097223
0.204898
-0.0970907
0.105869
-0.170902
0.0948664
-0.162156
0.0964468
-0.172036
0.111836
0.0428835
0.122339
0.0387594
0.11552
0.047452
0.153948
0.00304603
0.165672
-0.00465905
0.161443
0.00334988
0.0842744
0.0792948
0.0941211
0.080008
0.0830755
0.0859651
0.180608
-0.0956522
0.180054
-0.103827
0.189362
-0.105239
0.0365644
-0.169407
0.0326136
-0.159381
0.0262238
-0.16285
0.158671
-0.00710334
0.165063
-0.0149189
0.166588
-0.0078095
0.194441
-0.0788584
0.196809
-0.0869234
0.202963
-0.085398
0.137476
0.0262067
0.150888
0.0185217
0.144703
0.0295809
0.12879
-0.151028
0.11845
-0.146409
0.123829
-0.155026
0.13201
-0.132544
0.122098
-0.128543
0.127805
-0.134898
0.0437423
0.0628544
0.0490984
0.0649031
0.0414862
0.0673387
-0.198674
0.145309
-0.202004
0.137045
-0.191049
0.132701
0.178229
-0.0938944
0.176314
-0.101692
0.186632
-0.103492
0.176015
-0.105764
0.172398
-0.110167
0.180769
-0.112929
-0.066553
0.161922
-0.0743046
0.172394
-0.0766017
0.167466
0.134033
0.0516365
0.148115
0.0462784
0.138715
0.0576279
-0.0361132
0.122448
-0.0410526
0.131808
-0.0452814
0.130116
0.0804476
0.0868647
0.0896091
0.0872059
0.0794797
0.0960565
0.0742236
0.0800411
0.082258
0.080202
0.0735324
0.0884396
-0.174803
0.0951288
-0.175323
0.0866534
-0.16689
0.0865015
-0.180408
0.093262
-0.180525
0.084596
-0.172298
0.084963
0.126385
-0.010636
0.136829
-0.0174348
0.133034
-0.0117015
0.0840334
-0.13985
0.0759591
-0.132876
0.0766391
-0.139403
0.0681957
-0.168297
0.0612986
-0.159166
0.0585513
-0.165839
0.0946799
-0.17776
0.0843654
-0.167846
0.084025
-0.177649
0.0939999
-0.145009
0.0839439
-0.135583
0.0841979
-0.140031
0.0923957
0.0753085
0.103008
0.0739017
0.0931213
0.0841061
0.0876907
0.0813198
0.0968941
0.0806257
0.0877759
0.0899678
0.0889737
0.0814696
0.0984688
0.0808284
0.0889952
0.0900205
0.0889735
0.0814698
0.0984687
0.08083
0.0889956
0.0900212
0.0881486
0.0813585
0.0973453
0.0806213
0.0882779
0.0900056
0.098796
-0.175733
0.0888607
-0.166537
0.0889805
-0.174958
-0.17237
0.100625
-0.173308
0.0928904
-0.165138
0.0920051
0.0881451
0.0771869
0.097521
0.0763094
0.088436
0.0853944
0.13169
-0.177455
0.120717
-0.17039
0.124147
-0.178716
-0.148161
0.183837
-0.15974
0.190745
-0.154936
0.183759
-0.106761
-0.0403934
-0.098963
-0.0430859
-0.103795
-0.0371548
0.0902448
-0.174476
0.0811374
-0.165436
0.0805678
-0.174162
0.0933342
0.0691931
0.102205
0.0674234
0.0945942
0.0763543
-0.079742
-0.0868664
-0.0712338
-0.0857447
-0.0803107
-0.0785105
0.113529
0.0521935
0.12324
0.0488242
0.116467
0.0571717
0.0884011
0.0777318
0.0973948
0.0769196
0.0886577
0.0856213
0.0840529
0.0473722
0.0941195
0.0464282
0.0846268
0.051292
0.103477
-0.174981
0.0939474
-0.166971
0.0948983
-0.175621
0.101978
0.0632756
0.112871
0.0607763
0.103883
0.0702058
-0.023322
-0.122947
-0.0205557
-0.115976
-0.0302564
-0.116508
0.110189
0.0519334
0.12188
0.0479954
0.11355
0.0580071
0.0926723
0.0746469
0.101936
0.0731954
0.0935592
0.082577
0.133139
-0.154284
0.122136
-0.147223
0.125765
-0.15286
0.0892922
0.0799904
0.0986889
0.0792397
0.0894488
0.0883336
0.0886626
0.0803139
0.098247
0.0795889
0.0887684
0.0889221
0.0932793
0.0737099
0.102749
0.0723917
0.0940383
0.0812642
0.0929596
0.0713403
0.102677
0.0697072
0.094005
0.0791465
0.0911739
0.0751771
0.1009
0.0739659
0.0917803
0.083292
0.113
0.0518763
0.123993
0.0484508
0.115917
0.0571104
0.183942
-0.118918
0.174218
-0.120423
0.185709
-0.125681
0.10191
0.0681019
0.112865
0.0658005
0.103584
0.0756596
0.115564
0.0262329
0.125645
0.0218062
0.119675
0.0286963
0.0312515
-0.132841
0.0277009
-0.124102
0.0224712
-0.123742
0.145859
-0.000229922
0.157759
-0.00778414
0.1532
-0.00025892
0.197488
-0.104999
0.19924
-0.115372
0.208554
-0.1164
0.100881
-0.149076
0.090248
-0.139898
0.091274
-0.145401
0.194954
-0.135592
0.192089
-0.140967
0.200741
-0.145188
0.197127
-0.0834581
0.199968
-0.0906589
0.20471
-0.0893465
0.0501793
0.0573959
0.0560586
0.0586288
0.0487072
0.0617487
-0.168818
0.147346
-0.175371
0.145252
-0.166912
0.139469
0.183617
-0.103641
0.181832
-0.110315
0.19079
-0.11244
0.174369
-0.0268217
0.179541
-0.0351003
0.182896
-0.0293516
0.0763074
0.0589844
0.083013
0.0578854
0.0770659
0.064449
0.135362
0.0235493
0.146454
0.0163898
0.142209
0.026371
0.165968
-0.00745004
0.175502
-0.0149442
0.173405
-0.00811084
0.123098
0.0360551
0.134704
0.0303703
0.128333
0.0402986
0.171455
-0.100494
0.170402
-0.106434
0.177784
-0.108375
0.165652
-0.0783613
0.16416
-0.0844894
0.172205
-0.0849992
0.176993
-0.0933804
0.176178
-0.0996505
0.183688
-0.100744
0.181748
-0.0977721
0.181516
-0.106403
0.190989
-0.107953
0.181136
-0.0934984
0.180316
-0.101525
0.189744
-0.102759
-0.0408138
0.145076
-0.0455192
0.153728
-0.0490822
0.148161
-0.179965
0.0312491
-0.174359
0.021943
-0.170935
0.0283289
0.084358
-0.160076
0.0768411
-0.152822
0.0766442
-0.16004
0.185914
-0.0658591
0.189088
-0.0741298
0.194603
-0.0716438
-0.170797
0.107727
-0.170307
0.100279
-0.163765
0.0991354
0.136311
0.00442871
0.145729
-0.00151176
0.142083
0.00481939
-0.151925
0.164308
-0.162118
0.167141
-0.154611
0.159175
0.186421
-0.122841
0.183256
-0.127427
0.19137
-0.130868
-0.134554
-0.0427557
-0.123492
-0.0480602
-0.128816
-0.0382128
0.183913
-0.0997849
0.183896
-0.106924
0.191286
-0.107993
0.204016
-0.129243
0.200058
-0.135929
0.211283
-0.140295
0.0464482
-0.141881
0.0416333
-0.133726
0.0379797
-0.137671
-0.182963
0.0534499
-0.178226
0.0434937
-0.173412
0.0483356
0.039991
-0.146945
0.0355999
-0.138118
0.0308134
-0.142468
0.183724
-0.0881438
0.183724
-0.0947887
0.190567
-0.0948569
-0.0933034
-0.0724067
-0.0840207
-0.0719712
-0.0933167
-0.0670261
-0.113545
-0.062883
-0.103268
-0.0656245
-0.110277
-0.0564685
0.162188
-0.0786377
0.161877
-0.0856288
0.169631
-0.0860428
0.157257
-0.060303
0.163342
-0.0690248
0.166256
-0.0663505
0.200963
-0.0747954
0.203697
-0.0822954
0.208874
-0.0802951
0.0274692
-0.139866
0.0240451
-0.130114
0.0175637
-0.131236
0.169858
-0.088427
0.165644
-0.0935269
0.175399
-0.095517
0.185287
-0.0703225
0.188928
-0.0783199
0.193667
-0.0761701
0.17769
-0.107129
0.175514
-0.111081
0.181937
-0.113083
0.154824
-0.151217
0.145136
-0.147898
0.151357
-0.154363
0.18352
-0.0887281
0.183522
-0.0947919
0.189738
-0.0948685
-0.096503
-0.0657921
-0.0870509
-0.0667166
-0.095106
-0.0597898
0.151572
-0.0883694
0.14802
-0.0923817
0.155891
-0.0947847
0.192737
-0.108084
0.18986
-0.112997
0.198059
-0.115022
0.101227
0.0646268
0.11175
0.0622278
0.10305
0.0716265
-0.0726604
0.153871
-0.0799701
0.162413
-0.0808404
0.157529
0.12867
0.0116977
0.138332
0.00572878
0.134428
0.0128532
0.180727
-0.0628289
0.183821
-0.0702828
0.188532
-0.0678972
-0.152386
0.144926
-0.162031
0.146531
-0.153948
0.139886
0.183605
-0.0832762
0.183613
-0.0895997
0.190102
-0.089291
0.144506
0.000800095
0.156375
-0.00685772
0.151943
0.000875568
-0.0221027
0.143786
-0.0248966
0.153207
-0.0312897
0.150403
0.17319
-0.106842
0.16788
-0.108435
0.174995
-0.11118
-0.178657
0.0964677
-0.178021
0.0889519
-0.171574
0.0890551
-0.152041
0.108859
-0.155659
0.104893
-0.148354
0.101925
0.155766
-0.141979
0.143915
-0.138011
0.151611
-0.145073
0.113585
0.0438048
0.12326
0.0397169
0.117278
0.0482895
0.150908
-0.0880163
0.147921
-0.0921142
0.155302
-0.094303
-0.178622
0.0936378
-0.17862
0.0862245
-0.17165
0.0863981
0.158558
-0.082182
0.157137
-0.086456
0.16311
-0.0873246
0.145912
-0.0535075
0.149362
-0.0607983
0.153493
-0.0586527
-0.0873488
0.143258
-0.0960801
0.150631
-0.0943521
0.144319
0.169571
-0.0812227
0.164377
-0.0853406
0.174074
-0.0868693
0.0793487
0.0612872
0.0879559
0.0608441
0.0793821
0.0666856
0.0751143
0.0742092
0.0841508
0.0750372
0.0738256
0.080694
-0.0416679
0.145748
-0.0468213
0.155399
-0.0509784
0.151245
-0.147851
-0.000663291
-0.138613
-0.00751431
-0.140887
-0.000606002
0.0660058
-0.147137
0.0594838
-0.138627
0.0572004
-0.141879
0.0287188
-0.132995
0.0257067
-0.125425
0.0208987
-0.128795
-0.179828
0.0704744
-0.177261
0.0622007
-0.171953
0.0647341
-0.144145
0.00231655
-0.134533
-0.00432964
-0.137357
0.00209855
-0.17888
0.0933554
-0.178878
0.0866156
-0.17254
0.0867778
0.0321898
-0.134787
0.0289485
-0.127487
0.0246243
-0.131551
0.0275478
-0.113851
0.0243843
-0.10651
0.0200462
-0.108231
0.110047
0.0278546
0.116994
0.0240607
0.113645
0.0301967
-0.0888796
0.145591
-0.0977357
0.152922
-0.0958181
0.146228
-0.0128787
0.114335
-0.0146188
0.122282
-0.0207668
0.121889
0.119742
0.037417
0.129499
0.0319026
0.124897
0.0417907
-0.197066
0.107179
-0.193825
0.0981527
-0.188495
0.0988139
-0.0607127
0.133136
-0.0665948
0.139804
-0.0670642
0.134482
0.136048
-0.0419977
0.138669
-0.04786
0.142124
-0.0455275
-0.159347
0.130184
-0.162768
0.12624
-0.155657
0.122113
-0.0424119
0.154774
-0.0472807
0.16419
-0.0514778
0.159649
-0.170627
0.0905776
-0.173041
0.0849211
-0.165362
0.0844012
0.0899807
0.0603518
0.0979938
0.0587616
0.0911807
0.0658329
-0.173679
0.0662997
-0.17125
0.0583215
-0.166073
0.0608919
-0.168205
0.0805107
-0.167563
0.0738744
-0.161921
0.0746818
0.163163
-0.130159
0.155098
-0.130199
0.163281
-0.135925
-0.174356
0.0701058
-0.171831
0.061897
-0.166541
0.0642726
-0.0848125
-0.0520032
-0.0767624
-0.0531845
-0.0832614
-0.0472895
0.151338
-0.114435
0.146448
-0.116427
0.15349
-0.120753
-0.082355
0.141539
-0.0906939
0.148492
-0.0888998
0.141296
0.107429
0.0510147
0.11653
0.0478466
0.110197
0.05592
-0.0995991
-0.0596313
-0.0917331
-0.0613803
-0.0974835
-0.0545296
-0.192844
0.068722
-0.191256
0.0600881
-0.184681
0.0631497
0.154842
-0.0642806
0.158321
-0.0713853
0.162231
-0.0698449
-0.072724
-0.0539271
-0.0668288
-0.0546621
-0.0717234
-0.0494125
-0.171092
0.0851329
-0.169977
0.0787253
-0.165006
0.0793713
0.0982268
0.0264498
0.106256
0.0229188
0.101508
0.0288771
-0.173252
0.0929006
-0.173295
0.0865045
-0.167221
0.0864641
-0.175129
0.117157
-0.181461
0.115542
-0.173737
0.112595
-0.189298
0.115843
-0.192975
0.112094
-0.185879
0.11032
-0.159597
0.0913753
-0.160992
0.0863043
-0.15483
0.0855277
-0.161343
0.0939932
-0.161594
0.088218
-0.155882
0.087602
-0.150645
0.122435
-0.155102
0.119387
-0.147809
0.115178
0.157325
-0.0867564
0.154014
-0.0905951
0.161457
-0.0924355
-0.0953294
-0.033445
-0.0883661
-0.0357652
-0.0927924
-0.0308963
0.0676666
0.0477508
0.0734698
0.0466624
0.0684969
0.052006
-0.108646
-0.0203866
-0.100457
-0.0245415
-0.104267
-0.0185275
0.0573766
-0.117833
0.0528311
-0.113019
0.0523241
-0.117513
0.173132
-0.0335247
0.186561
-0.0446386
0.18424
-0.0373877
