FiniteElementSpace
FiniteElementCollection: ND_2D_P3
VDim: 1
Ordering: 0

-0.212907
-0.223033
-0.233788
-0.211655
-0.222894
-0.235261
-0
-0
-0
-0.163936
-0.163427
-0.161323
0.0287061
0.0363132
0.0434774
-0.188788
-0.198862
-0.21006
-0.194607
-0.20524
-0.217085
-0.115298
-0.110692
-0.104776
-0.0993377
-0.0955056
-0.0907474
-0.163936
-0.168099
-0.171971
-0.167573
-0.174986
-0.183029
-0.0138908
-0.00716437
-0.00035966
-0.206648
-0.215693
-0.22514
-0.016727
-0.0074335
0.00197051
0.195571
0.191781
0.187245
-0.0105007
-0.00262252
0.0052884
0.204355
0.193909
0.184465
0.0204058
0.0325736
0.0440998
0.16484
0.159105
0.153634
0.0212992
0.0318955
0.0419502
-0.138254
-0.141172
-0.14392
-0.167625
-0.172878
-0.1781
-0.16049
-0.165328
-0.170228
-0.0675512
-0.0581292
-0.0477456
-0.183302
-0.186124
-0.187771
0.186486
0.178366
0.170861
-0.0195908
-0.00730001
0.00513317
-0.211818
-0.224579
-0.238986
-0.158011
-0.15933
-0.159756
-0.0702999
-0.0661085
-0.0613626
-0.09162
-0.0902547
-0.0884461
-0.13347
-0.135008
-0.136175
0.192122
0.185019
0.178168
-0.0055328
0.0036473
0.012775
-0.175012
-0.181409
-0.187976
0.00683694
0.0176438
0.028151
0.192974
0.185484
0.178335
-0.169877
-0.169957
-0.168429
-0.1812
-0.190381
-0.200532
-0.0312935
-0.0212363
-0.0108344
-0.0158621
-0.0059714
0.00401469
0.172218
0.166903
0.161666
-0.148236
-0.148354
-0.147435
-0.0502895
-0.0438026
-0.0368219
-0.182118
-0.191454
-0.20179
0.0310912
0.0392347
0.0468606
0.213304
0.201746
0.191371
-0.200488
-0.211391
-0.223463
0.133066
0.133881
0.133916
-0.0853096
-0.0783564
-0.0703047
-0.0493737
-0.040541
-0.0310928
0.147728
0.144766
0.141635
-0.195924
-0.20669
-0.218684
-0.138026
-0.138358
-0.13791
0.0630693
0.0690899
0.0743906
-0.0551546
-0.0437591
-0.0315119
0.166017
0.160094
0.154475
0.114086
0.116906
0.118828
-0.204889
-0.215509
-0.227193
-0
-0
-0
0.176783
0.172784
0.168454
-0.0206283
-0.0131585
-0.00553026
0.194606
0.185604
0.177333
0.20849
0.199894
0.191703
0.155131
0.150867
0.146641
0.0412272
0.0493108
0.0567394
-0.206322
-0.215769
-0.22569
-0.195297
-0.204264
-0.213818
0.00195077
0.0115219
0.02092
0.0241614
0.03269
0.0407687
-0.0231532
-0.0115067
0.000355104
0.168932
0.165308
0.161381
0.157711
0.153798
0.14981
-0.170164
-0.17577
-0.181482
-0.169383
-0.175704
-0.182367
-0
-0
-0
0.0060715
0.0181722
0.0299242
0.172728
0.166028
0.159737
-0.118123
-0.115461
-0.111765
0.0458502
0.0501103
0.0540037
0.172466
0.165015
0.158165
0.118619
0.119911
0.120527
-0.0915615
-0.087538
-0.0826861
-0.147419
-0.146376
-0.14403
-0.0457376
-0.0389262
-0.031663
-0.175843
-0.184564
-0.194187
-0.143332
-0.145479
-0.147184
0.0602275
0.0665569
0.0721747
-0.058534
-0.0499885
-0.0406918
-0.158028
-0.164792
-0.172138
0.18048
0.177084
0.173141
-0.0195354
-0.00844703
0.00279166
0.193312
0.185195
0.177591
-0.0844997
-0.0748598
-0.0638468
0.104695
0.105142
0.105211
-0.173568
-0.179504
-0.185481
-0.0163859
-0.00883284
-0.00117405
-0.180171
-0.18816
-0.196721
0.171631
0.164111
0.157216
-0.0294823
-0.0215918
-0.0134156
-0.0105706
0.00139308
0.0133285
0.176973
0.171279
0.165687
0.0140789
0.0249829
0.0354574
-0.153053
-0.156657
-0.160028
0.0187234
0.026289
0.0335387
0.128503
0.126268
0.123922
0.100881
0.100076
0.0991251
-0.114402
-0.110222
-0.104803
-0.14174
-0.147352
-0.153423
-0.0449459
-0.0377298
-0.0300523
-0.154819
-0.15865
-0.162279
0.154257
0.151411
0.148286
-0.168518
-0.176162
-0.184492
-0.0172473
-0.0111584
-0.00496329
-0.0823744
-0.0727692
-0.0618446
-0.117424
-0.116127
-0.114071
-0.159308
-0.163533
-0.16766
-0.0216789
-0.0123454
-0.00282408
-0.186108
-0.193285
-0.20073
0.206981
0.198767
0.19087
-0.00867016
0.0011562
0.0109655
-0.155354
-0.16025
-0.165231
-0.117405
-0.116922
-0.115824
-0.110133
-0.105063
-0.0987016
-0.179824
-0.188811
-0.198727
-0.0888554
-0.0845889
-0.0795139
0.172449
0.165512
0.159044
-0.0557155
-0.0503949
-0.0445835
-0.207919
-0.219241
-0.231735
-0.16385
-0.169263
-0.174839
-0.00242028
0.0049054
0.0121737
0.190594
0.181605
0.173396
0.0764263
0.0783788
0.0799698
0.111258
0.110067
0.108719
-0.171618
-0.17748
-0.183415
-0.164426
-0.169132
-0.173705
0.0231919
0.0322736
0.0408891
0.186768
0.177941
0.169896
-0.156786
-0.159351
-0.161338
-0.16458
-0.170567
-0.176808
0.155741
0.151542
0.147359
0.161042
0.157552
0.153844
-0.153779
-0.157051
-0.159984
0.181275
0.173516
0.166321
0.00965341
0.0167687
0.0236926
-0.164535
-0.169409
-0.174199
-0.174909
-0.181917
-0.189301
0.00364403
0.0126857
0.0215468
-0.0510556
-0.0431253
-0.0346175
-0.168002
-0.172861
-0.177643
-0.171992
-0.180306
-0.189462
-0.101095
-0.0974754
-0.0929552
0.0789893
0.0835165
0.0873165
-0.135857
-0.136991
-0.137581
0.0224493
0.0284189
0.0341124
-0.146613
-0.151974
-0.157671
-0.132946
-0.135665
-0.138235
-0.107724
-0.109447
-0.111083
-0.0133069
-0.00474275
0.00388499
0.158937
0.154743
0.150523
-0.154727
-0.159448
-0.164216
0.00614924
0.0145599
0.0227745
0.152889
0.149258
0.145553
0.169089
0.163705
0.158458
0.120614
0.123911
0.126106
0.0253815
0.031992
0.0382638
0.162117
0.155354
0.149128
-0.141347
-0.146916
-0.152941
-0.0499098
-0.0424889
-0.0345255
-0.0832766
-0.0755779
-0.0667496
0.10821
0.110756
0.112533
-0.160452
-0.164864
-0.169135
-0.16308
-0.16908
-0.175362
-0.0044399
0.00434956
0.0130816
-0.0690551
-0.0627519
-0.0557054
0.121093
0.119524
0.117781
0.105256
0.104679
0.103886
-0.117519
-0.115206
-0.111964
0.0549665
0.0634549
0.0710595
-0.132843
-0.137594
-0.142682
0.0378705
0.0457874
0.0531196
0.189733
0.183749
0.177734
0.183042
0.176258
0.16976
0.030036
0.0427773
0.0546508
-0.155626
-0.159283
-0.162674
0.173124
0.166274
0.159858
-0.000149902
0.00720913
0.0144834
0.227068
0.215462
0.204831
0.0300265
0.0397139
0.0487913
-0.171622
-0.17627
-0.180625
0.113487
0.111614
0.10968
-0.145743
-0.149236
-0.152596
-0.00356387
0.00566232
0.0148066
0.156421
0.151823
0.147329
-0.0778304
-0.0702346
-0.0616062
0.136492
0.134549
0.132354
-0.1685
-0.174042
-0.1797
0.00770007
0.0177556
0.0275325
-0.152288
-0.156398
-0.1605
0.138714
0.13866
0.137928
0.0233725
0.0312104
0.0386589
0.177028
0.169408
0.162384
-0.121493
-0.119824
-0.117253
0.0693654
0.0749041
0.0797086
0.204616
0.193982
0.184397
-0.162909
-0.167707
-0.172432
-0.00220186
0.00589869
0.0139253
0.180363
0.173462
0.166932
-0.146213
-0.149627
-0.152878
-0.0096669
-0.00116028
0.00736192
0.152716
0.148405
0.14417
0.159769
0.155033
0.150393
-0.0129364
-0.0035492
0.00589256
-0.00291449
0.00227934
0.00745276
-0.173069
-0.181252
-0.190208
-0
-0
-0
-0.1527
-0.158921
-0.16572
0.160284
0.156508
0.152593
-0.01256
-0.00300403
0.00659639
0.000578376
0.00972621
0.0187331
0.172175
0.166214
0.16049
0.204909
0.194526
0.185117
0.0689628
0.0753063
0.0808116
0.0144242
0.0236526
0.0325327
-0.144204
-0.147151
-0.149849
-0.0601034
-0.0531452
-0.045514
0.167096
0.162804
0.158407
-0.00292701
0.00842124
0.0196171
-0.152541
-0.156482
-0.160292
-0.00413239
0.00744068
0.0188782
-0.157791
-0.162023
-0.166111
0.156142
0.150011
0.144329
0.0699321
0.0780313
0.0850563
0.164666
0.160286
0.155855
-0.00524602
0.00348502
0.012167
-0.0714389
-0.0681
-0.0642755
0.111522
0.112736
0.11337
-0.152171
-0.156202
-0.160135
-0.148534
-0.152646
-0.156739
-0.120493
-0.120273
-0.119454
0.0690916
0.0749046
0.0799446
0.00223795
0.0116859
0.0209588
0.163722
0.158686
0.153768
0.0812512
0.0892489
0.0959948
-0.181405
-0.190548
-0.200645
-0.106141
-0.102197
-0.0972254
-0.204078
-0.215275
-0.227681
0.0484079
0.0566337
0.0640916
-0.00405085
0.00473115
0.0134498
-0.128366
-0.130944
-0.1334
0.177871
0.174367
0.170392
-0.00410746
0.00366247
0.0113873
0.186066
0.177696
0.17001
0.235389
0.221411
0.209006
0.14927
0.147526
0.145353
-0.077235
-0.0745711
-0.0714389
-0.0886948
-0.0868981
-0.0846248
0.135271
0.135252
0.134622
-0
-0
-0
-0.151814
-0.156363
-0.161031
-0.100183
-0.0987789
-0.096824
0.106891
0.107047
0.106856
-0.146554
-0.150101
-0.153513
-9.34133e-05
0.00856314
0.0171005
0.163596
0.15856
0.153644
-0.00275828
0.00652893
0.0157213
0.18226
0.175513
0.169071
-0.179267
-0.184296
-0.188956
-0.00898146
0.000324609
0.00962494
-0.151846
-0.156211
-0.160571
-0.151814
-0.155908
-0.159925
-0.142762
-0.14554
-0.148111
-0.15792
-0.163425
-0.169222
0.00922796
0.018094
0.0267075
0.0876906
0.0924734
0.0963877
-0.168403
-0.176376
-0.185143
0.167586
0.162267
0.157087
0.0172198
0.0256294
0.0336955
0.116173
0.118162
0.119369
0.0542489
0.0603866
0.0659
-0.0376224
-0.0301264
-0.0222523
-0.143826
-0.14947
-0.155563
0.190956
0.181917
0.17367
0.151722
0.146059
0.140778
0.0629352
0.0682916
0.0730077
0.169319
0.164004
0.158804
0.163781
0.159317
0.15483
0.148037
0.143122
0.138465
-0.0957847
-0.094208
-0.0921158
-0.166911
-0.174337
-0.182396
-0.119661
-0.11695
-0.113163
0.175472
0.170198
0.164937
0.143959
0.140166
0.136425
-0
-0
-0
-0.163852
-0.169265
-0.174842
-0.163852
-0.169266
-0.174841
-0
-0
-0
-0.167898
-0.173992
-0.180382
-0.161459
-0.166342
-0.171273
-0.160875
-0.166296
-0.17193
-0
-0
-0
-0
-0
-0
-0.142911
-0.145857
-0.148636
-0.14177
-0.145777
-0.149904
-0
-0
-0
-0.163854
-0.169266
-0.174842
-0.163853
-0.169266
-0.174842
-0
-0
-0
-0.159856
-0.164926
-0.17013
-0.159916
-0.164931
-0.170062
-0.163849
-0.169261
-0.174836
-0.163848
-0.169261
-0.174837
-0
-0
-0
-0
-0
-0
-0.151142
-0.154476
-0.15761
-0.149482
-0.154353
-0.159466
-0
-0
-0
-0.185182
-0.1932
-0.201793
-0
-0
-0
-0.163849
-0.169263
-0.174837
-0.163848
-0.169262
-0.174838
-0
-0
-0
-0.171323
-0.17681
-0.182336
-0
-0
-0
-0.170125
-0.176708
-0.183699
-0.170879
-0.175118
-0.17902
-0.167795
-0.174858
-0.18252
-0
-0
-0
-0
-0
-0
-0.159998
-0.165291
-0.17078
-0
-0
-0
-0.163848
-0.169262
-0.174839
-0.163848
-0.169262
-0.174839
-0
-0
-0
-0.13287
-0.136301
-0.139818
-0.134296
-0.136394
-0.138244
-0.17015
-0.175801
-0.181567
-0
-0
-0
-0.169447
-0.175742
-0.182365
-0.17266
-0.178492
-0.184443
-0.171832
-0.178421
-0.185384
-0
-0
-0
-0
-0
-0
-0.163848
-0.169264
-0.174839
-0
-0
-0
-0.131237
-0.134862
-0.138641
-0.166304
-0.172721
-0.179565
-0
-0
-0
-0.182946
-0.190127
-0.19764
-0
-0
-0
-0.182643
-0.190098
-0.197989
-0.127343
-0.126918
-0.125744
0.0251281
0.0322935
0.0390889
0.0169287
0.0261339
0.0349593
0.170941
0.164038
0.15761
0.196045
0.18651
0.177824
-0.14644
-0.148779
-0.150663
0.0323637
0.0381934
0.0436623
-0.153939
-0.158109
-0.162194
0.155339
0.151207
0.147086
-0.0160006
-0.00690311
0.00229599
-0.146142
-0.151147
-0.156473
-0.118039
-0.119395
-0.120547
0.158261
0.153179
0.148287
0.0680407
0.0745656
0.0802442
-0.0920952
-0.0852978
-0.0773063
0.154807
0.148665
0.142987
0.0565393
0.0640508
0.0707602
0.133916
0.133101
0.131832
-0.0426848
-0.0367045
-0.030344
0.153471
0.148953
0.144549
-0.121106
-0.122251
-0.123055
-0.0121847
-0.0035528
0.0051294
0.156065
0.151743
0.147501
0.151661
0.148247
0.144758
-0.00798375
0.00118775
0.0103414
0.155488
0.151383
0.147315
0.156283
0.152597
0.148837
-0.0145705
-0.00518284
0.00428247
0.163075
0.158523
0.154016
0.157175
0.153391
0.149547
-0.0121585
-0.00352714
0.00515469
0.156033
0.151713
0.147472
0.151656
0.148243
0.144753
0.00681324
0.018726
0.0302883
-0.00591487
0.00344621
0.0127567
0.155644
0.151537
0.147463
0.1588
0.155
0.151121
-0.00849915
0.0006178
0.00972745
0.155734
0.151626
0.14755
0.155976
0.152269
0.148496
-0.148708
-0.152507
-0.156269
-0.0147862
-0.00671028
0.00145202
0.157676
0.153155
0.148739
0.162755
0.158853
0.154846
0.081929
0.0841902
0.0860064
0.117815
0.116515
0.115025
0.0177917
0.0284327
0.0385929
-0.0670172
-0.0609688
-0.0542311
0.109308
0.108436
0.107366
0.0942859
0.093899
0.0933404
0.0915858
0.0930095
0.0940192
0.15129
0.148466
0.145402
-0.0235673
-0.017292
-0.0108398
0.192628
0.183381
0.174957
0.0891114
0.0896178
0.0898613
0.154462
0.150483
0.146521
0.157081
0.15351
0.149829
0.168772
0.163404
0.158208
0.157393
0.153794
0.150089
0.163398
0.158943
0.15447
0.15072
0.147332
0.143833
0.0335762
0.0413208
0.0485511
0.145091
0.139925
0.135097
0.0960027
0.0990355
0.101368
-0.151796
-0.156108
-0.160478
0.00979977
0.0180144
0.0259971
-0.151795
-0.156108
-0.16048
0.151573
0.148035
0.144414
0.144179
0.141169
0.138044
0.161336
0.156675
0.152075
0.151674
0.148189
0.144607
-0.00387162
0.00430204
0.0124216
-0.149055
-0.15357
-0.158161
-0.153496
-0.157886
-0.162248
-0.00166279
0.00679711
0.0151663
-0.149053
-0.153567
-0.158159
-0.155911
-0.160372
-0.164791
-0.02044
-0.0109641
-0.00131855
-0.146198
-0.149417
-0.152418
-0.158488
-0.164024
-0.169783
0.0100263
0.0177551
0.0252644
-0.142921
-0.146416
-0.149823
-0.176748
-0.185333
-0.19476
0.0765727
0.0806132
0.0840231
-0.105485
-0.105244
-0.104588
-0.175206
-0.183281
-0.19205
-0.0115089
-0.00715029
-0.0027423
-0.0967514
-0.093498
-0.0894669
-0.136166
-0.141133
-0.146455
-0.0620066
-0.0564253
-0.0502686
0.195564
0.187173
0.179333
0.138701
0.137678
0.13618
-9.57567e-16
-5.16254e-15
-6.66134e-15
0.152152
0.148217
0.144316
-9.57567e-16
-5.16254e-15
-6.66134e-15
0.152147
0.148212
0.144312
-9.57567e-16
-5.16254e-15
-6.66134e-15
0.157775
0.153352
0.14901
-9.57567e-16
-5.16254e-15
-6.66134e-15
0.156934
0.152554
0.148255
-0.143714
-0.147243
-0.150741
-9.57567e-16
-5.16254e-15
-6.66134e-15
0.159612
0.154945
0.150397
-9.57567e-16
-5.16254e-15
-6.66134e-15
0.156543
0.152231
0.147989
-0.0854076
-0.0842653
-0.0827654
0.102418
0.101437
0.100325
0.00156366
0.00744145
0.013246
-9.57567e-16
-5.16254e-15
-6.66134e-15
0.163967
0.15877
0.153765
0.161419
0.156421
0.151558
0.154209
0.150609
0.146906
0.153575
0.149409
0.145276
0.154202
0.150602
0.146902
-9.57567e-16
-5.16254e-15
-6.66134e-15
0.158065
0.153444
0.14895
-9.57567e-16
-5.16254e-15
-6.66134e-15
0.158372
0.153729
0.149214
0.150696
0.145789
0.141111
-0.00464611
0.00255486
0.009726
-0.133803
-0.136752
-0.139665
0.15912
0.154616
0.15016
-0.0105113
-0.00155246
0.00743079
0.167315
0.162559
0.157808
-0.151171
-0.155769
-0.160438
-0.144359
-0.147878
-0.151287
0.156669
0.152109
0.14764
-0.125168
-0.127058
-0.128773
0.0344619
0.0424476
0.0498934
-0.124569
-0.127022
-0.129431
0.0161593
0.0248616
0.0332246
-0.141077
-0.144546
-0.148009
-0.14743
-0.151179
-0.154901
0.00550017
0.0142284
0.0227602
-0.145122
-0.149648
-0.154385
-0.143285
-0.14722
-0.151233
-0.14502
-0.148282
-0.151426
0.0113213
0.0211482
0.030649
-0.141189
-0.144554
-0.147883
0.0159176
0.0248633
0.0334609
-0.142821
-0.146378
-0.149924
-0.0180283
-0.0115033
-0.00485758
0.0195398
0.0286852
0.0374209
-0.14413
-0.148219
-0.152418
-0.142822
-0.146377
-0.149923
0.00987315
0.0186603
0.0271897
0.0155641
0.0247604
0.0336006
-0.147063
-0.151152
-0.15531
-0.143988
-0.147269
-0.150452
0.0125448
0.0221568
0.0314353
0.00889566
0.0196911
0.0301562
-0.146843
-0.149772
-0.152466
-0.111652
-0.1085
-0.104352
0.05101
0.0562016
0.060889
0.162639
0.158287
0.153901
-0.00702794
0.00207595
0.0111497
0.021682
0.0305133
0.0389171
-0.11678
-0.118983
-0.12111
0.154031
0.150359
0.146603
-0.0113043
-0.00231458
0.00670934
-0.0378249
-0.0273787
-0.016455
-0.134018
-0.136767
-0.139428
-0.187309
-0.196277
-0.206
0.163566
0.159276
0.154929
-0.00887433
0.000136102
0.00914333
-0.154364
-0.159107
-0.163914
-0.00625801
0.00279941
0.0118179
0.164204
0.159206
0.154311
-0.148927
-0.151349
-0.153365
0.0715444
0.0787041
0.0848846
-0.11343
-0.110893
-0.107433
0.162929
0.158703
0.15441
-0.00952399
-0.000641954
0.00824819
0.162807
0.158025
0.153312
0.128993
0.125952
0.122949
-0.0391584
-0.0322279
-0.024918
0.196575
0.188926
0.181611
0.00219066
0.0115656
0.0207711
-0.0104422
-0.00147907
0.00750564
0.158793
0.154407
0.150045
-0.148228
-0.152471
-0.156806
-0.0152608
-0.0072516
0.000851003
-0.147717
-0.151896
-0.156087
0.014547
0.022839
0.0308269
-0.146001
-0.151384
-0.157119
-0.154059
-0.156143
-0.157576
0.170275
0.164263
0.158531
-0.155171
-0.1597
-0.164214
-0.00769807
0.00100402
0.00969121
0.165617
0.160678
0.155803
0.153784
0.14945
0.145189
-0.129251
-0.131812
-0.134244
-0.14352
-0.147228
-0.150959
0.0389232
0.0462757
0.0530859
0.154363
0.149604
0.145008
-0.125259
-0.126212
-0.126738
0.156515
0.152208
0.147934
-0.0164267
-0.00752847
0.00147675
-0.0311035
-0.0225949
-0.0137678
-0.141213
-0.145168
-0.149167
-0.154619
-0.155827
-0.156139
0.188512
0.18027
0.172645
0.114692
0.113359
0.11186
0.160101
0.155645
0.151212
-0.154275
-0.156018
-0.157015
0.16917
0.163131
0.157391
0.0732914
0.0804545
0.0866155
0.184292
0.176365
0.169022
0.155218
0.151466
0.147635
-0.0734714
-0.072432
-0.0711478
0.107644
0.109274
0.110287
0.199247
0.189503
0.18063
-0.110627
-0.108612
-0.105806
0.0741534
0.0816478
0.0880809
0.222419
0.210373
0.199513
-0.128087
-0.127991
-0.127201
0.0762437
0.0831856
0.0891136
0.0924667
0.0945954
0.0962016
-0.105432
-0.104856
-0.103804
-0
-0
-0
0.212739
0.201474
0.191322
-0.124915
-0.123598
-0.121392
-0.00713802
0.0018184
0.0107498
-0.153831
-0.158533
-0.163291
-0.00671423
0.00225169
0.0111873
-0.151292
-0.155635
-0.159977
0.172143
0.167155
0.162161
-0.0117666
-0.00278706
0.00623267
0.169651
0.164349
0.15915
0.156026
0.151912
0.147793
0.151507
0.147935
0.144289
-0.00469879
0.00401186
0.0126664
0.161896
0.157905
0.153805
-0.163957
-0.169816
-0.175881
-0.00821068
0.000329295
0.00886533
0.193881
0.187973
0.181952
-0.139878
-0.145327
-0.151216
-0.0689431
-0.0669121
-0.0645611
-0.113878
-0.112452
-0.110295
0.0514372
0.0580406
0.0640031
0.177862
0.169927
0.162655
0.165118
0.161199
0.157112
0.175412
0.168952
0.162821
-0.000503381
0.00792068
0.0162388
0.0589627
0.0670294
0.0741984
-0.0877231
-0.0822764
-0.0758852
0.190349
0.181213
0.172897
0.104387
0.106956
0.108786
-0.00750704
0.000881503
0.00925901
0.155038
0.151038
0.147017
-0
-0
-0
0.202337
0.191961
0.182593
-0.102726
-0.100219
-0.0969556
0.114618
0.117352
0.119193
0.153142
0.147389
0.142031
0.00141146
0.0102417
0.0189259
-0.145563
-0.1495
-0.153418
0.096129
0.0989327
0.101068
0.14366
0.139052
0.134679
-9.57567e-16
-5.16254e-15
-6.66134e-15
0.152294
0.147332
0.142639
-0.0355753
-0.0254225
-0.01484
0.123578
0.123832
0.123545
-0.0674035
-0.0621729
-0.0563225
0.108149
0.107086
0.105866
-0.0186658
-0.0105302
-0.00225586
0.157722
0.153547
0.149363
0.16895
0.163978
0.15903
-0.120465
-0.122829
-0.125112
-0.111277
-0.112529
-0.113625
0.0324709
0.0413349
0.04961
-0.101871
-0.102575
-0.103107
-0.101869
-0.102575
-0.103109
-0.142076
-0.144739
-0.147179
-0.0645036
-0.0625028
-0.0602101
0.114998
0.11274
0.11048
0.139342
0.135012
0.130934
-2.66454e-15
7.77156e-16
-2.98372e-15
0.0226885
0.0295033
0.0359967
-0.105753
-0.106943
-0.108018
-0.106281
-0.106969
-0.107447
0.155365
0.151477
0.14754
-0.00667133
0.00197585
0.0105968
0.160805
0.155995
0.151287
0.152457
0.148818
0.145106
0.153864
0.15001
0.146116
-0.00668971
0.00176992
0.0102058
-0.144388
-0.148242
-0.152073
-0.149677
-0.153829
-0.157961
0.159152
0.15469
0.150271
-0.00291636
0.00660337
0.0160249
0.151314
0.147719
0.144058
-0.007875
0.000722377
0.0093104
0.146463
0.143252
0.139947
-0.139091
-0.142521
-0.145897
-0.152888
-0.155619
-0.157896
0.189147
0.180855
0.173183
0.156429
0.152992
0.149387
0.0139248
0.022154
0.0300926
0.158269
0.153838
0.149448
0.149049
0.145921
0.142645
-0.136853
-0.142019
-0.147586
-0.0855274
-0.0842671
-0.0826347
0.153013
0.149434
0.145761
-0.0124195
-0.00419823
0.00407809
0.153012
0.149432
0.145761
-0.0124194
-0.00419698
0.00407951
0.0485136
0.0536269
0.0582798
0.127101
0.123399
0.11987
-0
-0
-0
-0
-0
-0
-0
-0
-0
-0
-0
-0
-0
-0
-0
-0
-0
-0
-0
-0
-0
0.0468318
0.055102
0.0626131
-0
-0
-0
0.154251
0.150388
0.146482
-0.00857944
-0.00018467
0.00821162
-0.146487
-0.15056
-0.154634
0.156447
0.152312
0.148207
0.164304
0.159814
0.155342
0.154732
0.150539
0.146411
0.156236
0.152326
0.148395
0.156886
0.152618
0.148408
0.155463
0.151643
0.147793
0.154853
0.150647
0.146508
0.156471
0.152646
0.14878
-0
-0
-0
0.151606
0.148016
0.144388
0.153842
0.15008
0.146293
0.153977
0.150071
0.146172
0.15536
0.151554
0.147718
0.0371751
0.0451455
0.0525326
0.211374
0.20026
0.19023
-0.00959906
-0.000745777
0.00811789
0.151655
0.147923
0.144185
0.150693
0.147191
0.143643
-0.0154442
-0.00603103
0.00347306
0.150865
0.14718
0.143488
0.156844
0.15321
0.149483
-0.010234
-0.0015516
0.00715188
0.149912
0.146383
0.142823
0.151654
0.147922
0.144184
-0.00883068
7.67392e-07
0.008833
0.149911
0.146382
0.142823
0.149911
0.146383
0.142824
0.161092
0.156586
0.152105
-0.0141697
-0.00541827
0.0034106
0.144108
0.140992
0.137819
0.149909
0.146381
0.142824
-0.0177057
-0.00939177
-0.000953795
0.154435
0.15032
0.146255
0.144073
0.140994
0.137851
0.149912
0.146383
0.142824
0.152309
0.148691
0.145033
0.151508
0.147931
0.144315
0.149911
0.146383
0.142824
-0.0102489
-0.00155706
0.00715794
0.149999
0.146463
0.142897
0.15174
0.148007
0.144268
-0.0108768
-0.00223332
0.00643978
0.152494
0.148679
0.144867
0.149998
0.146464
0.142897
-0.00883268
6.99876e-07
0.00883328
0.149913
0.146384
0.142825
0.149913
0.146385
0.142825
0.0262543
0.0338989
0.041126
-0
-0
-0
0.151926
0.148186
0.144439
0.15247
0.148834
0.145162
0.152398
0.148619
0.144836
0.155185
0.151403
0.147587
0.154733
0.15054
0.14641
0.149912
0.146383
0.142823
0.154731
0.150536
0.146408
0.149911
0.146381
0.142822
0.154562
0.150714
0.14685
0.151508
0.147933
0.144315
-9.57567e-16
-5.16254e-15
-6.66134e-15
-9.57567e-16
-5.16254e-15
-6.66134e-15
8.88178e-16
-0
1.33227e-15
0.14991
0.146382
0.142823
-9.57567e-16
-5.16254e-15
-6.66134e-15
0.1631
0.158519
0.153998
-2.66454e-15
7.77156e-16
-2.98372e-15
-9.57567e-16
-5.16254e-15
-6.66134e-15
0.154113
0.150579
0.146965
-9.57567e-16
-5.16254e-15
-6.66134e-15
0.154114
0.150579
0.146965
-9.57567e-16
-5.16254e-15
-6.66134e-15
-9.57567e-16
-5.16254e-15
-6.66134e-15
-2.66454e-15
7.77156e-16
-2.98372e-15
0.149913
0.146384
0.142825
-2.66454e-15
7.77156e-16
-2.98372e-15
0.15423
0.150687
0.147068
-9.57567e-16
-5.16254e-15
-6.66134e-15
0.155393
0.151787
0.148102
6.66134e-15
5.16254e-15
9.57567e-16
0.153935
0.150352
0.146702
-9.57567e-16
-5.16254e-15
-6.66134e-15
0.15411
0.150576
0.146962
-9.57567e-16
-5.16254e-15
-6.66134e-15
0.15473
0.150535
0.146408
-9.57567e-16
-5.16254e-15
-6.66134e-15
8.88178e-16
-0
1.33227e-15
0.149912
0.146379
0.142824
-2.66454e-15
7.77156e-16
-2.98372e-15
0.154112
0.150577
0.146963
-9.57567e-16
-5.16254e-15
-6.66134e-15
-9.57567e-16
-5.16254e-15
-6.66134e-15
0.164656
0.159791
0.155028
0.155361
0.151756
0.148074
-9.57567e-16
-5.16254e-15
-6.66134e-15
-9.57567e-16
-5.16254e-15
-6.66134e-15
0.152646
0.148823
0.145003
0.154308
0.150366
0.146438
0.154154
0.150377
0.146576
0.043525
0.0505973
0.0570816
-0.00720496
0.00167014
0.0105221
0.154253
0.150496
0.14671
0.168076
0.163453
0.158826
0.154838
0.15105
0.147194
0.154377
0.150311
0.146247
0.155114
0.150973
0.146843
0.16139
0.157593
0.15365
-0.00580922
0.00298108
0.011729
-9.57567e-16
-5.16254e-15
-6.66134e-15
0.153812
0.150263
0.146608
0.152335
0.148791
0.145155
-9.57567e-16
-5.16254e-15
-6.66134e-15
0.149912
0.146385
0.142825
0.154634
0.150708
0.146787
0.0893029
0.0907464
0.0917969
-0.0951623
-0.0942915
-0.0930103
-9.57567e-16
-5.16254e-15
-6.66134e-15
-9.57567e-16
-5.16254e-15
-6.66134e-15
-2.66454e-15
7.77156e-16
-2.98372e-15
8.88178e-16
-0
1.33227e-15
0.14991
0.146382
0.142821
0.151809
0.148193
0.144546
0.14991
0.146383
0.142824
0.152273
0.148626
0.144949
-9.57567e-16
-5.16254e-15
-6.66134e-15
-9.57567e-16
-5.16254e-15
-6.66134e-15
8.88178e-16
-0
1.33227e-15
-9.57567e-16
-5.16254e-15
-6.66134e-15
-9.57567e-16
-5.16254e-15
-6.66134e-15
8.88178e-16
-0
1.33227e-15
-2.66454e-15
7.77156e-16
-2.98372e-15
-2.66454e-15
7.77156e-16
-2.98372e-15
0.0549404
0.0619203
0.0681765
0.162743
0.159235
0.155493
0.174984
0.168429
0.162227
-9.57567e-16
-5.16254e-15
-6.66134e-15
-9.57567e-16
-5.16254e-15
-6.66134e-15
-9.57567e-16
-5.16254e-15
-6.66134e-15
-0.141354
-0.145441
-0.149675
0.197438
0.187511
0.178534
-0.0852893
-0.0836368
-0.0815639
0.103739
0.104365
0.104594
0.150787
0.147211
0.143567
0.149178
0.145659
0.142077
-0.0560787
-0.0499692
-0.0433135
-0.108622
-0.107269
-0.105274
0.120991
0.121085
0.120698
0.150786
0.147211
0.143569
0.148475
0.144984
0.141433
-0.0402006
-0.0335496
-0.0265164
0.170216
0.163695
0.157577
0.131861
0.13045
0.128728
-0
-0
-0
-0.140568
-0.144635
-0.148853
-0.00882567
1.07447e-07
0.00882574
-0.137437
-0.142559
-0.148064
-0.00399121
0.00399641
0.0119325
-0.0188368
-0.0113636
-0.00375215
0.160082
0.154801
0.149741
0.146382
0.143588
0.140611
0.160755
0.156402
0.15204
-0.142513
-0.145992
-0.149382
0.154286
0.14993
0.145644
-0.184946
-0.194284
-0.20457
-0.0975863
-0.0970059
-0.0960363
0.0942423
0.097864
0.100714
-0.0112743
-0.00233826
0.00663322
-0.00603954
0.00282859
0.0116567
-0.00678533
0.00202964
0.0108177
-0.0112814
-0.0023448
0.00662505
-0.00270449
0.0058856
0.0143967
-0.118271
-0.116213
-0.113225
-0.129978
-0.134462
-0.139239
0.14135
0.13846
0.135465
-0.00067522
0.00477404
0.0101823
0.0199612
0.0299786
0.0395124
0.0513301
0.0576184
0.0633078
-0.118788
-0.121078
-0.123349
-0
-0
-0
-0.00390194
0.00466275
0.0131624
-0.00243486
0.00589625
0.0141502
-0.124019
-0.128276
-0.132836
-0.00124805
0.00711479
0.0153837
-0.015218
-0.0066935
0.00192349
0.162805
0.158119
0.153476
0.00040518
0.00903533
0.0175421
-0.00568726
0.00282424
0.0112965
-0.00654863
0.00200625
0.0105373
-0.00854456
-0.000119943
0.00830595
0.154118
0.150121
0.146114
0.00413606
0.0122393
0.0201872
0.154662
0.150294
0.145997
0.000250622
0.00858768
0.0168119
0.153813
0.150188
0.146472
0.154512
0.15027
0.146072
-0.00745344
-0.0003336
0.00678983
-0.0137463
-0.00601858
0.00178539
0.153559
0.149201
0.144923
-0.0111797
-0.00265594
0.00590272
0.152066
0.148637
0.145096
0.0175796
0.0250424
0.0322056
-0.0120726
-0.00405121
0.00402178
0.156266
0.152485
0.148624
-0.13738
-0.14164
-0.146075
0.0154304
0.026646
0.0373887
0.136836
0.134698
0.132341
-0.00668268
0.00165149
0.0099622
-0.00357905
0.00538962
0.014283
-0.00765536
0.00116775
0.00997479
0.152091
0.148251
0.144388
-0.00765857
0.00116511
0.00997281
0.152092
0.148253
0.144389
-0.111238
-0.112527
-0.113668
-0.123804
-0.124283
-0.124249
-0.131086
-0.135534
-0.140258
-0.0100045
-0.000956487
0.00810507
0.161754
0.157562
0.153311
-0
-0
-0
-0.116394
-0.11596
-0.114983
-0.113033
-0.115774
-0.118641
-0.136568
-0.140405
-0.144308
-0.126093
-0.12937
-0.132703
0.0058218
0.0110635
0.0162125
-0
-0
-0
-0.115005
-0.117991
-0.121135
-0.118765
-0.118202
-0.117036
0.00259205
0.0113022
0.0198547
0.155455
0.151299
0.147155
-0.00265174
0.00470768
0.0120109
0.151305
0.147444
0.143577
0.00208162
0.010123
0.0180332
0.142245
0.13942
0.136464
-0.016612
-0.0113171
-0.00592736
-0.160345
-0.166815
-0.173742
-0.008267
0.000192826
0.00865054
0.154191
0.150186
0.146173
-0.142196
-0.145938
-0.149661
-0.00790566
0.000954477
0.00980012
0.16569
0.161378
0.156985
0.0968324
0.101253
0.104732
0.175988
0.170324
0.164777
-0.00873319
-0.000456634
0.0078252
0.147428
0.143742
0.140054
0.146484
0.143315
0.140041
-0
-0
-0
-0.117362
-0.119357
-0.121284
0.0522342
0.0597901
0.0665926
0.121503
0.12158
0.121176
0.00639448
0.0147145
0.0228386
0.147083
0.143968
0.140729
0.169825
0.164278
0.158899
0.00924221
0.0168342
0.024223
0.13502
0.132929
0.130631
-0
-0
-0
-0.128127
-0.128419
-0.128146
-0.124644
-0.128205
-0.131971
0.015333
0.0231082
0.0305948
0.144031
0.141364
0.138513
0.00289962
0.0117464
0.0204277
0.146155
0.143414
0.140477
0.041714
0.0500376
0.0576816
0.128692
0.128851
0.128424
0.147658
0.14762
0.146763
0.192601
0.183355
0.174929
0.186959
0.17958
0.172596
0.136461
0.137391
0.137465
0.0475121
0.0546422
0.0611288
0.174074
0.166545
0.159618
0.0227191
0.0305972
0.0380926
0.00577614
0.0164923
0.0269282
0.15337
0.150587
0.147528
0.151581
0.14945
0.146919
0.178107
0.170197
0.162944
0.10867
0.11034
0.111384
0.159594
0.155321
0.151035
0.179951
0.17317
0.166735
-0.0256639
-0.0185671
-0.0112537
-0.0440756
-0.0373459
-0.0301848
-0.00409068
0.00436841
0.0127698
0.150671
0.147546
0.144253
0.179577
0.171712
0.164472
0.150477
0.14464
0.139234
-0.157901
-0.164626
-0.17192
-0.0470553
-0.0412185
-0.0349637
-0.138457
-0.143776
-0.149525
0.0233094
0.0281488
0.0327628
0.0694079
0.071652
0.0735522
-0.100442
-0.102127
-0.103772
0.00770818
0.0158792
0.0238447
0.153959
0.150493
0.146898
-0.128696
-0.132276
-0.135961
-0.102134
-0.101917
-0.10133
0.120072
0.118769
0.117252
0.105535
0.104776
0.103832
-0.0916948
-0.0899623
-0.0877287
0.165403
0.160474
0.155624
0.157651
0.15302
0.148487
0.152302
0.148355
0.144409
0.149488
0.145789
0.142064
0.0220039
0.0259073
0.0296425
0.154909
0.150556
0.146264
0.150561
0.145752
0.141153
0.138206
0.136223
0.133978
0.145154
0.141419
0.137716
0.144939
0.140326
0.135938
-0.111656
-0.114883
-0.118342
-0
-0
-0
0.11764
0.116939
0.115939
0.131965
0.127831
0.123923
0.151153
0.146804
0.142563
0.140257
0.136058
0.132034
0.0465715
0.0513908
0.0557967
-0.108627
-0.106788
-0.104214
0.171695
0.165046
0.158812
0.00680721
0.0133509
0.019763
-0.0101859
-0.00164897
0.00690989
0.159437
0.154552
0.149797
0.156954
0.152436
0.147993
0.148135
0.143358
0.138808
0.161872
0.15665
0.151615
0.0043487
0.0104307
0.0164117
0.108011
0.109627
0.110633
-0.0375257
-0.0316118
-0.025386
-0.023488
-0.013449
-0.00319008
-0.123996
-0.127601
-0.131353
-0.104216
-0.10535
-0.10632
0.0551591
0.0579312
0.0604039
-0.106344
-0.108543
-0.110755
-0.124965
-0.126344
-0.127382
-0.0987555
-0.0956128
-0.0916685
0.127925
0.125473
0.122954
-0.0123535
-0.00686801
-0.0013195
-0.0529108
-0.0464865
-0.0395342
-0.124001
-0.128271
-0.13284
0.133241
0.133257
0.132653
0.174018
0.166715
0.159963
-0.122424
-0.125492
-0.128615
-0.115855
-0.11679
-0.117414
-0.0204758
-0.0135228
-0.00641415
0.142313
0.138939
0.135548
-0.12155
-0.124075
-0.126541
-0.116087
-0.117439
-0.11855
-0.0150171
-0.00660261
0.00190221
0.0253291
0.0307938
0.0359835
0.141997
0.138604
0.135203
0.121953
0.119393
0.116835
0.124525
0.123516
0.122199
-0.0350563
-0.0295944
-0.0238611
0.152691
0.14668
0.141124
0.0394147
0.0459511
0.0519974
-0.120167
-0.123366
-0.12666
-0
-0
-0
-0.11991
-0.121142
-0.122126
0.161571
0.156025
0.150739
0.0418756
0.0469064
0.0515448
0.156022
0.150543
0.145373
0.04297
0.0483836
0.0533646
-0
-0
-0
0.149263
0.146732
0.143922
-0.00964025
-0.0028347
0.00400194
0.121035
0.119527
0.117836
-0.120061
-0.122752
-0.125432
-0.0390143
-0.0330565
-0.026765
-0
-0
-0
-0.0404924
-0.0351293
-0.0294428
0.109256
0.108439
0.107415
0.113524
0.111883
0.110142
-0.0408883
-0.0350749
-0.0289152
-0.0955522
-0.0945157
-0.0930393
-0.116433
-0.119153
-0.121902
0.152303
0.146405
0.140936
-0
-0
-0
-0.145577
-0.151496
-0.157915
0.114792
0.115639
0.115936
0.138111
0.133881
0.129852
0.0968201
0.0974307
0.0977074
-0.0398325
-0.0346164
-0.0290929
0.15107
0.145827
0.140886
0.107384
0.106645
0.1057
0.108845
0.107183
0.105458
0.106581
0.105916
0.105041
0.105249
0.104275
0.10315
0.0494157
0.0545883
0.0592835
0.129789
0.126752
0.123749
0.0334224
0.0380901
0.0424658
0.125099
0.121297
0.117703
0.172946
0.165773
0.15913
0.0954029
0.0954257
0.095214
0.121565
0.120752
0.119622
-0.0195021
-0.014959
-0.0103025
0.120851
0.120554
0.119852
-0.0512546
-0.0456057
-0.0394995
0.128675
0.126872
0.124869
0.133055
0.12962
0.126266
0.130314
0.127093
0.123934
0.132954
0.129691
0.126479
-0.127415
-0.131706
-0.136276
0.141494
0.137166
0.13303
0.0943451
0.0942028
0.0938576
0.000396987
0.00423878
0.00805527
0.0985266
0.0981732
0.0976196
0.000880026
0.00490134
0.00889155
-0.213334
0.00112778
-0.227621
0.00119986
-0.213389
-0.000577115
-0.167587
-0.194052
-0.166301
-0.204024
-0.178358
-0.207293
-0.198979
-0.10143
-0.212891
-0.109424
-0.206103
-0.0961805
0.173919
-0.0102443
0.168557
-0.00412722
0.180288
-0.00225352
0.22659
-0.012241
0.214391
-0.0053366
0.233706
-0.0013213
-0.192687
-0.190632
-0.198366
-0.204203
-0.206707
-0.203272
0.189878
0.158782
0.185457
0.145701
0.17689
0.152377
-0.038873
-0.166978
-0.0256826
-0.161733
-0.0337998
-0.172924
0.233376
0.0507595
0.219806
0.0532734
0.235504
0.0623833
0.192034
0.00136136
0.188589
0.0117582
0.202846
0.0158978
0.234776
0.0602494
0.217885
0.0555658
0.229312
0.0656135
-0.217334
-0.137248
-0.234166
-0.147898
-0.227363
-0.139132
-0.18403
-0.180803
-0.193175
-0.195042
-0.198236
-0.189337
-0.0251005
-0.178089
-0.0114278
-0.173168
-0.0204151
-0.186533
0.173706
-0.024688
0.17411
-0.0127003
0.186431
-0.0125874
-0.172813
-0.166844
-0.179782
-0.179685
-0.185657
-0.173833
-0.1518
-0.187101
-0.151607
-0.196854
-0.162192
-0.199408
0.157645
0.207373
0.159617
0.196274
0.147379
0.194081
-0.203343
-0.0853665
-0.217137
-0.0883148
-0.205522
-0.0758562
0.186441
0.142701
0.178346
0.131272
0.174751
0.139368
0.215502
0.0627974
0.201274
0.0595197
0.211535
0.0695765
0.0377961
-0.114238
0.0527648
-0.102026
0.0505265
-0.111004
-0.206798
0.00124335
-0.219654
0.00167418
-0.206533
-0.000468149
-0.17348
-0.182957
-0.179083
-0.195574
-0.186405
-0.193994
-0.192436
-0.0550182
-0.202249
-0.0526779
-0.189838
-0.045062
0.226434
0.00584378
0.213759
0.0111107
0.231686
0.0169272
-0.165721
0.0297179
-0.164413
0.0427117
-0.153545
0.0403259
0.00390928
-0.148092
0.0189342
-0.140717
0.0112821
-0.152477
-0.169997
0.00104583
-0.178634
0.00072619
-0.170376
-0.000700149
0.0119318
-0.144356
0.0271427
-0.132699
0.0240418
-0.143382
0.1106
0.169482
0.114568
0.164254
0.105878
0.160654
-0.199419
-0.0927432
-0.213264
-0.0979117
-0.203897
-0.0871878
-0.150491
-0.180414
-0.148667
-0.189083
-0.159831
-0.191843
0.220809
0.0605558
0.206325
0.0585225
0.21819
0.0676521
-0.120535
-0.161915
-0.11684
-0.169566
-0.128783
-0.170804
-0.178607
-0.183611
-0.183743
-0.197712
-0.193014
-0.193834
-0.0824183
-0.173936
-0.069285
-0.17086
-0.0797943
-0.18078
-0.179129
-0.186045
-0.186969
-0.199692
-0.192936
-0.196709
-0.18122
-0.0256836
-0.183467
-0.0171455
-0.173064
-0.0153285
-0.00873874
-0.166465
0.00657967
-0.157924
-9.57528e-05
-0.170986
0.0186697
-0.150792
0.0323554
-0.142233
0.0274394
-0.154583
0.0218348
-0.0973908
0.0311995
-0.0919112
0.0274028
-0.0982862
0.109919
-0.0395843
0.115706
-0.0288589
0.12119
-0.0306115
-0.000467997
-0.146122
0.0153146
-0.13781
0.00789884
-0.149304
0.170875
-0.0137461
0.165837
-0.0077005
0.177196
-0.00649001
0.0680546
-0.112799
0.0810654
-0.100565
0.0809575
-0.110443
0.169874
-0.0173171
0.164242
-0.0104006
0.176948
-0.00617063
-0.192228
-0.176028
-0.201866
-0.190961
-0.207044
-0.183593
-0.197633
-0.19851
-0.208227
-0.215049
-0.214198
-0.209516
-0.0492335
0.120149
-0.0351428
0.130962
-0.0388124
0.120784
-0.104916
0.0847708
-0.0979129
0.0973831
-0.0930677
0.0905097
-0.207444
-0.0545304
-0.218834
-0.0527817
-0.20557
-0.0473294
0.229647
0.0454744
0.214511
0.0449948
0.228788
0.0520267
0.17532
0.1845
0.171278
0.172511
0.163681
0.17428
0.024833
0.112912
0.0372612
0.11712
0.0292293
0.111102
0.00151935
-0.162664
0.0158323
-0.154782
0.00949107
-0.167812
0.140826
0.18173
0.143258
0.171925
0.131666
0.171587
-0.161514
-0.169834
-0.164856
-0.182335
-0.174281
-0.177862
-0.0121703
-0.152324
0.000517533
-0.145614
-0.00542473
-0.156304
-0.151932
0.0131551
-0.155357
0.0204974
-0.144866
0.0221321
0.176214
-0.0173512
0.169761
-0.0107051
0.183022
-0.00679698
-0.211635
-0.173847
-0.225931
-0.189304
-0.226658
-0.180351
-0.17524
-0.0886547
-0.186002
-0.0942927
-0.180255
-0.0835222
-0.133462
0.0259833
-0.134259
0.0337622
-0.126042
0.033389
0.161924
0.00115693
0.157732
0.00685691
0.167779
0.00980009
0.139461
0.0215681
0.13593
0.0253936
0.143223
0.0304073
-0.0103313
-0.153867
0.000648297
-0.148688
-0.0051868
-0.159299
-0.0201703
-0.157992
-0.00955607
-0.153639
-0.0159201
-0.164132
0.118858
0.158714
0.122414
0.152221
0.112865
0.150809
0.104208
-0.0442798
0.111151
-0.0328705
0.116196
-0.0349901
0.0723889
-0.108057
0.0828139
-0.0965669
0.0845425
-0.105181
0.171065
-0.00907456
0.165254
-0.00286924
0.177392
0.00127131
0.184451
0.117164
0.175955
0.107945
0.174906
0.115399
-0.211652
-0.11914
-0.226066
-0.124564
-0.216491
-0.115635
0.0651784
0.14142
0.0777835
0.139346
0.0637596
0.135268
-0.109646
0.043265
-0.103609
0.0553324
-0.0981746
0.0528482
0.183533
0.176699
0.176723
0.163435
0.170321
0.169052
-0.0477048
0.126244
-0.033014
0.139587
-0.0349627
0.129275
-0.154068
0.00316148
-0.158001
0.00987834
-0.14755
0.0125217
-0.211772
-0.17763
-0.226062
-0.193604
-0.227271
-0.183781
-0.042682
-0.145177
-0.0332163
-0.141287
-0.0388897
-0.149074
-0.158151
-0.151748
-0.163014
-0.162579
-0.169043
-0.157731
0.207666
0.131547
0.196764
0.120063
0.195709
0.129382
-0.173551
-0.157106
-0.18095
-0.169481
-0.185825
-0.162626
-0.141379
-0.166809
-0.142181
-0.176192
-0.151181
-0.176093
-0.124131
-0.188789
-0.121674
-0.196624
-0.132643
-0.201339
-0.167827
-0.172114
-0.174147
-0.184317
-0.180161
-0.180811
-0.150219
-0.148297
-0.154698
-0.158365
-0.160343
-0.153909
0.164285
-0.00180388
0.15925
0.0043087
0.170459
0.00934134
-0.182888
-0.178541
-0.190693
-0.19084
-0.195383
-0.189431
0.158983
0.163882
0.156176
0.158232
0.153703
0.154001
0.162277
-0.00844542
0.157101
-0.00225818
0.168523
0.00289038
-0.157562
-0.165325
-0.162296
-0.176792
-0.169183
-0.172941
0.202211
0.068969
0.189812
0.066162
0.198776
0.0760821
0.0184858
-0.142095
0.0300453
-0.134406
0.0263896
-0.145159
0.219742
0.160949
0.206579
0.147481
0.205832
0.156098
0.00127964
-0.150786
0.0156893
-0.143327
0.00877437
-0.155071
0.000188137
-0.156003
0.0149133
-0.148261
0.00797928
-0.160597
-0.0755164
0.0766142
-0.0630298
0.0915553
-0.0612928
0.0859127
0.166346
-0.00840276
0.16049
-0.00272878
0.17208
0.0018938
0.185341
0.109085
0.174676
0.102387
0.178161
0.110349
-0.00249661
-0.147305
0.00952044
-0.141376
0.00342597
-0.151948
-0.187795
-0.0803563
-0.199761
-0.0836426
-0.190489
-0.0735166
-0.148353
-0.158225
-0.152231
-0.168909
-0.159174
-0.164754
0.0873448
-0.100737
0.0965486
-0.0879054
0.100993
-0.0951538
-0.206379
-0.0634641
-0.220455
-0.0646481
-0.206918
-0.0534416
-0.000815023
-0.126953
0.0103034
-0.121327
0.00482004
-0.129745
-0.175204
-0.175377
-0.180282
-0.187462
-0.187592
-0.185635
-0.212782
-0.0786615
-0.228839
-0.0841175
-0.217614
-0.0750275
0.229472
0.131636
0.213298
0.122528
0.219693
0.131411
0.000776036
-0.15176
-0.000986292
-0.15294
-0.000436534
-0.159184
0.212122
0.103875
0.19838
0.0962963
0.204011
0.103985
-0.150769
-0.158073
-0.155442
-0.168713
-0.161503
-0.164586
-0.169528
-0.174439
-0.175744
-0.187228
-0.182453
-0.183037
0.191831
-0.00780939
0.185189
0.000616241
0.200443
0.0062434
-0.00555234
-0.150525
0.00632763
-0.144403
0.000589526
-0.155093
0.15053
-0.0225099
0.146848
-0.015585
0.157645
-0.012134
0.0923985
-0.0842586
0.0977377
-0.0738828
0.103398
-0.0785311
-0.162462
-0.1619
-0.168041
-0.173601
-0.174236
-0.168795
-0.169145
-0.0314729
-0.176833
-0.0282119
-0.165686
-0.0209426
-0.121964
-0.173935
-0.120172
-0.181531
-0.130113
-0.184463
0.115053
0.15195
0.117884
0.144762
0.108302
0.144895
0.135017
0.185795
0.134837
0.175992
0.12571
0.175417
-0.080189
0.067846
-0.0710511
0.0792028
-0.0693678
0.0740387
-0.163538
-0.159453
-0.170432
-0.170975
-0.17501
-0.165386
-0.0522501
0.0957843
-0.0429276
0.104725
-0.0436708
0.0978796
0.0539744
-0.114701
0.0664853
-0.102029
0.0673205
-0.11045
0.176247
0.0251386
0.169356
0.0287685
0.179792
0.0342333
0.000875178
-0.163829
-0.000875469
-0.164705
2.88223e-07
-0.172297
0.176936
0.177496
0.168363
0.16937
0.168856
0.168116
-0.161223
0.00100535
-0.16897
0.000539752
-0.161731
-0.000747061
0.000632012
-0.141778
-0.00113846
-0.143382
-0.00104416
-0.148574
0.000875243
-0.16383
-0.000875307
-0.164706
2.71104e-07
-0.172297
0.000890457
-0.159817
-0.000863843
-0.160656
5.63066e-05
-0.167779
-0.163825
0.00087556
-0.172291
1.0114e-06
-0.1647
-0.000875199
0.000513915
-0.149744
-0.00124984
-0.151672
-0.001526
-0.157665
0.196751
0.19762
0.186155
0.187224
0.186432
0.185772
0.0008749
-0.163826
-0.000875151
-0.164701
-1.08244e-06
-0.172294
-0.15879
0.00118532
-0.16564
0.00128235
-0.158791
-0.000570168
0.179487
0.180604
0.171046
0.172183
0.171159
0.170553
-0.169991
0.00155484
-0.176666
0.00286893
-0.168913
-0.000190255
0.000986703
-0.160266
-0.000768283
-0.160833
0.000453883
-0.167971
0.000875276
-0.163825
-0.000875434
-0.164701
1.77491e-08
-0.172293
0.00120611
-0.13343
-0.000572602
-0.133423
0.00129719
-0.137645
0.178707
0.179361
0.170008
0.171036
0.170436
0.169719
-0.172518
0.00105489
-0.181432
0.000771461
-0.172866
-0.000688596
0.000875416
-0.163827
-0.000874636
-0.164701
2.25179e-07
-0.172294
0.000393839
-0.131428
-0.00138602
-0.133722
-0.0020321
-0.137819
-0.167515
0.00125002
-0.175124
0.00157649
-0.167316
-0.000498283
0.193795
0.19408
0.183132
0.184065
0.183806
0.183007
0.224654
0.0815337
0.209781
0.0785657
0.220876
0.0903454
0.113902
0.152548
0.11608
0.14547
0.107229
0.145445
0.021728
-0.134769
0.0331988
-0.125081
0.0318298
-0.134342
-0.179582
-0.0431875
-0.190517
-0.0441308
-0.180105
-0.035987
0.163833
0.00146251
0.158328
0.00686685
0.169236
0.0122988
0.156309
0.0271355
0.149698
0.0286789
0.157634
0.034832
0.148567
0.153648
0.144831
0.14389
0.138909
0.147851
-0.077518
0.0736625
-0.0674547
0.0864103
-0.0653823
0.081165
-0.0864932
0.0623057
-0.0774142
0.0752194
-0.0742003
0.0711341
0.130378
0.172383
0.129371
0.1634
0.121756
0.163621
0.138772
-0.0188856
0.135901
-0.0125419
0.145258
-0.00900165
-0.024174
-0.135862
-0.013082
-0.131948
-0.0204227
-0.140197
-0.00179844
-0.143369
0.00923035
-0.137367
0.00425576
-0.147239
-0.0069476
-0.147503
0.00473202
-0.141444
-0.000865483
-0.151679
-0.000697716
-0.148087
0.0113291
-0.141659
0.00577652
-0.15236
-0.00182397
-0.143365
0.00920402
-0.137364
0.00422842
-0.147235
0.181525
0.0118441
0.175916
0.0190425
0.18875
0.0257131
-0.00933438
-0.149802
0.00256932
-0.143693
-0.00321059
-0.154109
-0.00635061
-0.147174
0.00526563
-0.141155
-0.00030898
-0.151375
0.157753
0.00193867
0.152725
0.00691292
0.162745
0.0115827
-0.0113977
-0.153531
0.000323712
-0.147353
-0.00518731
-0.157963
0.0244861
0.119747
0.0387258
0.124594
0.0295589
0.117732
0.164554
0.0219117
0.15976
0.0274531
0.17001
0.0342514
0.171183
0.105985
0.163928
0.0979583
0.162862
0.105009
0.192815
0.0901401
0.181511
0.0857599
0.188073
0.0916294
0.153279
-0.0201254
0.149324
-0.0141672
0.159461
-0.0125776
-0.178508
-0.0920486
-0.189467
-0.0986686
-0.184723
-0.0916782
-0.00902698
-0.148408
0.00318309
-0.142091
-0.00268924
-0.15245
0.00424325
-0.148476
0.0158295
-0.141733
0.0110917
-0.152546
0.00588915
-0.142256
0.0178335
-0.135702
0.0125113
-0.146098
0.038133
-0.097703
0.0475511
-0.088464
0.0477636
-0.0942479
0.180948
0.012714
0.172826
0.0163858
0.184501
0.0222993
-0.171131
-0.156292
-0.179684
-0.167664
-0.182361
-0.162027
0.00116321
-0.13656
0.0128129
-0.130445
0.00731231
-0.139979
0.00328311
-0.143187
0.0142513
-0.137066
0.00947315
-0.147156
-0.00945564
-0.152521
0.000948424
-0.147207
-0.00412862
-0.157511
-0.0121286
-0.154915
-0.0013795
-0.149461
-0.00666686
-0.159966
0.00520685
-0.144371
0.0174123
-0.137204
0.0124926
-0.147779
0.164901
0.145319
0.158323
0.135292
0.15474
0.141432
-0.180756
-0.108106
-0.191985
-0.116005
-0.188178
-0.1077
-0.107055
-0.171239
-0.101526
-0.174855
-0.111222
-0.180953
0.183451
-0.00929123
0.174898
-0.00568554
0.187173
-0.0041279
-0.0982367
-0.171651
-0.0937809
-0.176843
-0.10401
-0.181967
0.0828099
-0.0569341
0.0919658
-0.0459149
0.0943654
-0.0497533
0.0455731
-0.133042
0.0569448
-0.123385
0.0556794
-0.134212
-0.145976
-0.145596
-0.152237
-0.151118
-0.151526
-0.152421
-0.145971
-0.145592
-0.152232
-0.151113
-0.151521
-0.152416
-0.150996
-0.150534
-0.157717
-0.156571
-0.157069
-0.157941
-0.150245
-0.149744
-0.156852
-0.155695
-0.156235
-0.157095
0.152321
-0.0111814
0.147651
-0.00597598
0.157617
-0.00248944
-0.152629
-0.152005
-0.159387
-0.158193
-0.158867
-0.15969
-0.149896
-0.149459
-0.156523
-0.155384
-0.155855
-0.156735
0.190553
0.0995783
0.179575
0.0928558
0.183495
0.0984197
-0.17027
0.0045788
-0.175383
0.0111884
-0.16396
0.012075
-0.156504
-0.155573
-0.163417
-0.162129
-0.163135
-0.163869
0.001006
-0.145582
0.0112963
-0.139685
0.00698186
-0.149699
-0.00648067
-0.145664
0.00437682
-0.139935
-0.000721873
-0.149778
-0.151251
-0.150494
-0.157744
-0.156511
-0.157328
-0.158112
-0.151526
-0.150772
-0.158051
-0.156819
-0.157631
-0.158416
-0.144047
-0.0067399
-0.147331
-0.000942617
-0.138361
0.00242001
-0.16828
-0.137833
-0.175457
-0.148409
-0.178692
-0.141789
0.161863
-0.00364398
0.156543
0.00194923
0.167487
0.0069782
-0.162365
-0.155698
-0.168636
-0.166865
-0.173526
-0.161799
0.153004
-0.00886943
0.148376
-0.00342789
0.158509
0.000793949
0.197448
0.0570759
0.18756
0.0583722
0.198367
0.0666216
-0.168055
-0.128291
-0.175204
-0.138192
-0.177767
-0.13159
-0.16844
-0.145348
-0.175631
-0.156389
-0.179354
-0.149996
0.171673
0.00867149
0.164616
0.0128127
0.175708
0.0189018
0.15962
-0.000137728
0.15523
0.00584577
0.165691
0.0102462
-0.0161355
0.140754
-0.00475641
0.147737
-0.00927715
0.137962
0.175845
0.0147965
0.168621
0.0191726
0.180068
0.0262505
0.175663
0.0190703
0.168466
0.0229949
0.17945
0.0294704
0.151027
0.0075946
0.146352
0.0115824
0.155026
0.0154334
-0.176154
-0.148722
-0.18342
-0.160438
-0.187785
-0.154229
0.171101
0.0130876
0.164359
0.0172794
0.175192
0.0233569
-0.175057
-0.15171
-0.182565
-0.163599
-0.186844
-0.157207
0.175797
0.0159407
0.16858
0.0202029
0.179909
0.0271359
-0.168745
-0.151346
-0.175994
-0.163322
-0.180537
-0.155269
0.103138
0.16852
0.107695
0.163016
0.0981704
0.159659
-0.158407
-0.156347
-0.164211
-0.167521
-0.169581
-0.162134
-0.149722
-0.120123
-0.153911
-0.128845
-0.158372
-0.123057
0.15577
-0.00755128
0.150805
-0.00198677
0.161359
0.00312413
0.0197735
0.170436
0.0324662
0.173673
0.0233241
0.163066
0.182435
0.0335408
0.174078
0.0359983
0.184657
0.0428975
-0.19224
-0.124797
-0.204071
-0.135327
-0.20228
-0.126272
-0.159487
-0.158981
-0.165234
-0.170319
-0.170855
-0.165279
-0.156987
-0.158902
-0.162186
-0.170067
-0.168221
-0.165405
-0.0243676
0.156746
-0.010236
0.165949
-0.0153962
0.153509
0.0769383
-0.108805
0.0853002
-0.0973256
0.089132
-0.104966
-0.158916
-0.157881
-0.164586
-0.169085
-0.170153
-0.164137
-0.153456
-0.036917
-0.158189
-0.0330511
-0.149526
-0.0278415
-0.177234
0.00717028
-0.182578
0.0162053
-0.16853
0.0193019
-0.187561
-0.177339
-0.197331
-0.191651
-0.201764
-0.185153
-0.156189
-0.154459
-0.161596
-0.165358
-0.167109
-0.160245
0.185414
0.0203357
0.177665
0.0246969
0.189672
0.0309955
0.00221206
-0.146612
0.0124983
-0.141131
0.00773059
-0.151386
0.173213
0.152068
0.169083
0.141467
0.162743
0.145566
-0.158462
-0.16349
-0.161131
-0.175196
-0.170442
-0.171163
-0.159759
-0.160444
-0.165749
-0.171799
-0.171138
-0.166904
-0.148966
-0.132757
-0.154575
-0.141829
-0.157932
-0.136127
0.201159
0.0408694
0.190491
0.0423489
0.202362
0.049245
-0.0280248
0.129766
-0.0172383
0.137706
-0.0203219
0.128541
0.149756
-0.0125156
0.145629
-0.00647891
0.15587
-0.0018962
0.167565
0.144401
0.162147
0.133918
0.157031
0.139879
-0.158995
-0.178009
-0.160417
-0.189899
-0.171376
-0.188199
-0.0478949
-0.151074
-0.0381219
-0.147917
-0.0449229
-0.156215
-0.158603
-0.162327
-0.160799
-0.17393
-0.170505
-0.170012
-0.11595
-0.185759
-0.112411
-0.19365
-0.124567
-0.19776
0.183111
0.0498266
0.173415
0.0497217
0.182513
0.0591917
-0.151828
-0.148572
-0.156894
-0.159045
-0.162288
-0.153369
-0.176243
-0.112032
-0.186727
-0.117414
-0.181212
-0.110428
0.196723
0.0744153
0.185052
0.0717204
0.19334
0.0828019
0.219353
0.0762556
0.204965
0.0731444
0.215512
0.0839566
-0.192907
-0.107889
-0.206042
-0.11543
-0.199913
-0.106983
0.000881602
-0.151598
-0.000881076
-0.152479
1.32301e-06
-0.158687
0.164924
-0.000537452
0.158997
0.00473858
0.170166
0.0106214
0.209707
0.0714891
0.196307
0.0682022
0.205667
0.0795054
-0.160488
-0.158443
-0.166388
-0.169795
-0.171859
-0.164686
-0.157971
-0.155758
-0.163777
-0.166837
-0.169049
-0.161514
-0.167054
-0.16407
-0.173664
-0.176137
-0.179138
-0.170982
0.15741
-0.00127043
0.151964
0.00357899
0.162228
0.00902566
-0.158272
-0.156616
-0.163685
-0.167782
-0.169477
-0.162729
-0.163921
-0.00565681
-0.169926
0.00027612
-0.158035
0.00528879
-0.187817
-0.185466
-0.195758
-0.199969
-0.202486
-0.195991
0.0816445
-0.0637996
0.0895743
-0.0525556
0.0934433
-0.0556555
-0.12099
-0.178207
-0.116964
-0.182409
-0.125719
-0.18844
-0.11631
-0.166449
-0.114278
-0.173714
-0.124088
-0.17597
0.167112
-0.0122917
0.161744
-0.00602215
0.173533
-0.00239556
0.0646106
-0.0825385
0.0741003
-0.0708238
0.0769072
-0.0752242
0.187697
0.068851
0.176829
0.0657027
0.18396
0.0754104
-0.00444502
-0.145935
0.00624776
-0.140527
0.000969655
-0.150498
0.000776035
-0.148127
-0.000988758
-0.149311
-0.000440775
-0.155168
0.198784
0.0865913
0.186562
0.0817313
0.193259
0.0919037
-0.0375264
-0.142837
-0.0266331
-0.14202
-0.037142
-0.149475
-0.0159245
-0.154273
-0.00474444
-0.149016
-0.0107057
-0.159426
0.0332562
0.143576
0.0442348
0.144576
0.0346395
0.137825
-0.146261
-0.143925
-0.150694
-0.148997
-0.151509
-0.151825
-0.0328415
-0.144137
-0.0196838
-0.140146
-0.0291248
-0.149277
0.171325
0.104918
0.16385
0.0972032
0.163331
0.103717
-0.00897018
-0.153808
0.00215323
-0.148052
-0.00319402
-0.1587
0.164286
0.15287
0.158226
0.142257
0.153606
0.148122
0.169465
0.0361343
0.162999
0.0389908
0.172166
0.0450208
-0.187527
-0.114894
-0.197001
-0.125177
-0.197416
-0.116617
0.190711
0.146094
0.181994
0.13446
0.178816
0.142254
-0.164592
-0.104821
-0.171723
-0.113267
-0.172738
-0.105798
0.174791
0.0611217
0.167669
0.0627499
0.176109
0.070201
0.183825
0.0259026
0.175039
0.0286687
0.186314
0.0363981
0.17886
0.111762
0.169515
0.10454
0.171404
0.109152
0.13721
0.00193026
0.134817
0.00316694
0.138664
-7.38355e-05
-0.0328561
0.109963
-0.024892
0.115472
-0.0274789
0.108369
-0.171693
-0.109168
-0.180995
-0.117475
-0.179635
-0.110083
-0.151697
-0.149718
-0.156894
-0.160039
-0.162019
-0.154926
0.161788
0.00219499
0.155564
0.00633667
0.165862
0.0117462
-0.1502
-0.148464
-0.15534
-0.158591
-0.160326
-0.153559
-0.153965
-0.1546
-0.159452
-0.165225
-0.164609
-0.16045
0.000766708
0.152911
0.0120139
0.158015
0.00592224
0.148066
-0.0058598
0.147445
0.00434987
0.15246
-0.000837368
0.142915
-0.157331
-0.17839
-0.16084
-0.189948
-0.169247
-0.188604
-0.153625
-0.155988
-0.158363
-0.166666
-0.164392
-0.162442
-0.0276387
-0.148953
-0.0173487
-0.144909
-0.0237107
-0.154033
-0.146603
-0.149367
-0.150914
-0.159364
-0.156658
-0.154837
-0.19425
-0.0812824
-0.207208
-0.0849784
-0.197265
-0.0738134
0.0796304
-0.0618154
0.0882352
-0.0505962
0.0913924
-0.0540007
-0.187547
-0.0869431
-0.199671
-0.0915951
-0.191813
-0.0851459
0.113383
0.14818
0.114568
0.141121
0.106656
0.141627
-0.149865
-0.153289
-0.154701
-0.163553
-0.160186
-0.159261
-0.149864
-0.153286
-0.1547
-0.163551
-0.160185
-0.159258
0.0630527
0.126557
0.0729346
0.125992
0.0629083
0.12198
0.00102657
-0.12445
-0.000760048
-0.124967
0.000542878
-0.128479
0.00104076
-0.143471
-0.000728655
-0.143913
0.000643086
-0.149213
0.000885417
-0.142504
-0.000884778
-0.143388
8.37891e-07
-0.148647
0.000964851
-0.147062
-0.000802122
-0.147714
0.000336919
-0.153415
0.000911403
-0.140816
-0.000861377
-0.141631
0.000103157
-0.146712
0.000501835
-0.145343
-0.00126554
-0.147311
-0.00157844
-0.152834
0.00108229
-0.144458
-0.000687024
-0.144782
0.000816238
-0.15016
-0.201862
-0.0620722
-0.215561
-0.0636029
-0.202713
-0.0520077
0.000936638
-0.133523
-0.000841289
-0.134278
0.000195372
-0.138645
-0.150607
-0.150637
-0.155762
-0.160878
-0.160859
-0.156021
-0.0132918
-0.154334
-0.00186957
-0.148822
-0.00780398
-0.159425
-0.00709804
-0.147257
0.00366875
-0.141728
-0.0015524
-0.151699
-0.00445616
-0.146552
0.00662665
-0.140772
0.00134959
-0.150882
-0.0074038
-0.147576
0.00360024
-0.141876
-0.00168303
-0.151919
0.15229
0.154846
0.147815
0.149316
0.146943
0.146678
-0.00789241
-0.145088
0.00368443
-0.139393
-0.00220883
-0.149347
-0.00717478
-0.146492
0.00426053
-0.140722
-0.00140148
-0.150802
0.15163
0.205098
0.151094
0.19327
0.140449
0.19241
-0.00485218
-0.142359
0.00642759
-0.136595
0.000924321
-0.146325
-0.0120354
-0.14817
1.70997e-05
-0.142125
-0.0059926
-0.152288
-0.0071209
-0.143052
0.00394676
-0.137629
-0.00170946
-0.147283
-0.00562172
-0.141591
0.00561995
-0.13597
-3.57201e-07
-0.145587
-0.156396
-0.147053
-0.162319
-0.157551
-0.166828
-0.151677
-0.0110755
-0.141693
0.000106042
-0.136328
-0.00573698
-0.145694
0.00424112
-0.136415
0.0149001
-0.130519
0.0101969
-0.1399
-0.00806094
-0.143807
0.00340728
-0.138124
-0.00238434
-0.147907
-0.00415273
-0.141549
0.00726888
-0.135811
0.00158971
-0.145541
-0.00713106
-0.143133
0.00394979
-0.137699
-0.00170956
-0.147364
-0.00323006
-0.141641
0.00779432
-0.135976
0.00245145
-0.145646
-0.00562242
-0.141592
0.00562145
-0.13597
-1.63426e-07
-0.145588
-0.00579276
-0.15318
0.00571883
-0.147144
0.000273568
-0.157993
0.15299
0.1933
0.151229
0.181871
0.142051
0.182183
0.000842349
-0.14327
-0.000928176
-0.144277
-0.000178641
-0.149621
-0.00628021
-0.143921
0.00503749
-0.138208
-0.000561665
-0.14804
-0.0085152
-0.146376
0.00295122
-0.140647
-0.00278884
-0.15066
-0.000936454
-0.141569
0.00956827
-0.135957
0.00471395
-0.145574
-0.000937768
-0.141568
0.00956753
-0.135955
0.00471267
-0.145572
-0.00291174
-0.142993
0.00860207
-0.137087
0.00301107
-0.147038
-0.150905
-0.150264
-0.157463
-0.156264
-0.156955
-0.157773
-0.149185
-0.148976
-0.155924
-0.154854
-0.155079
-0.156025
0.00100639
0.150356
-0.00100594
0.14935
2.22434e-07
0.143991
-0.149105
-0.148885
-0.155826
-0.154753
-0.154989
-0.155932
0.163362
0.00101597
0.155752
1.68154e-05
0.162366
-0.00100455
-0.145545
-0.145433
-0.15198
-0.15094
-0.151061
-0.152035
-0.148281
-0.147803
-0.154699
-0.15355
-0.154064
-0.154931
-0.148281
-0.147803
-0.1547
-0.153551
-0.154065
-0.154931
-0.146294
-0.146151
-0.152783
-0.151733
-0.151887
-0.152852
0.15198
0.00104072
0.145544
0.000112975
0.151061
-0.000973826
0.150359
0.0010064
0.143993
-1.27162e-07
0.149352
-0.00100628
-0.148388
-0.147906
-0.154815
-0.153665
-0.154183
-0.155049
-0.149469
-0.148952
-0.15598
-0.154818
-0.155376
-0.156231
-0.148017
-0.147632
-0.154486
-0.153364
-0.153779
-0.154673
-0.148278
-0.1478
-0.154697
-0.153547
-0.154062
-0.154928
-0.148964
-0.148731
-0.155659
-0.154582
-0.154834
-0.155772
0.00100661
0.150355
-0.00100515
0.14935
2.18143e-07
0.14399
0.152072
0.00103742
0.145622
0.000103152
0.151146
-0.000976155
-0.148278
-0.147801
-0.154697
-0.153548
-0.154063
-0.154929
-0.157119
-0.156848
-0.164675
-0.163584
-0.163876
-0.164807
-0.14944
-0.148922
-0.155947
-0.154786
-0.155344
-0.156198
-0.14643
-0.146294
-0.152939
-0.151891
-0.152038
-0.153005
-0.00144715
-0.14153
0.00961018
-0.135777
0.00433191
-0.145525
-0.00508598
-0.145393
0.00561069
-0.139824
0.000507236
-0.149681
-0.170346
-0.0562253
-0.17945
-0.0563606
-0.170077
-0.0476211
-0.0073005
-0.145503
0.00399139
-0.139824
-0.00161889
-0.149761
-0.00944497
-0.157684
0.00225124
-0.151717
-0.00346387
-0.162922
-0.00481007
-0.145203
0.00614902
-0.13987
0.000508157
-0.149835
0.0471854
0.150352
0.055943
0.150835
0.0480004
0.144228
-0.0125712
-0.152328
-0.000481304
-0.146111
-0.00633868
-0.156658
-0.00250083
-0.146343
0.00868912
-0.140407
0.00347209
-0.150617
-0.149824
-0.149662
-0.156669
-0.155612
-0.155788
-0.156748
-0.150747
-0.151054
-0.15557
-0.161437
-0.161162
-0.156526
0.154036
-0.00658709
0.149239
-0.00115741
0.159495
0.00372158
-0.150207
-0.149888
-0.156964
-0.155861
-0.156205
-0.157119
-0.00999581
-0.145718
0.00116226
-0.140357
-0.00465891
-0.15017
-0.179259
-0.0970788
-0.190549
-0.103091
-0.18484
-0.0958061
-0.147622
-0.147517
-0.154281
-0.153242
-0.153355
-0.154331
-0.144837
-0.144703
-0.151182
-0.150136
-0.15028
-0.151247
0.150358
0.00100612
0.143992
-8.21174e-07
0.149351
-0.0010064
0.00101245
0.144598
-0.000996499
0.143615
2.73647e-05
0.138777
-0.00752461
-0.143328
0.00386257
-0.137682
-0.00188544
-0.147423
-0.00796828
-0.143742
0.00342829
-0.13811
-0.00234426
-0.147873
-0.143993
-0.143992
-0.150357
-0.149351
-0.149351
-0.150357
-0.14407
-0.144069
-0.150443
-0.149436
-0.149437
-0.150443
0.00100649
0.150359
-0.00100676
0.149352
-1.12741e-07
0.143993
-0.145789
-0.145697
-0.152267
-0.151233
-0.151331
-0.152311
-0.146211
-0.146114
-0.152728
-0.151692
-0.151796
-0.152775
0.00100593
0.150357
-0.00100657
0.14935
-1.12507e-06
0.143991
0.150356
0.00100661
0.14399
-1.04756e-07
0.14935
-0.00100604
0.154973
0.00102421
0.148213
5.45012e-05
0.154008
-0.000991414
0.0597228
-0.106664
0.0680431
-0.0966163
0.0703201
-0.103539
-0.160014
-0.167125
-0.164911
-0.178563
-0.171632
-0.17538
-0.147916
-0.147798
-0.154594
-0.153552
-0.15368
-0.154652
0.156472
-0.00519013
0.151378
0.000152035
0.161826
0.00527885
-0.158032
-0.151771
-0.163231
-0.162743
-0.169022
-0.157333
-0.148052
-0.14789
-0.154709
-0.153654
-0.153828
-0.154788
-0.160757
-0.160224
-0.168504
-0.167333
-0.16791
-0.168763
0.18782
0.159689
0.181092
0.146739
0.174795
0.154157
0.150607
-0.00443517
0.146716
0.00138533
0.156505
0.00571593
0.193295
0.101309
0.181712
0.0949076
0.186447
0.101931
-0.147553
-0.146052
-0.152362
-0.155989
-0.157485
-0.150784
-0.0496429
-0.14731
-0.0392524
-0.146128
-0.0488462
-0.153868
-0.102368
-0.144059
-0.0974423
-0.148813
-0.107603
-0.151251
-0.185461
-0.0749467
-0.197468
-0.0789001
-0.188754
-0.067834
0.055797
-0.105122
0.0637056
-0.0960349
0.0653552
-0.102897
-0.181509
-0.070189
-0.193089
-0.074812
-0.18569
-0.0674683
0.152344
-0.00293181
0.147538
0.00215155
0.157422
0.00734352
0.0301197
-0.12653
0.038818
-0.119397
0.0375292
-0.128169
0.00122083
-0.141282
-0.000551163
-0.141219
0.00137802
-0.146187
-0.00562367
-0.142358
0.00562303
-0.136735
-1.1088e-06
-0.146434
-0.114535
-0.140513
-0.112055
-0.146695
-0.121103
-0.147196
-0.0176046
-0.161253
-0.00572494
-0.155676
-0.0120689
-0.166934
0.200439
0.157827
0.191109
0.144756
0.187127
0.152822
-0.00915603
-0.147103
0.000997201
-0.142286
-0.00436623
-0.152024
0.00700834
-0.139047
0.0166204
-0.132897
0.0132947
-0.142256
-0.149666
-0.139782
-0.152552
-0.147862
-0.157933
-0.146312
-0.15646
-0.15492
-0.162233
-0.165851
-0.167381
-0.160505
0.00558228
-0.143603
0.0176917
-0.137138
0.0120958
-0.147721
0.151015
-0.00849661
0.146438
-0.00325561
0.156308
0.000951851
0.0117927
-0.14062
0.0267723
-0.131377
0.0212418
-0.142524
0.201284
0.0932175
0.189066
0.0889231
0.196457
0.0971442
-0.00796138
-0.145651
0.00344476
-0.139738
-0.00202891
-0.149661
-0.00264949
-0.145567
0.00862839
-0.139452
0.00351633
-0.149572
-0.00342423
-0.145584
0.0077928
-0.139523
0.00268397
-0.149592
-0.00796832
-0.145654
0.00343745
-0.139742
-0.00203565
-0.149663
-0.011509
-0.149339
-0.000601716
-0.144404
-0.00662975
-0.154473
0.111253
0.135997
0.1146
0.129246
0.104876
0.130475
0.137792
0.144146
0.134431
0.136132
0.129881
0.138489
0.0247388
-0.150157
0.0372405
-0.140794
0.0344688
-0.152759
-0.176085
-0.122349
-0.184767
-0.13191
-0.185395
-0.125424
0.000572958
-0.141435
-0.00119789
-0.143206
-0.00128798
-0.148351
-0.000581794
-0.14533
0.0102941
-0.139311
0.00550031
-0.149395
0.000752471
-0.141535
0.0113148
-0.135827
0.00650453
-0.145536
0.0648461
-0.062994
0.0722374
-0.0534056
0.0748472
-0.0562025
0.0020967
-0.146649
0.0127033
-0.140491
0.00834606
-0.150741
0.000854302
-0.152331
0.012667
-0.14572
0.00754178
-0.156867
0.00136071
-0.146261
0.0123019
-0.140355
0.00731318
-0.150687
0.00382255
-0.145153
0.0147588
-0.138901
0.0101588
-0.149197
-0.00239106
-0.145705
0.00843168
-0.139718
0.0036576
-0.149728
-0.0032485
-0.146753
0.00764245
-0.140754
0.00280789
-0.150848
-0.00522546
-0.145002
0.00551836
-0.139554
0.000230559
-0.149399
0.00730892
-0.137763
0.0175389
-0.132051
0.0130841
-0.141609
-0.00226927
-0.142885
0.0077962
-0.137437
0.00322136
-0.146996
0.00355261
-0.145095
0.0141223
-0.139047
0.00968119
-0.149229
-0.145272
-0.00485222
-0.15013
-0.000244711
-0.140669
0.00422965
-0.0111717
-0.14426
-0.00127868
-0.139936
-0.00690959
-0.149241
-0.00269817
-0.143034
0.0081907
-0.137317
0.00304633
-0.147108
-0.167218
-0.0303273
-0.175099
-0.0277379
-0.164431
-0.0209853
-0.00907699
-0.147521
0.00118694
-0.142112
-0.00364123
-0.151852
-0.0185283
-0.152992
-0.00710765
-0.147743
-0.0133326
-0.157962
-0.131913
-0.140959
-0.13413
-0.14929
-0.140402
-0.146579
0.0199091
-0.130055
0.0339042
-0.122085
0.0280118
-0.132433
0.159124
-0.00328457
0.1536
0.00164829
0.164056
0.0065797
-0.000277361
-0.140135
0.0111048
-0.134339
0.0055309
-0.144105
-0.00673584
-0.144516
0.00450186
-0.13876
-0.000966495
-0.1486
-0.00673322
-0.144514
0.00450492
-0.138758
-0.000964168
-0.148598
0.149238
0.027341
0.143872
0.029775
0.151504
0.0356841
0.121616
0.136844
0.121583
0.129809
0.114811
0.13139
-0.00488627
-0.151047
0.00667967
-0.145428
0.000715566
-0.156164
0.000149568
-0.113335
-0.00164595
-0.116339
-0.00302327
-0.11867
-0.00358764
-0.150968
0.00704336
-0.145424
0.00198187
-0.155932
0.144838
0.00781766
0.139842
0.0105671
0.147562
0.014002
0.00173318
-0.116957
-5.92348e-05
-0.115496
0.00338639
-0.117712
-0.0169078
-0.156977
-0.00588179
-0.151801
-0.0117703
-0.162405
-0.00950687
-0.147008
-0.00015804
-0.142714
-0.00525128
-0.152225
-0.0154683
-0.144562
-0.00531287
-0.140305
-0.0112958
-0.149517
-0.155428
-0.164874
-0.161229
-0.175145
-0.165831
-0.173427
-0.00555947
-0.145364
0.00522661
-0.139897
-8.38617e-05
-0.149774
-0.013321
-0.148745
-0.00264627
-0.143637
-0.00823886
-0.153465
-0.00452174
-0.155713
0.00679908
-0.149521
0.00172879
-0.160626
-0.188107
-0.106398
-0.200519
-0.112782
-0.193792
-0.101549
0.170736
0.163849
0.164249
0.152827
0.15974
0.156982
-0.00471737
-0.138779
0.00582422
-0.133232
0.000857817
-0.142402
0.00104702
-0.117217
-0.000745732
-0.11769
0.000609009
-0.120584
0.0567205
-0.117979
0.0658238
-0.108869
0.0662981
-0.117912
0.00980727
-0.139166
0.0202927
-0.132879
0.0162058
-0.142716
-0.158536
-0.0182278
-0.164873
-0.0142607
-0.154489
-0.00858327
0.0125507
-0.128907
0.0220765
-0.12269
0.0189123
-0.131308
0.000118181
-0.125106
-0.00166711
-0.128185
-0.00315524
-0.131485
0.0188353
-0.136711
0.0285642
-0.130032
0.025705
-0.139761
-0.0176839
-0.149771
-0.00651291
-0.145264
-0.0132921
-0.155167
-0.0565706
-0.172142
-0.0464342
-0.171554
-0.0564568
-0.181434
0.143762
0.187197
0.143557
0.176833
0.133923
0.1766
-0.143891
-0.146119
-0.148207
-0.155805
-0.153608
-0.151062
0.0363509
-0.133214
0.0520247
-0.120939
0.0491603
-0.132155
0.0521196
-0.110205
0.0607017
-0.100612
0.0622119
-0.107813
0.186851
0.0250656
0.177599
0.0274057
0.188961
0.0341583
0.0101681
-0.145348
0.023677
-0.137234
0.0184423
-0.148486
-0.173548
-0.0371777
-0.182942
-0.0359358
-0.171951
-0.0274221
0.0584787
-0.107986
0.0658123
-0.0990582
0.067888
-0.106146
-0.00520718
-0.149828
0.00733035
-0.14382
0.000773367
-0.154668
0.168977
-0.0147998
0.163184
-0.00864315
0.175282
-0.00510694
-0.135028
-0.149833
-0.1366
-0.158329
-0.143781
-0.15693
-0.113188
-0.142753
-0.108831
-0.148048
-0.118955
-0.149811
-0.163859
-0.12081
-0.170468
-0.13009
-0.172945
-0.123498
-0.000737361
-0.142778
0.0100101
-0.136616
0.00550775
-0.146356
0.177907
0.0556611
0.168404
0.0543914
0.176139
0.0636062
-0.063375
-0.141064
-0.0559015
-0.143286
-0.0660652
-0.147937
-0.0245477
-0.119424
-0.0120152
-0.114776
-0.0200545
-0.122013
-0.140898
-0.178395
-0.140587
-0.187985
-0.151052
-0.189293
0.126684
-0.043071
0.126435
-0.0353602
0.134781
-0.0358435
0.11772
-0.0294572
0.118438
-0.0229554
0.124524
-0.0237816
-0.169861
-0.103112
-0.179216
-0.110243
-0.176752
-0.105306
-0.0315824
0.13732
-0.018519
0.147855
-0.0214406
0.137455
0.0111672
-0.145318
0.0214722
-0.138817
0.0178125
-0.149274
0.0265158
-0.0995806
0.0362232
-0.0923662
0.033947
-0.0988878
-0.163044
-0.054955
-0.170596
-0.0540746
-0.161882
-0.0468461
-0.15066
-0.162282
-0.151649
-0.172939
-0.161696
-0.170436
-0.187985
-0.0930099
-0.19992
-0.0974954
-0.192058
-0.0905296
-0.16007
-0.149816
-0.166491
-0.160631
-0.170806
-0.154719
-0.152601
-0.14843
-0.158581
-0.158386
-0.162518
-0.153627
-0.00956016
0.145953
0.000572525
0.151437
-0.00411456
0.141832
-0.00635032
0.143109
0.00441818
0.148462
-0.000993888
0.139148
-0.120578
-0.141178
-0.11963
-0.14628
-0.125983
-0.148041
0.155648
0.00163758
0.150041
0.0050688
0.159107
0.00807852
0.165019
0.0176753
0.157797
0.020162
0.1673
0.0267425
0.17827
-0.00428018
0.170844
0.000917517
0.183468
0.00616596
0.174591
0.0499943
0.16753
0.0512559
0.175728
0.0557871
-0.161648
-0.163712
-0.167447
-0.175335
-0.173344
-0.170863
-0.148682
-0.150315
-0.15341
-0.160539
-0.158935
-0.155625
-0.151021
-0.148531
-0.155903
-0.158834
-0.161334
-0.153647
-0.151026
-0.14853
-0.15591
-0.158833
-0.161341
-0.153646
-0.147885
-0.150246
-0.152501
-0.160434
-0.158109
-0.155547
0.163235
0.00160249
0.157636
0.00668021
0.168314
0.0117559
-0.013125
0.137072
-0.00327085
0.142981
-0.00730503
0.134058
-0.150561
-0.150234
-0.155454
-0.160438
-0.1608
-0.155791
0.131889
-0.0158894
0.131413
-0.00812441
0.1399
-0.00544236
-0.11497
0.00220271
-0.11339
0.00527149
-0.112194
0.000407749
0.11519
0.128953
0.11433
0.122762
0.109154
0.12416
0.164082
-0.00230339
0.157939
0.00249742
0.168859
0.00774955
-0.135854
-0.14637
-0.138938
-0.155424
-0.14503
-0.151972
0.174643
0.155813
0.166889
0.145174
0.163897
0.150325
-0.123964
-0.135384
-0.124437
-0.143075
-0.13187
-0.140691
-0.144539
-0.143931
-0.148799
-0.153508
-0.154146
-0.148808
-0.16753
-0.118282
-0.174582
-0.126588
-0.175731
-0.122268
0.148174
-0.0105893
0.144321
-0.00465329
0.1542
-0.000437044
-0.151564
-0.154081
-0.155548
-0.16436
-0.161982
-0.160799
0.196613
0.0800112
0.184761
0.074288
0.190348
0.0825588
-0.150942
-0.163405
-0.154194
-0.173822
-0.161617
-0.171678
-0.142332
-0.150043
-0.146081
-0.1598
-0.152184
-0.155727
0.130594
0.0102489
0.130341
0.0160338
0.136547
0.0179819
-0.149129
-0.147658
-0.153796
-0.157771
-0.159265
-0.152779
-0.152835
-0.151408
-0.157932
-0.161916
-0.163363
-0.156897
-0.144401
-0.145152
-0.148308
-0.154767
-0.154079
-0.150385
-0.148282
-0.154052
-0.152606
-0.164242
-0.158571
-0.160348
-0.151018
-0.152243
-0.15575
-0.162586
-0.161419
-0.158129
-0.139503
-0.142596
-0.141387
-0.151382
-0.148485
-0.148618
0.0778991
-0.0849764
0.0862693
-0.0757113
0.0876529
-0.0823526
-0.152442
-0.156063
-0.156525
-0.166674
-0.163189
-0.162754
-0.126272
-0.133061
-0.126762
-0.139723
-0.133163
-0.13892
0.18723
0.106377
0.176588
0.101386
0.181827
0.108013
-0.120067
-0.144724
-0.11711
-0.15031
-0.126082
-0.151989
-0.0198579
-0.154061
-0.00690493
-0.1475
-0.0132993
-0.158066
0.171647
0.0344739
0.165278
0.0370429
0.174164
0.0411721
0.0162251
-0.105027
0.0284298
-0.0954456
0.0261117
-0.102071
-0.0281238
-0.102837
-0.0152565
-0.0978488
-0.0232753
-0.103906
-0.163331
-0.109148
-0.17167
-0.116406
-0.170407
-0.112022
-0.0619015
0.080858
-0.0532092
0.0908131
-0.0523808
0.0853651
0.00926696
-0.122825
0.0202278
-0.115783
0.0164618
-0.12401
-0.0489793
-0.133872
-0.0392844
-0.134023
-0.0495541
-0.139794
-0.125866
-0.131774
-0.129143
-0.139014
-0.133166
-0.136457
-0.120008
-0.166865
-0.118142
-0.174517
-0.128179
-0.176382
-0.088096
-0.1259
-0.080831
-0.12883
-0.0914728
-0.13134
-0.135952
-0.164218
-0.13661
-0.173233
-0.145369
-0.173131
0.00448731
-0.113924
0.0141163
-0.107737
0.0107939
-0.114643
0.00921442
-0.121697
0.0181426
-0.116719
0.0142443
-0.124504
0.00181646
-0.114349
0.0121026
-0.108461
0.0077719
-0.115611
-0.00353805
-0.147957
0.00737152
-0.141731
0.00276806
-0.151893
0.00145966
-0.141166
0.012243
-0.135026
0.00767933
-0.144743
-0.161025
-0.03516
-0.169427
-0.034946
-0.160536
-0.0283856
0.0429865
0.15216
0.0526038
0.151317
0.0426095
0.145159
0.143531
-0.00389862
0.139077
0.000344051
0.147775
0.00457188
-0.031254
-0.125681
-0.0198571
-0.122397
-0.0281936
-0.129499
-0.000434538
0.126673
0.00917608
0.13235
0.00517756
0.124972
-0.102655
-0.126332
-0.0994615
-0.130694
-0.107339
-0.131823
-0.10069
0.0439763
-0.0957346
0.0541656
-0.0909769
0.0518615
0.020304
-0.097026
0.0313665
-0.0885914
0.0289896
-0.0947565
0.129767
0.17482
0.129695
0.165585
0.12096
0.165784
0.00114544
-0.11897
-0.000646086
-0.119162
0.00101061
-0.122151
0.0229553
-0.124635
0.0361621
-0.114608
0.0333448
-0.123743
0.169783
0.0426413
0.161369
0.0423214
0.169183
0.0484154
0.0344886
0.155744
0.0447492
0.156589
0.0357141
0.148935
0.180884
0.0436296
0.171125
0.0428921
0.179791
0.0498309
0.000890492
-0.110564
-0.000907947
-0.111487
-3.52175e-05
-0.1139
0.16144
0.118356
0.155729
0.110256
0.153215
0.115443
0.145007
0.166767
0.142075
0.156792
0.135262
0.15917
-0.00144298
-0.134276
0.00723498
-0.129749
0.00310185
-0.138171
-0.0610807
-0.141833
-0.0536785
-0.141093
-0.060606
-0.147419
-0.0270894
-0.106609
-0.0137069
-0.102066
-0.0227344
-0.108446
0.207658
0.0946773
0.194527
0.0897039
0.202148
0.0976895
0.0335857
-0.11586
0.0424094
-0.109401
0.0402476
-0.117575
-0.0350315
-0.119494
-0.0237552
-0.116049
-0.0317905
-0.122564
0.0135115
-0.0828446
0.0236934
-0.0759923
0.0205024
-0.0810653
0.0955914
-0.0347979
0.0998585
-0.0264024
0.104349
-0.0274039
0.000902681
-0.101091
-0.000903469
-0.101995
-1.3421e-06
-0.103707
0.158686
0.147809
0.153424
0.138428
0.149331
0.142167
0.0323599
-0.105577
0.0393498
-0.0998852
0.0382438
-0.106527
0.0167477
-0.0948501
0.0286653
-0.0871802
0.0245811
-0.0936829
-0.147834
-0.152519
-0.151496
-0.162541
-0.157997
-0.159005
-0.142615
-0.0393496
-0.14765
-0.0372022
-0.140328
-0.0317546
-0.110459
-0.139705
-0.108538
-0.145248
-0.116346
-0.146412
-0.0310147
-0.115993
-0.0202584
-0.112959
-0.0281847
-0.11915
-0.0955327
0.0505638
-0.0902198
0.0598254
-0.0867176
0.0563117
0.000783842
-0.105169
-0.0010194
-0.106402
-0.000472315
-0.108416
-0.120724
-0.148689
-0.117957
-0.154521
-0.126996
-0.156367
-0.175335
-0.0707712
-0.18593
-0.0739387
-0.178017
-0.0651531
0.0426527
-0.0616547
0.0515193
-0.0546864
0.0498347
-0.0589356
0.000146235
0.122023
0.0106562
0.127269
0.0053991
0.120024
-0.0392384
0.0994272
-0.0318319
0.10607
-0.0328259
0.0998152
0.118311
-0.0357667
0.120992
-0.0275858
0.126921
-0.0293106
-0.123492
-0.144391
-0.123923
-0.152085
-0.131461
-0.15089
0.0266922
-0.103944
0.0337706
-0.0984825
0.0323178
-0.104802
-0.0052595
0.122965
0.00528638
0.128274
4.63664e-05
0.12073
0.00949993
-0.0917924
0.0176653
-0.0869957
0.014357
-0.0922207
-0.0387386
-0.136365
-0.031949
-0.135164
-0.0377247
-0.141712
-0.142168
-0.0145561
-0.146258
-0.0107091
-0.138367
-0.00776268
0.0428223
-0.10117
0.0513049
-0.0950475
0.0491321
-0.102262
-0.153016
-0.125771
-0.158732
-0.134149
-0.161328
-0.129817
-0.168053
-0.125107
-0.175721
-0.134436
-0.177192
-0.128442
-0.171738
-0.0590656
-0.181387
-0.0603504
-0.172652
-0.0528129
0.095749
0.149979
0.0993789
0.145027
0.0912019
0.142901
0.160892
0.0520635
0.154005
0.0523084
0.160907
0.0579642
0.172378
0.0460562
0.163319
0.0447007
0.1707
0.0509407
0.0165115
0.130642
0.0268941
0.133608
0.0196667
0.126682
0.103017
0.147738
0.105824
0.142681
0.0983288
0.140866
-0.00527861
0.111285
0.00530366
0.116608
4.17442e-05
0.109919
0.16448
0.0340313
0.156287
0.0335683
0.163735
0.0394491
0.189748
0.075393
0.178756
0.0718556
0.185871
0.0775337
-0.0933495
-0.119986
-0.0919292
-0.124704
-0.0982892
-0.124646
-0.141729
-0.0101463
-0.145677
-0.00592984
-0.137578
-0.00311973
-0.185566
-0.0973829
-0.197628
-0.103195
-0.19093
-0.0958661
-0.118739
-0.163024
-0.118257
-0.170995
-0.127131
-0.171756
0.0189013
0.123813
0.0313202
0.129396
0.0245713
0.12231
-0.13741
-0.0181389
-0.142546
-0.0160629
-0.135269
-0.0122963
-0.0318315
-0.120231
-0.0258756
-0.119338
-0.0310981
-0.124548
-0.0361865
0.095782
-0.0279534
0.103665
-0.028589
0.0979347
-0.160401
-0.050585
-0.168676
-0.0509829
-0.160448
-0.0431411
-0.025989
0.107669
-0.0163787
0.113427
-0.0203207
0.106409
-0.127813
-0.129417
-0.130408
-0.136948
-0.135423
-0.133827
0.0164279
0.130993
0.0261096
0.133613
0.0192327
0.126837
0.00112995
0.114941
0.010436
0.119002
0.00523792
0.11265
0.0734372
-0.0677453
0.0798601
-0.0592907
0.0822967
-0.0633209
0.0171329
0.133697
0.0268756
0.136489
0.0201017
0.12947
0.153583
0.146896
0.148212
0.138381
0.145108
0.140869
0.0463804
-0.0824975
0.0528928
-0.0755194
0.0536445
-0.0801157
-0.143682
-0.000740296
-0.148253
0.00346633
-0.139558
0.00586976
-0.122623
-0.136336
-0.123491
-0.143862
-0.130351
-0.141779
0.125538
0.137944
0.123435
0.130511
0.118229
0.132958
0.00639016
0.130083
0.0185303
0.133628
0.0101456
0.126098
-0.0374746
-0.123842
-0.0297465
-0.121696
-0.0354807
-0.127578
0.129796
0.134795
0.126
0.127993
0.123038
0.129892
0.0051122
0.106849
0.0146915
0.11111
0.00941947
0.105361
-0.118256
-0.130241
-0.119474
-0.13631
-0.1245
-0.135833
-0.00534668
0.109345
0.0045774
0.114496
-0.000208577
0.108093
-0.0585469
0.0585049
-0.0489991
0.066472
-0.0508464
0.0616675
-0.0350243
0.0727655
-0.0232324
0.0807032
-0.0272624
0.0751778
-0.0173618
0.100489
-0.00892666
0.105644
-0.0122811
0.0997583
-0.00661796
0.107139
0.00199847
0.112087
-0.0017164
0.106103
-0.0475836
0.0915253
-0.0405024
0.0990218
-0.0403843
0.0933584
0.0283369
-0.0957639
0.0360027
-0.090212
0.0340386
-0.0961584
0.115492
0.122365
0.113932
0.116784
0.110019
0.117939
-0.12273
-0.126806
-0.126206
-0.133256
-0.129228
-0.131496
0.119
0.148908
0.117972
0.14243
0.112752
0.142044
0.126946
0.00182525
0.122795
0.00380941
0.128907
0.00639931
-0.116186
-0.16055
-0.109718
-0.164294
-0.120526
-0.169096
