t              pw-in-box.fdtd_after_Ex_3_3_5.dat       incid
   0.00000000000000000E+000   0.000000000E+000   0.000000000E+000
   0.15406663791961428E-010   0.000000000E+000   0.000000000E+000
   0.30813327583922856E-010   0.000000000E+000   0.000000000E+000
   0.46219991375884284E-010   0.000000000E+000   0.000000000E+000
   0.61626655167845712E-010   0.000000000E+000   0.000000000E+000
   0.77033318959807140E-010   0.000000000E+000   0.000000000E+000
   0.92439982751768568E-010   0.000000000E+000   0.000000000E+000
   0.10784664654373000E-009   0.000000000E+000   0.000000000E+000
   0.12325331033569142E-009   0.000000000E+000   0.000000000E+000
   0.13865997412765285E-009   0.000000000E+000   0.000000000E+000
   0.15406663791961428E-009   0.000000000E+000   0.000000000E+000
   0.16947330171157571E-009   0.000000000E+000   0.000000000E+000
   0.18487996550353714E-009   0.000000000E+000   0.000000000E+000
   0.20028662929549856E-009   0.000000000E+000   0.000000000E+000
   0.21569329308745999E-009   0.000000000E+000   0.000000000E+000
   0.23109995687942142E-009   0.000000000E+000   0.000000000E+000
   0.24650662067138285E-009   0.000000000E+000   0.000000000E+000
   0.26191328446334428E-009   0.000000000E+000   0.213034907E-037
   0.27731994825530570E-009   0.000000000E+000   0.975923666E-037
   0.29272661204726713E-009   0.387174542E-035   0.448955670E-036
   0.30813327583922856E-009   0.229082727E-034   0.202496910E-035
   0.32353993963118999E-009   0.953370631E-034   0.895810782E-035
   0.33894660342315142E-009   0.389355642E-033   0.390972205E-034
   0.35435326721511284E-009   0.123790300E-032   0.168332306E-033
   0.36975993100707427E-009   0.468118364E-032   0.714956465E-033
   0.38516659479903570E-009   0.187447885E-031   0.299585535E-032
   0.40057325859099713E-009   0.738647031E-031   0.123837918E-031
   0.41597992238295856E-009   0.285079785E-030   0.504984203E-031
   0.43138658617491998E-009   0.108345427E-029   0.203156998E-030
   0.44679324996688141E-009   0.406222335E-029   0.806261419E-030
   0.46219991375884284E-009   0.150258466E-028   0.315656119E-029
   0.47760657755080427E-009   0.548232449E-028   0.121921085E-028
   0.49301324134276570E-009   0.197306359E-027   0.464556421E-028
   0.50841990513472712E-009   0.700434047E-027   0.174617905E-027
   0.52382656892668855E-009   0.245258820E-026   0.647539247E-027
   0.53923323271864998E-009   0.847078147E-026   0.236883047E-026
   0.55463989651061141E-009   0.288577306E-025   0.854864758E-026
   0.57004656030257284E-009   0.969665360E-025   0.304359177E-025
   0.58545322409453426E-009   0.321374266E-024   0.106897789E-024
   0.60085988788649569E-009   0.105057646E-023   0.370376358E-024
   0.61626655167845712E-009   0.338730049E-023   0.126602995E-023
   0.63167321547041855E-009   0.107719588E-022   0.426912313E-023
   0.64707987926237998E-009   0.337871650E-022   0.142014243E-022
   0.66248654305434140E-009   0.104520530E-021   0.466062715E-022
   0.67789320684630283E-009   0.318900568E-021   0.150886221E-021
   0.69329987063826426E-009   0.959639673E-021   0.481894604E-021
   0.70870653443022569E-009   0.284799537E-020   0.151836534E-020
   0.72411319822218712E-009   0.833592232E-020   0.471949716E-020
   0.73951986201414854E-009   0.240630831E-019   0.144714214E-019
   0.75492652580610997E-009   0.685034794E-019   0.437769442E-019
   0.77033318959807140E-009   0.192327118E-018   0.130640331E-018
   0.78573985339003283E-009   0.532513649E-018   0.384596850E-018
   0.80114651718199426E-009   0.145398789E-017   0.111700081E-017
   0.81655318097395568E-009   0.391501854E-017   0.320036386E-017
   0.83195984476591711E-009   0.103956403E-016   0.904566998E-017
   0.84736650855787854E-009   0.272199001E-016   0.252232068E-016
   0.86277317234983997E-009   0.702816059E-016   0.693836054E-016
   0.87817983614180140E-009   0.178941745E-015   0.188283023E-015
   0.89358649993376282E-009   0.449234776E-015   0.504058666E-015
   0.90899316372572425E-009   0.111206109E-014   0.133122049E-014
   0.92439982751768568E-009   0.271438315E-014   0.346830452E-014
   0.93980649130964711E-009   0.653237992E-014   0.891454235E-014
   0.95521315510160854E-009   0.155000236E-013   0.226037450E-013
   0.97061981889356996E-009   0.362615753E-013   0.565409841E-013
   0.98602648268553139E-009   0.836349355E-013   0.139527089E-012
   0.10014331464774928E-008   0.190176379E-012   0.339666094E-012
   0.10168398102694542E-008   0.426322091E-012   0.815727477E-012
   0.10322464740614157E-008   0.942109238E-012   0.193264545E-011
   0.10476531378533771E-008   0.205229020E-011   0.451708462E-011
   0.10630598016453385E-008   0.440703030E-011   0.104150508E-010
   0.10784664654373000E-008   0.932804181E-011   0.236908375E-010
   0.10938731292292614E-008   0.194608912E-010   0.531620130E-010
   0.11092797930212228E-008   0.400172395E-010   0.117684681E-009
   0.11246864568131842E-008   0.810975176E-010   0.257010524E-009
   0.11400931206051457E-008   0.161971991E-009   0.553709134E-009
   0.11554997843971071E-008   0.318801679E-009   0.117682819E-008
   0.11709064481890685E-008   0.618312956E-009   0.246749310E-008
   0.11863131119810300E-008   0.118162724E-008   0.510386444E-008
   0.12017197757729914E-008   0.222498509E-008   0.104145625E-007
   0.12171264395649528E-008   0.412764889E-008   0.209650519E-007
   0.12325331033569142E-008   0.754366170E-008   0.416343262E-007
   0.12479397671488757E-008   0.135810510E-007   0.815662560E-007
   0.12633464309408371E-008   0.240824285E-007   0.157643257E-006
   0.12787530947327985E-008   0.420594937E-007   0.300569837E-006
   0.12941597585247600E-008   0.723405122E-007   0.565346795E-006
   0.13095664223167214E-008   0.122514024E-006   0.104904439E-005
   0.13249730861086828E-008   0.204285129E-006   0.192032257E-005
   0.13403797499006442E-008   0.335342122E-006   0.346780485E-005
   0.13557864136926057E-008   0.541817485E-006   0.617796832E-005
   0.13711930774845671E-008   0.861569106E-006   0.108577142E-004
   0.13865997412765285E-008   0.134814195E-005   0.188249323E-004
   0.14020064050684899E-008   0.207530775E-005   0.321985644E-004
   0.14174130688604514E-008   0.314237195E-005   0.543304413E-004
   0.14328197326524128E-008   0.467902919E-005   0.904379776E-004
   0.14482263964443742E-008   0.684926272E-005   0.148513514E-003
   0.14636330602363357E-008   0.985390398E-005   0.240593246E-003
   0.14790397240282971E-008   0.139289186E-004   0.384506508E-003
   0.14944463878202585E-008   0.193369251E-004   0.606218993E-003
   0.15098530516122199E-008   0.263523361E-004   0.942886458E-003
   0.15252597154041814E-008   0.352397656E-004   0.144674617E-002
   0.15406663791961428E-008   0.462113312E-004   0.218993751E-002
   0.15560730429881042E-008   0.593823643E-004   0.327019766E-002
   0.15714797067800657E-008   0.747166196E-004   0.481748860E-002
   0.15868863705720271E-008   0.919416270E-004   0.700117741E-002
   0.16022930343639885E-008   0.110502166E-003   0.100375302E-001
   0.16176996981559499E-008   0.129507316E-003   0.141966175E-001
   0.16331063619479114E-008   0.147679675E-003   0.198083166E-001
   0.16485130257398728E-008   0.163385819E-003   0.272655692E-001
   0.16639196895318342E-008   0.174666537E-003   0.370241590E-001
   0.16793263533237957E-008   0.179283641E-003   0.495976545E-001
   0.16947330171157571E-008   0.175012450E-003   0.655451491E-001
   0.17101396809077185E-008   0.159919960E-003   0.854522958E-001
   0.17255463446996799E-008   0.132450456E-003   0.109903596E+000
   0.17409530084916414E-008   0.917351572E-004   0.139445230E+000
   0.17563596722836028E-008   0.379074772E-004   0.174542040E+000
   0.17717663360755642E-008  -0.275790298E-004   0.215526059E+000
   0.17871729998675256E-008  -0.101779071E-003   0.262545109E+000
   0.18025796636594871E-008  -0.180526404E-003   0.315509260E+000
   0.18179863274514485E-008  -0.258758460E-003   0.374045789E+000
   0.18333929912434099E-008  -0.330793322E-003   0.437462986E+000
   0.18487996550353714E-008  -0.390353031E-003   0.504733264E+000
   0.18642063188273328E-008  -0.431769906E-003   0.574495316E+000
   0.18796129826192942E-008  -0.450514402E-003   0.645082831E+000
   0.18950196464112556E-008  -0.443937723E-003   0.714576304E+000
   0.19104263102032171E-008  -0.411378307E-003   0.780882835E+000
   0.19258329739951785E-008  -0.354876625E-003   0.841836333E+000
   0.19412396377871399E-008  -0.278285879E-003   0.895308733E+000
   0.19566463015791014E-008  -0.187471422E-003   0.939339638E+000
   0.19720529653710628E-008  -0.893156539E-004   0.972245932E+000
   0.19874596291630242E-008   0.839264976E-005   0.992736697E+000
   0.20028662929549856E-008   0.977957534E-004   0.999990821E+000
   0.20182729567469471E-008   0.172310858E-003   0.993715703E+000
   0.20336796205389085E-008   0.227076220E-003   0.974164963E+000
   0.20490862843308699E-008   0.259861990E-003   0.942121208E+000
   0.20644929481228314E-008   0.270023185E-003   0.898846030E+000
   0.20798996119147928E-008   0.259321503E-003   0.845995426E+000
   0.20953062757067542E-008   0.231763974E-003   0.785515368E+000
   0.21107129394987156E-008   0.191953281E-003   0.719524503E+000
   0.21261196032906771E-008   0.145313476E-003   0.650191545E+000
   0.21415262670826385E-008   0.965262734E-004   0.579615176E+000
   0.21569329308745999E-008   0.507446857E-004   0.509733319E+000
   0.21723395946665613E-008   0.118636090E-004   0.442232221E+000
   0.21877462584585228E-008  -0.175272435E-004   0.378496528E+000
   0.22031529222504842E-008  -0.371703427E-004   0.319578499E+000
   0.22185595860424456E-008  -0.475082561E-004   0.266193360E+000
   0.22339662498344071E-008  -0.495654604E-004   0.218736455E+000
   0.22493729136263685E-008  -0.447937236E-004   0.177316532E+000
   0.22647795774183299E-008  -0.351757953E-004   0.141802087E+000
   0.22801862412102913E-008  -0.231024860E-004   0.111871019E+000
   0.22955929050022528E-008  -0.104221326E-004   0.870682150E-001
   0.23109995687942142E-008   0.142839508E-005   0.668501332E-001
   0.23264062325861756E-008   0.115935536E-004   0.506352447E-001
   0.23418128963781371E-008   0.194337863E-004   0.378358923E-001
   0.23572195601700985E-008   0.246172003E-004   0.278907642E-001
   0.23726262239620599E-008   0.272047637E-004   0.202825144E-001
   0.23880328877540213E-008   0.277171057E-004   0.145508060E-001
   0.24034395515459828E-008   0.267488740E-004   0.102981189E-001
   0.24188462153379442E-008   0.246717300E-004   0.719001191E-002
   0.24342528791299056E-008   0.217870765E-004   0.495233061E-002
   0.24496595429218671E-008   0.184991713E-004   0.336502329E-002
   0.24650662067138285E-008   0.152243047E-004   0.225567794E-002
   0.24804728705057899E-008   0.122047832E-004   0.149164186E-002
   0.24958795342977513E-008   0.953305698E-005   0.973100192E-003
   0.25112861980897128E-008   0.724738084E-005   0.626262801E-003
   0.25266928618816742E-008   0.536875814E-005   0.397611584E-003
   0.25420995256736356E-008   0.388428725E-005   0.249038887E-003
   0.25575061894655970E-008   0.273029764E-005   0.153877729E-003
   0.25729128532575585E-008   0.182378233E-005   0.937980367E-004
   0.25883195170495199E-008   0.113450778E-005   0.564037400E-004
   0.26037261808414813E-008   0.678161257E-006   0.334607284E-004
   0.26191328446334428E-008   0.412811772E-006   0.195821031E-004
   0.26345395084254042E-008   0.224543285E-006   0.113055630E-004
   0.26499461722173656E-008   0.468242547E-007   0.643910607E-005
   0.26653528360093270E-008  -0.921330638E-007   0.361797174E-005
   0.26807594998012885E-008  -0.162002152E-006   0.200544309E-005
   0.26961661635932499E-008  -0.187950917E-006   0.109661994E-005
   0.27115728273852113E-008  -0.203650643E-006   0.591578043E-006
   0.27269794911771728E-008  -0.213084036E-006   0.314819516E-006
   0.27423861549691342E-008  -0.211388368E-006   0.165282913E-006
   0.27577928187610956E-008  -0.209687272E-006   0.856028564E-007
   0.27731994825530570E-008  -0.227504813E-006   0.437379164E-007
   0.27886061463450185E-008  -0.260762448E-006   0.220459437E-007
   0.28040128101369799E-008  -0.271566620E-006   0.109625082E-007
   0.28194194739289413E-008  -0.239049399E-006   0.537758904E-008
   0.28348261377209028E-008  -0.202849890E-006   0.260237965E-008
   0.28502328015128642E-008  -0.210126615E-006   0.124240884E-008
   0.28656394653048256E-008  -0.244090501E-006   0.585126059E-009
   0.28810461290967870E-008  -0.257636430E-006   0.271865808E-009
   0.28964527928887485E-008  -0.246548780E-006   0.124609559E-009
   0.29118594566807099E-008  -0.237973978E-006   0.563453381E-010
   0.29272661204726713E-008  -0.237601284E-006   0.251342541E-010
   0.29426727842646327E-008  -0.231832360E-006   0.110607660E-010
   0.29580794480565942E-008  -0.221275357E-006   0.480168336E-011
   0.29734861118485556E-008  -0.223427364E-006   0.205648107E-011
   0.29888927756405170E-008  -0.245711419E-006   0.868862762E-012
   0.30042994394324785E-008  -0.265611021E-006   0.362135587E-012
   0.30197061032244399E-008  -0.252933631E-006   0.148907118E-012
   0.30351127670164013E-008  -0.218484331E-006   0.604016281E-013
   0.30505194308083627E-008  -0.208435040E-006   0.241708458E-013
   0.30659260946003242E-008  -0.234645810E-006   0.954195744E-014
   0.30813327583922856E-008  -0.256391672E-006   0.371616181E-014
   0.30967394221842470E-008  -0.248779543E-006   0.142770326E-014
   0.31121460859762085E-008  -0.235045874E-006   0.541138327E-015
   0.31275527497681699E-008  -0.235486141E-006   0.202335472E-015
   0.31429594135601313E-008  -0.238094387E-006   0.746323178E-016
   0.31583660773520927E-008  -0.231799390E-006   0.271587913E-016
   0.31737727411440542E-008  -0.226883600E-006   0.974944931E-017
   0.31891794049360156E-008  -0.235333815E-006   0.345270647E-017
   0.32045860687279770E-008  -0.251911615E-006   0.120626601E-017
   0.32199927325199384E-008  -0.256125020E-006   0.415755736E-018
   0.32353993963118999E-008  -0.236345414E-006   0.141356662E-018
   0.32508060601038613E-008  -0.214754266E-006   0.474161285E-019
   0.32662127238958227E-008  -0.222888772E-006   0.156901477E-019
   0.32816193876877842E-008  -0.249636884E-006   0.512181350E-020
   0.32970260514797456E-008  -0.255813518E-006   0.164945176E-020
   0.33124327152717070E-008  -0.238805313E-006   0.524017454E-021
   0.33278393790636684E-008  -0.230189585E-006   0.164233394E-021
   0.33432460428556299E-008  -0.236624615E-006   0.507788534E-022
   0.33586527066475913E-008  -0.237883356E-006   0.154887380E-022
   0.33740593704395527E-008  -0.231912111E-006   0.466045928E-023
   0.33894660342315142E-008  -0.234107318E-006   0.138349647E-023
   0.34048726980234756E-008  -0.244814572E-006   0.405150333E-024
   0.34202793618154370E-008  -0.249947988E-006   0.117043749E-024
   0.34356860256073984E-008  -0.242000169E-006   0.333582252E-025
   0.34510926893993599E-008  -0.227658973E-006   0.937893524E-026
   0.34664993531913213E-008  -0.223391908E-006   0.260134086E-026
   0.34819060169832827E-008  -0.237385748E-006   0.711811478E-027
   0.34973126807752442E-008  -0.252444835E-006   0.192144506E-027
   0.35127193445672056E-008  -0.247629600E-006   0.511652419E-028
   0.35281260083591670E-008  -0.232742963E-006   0.134420085E-028
   0.35435326721511284E-008  -0.230891558E-006   0.348369017E-029
   0.35589393359430899E-008  -0.238613694E-006   0.890649218E-030
   0.35743459997350513E-008  -0.238343404E-006   0.224646915E-030
   0.35897526635270127E-008  -0.233850827E-006   0.558969722E-031
   0.36051593273189741E-008  -0.238908285E-006   0.137204083E-031
   0.36205659911109356E-008  -0.247559768E-006   0.332256821E-032
   0.36359726549028970E-008  -0.244439263E-006   0.793732357E-033
   0.36513793186948584E-008  -0.231770983E-006   0.187048989E-033
   0.36667859824868199E-008  -0.226185307E-006   0.434894999E-034
   0.36821926462787813E-008  -0.235127828E-006   0.997463636E-035
   0.36975993100707427E-008  -0.247196624E-006   0.225683131E-035
   0.37130059738627041E-008  -0.247101468E-006   0.506626344E-036
   0.37284126376546656E-008  -0.236573300E-006   0.112230891E-036
   0.37438193014466270E-008  -0.231298060E-006   0.245294101E-037
   0.37592259652385884E-008  -0.236157717E-006   0.000000000E+000
   0.37746326290305499E-008  -0.239604447E-006   0.000000000E+000
   0.37900392928225113E-008  -0.236465354E-006   0.000000000E+000
   0.38054459566144727E-008  -0.236193316E-006   0.000000000E+000
   0.38208526204064341E-008  -0.242533588E-006   0.000000000E+000
   0.38362592841983956E-008  -0.244734593E-006   0.000000000E+000
   0.38516659479903570E-008  -0.236343084E-006   0.000000000E+000
   0.38670726117823184E-008  -0.227723632E-006   0.000000000E+000
   0.38824792755742799E-008  -0.231590747E-006   0.000000000E+000
   0.38978859393662413E-008  -0.243759956E-006   0.000000000E+000
   0.39132926031582027E-008  -0.247664445E-006   0.000000000E+000
   0.39286992669501641E-008  -0.238270388E-006   0.000000000E+000
   0.39441059307421256E-008  -0.230086187E-006   0.000000000E+000
   0.39595125945340870E-008  -0.233940426E-006   0.000000000E+000
   0.39749192583260484E-008  -0.240125416E-006   0.000000000E+000
   0.39903259221180098E-008  -0.237852788E-006   0.000000000E+000
   0.40057325859099713E-008  -0.234592790E-006   0.000000000E+000
   0.40211392497019327E-008  -0.239221720E-006   0.000000000E+000
   0.40365459134938941E-008  -0.243473011E-006   0.000000000E+000
   0.40519525772858556E-008  -0.237662334E-006   0.000000000E+000
   0.40673592410778170E-008  -0.229231460E-006   0.000000000E+000
   0.40827659048697784E-008  -0.230577839E-006   0.000000000E+000
   0.40981725686617398E-008  -0.239975236E-006   0.000000000E+000
   0.41135792324537013E-008  -0.245186300E-006   0.000000000E+000
   0.41289858962456627E-008  -0.240092930E-006   0.000000000E+000
   0.41443925600376241E-008  -0.231909866E-006   0.000000000E+000
   0.41597992238295856E-008  -0.231195770E-006   0.000000000E+000
   0.41752058876215470E-008  -0.236805775E-006   0.000000000E+000
   0.41906125514135084E-008  -0.238661045E-006   0.000000000E+000
   0.42060192152054698E-008  -0.235738000E-006   0.000000000E+000
   0.42214258789974313E-008  -0.236658295E-006   0.000000000E+000
   0.42368325427893927E-008  -0.240803729E-006   0.000000000E+000
   0.42522392065813541E-008  -0.238224303E-006   0.000000000E+000
   0.42676458703733156E-008  -0.230305716E-006   0.000000000E+000
   0.42830525341652770E-008  -0.229576798E-006   0.000000000E+000
   0.42984591979572384E-008  -0.237657360E-006   0.000000000E+000
   0.43138658617491998E-008  -0.242839405E-006   0.000000000E+000
   0.43292725255411613E-008  -0.239433291E-006   0.000000000E+000
   0.43446791893331227E-008  -0.233664039E-006   0.000000000E+000
   0.43600858531250841E-008  -0.231799220E-006   0.000000000E+000
   0.43754925169170455E-008  -0.233573942E-006   0.000000000E+000
   0.43908991807090070E-008  -0.235820764E-006   0.000000000E+000
   0.44063058445009684E-008  -0.236823197E-006   0.000000000E+000
   0.44217125082929298E-008  -0.237466722E-006   0.000000000E+000
   0.44371191720848913E-008  -0.238276499E-006   0.000000000E+000
   0.44525258358768527E-008  -0.236665215E-006   0.000000000E+000
   0.44679324996688141E-008  -0.231881202E-006   0.000000000E+000
   0.44833391634607755E-008  -0.229797706E-006   0.000000000E+000
   0.44987458272527370E-008  -0.234752193E-006   0.000000000E+000
   0.45141524910446984E-008  -0.240719686E-006   0.000000000E+000
   0.45295591548366598E-008  -0.239834634E-006   0.000000000E+000
   0.45449658186286213E-008  -0.234465219E-006   0.000000000E+000
   0.45603724824205827E-008  -0.231818632E-006   0.000000000E+000
   0.45757791462125441E-008  -0.232717213E-006   0.000000000E+000
   0.45911858100045055E-008  -0.233963974E-006   0.000000000E+000
   0.46065924737964670E-008  -0.235487846E-006   0.000000000E+000
   0.46219991375884284E-008  -0.237919338E-006   0.000000000E+000
   0.46374058013803898E-008  -0.238581180E-006   0.000000000E+000
   0.46528124651723513E-008  -0.235551582E-006   0.000000000E+000
   0.46682191289643127E-008  -0.231629500E-006   0.000000000E+000
   0.46836257927562741E-008  -0.230814564E-006   0.000000000E+000
   0.46990324565482355E-008  -0.233770336E-006   0.000000000E+000
   0.47144391203401970E-008  -0.237871291E-006   0.000000000E+000
   0.47298457841321584E-008  -0.239443210E-006   0.000000000E+000
   0.47452524479241198E-008  -0.236746132E-006   0.000000000E+000
   0.47606591117160812E-008  -0.232458362E-006   0.000000000E+000
   0.47760657755080427E-008  -0.231046997E-006   0.000000000E+000
   0.47914724393000041E-008  -0.233088002E-006   0.000000000E+000
   0.48068791030919655E-008  -0.235659613E-006   0.000000000E+000
   0.48222857668839270E-008  -0.237351998E-006   0.000000000E+000
   0.48376924306758884E-008  -0.238048486E-006   0.000000000E+000
   0.48530990944678498E-008  -0.236281721E-006   0.000000000E+000
   0.48685057582598112E-008  -0.232424000E-006   0.000000000E+000
   0.48839124220517727E-008  -0.230738834E-006   0.000000000E+000
   0.48993190858437341E-008  -0.233297555E-006   0.000000000E+000
   0.49147257496356955E-008  -0.236825315E-006   0.000000000E+000
   0.49301324134276570E-008  -0.238370944E-006   0.000000000E+000
   0.49455390772196184E-008  -0.237789919E-006   0.000000000E+000
   0.49609457410115798E-008  -0.234828576E-006   0.000000000E+000
   0.49763524048035412E-008  -0.231002517E-006   0.000000000E+000
   0.49917590685955027E-008  -0.231045206E-006   0.000000000E+000
   0.50071657323874641E-008  -0.235613811E-006   0.000000000E+000
   0.50225723961794255E-008  -0.238773765E-006   0.000000000E+000
   0.50379790599713870E-008  -0.237587827E-006   0.000000000E+000
   0.50533857237633484E-008  -0.235465734E-006   0.000000000E+000
   0.50687923875553098E-008  -0.234149113E-006   0.000000000E+000
   0.50841990513472712E-008  -0.232574635E-006   0.000000000E+000
   0.50996057151392327E-008  -0.232459797E-006   0.000000000E+000
   0.51150123789311941E-008  -0.235427038E-006   0.000000000E+000
   0.51304190427231555E-008  -0.238449189E-006   0.000000000E+000
   0.51458257065151169E-008  -0.238572795E-006   0.000000000E+000
   0.51612323703070784E-008  -0.236258046E-006   0.000000000E+000
   0.51766390340990398E-008  -0.232674282E-006   0.000000000E+000
   0.51920456978910012E-008  -0.230643877E-006   0.000000000E+000
   0.52074523616829627E-008  -0.233979932E-006   0.000000000E+000
   0.52228590254749241E-008  -0.239581681E-006   0.000000000E+000
   0.52382656892668855E-008  -0.239597114E-006   0.000000000E+000
   0.52536723530588469E-008  -0.234987709E-006   0.000000000E+000
   0.52690790168508084E-008  -0.233557600E-006   0.000000000E+000
   0.52844856806427698E-008  -0.235148065E-006   0.000000000E+000
   0.52998923444347312E-008  -0.234444030E-006   0.000000000E+000
   0.53152990082266927E-008  -0.233649970E-006   0.000000000E+000
   0.53307056720186541E-008  -0.236965406E-006   0.000000000E+000
   0.53461123358106155E-008  -0.240250927E-006   0.000000000E+000
   0.53615189996025769E-008  -0.238335190E-006   0.000000000E+000
   0.53769256633945384E-008  -0.233672992E-006   0.000000000E+000
   0.53923323271864998E-008  -0.231353212E-006   0.000000000E+000
   0.54077389909784612E-008  -0.233594847E-006   0.000000000E+000
   0.54231456547704227E-008  -0.238831888E-006   0.000000000E+000
   0.54385523185623841E-008  -0.241128674E-006   0.000000000E+000
   0.54539589823543455E-008  -0.237016820E-006   0.000000000E+000
   0.54693656461463069E-008  -0.232979460E-006   0.000000000E+000
   0.54847723099382684E-008  -0.235091804E-006   0.000000000E+000
   0.55001789737302298E-008  -0.237552669E-006   0.000000000E+000
   0.55155856375221912E-008  -0.235093736E-006   0.000000000E+000
   0.55309923013141526E-008  -0.234420241E-006   0.000000000E+000
   0.55463989651061141E-008  -0.239491555E-006   0.000000000E+000
   0.55618056288980755E-008  -0.241688184E-006   0.000000000E+000
   0.55772122926900369E-008  -0.236203235E-006   0.000000000E+000
   0.55926189564819984E-008  -0.231205632E-006   0.000000000E+000
   0.56080256202739598E-008  -0.233408812E-006   0.000000000E+000
   0.56234322840659212E-008  -0.239078560E-006   0.000000000E+000
   0.56388389478578826E-008  -0.241620143E-006   0.000000000E+000
   0.56542456116498441E-008  -0.238787862E-006   0.000000000E+000
   0.56696522754418055E-008  -0.234365160E-006   0.000000000E+000
   0.56850589392337669E-008  -0.234578351E-006   0.000000000E+000
   0.57004656030257284E-008  -0.238417499E-006   0.000000000E+000
   0.57158722668176898E-008  -0.238204379E-006   0.000000000E+000
   0.57312789306096512E-008  -0.234678225E-006   0.000000000E+000
   0.57466855944016126E-008  -0.236771442E-006   0.000000000E+000
   0.57620922581935741E-008  -0.242551891E-006   0.000000000E+000
   0.57774989219855355E-008  -0.240745123E-006   0.000000000E+000
   0.57929055857774969E-008  -0.232895687E-006   0.000000000E+000
   0.58083122495694584E-008  -0.231793081E-006   0.000000000E+000
   0.58237189133614198E-008  -0.238840130E-006   0.000000000E+000
   0.58391255771533812E-008  -0.243189874E-006   0.000000000E+000
   0.58545322409453426E-008  -0.240164070E-006   0.000000000E+000
   0.58699389047373041E-008  -0.235499158E-006   0.000000000E+000
   0.58853455685292655E-008  -0.235147525E-006   0.000000000E+000
   0.59007522323212269E-008  -0.238582743E-006   0.000000000E+000
   0.59161588961131883E-008  -0.240021336E-006   0.000000000E+000
   0.59315655599051498E-008  -0.236893996E-006   0.000000000E+000
   0.59469722236971112E-008  -0.235684425E-006   0.000000000E+000
   0.59623788874890726E-008  -0.240810635E-006   0.000000000E+000
   0.59777855512810341E-008  -0.243669689E-006   0.000000000E+000
   0.59931922150729955E-008  -0.237258803E-006   0.000000000E+000
   0.60085988788649569E-008  -0.231475084E-006   0.000000000E+000
   0.60240055426569183E-008  -0.236509905E-006   0.000000000E+000
   0.60394122064488798E-008  -0.244230080E-006   0.000000000E+000
   0.60548188702408412E-008  -0.242948886E-006   0.000000000E+000
   0.60702255340328026E-008  -0.236563778E-006   0.000000000E+000
   0.60856321978247641E-008  -0.235177069E-006   0.000000000E+000
   0.61010388616167255E-008  -0.239064178E-006   0.000000000E+000
   0.61164455254086869E-008  -0.241331179E-006   0.000000000E+000
   0.61318521892006483E-008  -0.238887623E-006   0.000000000E+000
   0.61472588529926098E-008  -0.236291527E-006   0.000000000E+000
   0.61626655167845712E-008  -0.239199323E-006   0.000000000E+000
   0.61780721805765326E-008  -0.244012369E-006   0.000000000E+000
   0.61934788443684941E-008  -0.241496934E-006   0.000000000E+000
   0.62088855081604555E-008  -0.233944903E-006   0.000000000E+000
   0.62242921719524169E-008  -0.234195554E-006   0.000000000E+000
   0.62396988357443783E-008  -0.242868339E-006   0.000000000E+000
   0.62551054995363398E-008  -0.245919409E-006   0.000000000E+000
   0.62705121633283012E-008  -0.239287544E-006   0.000000000E+000
   0.62859188271202626E-008  -0.234841494E-006   0.000000000E+000
   0.63013254909122240E-008  -0.238628473E-006   0.000000000E+000
   0.63167321547041855E-008  -0.242748740E-006   0.000000000E+000
   0.63321388184961469E-008  -0.240892575E-006   0.000000000E+000
   0.63475454822881083E-008  -0.237290038E-006   0.000000000E+000
   0.63629521460800698E-008  -0.238467976E-006   0.000000000E+000
   0.63783588098720312E-008  -0.243332806E-006   0.000000000E+000
   0.63937654736639926E-008  -0.243981816E-006   0.000000000E+000
   0.64091721374559540E-008  -0.237704896E-006   0.000000000E+000
   0.64245788012479155E-008  -0.233935467E-006   0.000000000E+000
   0.64399854650398769E-008  -0.240067379E-006   0.000000000E+000
   0.64553921288318383E-008  -0.246933268E-006   0.000000000E+000
   0.64707987926237998E-008  -0.243313934E-006   0.000000000E+000
   0.64862054564157612E-008  -0.235902561E-006   0.000000000E+000
   0.65016121202077226E-008  -0.237041405E-006   0.000000000E+000
   0.65170187839996840E-008  -0.243204113E-006   0.000000000E+000
   0.65324254477916455E-008  -0.243423699E-006   0.000000000E+000
   0.65478321115836069E-008  -0.238710214E-006   0.000000000E+000
   0.65632387753755683E-008  -0.237995437E-006   0.000000000E+000
   0.65786454391675298E-008  -0.242596315E-006   0.000000000E+000
   0.65940521029594912E-008  -0.245158702E-006   0.000000000E+000
   0.66094587667514526E-008  -0.240990403E-006   0.000000000E+000
   0.66248654305434140E-008  -0.235597597E-006   0.000000000E+000
   0.66402720943353755E-008  -0.237917661E-006   0.000000000E+000
   0.66556787581273369E-008  -0.245637978E-006   0.000000000E+000
   0.66710854219192983E-008  -0.246601928E-006   0.000000000E+000
   0.66864920857112597E-008  -0.239095158E-006   0.000000000E+000
   0.67018987495032212E-008  -0.235887669E-006   0.000000000E+000
   0.67173054132951826E-008  -0.241778451E-006   0.000000000E+000
   0.67327120770871440E-008  -0.245588154E-006   0.000000000E+000
   0.67481187408791055E-008  -0.241287609E-006   0.000000000E+000
   0.67635254046710669E-008  -0.237794779E-006   0.000000000E+000
   0.67789320684630283E-008  -0.241490397E-006   0.000000000E+000
   0.67943387322549897E-008  -0.245817034E-006   0.000000000E+000
   0.68097453960469512E-008  -0.243510385E-006   0.000000000E+000
   0.68251520598389126E-008  -0.237814334E-006   0.000000000E+000
   0.68405587236308740E-008  -0.237310047E-006   0.000000000E+000
   0.68559653874228355E-008  -0.243583145E-006   0.000000000E+000
   0.68713720512147969E-008  -0.247739735E-006   0.000000000E+000
   0.68867787150067583E-008  -0.243022896E-006   0.000000000E+000
   0.69021853787987197E-008  -0.236840265E-006   0.000000000E+000
   0.69175920425906812E-008  -0.239443096E-006   0.000000000E+000
   0.69329987063826426E-008  -0.245794382E-006   0.000000000E+000
   0.69484053701746040E-008  -0.244592542E-006   0.000000000E+000
   0.69638120339665655E-008  -0.238977890E-006   0.000000000E+000
   0.69792186977585269E-008  -0.239883803E-006   0.000000000E+000
   0.69946253615504883E-008  -0.245603019E-006   0.000000000E+000
   0.70100320253424497E-008  -0.245827977E-006   0.000000000E+000
   0.70254386891344112E-008  -0.240062121E-006   0.000000000E+000
   0.70408453529263726E-008  -0.237474438E-006   0.000000000E+000
   0.70562520167183340E-008  -0.242090096E-006   0.000000000E+000
   0.70716586805102954E-008  -0.247428346E-006   0.000000000E+000
   0.70870653443022569E-008  -0.245797054E-006   0.000000000E+000
   0.71024720080942183E-008  -0.239486241E-006   0.000000000E+000
   0.71178786718861797E-008  -0.238305248E-006   0.000000000E+000
   0.71332853356781412E-008  -0.244067792E-006   0.000000000E+000
   0.71486919994701026E-008  -0.246709476E-006   0.000000000E+000
   0.71640986632620640E-008  -0.241879889E-006   0.000000000E+000
   0.71795053270540254E-008  -0.239124688E-006   0.000000000E+000
   0.71949119908459869E-008  -0.243964308E-006   0.000000000E+000
   0.72103186546379483E-008  -0.247428659E-006   0.000000000E+000
   0.72257253184299097E-008  -0.242912392E-006   0.000000000E+000
   0.72411319822218712E-008  -0.238020334E-006   0.000000000E+000
   0.72565386460138326E-008  -0.240799011E-006   0.000000000E+000
   0.72719453098057940E-008  -0.246863067E-006   0.000000000E+000
   0.72873519735977554E-008  -0.247400095E-006   0.000000000E+000
   0.73027586373897169E-008  -0.242102402E-006   0.000000000E+000
   0.73181653011816783E-008  -0.238847122E-006   0.000000000E+000
   0.73335719649736397E-008  -0.242311927E-006   0.000000000E+000
   0.73489786287656012E-008  -0.246755747E-006   0.000000000E+000
   0.73643852925575626E-008  -0.244805335E-006   0.000000000E+000
   0.73797919563495240E-008  -0.240341961E-006   0.000000000E+000
   0.73951986201414854E-008  -0.242096348E-006   0.000000000E+000
   0.74106052839334469E-008  -0.247203218E-006   0.000000000E+000
   0.74260119477254083E-008  -0.245863959E-006   0.000000000E+000
   0.74414186115173697E-008  -0.239778814E-006   0.000000000E+000
   0.74568252753093311E-008  -0.239507614E-006   0.000000000E+000
   0.74722319391012926E-008  -0.245736544E-006   0.000000000E+000
   0.74876386028932540E-008  -0.248638372E-006   0.000000000E+000
   0.75030452666852154E-008  -0.244375002E-006   0.000000000E+000
   0.75184519304771769E-008  -0.239908530E-006   0.000000000E+000
   0.75338585942691383E-008  -0.241454075E-006   0.000000000E+000
   0.75492652580610997E-008  -0.245972188E-006   0.000000000E+000
   0.75646719218530611E-008  -0.246388595E-006   0.000000000E+000
   0.75800785856450226E-008  -0.242512357E-006   0.000000000E+000
   0.75954852494369840E-008  -0.241577737E-006   0.000000000E+000
   0.76108919132289454E-008  -0.245789920E-006   0.000000000E+000
   0.76262985770209069E-008  -0.247440965E-006   0.000000000E+000
   0.76417052408128683E-008  -0.242579091E-006   0.000000000E+000
   0.76571119046048297E-008  -0.239317302E-006   0.000000000E+000
   0.76725185683967911E-008  -0.243826548E-006   0.000000000E+000
   0.76879252321887526E-008  -0.249031046E-006   0.000000000E+000
   0.77033318959807140E-008  -0.246811140E-006   0.000000000E+000
   0.77187385597726754E-008  -0.241282521E-006   0.000000000E+000
   0.77341452235646369E-008  -0.240900732E-006   0.000000000E+000
   0.77495518873565983E-008  -0.245207190E-006   0.000000000E+000
   0.77649585511485597E-008  -0.247139781E-006   0.000000000E+000
   0.77803652149405211E-008  -0.244359342E-006   0.000000000E+000
   0.77957718787324826E-008  -0.242163651E-006   0.000000000E+000
   0.78111785425244440E-008  -0.244666722E-006   0.000000000E+000
   0.78265852063164054E-008  -0.247578441E-006   0.000000000E+000
   0.78419918701083668E-008  -0.245024580E-006   0.000000000E+000
   0.78573985339003283E-008  -0.240575162E-006   0.000000000E+000
   0.78728051976922897E-008  -0.242229476E-006   0.000000000E+000
   0.78882118614842511E-008  -0.248105550E-006   0.000000000E+000
   0.79036185252762126E-008  -0.248820754E-006   0.000000000E+000
   0.79190251890681740E-008  -0.243436517E-006   0.000000000E+000
   0.79344318528601354E-008  -0.240687712E-006   0.000000000E+000
   0.79498385166520968E-008  -0.244153824E-006   0.000000000E+000
   0.79652451804440583E-008  -0.247532597E-006   0.000000000E+000
   0.79806518442360197E-008  -0.245949508E-006   0.000000000E+000
   0.79960585080279811E-008  -0.243062402E-006   0.000000000E+000
   0.80114651718199426E-008  -0.244090700E-006   0.000000000E+000
   0.80268718356119040E-008  -0.247212597E-006   0.000000000E+000
   0.80422784994038654E-008  -0.246573023E-006   0.000000000E+000
   0.80576851631958268E-008  -0.242394123E-006   0.000000000E+000
   0.80730918269877883E-008  -0.241682386E-006   0.000000000E+000
   0.80884984907797497E-008  -0.246585586E-006   0.000000000E+000
   0.81039051545717111E-008  -0.249670762E-006   0.000000000E+000
   0.81193118183636726E-008  -0.245932341E-006   0.000000000E+000
   0.81347184821556340E-008  -0.241398993E-006   0.000000000E+000
   0.81501251459475954E-008  -0.242949199E-006   0.000000000E+000
   0.81655318097395568E-008  -0.247259635E-006   0.000000000E+000
   0.81809384735315183E-008  -0.247417688E-006   0.000000000E+000
   0.81963451373234797E-008  -0.244283541E-006   0.000000000E+000
   0.82117518011154411E-008  -0.243796563E-006   0.000000000E+000
   0.82271584649074025E-008  -0.246655276E-006   0.000000000E+000
   0.82425651286993640E-008  -0.247518500E-006   0.000000000E+000
   0.82579717924913254E-008  -0.244205296E-006   0.000000000E+000
   0.82733784562832868E-008  -0.241955945E-006   0.000000000E+000
   0.82887851200752483E-008  -0.245212192E-006   0.000000000E+000
   0.83041917838672097E-008  -0.249525129E-006   0.000000000E+000
   0.83195984476591711E-008  -0.248033018E-006   0.000000000E+000
   0.83350051114511325E-008  -0.242958862E-006   0.000000000E+000
   0.83504117752430940E-008  -0.242201907E-006   0.000000000E+000
   0.83658184390350554E-008  -0.246336839E-006   0.000000000E+000
   0.83812251028270168E-008  -0.248381667E-006   0.000000000E+000
   0.83966317666189783E-008  -0.245852732E-006   0.000000000E+000
   0.84120384304109397E-008  -0.243951007E-006   0.000000000E+000
   0.84274450942029011E-008  -0.245928959E-006   0.000000000E+000
   0.84428517579948625E-008  -0.247908247E-006   0.000000000E+000
   0.84582584217868240E-008  -0.245896047E-006   0.000000000E+000
   0.84736650855787854E-008  -0.242835313E-006   0.000000000E+000
   0.84890717493707468E-008  -0.244210867E-006   0.000000000E+000
   0.85044784131627083E-008  -0.248738814E-006   0.000000000E+000
   0.85198850769546697E-008  -0.249473658E-006   0.000000000E+000
   0.85352917407466311E-008  -0.244967481E-006   0.000000000E+000
   0.85506984045385925E-008  -0.242166436E-006   0.000000000E+000
   0.85661050683305540E-008  -0.245147618E-006   0.000000000E+000
   0.85815117321225154E-008  -0.248659632E-006   0.000000000E+000
   0.85969183959144768E-008  -0.247457677E-006   0.000000000E+000
   0.86123250597064382E-008  -0.244654785E-006   0.000000000E+000
   0.86277317234983997E-008  -0.245306865E-006   0.000000000E+000
   0.86431383872903611E-008  -0.247768213E-006   0.000000000E+000
   0.86585450510823225E-008  -0.247222772E-006   0.000000000E+000
   0.86739517148742840E-008  -0.244163061E-006   0.000000000E+000
   0.86893583786662454E-008  -0.243810689E-006   0.000000000E+000
   0.87047650424582068E-008  -0.247598535E-006   0.000000000E+000
   0.87201717062501682E-008  -0.250082707E-006   0.000000000E+000
   0.87355783700421297E-008  -0.247093197E-006   0.000000000E+000
   0.87509850338340911E-008  -0.242950961E-006   0.000000000E+000
   0.87663916976260525E-008  -0.244003701E-006   0.000000000E+000
   0.87817983614180140E-008  -0.248228957E-006   0.000000000E+000
   0.87972050252099754E-008  -0.248867508E-006   0.000000000E+000
   0.88126116890019368E-008  -0.245846849E-006   0.000000000E+000
   0.88280183527938982E-008  -0.244950940E-006   0.000000000E+000
   0.88434250165858597E-008  -0.247290728E-006   0.000000000E+000
   0.88588316803778211E-008  -0.248096683E-006   0.000000000E+000
   0.88742383441697825E-008  -0.245603360E-006   0.000000000E+000
   0.88896450079617439E-008  -0.244044742E-006   0.000000000E+000
   0.89050516717537054E-008  -0.246577031E-006   0.000000000E+000
   0.89204583355456668E-008  -0.249888728E-006   0.000000000E+000
   0.89358649993376282E-008  -0.248815240E-006   0.000000000E+000
   0.89512716631295897E-008  -0.244508215E-006   0.000000000E+000
   0.89666783269215511E-008  -0.243393202E-006   0.000000000E+000
   0.89820849907135125E-008  -0.247132988E-006   0.000000000E+000
   0.89974916545054739E-008  -0.249714816E-006   0.000000000E+000
   0.90128983182974354E-008  -0.247506762E-006   0.000000000E+000
   0.90283049820893968E-008  -0.245070225E-006   0.000000000E+000
   0.90437116458813582E-008  -0.246522632E-006   0.000000000E+000
   0.90591183096733197E-008  -0.248517182E-006   0.000000000E+000
   0.90745249734652811E-008  -0.247044056E-006   0.000000000E+000
   0.90899316372572425E-008  -0.244697674E-006   0.000000000E+000
   0.91053383010492039E-008  -0.245889254E-006   0.000000000E+000
   0.91207449648411654E-008  -0.249308300E-006   0.000000000E+000
   0.91361516286331268E-008  -0.249836859E-006   0.000000000E+000
   0.91515582924250882E-008  -0.246315267E-006   0.000000000E+000
   0.91669649562170497E-008  -0.243677505E-006   0.000000000E+000
   0.91823716200090111E-008  -0.245898946E-006   0.000000000E+000
   0.91977782838009725E-008  -0.249621081E-006   0.000000000E+000
   0.92131849475929339E-008  -0.249209279E-006   0.000000000E+000
   0.92285916113848954E-008  -0.246015333E-006   0.000000000E+000
   0.92439982751768568E-008  -0.245744729E-006   0.000000000E+000
   0.92594049389688182E-008  -0.248254395E-006   0.000000000E+000
   0.92748116027607796E-008  -0.248376239E-006   0.000000000E+000
   0.92902182665527411E-008  -0.245801630E-006   0.000000000E+000
   0.93056249303447025E-008  -0.245486888E-006   0.000000000E+000
   0.93210315941366639E-008  -0.248565186E-006   0.000000000E+000
   0.93364382579286254E-008  -0.250342879E-006   0.000000000E+000
   0.93518449217205868E-008  -0.247918393E-006   0.000000000E+000
   0.93672515855125482E-008  -0.244608515E-006   0.000000000E+000
   0.93826582493045096E-008  -0.245148811E-006   0.000000000E+000
   0.93980649130964711E-008  -0.248823483E-006   0.000000000E+000
   0.94134715768884325E-008  -0.250270006E-006   0.000000000E+000
   0.94288782406803939E-008  -0.247632471E-006   0.000000000E+000
   0.94442849044723554E-008  -0.245604809E-006   0.000000000E+000
   0.94596915682643168E-008  -0.247371162E-006   0.000000000E+000
   0.94750982320562782E-008  -0.249109519E-006   0.000000000E+000
   0.94905048958482396E-008  -0.247363573E-006   0.000000000E+000
   0.95059115596402011E-008  -0.245608618E-006   0.000000000E+000
   0.95213182234321625E-008  -0.247638184E-006   0.000000000E+000
   0.95367248872241239E-008  -0.250412228E-006   0.000000000E+000
   0.95521315510160854E-008  -0.249313587E-006   0.000000000E+000
   0.95675382148080468E-008  -0.245810270E-006   0.000000000E+000
   0.95829448786000082E-008  -0.244959608E-006   0.000000000E+000
   0.95983515423919696E-008  -0.247919388E-006   0.000000000E+000
   0.96137582061839311E-008  -0.250515711E-006   0.000000000E+000
   0.96291648699758925E-008  -0.249230368E-006   0.000000000E+000
   0.96445715337678539E-008  -0.246381774E-006   0.000000000E+000
   0.96599781975598153E-008  -0.246535819E-006   0.000000000E+000
   0.96753848613517768E-008  -0.248909316E-006   0.000000000E+000
   0.96907915251437382E-008  -0.248852132E-006   0.000000000E+000
   0.97061981889356996E-008  -0.246564781E-006   0.000000000E+000
   0.97216048527276611E-008  -0.246845929E-006   0.000000000E+000
   0.97370115165196225E-008  -0.249863518E-006   0.000000000E+000
   0.97524181803115839E-008  -0.250442923E-006   0.000000000E+000
   0.97678248441035453E-008  -0.247267252E-006   0.000000000E+000
   0.97832315078955068E-008  -0.245149579E-006   0.000000000E+000
   0.97986381716874682E-008  -0.247156663E-006   0.000000000E+000
   0.98140448354794296E-008  -0.250300189E-006   0.000000000E+000
   0.98294514992713911E-008  -0.250349302E-006   0.000000000E+000
   0.98448581630633525E-008  -0.247660097E-006   0.000000000E+000
   0.98602648268553139E-008  -0.246367932E-006   0.000000000E+000
   0.98756714906472753E-008  -0.248158614E-006   0.000000000E+000
   0.98910781544392368E-008  -0.249589959E-006   0.000000000E+000
   0.99064848182311982E-008  -0.248075821E-006   0.000000000E+000
   0.99218914820231596E-008  -0.246799317E-006   0.000000000E+000
   0.99372981458151211E-008  -0.248849290E-006   0.000000000E+000
   0.99527048096070825E-008  -0.250898012E-006   0.000000000E+000
   0.99681114733990439E-008  -0.248952034E-006   0.000000000E+000
   0.99835181371910053E-008  -0.245833263E-006   0.000000000E+000
   0.99989248009829668E-008  -0.246477811E-006   0.000000000E+000
   0.10014331464774928E-007  -0.249836802E-006   0.000000000E+000
   0.10029738128566890E-007  -0.251074454E-006   0.000000000E+000
   0.10045144792358851E-007  -0.248941461E-006   0.000000000E+000
   0.10060551456150812E-007  -0.246828535E-006   0.000000000E+000
   0.10075958119942774E-007  -0.247553174E-006   0.000000000E+000
   0.10091364783734735E-007  -0.249524021E-006   0.000000000E+000
   0.10106771447526697E-007  -0.249375375E-006   0.000000000E+000
   0.10122178111318658E-007  -0.247652224E-006   0.000000000E+000
   0.10137584775110620E-007  -0.248073604E-006   0.000000000E+000
   0.10152991438902581E-007  -0.250470293E-006   0.000000000E+000
   0.10168398102694542E-007  -0.250354930E-006   0.000000000E+000
   0.10183804766486504E-007  -0.247206344E-006   0.000000000E+000
   0.10199211430278465E-007  -0.246110318E-006   0.000000000E+000
   0.10214618094070427E-007  -0.249019990E-006   0.000000000E+000
   0.10230024757862388E-007  -0.251489325E-006   0.000000000E+000
   0.10245431421654350E-007  -0.250183547E-006   0.000000000E+000
   0.10260838085446311E-007  -0.247571307E-006   0.000000000E+000
   0.10276244749238272E-007  -0.247321964E-006   0.000000000E+000
   0.10291651413030234E-007  -0.249168977E-006   0.000000000E+000
   0.10307058076822195E-007  -0.250051642E-006   0.000000000E+000
   0.10322464740614157E-007  -0.248839740E-006   0.000000000E+000
   0.10337871404406118E-007  -0.248081676E-006   0.000000000E+000
   0.10353278068198080E-007  -0.249668886E-006   0.000000000E+000
   0.10368684731990041E-007  -0.250900371E-006   0.000000000E+000
   0.10384091395782002E-007  -0.248903262E-006   0.000000000E+000
   0.10399498059573964E-007  -0.246537155E-006   0.000000000E+000
   0.10414904723365925E-007  -0.248023468E-006   0.000000000E+000
   0.10430311387157887E-007  -0.251317658E-006   0.000000000E+000
   0.10445718050949848E-007  -0.251409205E-006   0.000000000E+000
   0.10461124714741810E-007  -0.248599122E-006   0.000000000E+000
   0.10476531378533771E-007  -0.247297066E-006   0.000000000E+000
   0.10491938042325732E-007  -0.248812398E-006   0.000000000E+000
   0.10507344706117694E-007  -0.250334722E-006   0.000000000E+000
   0.10522751369909655E-007  -0.249822648E-006   0.000000000E+000
   0.10538158033701617E-007  -0.248669892E-006   0.000000000E+000
   0.10553564697493578E-007  -0.249201207E-006   0.000000000E+000
   0.10568971361285540E-007  -0.250708979E-006   0.000000000E+000
   0.10584378025077501E-007  -0.250176043E-006   0.000000000E+000
   0.10599784688869462E-007  -0.247741184E-006   0.000000000E+000
   0.10615191352661424E-007  -0.247492210E-006   0.000000000E+000
   0.10630598016453385E-007  -0.250489336E-006   0.000000000E+000
   0.10646004680245347E-007  -0.252203790E-006   0.000000000E+000
   0.10661411344037308E-007  -0.250030183E-006   0.000000000E+000
   0.10676818007829270E-007  -0.247592823E-006   0.000000000E+000
   0.10692224671621231E-007  -0.248350347E-006   0.000000000E+000
   0.10707631335413192E-007  -0.250414757E-006   0.000000000E+000
   0.10723037999205154E-007  -0.250621952E-006   0.000000000E+000
   0.10738444662997115E-007  -0.249398624E-006   0.000000000E+000
   0.10753851326789077E-007  -0.249183415E-006   0.000000000E+000
   0.10769257990581038E-007  -0.250378918E-006   0.000000000E+000
   0.10784664654373000E-007  -0.250763605E-006   0.000000000E+000
   0.10800071318164961E-007  -0.249081239E-006   0.000000000E+000
   0.10815477981956922E-007  -0.247789245E-006   0.000000000E+000
   0.10830884645748884E-007  -0.249567165E-006   0.000000000E+000
   0.10846291309540845E-007  -0.252182275E-006   0.000000000E+000
   0.10861697973332807E-007  -0.251483641E-006   0.000000000E+000
   0.10877104637124768E-007  -0.248529034E-006   0.000000000E+000
   0.10892511300916730E-007  -0.247928853E-006   0.000000000E+000
   0.10907917964708691E-007  -0.250115932E-006   0.000000000E+000
   0.10923324628500652E-007  -0.251316607E-006   0.000000000E+000
   0.10938731292292614E-007  -0.250241186E-006   0.000000000E+000
   0.10954137956084575E-007  -0.249371880E-006   0.000000000E+000
   0.10969544619876537E-007  -0.250165897E-006   0.000000000E+000
   0.10984951283668498E-007  -0.250993224E-006   0.000000000E+000
   0.11000357947460460E-007  -0.250096946E-006   0.000000000E+000
   0.11015764611252421E-007  -0.248584229E-006   0.000000000E+000
   0.11031171275044382E-007  -0.249136605E-006   0.000000000E+000
   0.11046577938836344E-007  -0.251609748E-006   0.000000000E+000
   0.11061984602628305E-007  -0.252365879E-006   0.000000000E+000
   0.11077391266420267E-007  -0.249954468E-006   0.000000000E+000
   0.11092797930212228E-007  -0.248032421E-006   0.000000000E+000
   0.11108204594004190E-007  -0.249462488E-006   0.000000000E+000
   0.11123611257796151E-007  -0.251619952E-006   0.000000000E+000
   0.11139017921588112E-007  -0.251269711E-006   0.000000000E+000
   0.11154424585380074E-007  -0.249807414E-006   0.000000000E+000
   0.11169831249172035E-007  -0.249965666E-006   0.000000000E+000
   0.11185237912963997E-007  -0.251077267E-006   0.000000000E+000
   0.11200644576755958E-007  -0.250858136E-006   0.000000000E+000
   0.11216051240547920E-007  -0.249448732E-006   0.000000000E+000
   0.11231457904339881E-007  -0.249204646E-006   0.000000000E+000
   0.11246864568131842E-007  -0.251047254E-006   0.000000000E+000
   0.11262271231923804E-007  -0.252583163E-006   0.000000000E+000
   0.11277677895715765E-007  -0.251290516E-006   0.000000000E+000
   0.11293084559507727E-007  -0.248825984E-006   0.000000000E+000
   0.11308491223299688E-007  -0.248936800E-006   0.000000000E+000
   0.11323897887091650E-007  -0.251331556E-006   0.000000000E+000
   0.11339304550883611E-007  -0.252176648E-006   0.000000000E+000
   0.11354711214675572E-007  -0.250670041E-006   0.000000000E+000
   0.11370117878467534E-007  -0.249879918E-006   0.000000000E+000
   0.11385524542259495E-007  -0.250923335E-006   0.000000000E+000
   0.11400931206051457E-007  -0.251458772E-006   0.000000000E+000
   0.11416337869843418E-007  -0.250332363E-006   0.000000000E+000
   0.11431744533635380E-007  -0.249520838E-006   0.000000000E+000
   0.11447151197427341E-007  -0.250704176E-006   0.000000000E+000
   0.11462557861219302E-007  -0.252478230E-006   0.000000000E+000
   0.11477964525011264E-007  -0.252199413E-006   0.000000000E+000
   0.11493371188803225E-007  -0.249955349E-006   0.000000000E+000
   0.11508777852595187E-007  -0.248941689E-006   0.000000000E+000
   0.11524184516387148E-007  -0.250739589E-006   0.000000000E+000
   0.11539591180179110E-007  -0.252568100E-006   0.000000000E+000
   0.11554997843971071E-007  -0.251783973E-006   0.000000000E+000
   0.11570404507763032E-007  -0.250220040E-006   0.000000000E+000
   0.11585811171554994E-007  -0.250590887E-006   0.000000000E+000
   0.11601217835346955E-007  -0.251734690E-006   0.000000000E+000
   0.11616624499138917E-007  -0.251261980E-006   0.000000000E+000
   0.11632031162930878E-007  -0.250057155E-006   0.000000000E+000
   0.11647437826722840E-007  -0.250507355E-006   0.000000000E+000
   0.11662844490514801E-007  -0.252274560E-006   0.000000000E+000
   0.11678251154306762E-007  -0.252760401E-006   0.000000000E+000
   0.11693657818098724E-007  -0.251045464E-006   0.000000000E+000
   0.11709064481890685E-007  -0.249425852E-006   0.000000000E+000
   0.11724471145682647E-007  -0.250290583E-006   0.000000000E+000
   0.11739877809474608E-007  -0.252441680E-006   0.000000000E+000
   0.11755284473266570E-007  -0.252716518E-006   0.000000000E+000
   0.11770691137058531E-007  -0.251044355E-006   0.000000000E+000
   0.11786097800850492E-007  -0.250426439E-006   0.000000000E+000
   0.11801504464642454E-007  -0.251598863E-006   0.000000000E+000
   0.11816911128434415E-007  -0.252027291E-006   0.000000000E+000
   0.11832317792226377E-007  -0.250880163E-006   0.000000000E+000
   0.11847724456018338E-007  -0.250502922E-006   0.000000000E+000
   0.11863131119810300E-007  -0.251971130E-006   0.000000000E+000
   0.11878537783602261E-007  -0.253089013E-006   0.000000000E+000
   0.11893944447394222E-007  -0.252008192E-006   0.000000000E+000
   0.11909351111186184E-007  -0.250149185E-006   0.000000000E+000
   0.11924757774978145E-007  -0.250158678E-006   0.000000000E+000
   0.11940164438770107E-007  -0.252096100E-006   0.000000000E+000
   0.11955571102562068E-007  -0.253227967E-006   0.000000000E+000
   0.11970977766354030E-007  -0.252063643E-006   0.000000000E+000
   0.11986384430145991E-007  -0.250698946E-006   0.000000000E+000
   0.12001791093937952E-007  -0.251281023E-006   0.000000000E+000
   0.12017197757729914E-007  -0.252380175E-006   0.000000000E+000
   0.12032604421521875E-007  -0.251841044E-006   0.000000000E+000
   0.12048011085313837E-007  -0.250857795E-006   0.000000000E+000
   0.12063417749105798E-007  -0.251632940E-006   0.000000000E+000
   0.12078824412897760E-007  -0.253147078E-006   0.000000000E+000
   0.12094231076689721E-007  -0.252850384E-006   0.000000000E+000
   0.12109637740481682E-007  -0.251003769E-006   0.000000000E+000
   0.12125044404273644E-007  -0.250289020E-006   0.000000000E+000
   0.12140451068065605E-007  -0.251764334E-006   0.000000000E+000
   0.12155857731857567E-007  -0.253384599E-006   0.000000000E+000
   0.12171264395649528E-007  -0.252964213E-006   0.000000000E+000
   0.12186671059441490E-007  -0.251363559E-006   0.000000000E+000
   0.12202077723233451E-007  -0.251120696E-006   0.000000000E+000
   0.12217484387025412E-007  -0.252329301E-006   0.000000000E+000
   0.12232891050817374E-007  -0.252629661E-006   0.000000000E+000
   0.12248297714609335E-007  -0.251587096E-006   0.000000000E+000
   0.12263704378401297E-007  -0.251486682E-006   0.000000000E+000
   0.12279111042193258E-007  -0.252921865E-006   0.000000000E+000
   0.12294517705985220E-007  -0.253468443E-006   0.000000000E+000
   0.12309924369777181E-007  -0.251973177E-006   0.000000000E+000
   0.12325331033569142E-007  -0.250648327E-006   0.000000000E+000
   0.12340737697361104E-007  -0.251508055E-006   0.000000000E+000
   0.12356144361153065E-007  -0.253334861E-006   0.000000000E+000
   0.12371551024945027E-007  -0.253630560E-006   0.000000000E+000
   0.12386957688736988E-007  -0.252200948E-006   0.000000000E+000
   0.12402364352528950E-007  -0.251283950E-006   0.000000000E+000
   0.12417771016320911E-007  -0.252114404E-006   0.000000000E+000
   0.12433177680112872E-007  -0.253047006E-006   0.000000000E+000
   0.12448584343904834E-007  -0.252470443E-006   0.000000000E+000
   0.12463991007696795E-007  -0.251725396E-006   0.000000000E+000
   0.12479397671488757E-007  -0.252584812E-006   0.000000000E+000
   0.12494804335280718E-007  -0.253723243E-006   0.000000000E+000
   0.12510210999072680E-007  -0.252952162E-006   0.000000000E+000
   0.12525617662864641E-007  -0.251281335E-006   0.000000000E+000
   0.12541024326656602E-007  -0.251361911E-006   0.000000000E+000
   0.12556430990448564E-007  -0.253143639E-006   0.000000000E+000
   0.12571837654240525E-007  -0.254082153E-006   0.000000000E+000
   0.12587244318032487E-007  -0.253044107E-006   0.000000000E+000
   0.12602650981824448E-007  -0.251726618E-006   0.000000000E+000
   0.12618057645616410E-007  -0.251978662E-006   0.000000000E+000
   0.12633464309408371E-007  -0.253132470E-006   0.000000000E+000
   0.12648870973200332E-007  -0.253224329E-006   0.000000000E+000
   0.12664277636992294E-007  -0.252326345E-006   0.000000000E+000
   0.12679684300784255E-007  -0.252411610E-006   0.000000000E+000
   0.12695090964576217E-007  -0.253624535E-006   0.000000000E+000
   0.12710497628368178E-007  -0.253723840E-006   0.000000000E+000
   0.12725904292160140E-007  -0.252177102E-006   0.000000000E+000
   0.12741310955952101E-007  -0.251441747E-006   0.000000000E+000
   0.12756717619744062E-007  -0.252836429E-006   0.000000000E+000
   0.12772124283536024E-007  -0.254319275E-006   0.000000000E+000
   0.12787530947327985E-007  -0.253838209E-006   0.000000000E+000
   0.12802937611119947E-007  -0.252344108E-006   0.000000000E+000
   0.12818344274911908E-007  -0.252017998E-006   0.000000000E+000
   0.12833750938703870E-007  -0.253062751E-006   0.000000000E+000
   0.12849157602495831E-007  -0.253706872E-006   0.000000000E+000
   0.12864564266287792E-007  -0.253077104E-006   0.000000000E+000
   0.12879970930079754E-007  -0.252575290E-006   0.000000000E+000
   0.12895377593871715E-007  -0.253383149E-006   0.000000000E+000
   0.12910784257663677E-007  -0.254116486E-006   0.000000000E+000
   0.12926190921455638E-007  -0.253159499E-006   0.000000000E+000
   0.12941597585247600E-007  -0.251876060E-006   0.000000000E+000
   0.12957004249039561E-007  -0.252528167E-006   0.000000000E+000
   0.12972410912831522E-007  -0.254289176E-006   0.000000000E+000
   0.12987817576623484E-007  -0.254537326E-006   0.000000000E+000
   0.13003224240415445E-007  -0.253096118E-006   0.000000000E+000
   0.13018630904207407E-007  -0.252221668E-006   0.000000000E+000
   0.13034037567999368E-007  -0.252971063E-006   0.000000000E+000
   0.13049444231791330E-007  -0.253958092E-006   0.000000000E+000
   0.13064850895583291E-007  -0.253764512E-006   0.000000000E+000
   0.13080257559375252E-007  -0.253031061E-006   0.000000000E+000
   0.13095664223167214E-007  -0.253261788E-006   0.000000000E+000
   0.13111070886959175E-007  -0.254165258E-006   0.000000000E+000
   0.13126477550751137E-007  -0.253960906E-006   0.000000000E+000
   0.13141884214543098E-007  -0.252641087E-006   0.000000000E+000
   0.13157290878335060E-007  -0.252438298E-006   0.000000000E+000
   0.13172697542127021E-007  -0.254006949E-006   0.000000000E+000
   0.13188104205918982E-007  -0.255011287E-006   0.000000000E+000
   0.13203510869710944E-007  -0.253965965E-006   0.000000000E+000
   0.13218917533502905E-007  -0.252610818E-006   0.000000000E+000
   0.13234324197294867E-007  -0.252890715E-006   0.000000000E+000
   0.13249730861086828E-007  -0.254059898E-006   0.000000000E+000
   0.13265137524878789E-007  -0.254319389E-006   0.000000000E+000
   0.13280544188670751E-007  -0.253614616E-006   0.000000000E+000
   0.13295950852462712E-007  -0.253374168E-006   0.000000000E+000
   0.13311357516254674E-007  -0.254084227E-006   0.000000000E+000
   0.13326764180046635E-007  -0.254431967E-006   0.000000000E+000
   0.13342170843838597E-007  -0.253511558E-006   0.000000000E+000
   0.13357577507630558E-007  -0.252723964E-006   0.000000000E+000
   0.13372984171422519E-007  -0.253666855E-006   0.000000000E+000
   0.13388390835214481E-007  -0.255128725E-006   0.000000000E+000
   0.13403797499006442E-007  -0.254823078E-006   0.000000000E+000
   0.13419204162798404E-007  -0.253260168E-006   0.000000000E+000
   0.13434610826590365E-007  -0.252874969E-006   0.000000000E+000
   0.13450017490382327E-007  -0.254015220E-006   0.000000000E+000
   0.13465424154174288E-007  -0.254754980E-006   0.000000000E+000
   0.13480830817966249E-007  -0.254232759E-006   0.000000000E+000
   0.13496237481758211E-007  -0.253663444E-006   0.000000000E+000
   0.13511644145550172E-007  -0.254053845E-006   0.000000000E+000
   0.13527050809342134E-007  -0.254647460E-006   0.000000000E+000
   0.13542457473134095E-007  -0.254242053E-006   0.000000000E+000
   0.13557864136926057E-007  -0.253311583E-006   0.000000000E+000
   0.13573270800718018E-007  -0.253534722E-006   0.000000000E+000
   0.13588677464509979E-007  -0.254946173E-006   0.000000000E+000
   0.13604084128301941E-007  -0.255432525E-006   0.000000000E+000
   0.13619490792093902E-007  -0.254138001E-006   0.000000000E+000
   0.13634897455885864E-007  -0.253083670E-006   0.000000000E+000
   0.13650304119677825E-007  -0.253834116E-006   0.000000000E+000
   0.13665710783469787E-007  -0.255011742E-006   0.000000000E+000
   0.13681117447261748E-007  -0.254879041E-006   0.000000000E+000
   0.13696524111053709E-007  -0.254081300E-006   0.000000000E+000
   0.13711930774845671E-007  -0.254100200E-006   0.000000000E+000
   0.13727337438637632E-007  -0.254753814E-006   0.000000000E+000
   0.13742744102429594E-007  -0.254770782E-006   0.000000000E+000
   0.13758150766221555E-007  -0.253982705E-006   0.000000000E+000
   0.13773557430013517E-007  -0.253707640E-006   0.000000000E+000
   0.13788964093805478E-007  -0.254711381E-006   0.000000000E+000
   0.13804370757597439E-007  -0.255675729E-006   0.000000000E+000
   0.13819777421389401E-007  -0.255016261E-006   0.000000000E+000
   0.13835184085181362E-007  -0.253634596E-006   0.000000000E+000
   0.13850590748973324E-007  -0.253683055E-006   0.000000000E+000
   0.13865997412765285E-007  -0.254997332E-006   0.000000000E+000
   0.13881404076557247E-007  -0.255469047E-006   0.000000000E+000
   0.13896810740349208E-007  -0.254666986E-006   0.000000000E+000
   0.13912217404141169E-007  -0.254225256E-006   0.000000000E+000
   0.13927624067933131E-007  -0.254787665E-006   0.000000000E+000
   0.13943030731725092E-007  -0.255162320E-006   0.000000000E+000
   0.13958437395517054E-007  -0.254613980E-006   0.000000000E+000
   0.13973844059309015E-007  -0.254076724E-006   0.000000000E+000
   0.13989250723100977E-007  -0.254621284E-006   0.000000000E+000
   0.14004657386892938E-007  -0.255677264E-006   0.000000000E+000
   0.14020064050684899E-007  -0.255657852E-006   0.000000000E+000
   0.14035470714476861E-007  -0.254416392E-006   0.000000000E+000
   0.14050877378268822E-007  -0.253794525E-006   0.000000000E+000
   0.14066284042060784E-007  -0.254786301E-006   0.000000000E+000
   0.14081690705852745E-007  -0.255815792E-006   0.000000000E+000
   0.14097097369644707E-007  -0.255388272E-006   0.000000000E+000
   0.14112504033436668E-007  -0.254536900E-006   0.000000000E+000
   0.14127910697228629E-007  -0.254751029E-006   0.000000000E+000
   0.14143317361020591E-007  -0.255409446E-006   0.000000000E+000
   0.14158724024812552E-007  -0.255211518E-006   0.000000000E+000
   0.14174130688604514E-007  -0.254541646E-006   0.000000000E+000
   0.14189537352396475E-007  -0.254679833E-006   0.000000000E+000
   0.14204944016188437E-007  -0.255628066E-006   0.000000000E+000
   0.14220350679980398E-007  -0.256037026E-006   0.000000000E+000
   0.14235757343772359E-007  -0.255185455E-006   0.000000000E+000
   0.14251164007564321E-007  -0.254219344E-006   0.000000000E+000
   0.14266570671356282E-007  -0.254625320E-006   0.000000000E+000
   0.14281977335148244E-007  -0.255847226E-006   0.000000000E+000
   0.14297383998940205E-007  -0.256039641E-006   0.000000000E+000
   0.14312790662732167E-007  -0.255112951E-006   0.000000000E+000
   0.14328197326524128E-007  -0.254776950E-006   0.000000000E+000
   0.14343603990316089E-007  -0.255453841E-006   0.000000000E+000
   0.14359010654108051E-007  -0.255728850E-006   0.000000000E+000
   0.14374417317900012E-007  -0.255112440E-006   0.000000000E+000
   0.14389823981691974E-007  -0.254846611E-006   0.000000000E+000
   0.14405230645483935E-007  -0.255584411E-006   0.000000000E+000
   0.14420637309275897E-007  -0.256265338E-006   0.000000000E+000
   0.14436043973067858E-007  -0.255818719E-006   0.000000000E+000
   0.14451450636859819E-007  -0.254804348E-006   0.000000000E+000
   0.14466857300651781E-007  -0.254686540E-006   0.000000000E+000
   0.14482263964443742E-007  -0.255719470E-006   0.000000000E+000
   0.14497670628235704E-007  -0.256427086E-006   0.000000000E+000
   0.14513077292027665E-007  -0.255826961E-006   0.000000000E+000
   0.14528483955819627E-007  -0.255048406E-006   0.000000000E+000
   0.14543890619611588E-007  -0.255374857E-006   0.000000000E+000
   0.14559297283403549E-007  -0.256029182E-006   0.000000000E+000
   0.14574703947195511E-007  -0.255756731E-006   0.000000000E+000
   0.14590110610987472E-007  -0.255179572E-006   0.000000000E+000
   0.14605517274779434E-007  -0.255541607E-006   0.000000000E+000
   0.14620923938571395E-007  -0.256382265E-006   0.000000000E+000
   0.14636330602363357E-007  -0.256342702E-006   0.000000000E+000
   0.14651737266155318E-007  -0.255416495E-006   0.000000000E+000
   0.14667143929947279E-007  -0.254939209E-006   0.000000000E+000
   0.14682550593739241E-007  -0.255632671E-006   0.000000000E+000
   0.14697957257531202E-007  -0.256566750E-006   0.000000000E+000
   0.14713363921323164E-007  -0.256449880E-006   0.000000000E+000
   0.14728770585115125E-007  -0.255575173E-006   0.000000000E+000
   0.14744177248907087E-007  -0.255389836E-006   0.000000000E+000
   0.14759583912699048E-007  -0.256078636E-006   0.000000000E+000
   0.14774990576491009E-007  -0.256304219E-006   0.000000000E+000
   0.14790397240282971E-007  -0.255719499E-006   0.000000000E+000
   0.14805803904074932E-007  -0.255594671E-006   0.000000000E+000
   0.14821210567866894E-007  -0.256362767E-006   0.000000000E+000
   0.14836617231658855E-007  -0.256752230E-006   0.000000000E+000
   0.14852023895450817E-007  -0.256045894E-006   0.000000000E+000
   0.14867430559242778E-007  -0.255302638E-006   0.000000000E+000
   0.14882837223034739E-007  -0.255640515E-006   0.000000000E+000
   0.14898243886826701E-007  -0.256600657E-006   0.000000000E+000
   0.14913650550618662E-007  -0.256884135E-006   0.000000000E+000
   0.14929057214410624E-007  -0.256189367E-006   0.000000000E+000
   0.14944463878202585E-007  -0.255630738E-006   0.000000000E+000
   0.14959870541994547E-007  -0.256035918E-006   0.000000000E+000
   0.14975277205786508E-007  -0.256608189E-006   0.000000000E+000
   0.14990683869578469E-007  -0.256341593E-006   0.000000000E+000
   0.15006090533370431E-007  -0.255874312E-006   0.000000000E+000
   0.15021497197162392E-007  -0.256283130E-006   0.000000000E+000
   0.15036903860954354E-007  -0.256965279E-006   0.000000000E+000
   0.15052310524746315E-007  -0.256668898E-006   0.000000000E+000
   0.15067717188538277E-007  -0.255786375E-006   0.000000000E+000
   0.15083123852330238E-007  -0.255720124E-006   0.000000000E+000
   0.15098530516122199E-007  -0.256597673E-006   0.000000000E+000
   0.15113937179914161E-007  -0.257181171E-006   0.000000000E+000
   0.15129343843706122E-007  -0.256754561E-006   0.000000000E+000
   0.15144750507498084E-007  -0.256041432E-006   0.000000000E+000
   0.15160157171290045E-007  -0.256082501E-006   0.000000000E+000
   0.15175563835082007E-007  -0.256709228E-006   0.000000000E+000
   0.15190970498873968E-007  -0.256848949E-006   0.000000000E+000
   0.15206377162665929E-007  -0.256363336E-006   0.000000000E+000
   0.15221783826457891E-007  -0.256321016E-006   0.000000000E+000
   0.15237190490249852E-007  -0.256979774E-006   0.000000000E+000
   0.15252597154041814E-007  -0.257160792E-006   0.000000000E+000
   0.15268003817833775E-007  -0.256400284E-006   0.000000000E+000
   0.15283410481625737E-007  -0.255919161E-006   0.000000000E+000
   0.15298817145417698E-007  -0.256552568E-006   0.000000000E+000
   0.15314223809209659E-007  -0.257375547E-006   0.000000000E+000
   0.15329630473001621E-007  -0.257258307E-006   0.000000000E+000
   0.15345037136793582E-007  -0.256518405E-006   0.000000000E+000
   0.15360443800585544E-007  -0.256258971E-006   0.000000000E+000
   0.15375850464377505E-007  -0.256753964E-006   0.000000000E+000
   0.15391257128169467E-007  -0.257168580E-006   0.000000000E+000
   0.15406663791961428E-007  -0.256900705E-006   0.000000000E+000
   0.15422070455753389E-007  -0.256573031E-006   0.000000000E+000
   0.15437477119545351E-007  -0.256943423E-006   0.000000000E+000
   0.15452883783337312E-007  -0.257421931E-006   0.000000000E+000
   0.15468290447129274E-007  -0.257033520E-006   0.000000000E+000
   0.15483697110921235E-007  -0.256314166E-006   0.000000000E+000
   0.15499103774713197E-007  -0.256523066E-006   0.000000000E+000
   0.15514510438505158E-007  -0.257434635E-006   0.000000000E+000
   0.15529917102297119E-007  -0.257698417E-006   0.000000000E+000
   0.15545323766089081E-007  -0.257038863E-006   0.000000000E+000
   0.15560730429881042E-007  -0.256523890E-006   0.000000000E+000
   0.15576137093673004E-007  -0.256821778E-006   0.000000000E+000
   0.15591543757464965E-007  -0.257364263E-006   0.000000000E+000
   0.15606950421256927E-007  -0.257358266E-006   0.000000000E+000
   0.15622357085048888E-007  -0.256973323E-006   0.000000000E+000
   0.15637763748840849E-007  -0.257014250E-006   0.000000000E+000
   0.15653170412632811E-007  -0.257506571E-006   0.000000000E+000
   0.15668577076424772E-007  -0.257526949E-006   0.000000000E+000
   0.15683983740216734E-007  -0.256869043E-006   0.000000000E+000
   0.15699390404008695E-007  -0.256637151E-006   0.000000000E+000
   0.15714797067800657E-007  -0.257375348E-006   0.000000000E+000
   0.15730203731592618E-007  -0.258003325E-006   0.000000000E+000
   0.15745610395384579E-007  -0.257600192E-006   0.000000000E+000
   0.15761017059176541E-007  -0.256881322E-006   0.000000000E+000
   0.15776423722968502E-007  -0.256912386E-006   0.000000000E+000
   0.15791830386760464E-007  -0.257496225E-006   0.000000000E+000
   0.15807237050552425E-007  -0.257724679E-006   0.000000000E+000
   0.15822643714344387E-007  -0.257410505E-006   0.000000000E+000
   0.15838050378136348E-007  -0.257224741E-006   0.000000000E+000
   0.15853457041928309E-007  -0.257556678E-006   0.000000000E+000
   0.15868863705720271E-007  -0.257827708E-006   0.000000000E+000
   0.15884270369512232E-007  -0.257436710E-006   0.000000000E+000
   0.15899677033304194E-007  -0.256956753E-006   0.000000000E+000
   0.15915083697096155E-007  -0.257322313E-006   0.000000000E+000
   0.15930490360888117E-007  -0.258117296E-006   0.000000000E+000
   0.15945897024680078E-007  -0.258121275E-006   0.000000000E+000
   0.15961303688472039E-007  -0.257365372E-006   0.000000000E+000
   0.15976710352264001E-007  -0.257054438E-006   0.000000000E+000
   0.15992117016055962E-007  -0.257564295E-006   0.000000000E+000
   0.16007523679847924E-007  -0.258018645E-006   0.000000000E+000
   0.16022930343639885E-007  -0.257842373E-006   0.000000000E+000
   0.16038337007431847E-007  -0.257522629E-006   0.000000000E+000
   0.16053743671223808E-007  -0.257657803E-006   0.000000000E+000
   0.16069150335015769E-007  -0.258005343E-006   0.000000000E+000
   0.16084556998807731E-007  -0.257898705E-006   0.000000000E+000
   0.16099963662599692E-007  -0.257410306E-006   0.000000000E+000
   0.16115370326391654E-007  -0.257405389E-006   0.000000000E+000
   0.16130776990183615E-007  -0.258100783E-006   0.000000000E+000
   0.16146183653975577E-007  -0.258487120E-006   0.000000000E+000
   0.16161590317767538E-007  -0.257936108E-006   0.000000000E+000
   0.16176996981559499E-007  -0.257325894E-006   0.000000000E+000
   0.16192403645351461E-007  -0.257586521E-006   0.000000000E+000
   0.16207810309143422E-007  -0.258212623E-006   0.000000000E+000
   0.16223216972935384E-007  -0.258264720E-006   0.000000000E+000
   0.16238623636727345E-007  -0.257880430E-006   0.000000000E+000
   0.16254030300519307E-007  -0.257812928E-006   0.000000000E+000
   0.16269436964311268E-007  -0.258138670E-006   0.000000000E+000
   0.16284843628103229E-007  -0.258243290E-006   0.000000000E+000
   0.16300250291895191E-007  -0.257880515E-006   0.000000000E+000
   0.16315656955687152E-007  -0.257647827E-006   0.000000000E+000
   0.16331063619479114E-007  -0.258087113E-006   0.000000000E+000
   0.16346470283271075E-007  -0.258666063E-006   0.000000000E+000
   0.16361876947063037E-007  -0.258470379E-006   0.000000000E+000
   0.16377283610854998E-007  -0.257760149E-006   0.000000000E+000
   0.16392690274646959E-007  -0.257653710E-006   0.000000000E+000
   0.16408096938438921E-007  -0.258280323E-006   0.000000000E+000
   0.16423503602230882E-007  -0.258630564E-006   0.000000000E+000
   0.16438910266022844E-007  -0.258305505E-006   0.000000000E+000
   0.16454316929814805E-007  -0.258024073E-006   0.000000000E+000
   0.16469723593606767E-007  -0.258250338E-006   0.000000000E+000
   0.16485130257398728E-007  -0.258506958E-006   0.000000000E+000
   0.16500536921190689E-007  -0.258309626E-006   0.000000000E+000
   0.16515943584982651E-007  -0.257985704E-006   0.000000000E+000
   0.16531350248774612E-007  -0.258163766E-006   0.000000000E+000
   0.16546756912566574E-007  -0.258734531E-006   0.000000000E+000
   0.16562163576358535E-007  -0.258866152E-006   0.000000000E+000
   0.16577570240150497E-007  -0.258285183E-006   0.000000000E+000
   0.16592976903942458E-007  -0.257863576E-006   0.000000000E+000
   0.16608383567734419E-007  -0.258276117E-006   0.000000000E+000
   0.16623790231526381E-007  -0.258864475E-006   0.000000000E+000
   0.16639196895318342E-007  -0.258766278E-006   0.000000000E+000
   0.16654603559110304E-007  -0.258330203E-006   0.000000000E+000
   0.16670010222902265E-007  -0.258353310E-006   0.000000000E+000
   0.16685416886694227E-007  -0.258696929E-006   0.000000000E+000
   0.16700823550486188E-007  -0.258694655E-006   0.000000000E+000
   0.16716230214278149E-007  -0.258363286E-006   0.000000000E+000
   0.16731636878070111E-007  -0.258331482E-006   0.000000000E+000
   0.16747043541862072E-007  -0.258788276E-006   0.000000000E+000
   0.16762450205654034E-007  -0.259119389E-006   0.000000000E+000
   0.16777856869445995E-007  -0.258783643E-006   0.000000000E+000
   0.16793263533237957E-007  -0.258226095E-006   0.000000000E+000
   0.16808670197029918E-007  -0.258315794E-006   0.000000000E+000
   0.16824076860821879E-007  -0.258950394E-006   0.000000000E+000
   0.16839483524613841E-007  -0.259168900E-006   0.000000000E+000
   0.16854890188405802E-007  -0.258748599E-006   0.000000000E+000
   0.16870296852197764E-007  -0.258506304E-006   0.000000000E+000
   0.16885703515989725E-007  -0.258805017E-006   0.000000000E+000
   0.16901110179781687E-007  -0.259018378E-006   0.000000000E+000
   0.16916516843573648E-007  -0.258768580E-006   0.000000000E+000
   0.16931923507365609E-007  -0.258566502E-006   0.000000000E+000
   0.16947330171157571E-007  -0.258865924E-006   0.000000000E+000
   0.16962736834949532E-007  -0.259287873E-006   0.000000000E+000
   0.16978143498741494E-007  -0.259192461E-006   0.000000000E+000
   0.16993550162533455E-007  -0.258664215E-006   0.000000000E+000
   0.17008956826325417E-007  -0.258477883E-006   0.000000000E+000
   0.17024363490117378E-007  -0.258966651E-006   0.000000000E+000
   0.17039770153909339E-007  -0.259431715E-006   0.000000000E+000
   0.17055176817701301E-007  -0.259214801E-006   0.000000000E+000
   0.17070583481493262E-007  -0.258780091E-006   0.000000000E+000
   0.17085990145285224E-007  -0.258874053E-006   0.000000000E+000
   0.17101396809077185E-007  -0.259235463E-006   0.000000000E+000
   0.17116803472869146E-007  -0.259180240E-006   0.000000000E+000
   0.17132210136661108E-007  -0.258875815E-006   0.000000000E+000
   0.17147616800453069E-007  -0.258971426E-006   0.000000000E+000
   0.17163023464245031E-007  -0.259408694E-006   0.000000000E+000
   0.17178430128036992E-007  -0.259519169E-006   0.000000000E+000
   0.17193836791828954E-007  -0.259101625E-006   0.000000000E+000
   0.17209243455620915E-007  -0.258750759E-006   0.000000000E+000
   0.17224650119412876E-007  -0.259014342E-006   0.000000000E+000
   0.17240056783204838E-007  -0.259562711E-006   0.000000000E+000
   0.17255463446996799E-007  -0.259621629E-006   0.000000000E+000
   0.17270870110788761E-007  -0.259174953E-006   0.000000000E+000
   0.17286276774580722E-007  -0.258999478E-006   0.000000000E+000
   0.17301683438372684E-007  -0.259339117E-006   0.000000000E+000
   0.17317090102164645E-007  -0.259529713E-006   0.000000000E+000
   0.17332496765956606E-007  -0.259264908E-006   0.000000000E+000
   0.17347903429748568E-007  -0.259135334E-006   0.000000000E+000
   0.17363310093540529E-007  -0.259486939E-006   0.000000000E+000
   0.17378716757332491E-007  -0.259775760E-006   0.000000000E+000
   0.17394123421124452E-007  -0.259516440E-006   0.000000000E+000
   0.17409530084916414E-007  -0.259084487E-006   0.000000000E+000
   0.17424936748708375E-007  -0.259133628E-006   0.000000000E+000
   0.17440343412500336E-007  -0.259636550E-006   0.000000000E+000
   0.17455750076292298E-007  -0.259913435E-006   0.000000000E+000
   0.17471156740084259E-007  -0.259609095E-006   0.000000000E+000
   0.17486563403876221E-007  -0.259246235E-006   0.000000000E+000
   0.17501970067668182E-007  -0.259403066E-006   0.000000000E+000
   0.17517376731460144E-007  -0.259753591E-006   0.000000000E+000
   0.17532783395252105E-007  -0.259678586E-006   0.000000000E+000
   0.17548190059044066E-007  -0.259405653E-006   0.000000000E+000
   0.17563596722836028E-007  -0.259554753E-006   0.000000000E+000
   0.17579003386627989E-007  -0.259943988E-006   0.000000000E+000
   0.17594410050419951E-007  -0.259900560E-006   0.000000000E+000
   0.17609816714211912E-007  -0.259459853E-006   0.000000000E+000
   0.17625223378003874E-007  -0.259312571E-006   0.000000000E+000
   0.17640630041795835E-007  -0.259708941E-006   0.000000000E+000
   0.17656036705587796E-007  -0.260113808E-006   0.000000000E+000
   0.17671443369379758E-007  -0.259999780E-006   0.000000000E+000
   0.17686850033171719E-007  -0.259590053E-006   0.000000000E+000
   0.17702256696963681E-007  -0.259523546E-006   0.000000000E+000
   0.17717663360755642E-007  -0.259868784E-006   0.000000000E+000
   0.17733070024547604E-007  -0.260022745E-006   0.000000000E+000
   0.17748476688339565E-007  -0.259774623E-006   0.000000000E+000
   0.17763883352131526E-007  -0.259687823E-006   0.000000000E+000
   0.17779290015923488E-007  -0.260026098E-006   0.000000000E+000
   0.17794696679715449E-007  -0.260211067E-006   0.000000000E+000
   0.17810103343507411E-007  -0.259874099E-006   0.000000000E+000
   0.17825510007299372E-007  -0.259553019E-006   0.000000000E+000
   0.17840916671091334E-007  -0.259788266E-006   0.000000000E+000
   0.17856323334883295E-007  -0.260260265E-006   0.000000000E+000
   0.17871729998675256E-007  -0.260328108E-006   0.000000000E+000
   0.17887136662467218E-007  -0.259964111E-006   0.000000000E+000
   0.17902543326259179E-007  -0.259732815E-006   0.000000000E+000
   0.17917949990051141E-007  -0.259956693E-006   0.000000000E+000
   0.17933356653843102E-007  -0.260252477E-006   0.000000000E+000
   0.17948763317635064E-007  -0.260160903E-006   0.000000000E+000
   0.17964169981427025E-007  -0.259936513E-006   0.000000000E+000
   0.17979576645218986E-007  -0.260090502E-006   0.000000000E+000
   0.17994983309010948E-007  -0.260404363E-006   0.000000000E+000
   0.18010389972802909E-007  -0.260282235E-006   0.000000000E+000
   0.18025796636594871E-007  -0.259879698E-006   0.000000000E+000
   0.18041203300386832E-007  -0.259891408E-006   0.000000000E+000
   0.18056609964178794E-007  -0.260355989E-006   0.000000000E+000
   0.18072016627970755E-007  -0.260604367E-006   0.000000000E+000
   0.18087423291762716E-007  -0.260335554E-006   0.000000000E+000
   0.18102829955554678E-007  -0.260002253E-006   0.000000000E+000
   0.18118236619346639E-007  -0.260077371E-006   0.000000000E+000
   0.18133643283138601E-007  -0.260403851E-006   0.000000000E+000
   0.18149049946930562E-007  -0.260485393E-006   0.000000000E+000
   0.18164456610722524E-007  -0.260267655E-006   0.000000000E+000
   0.18179863274514485E-007  -0.260223374E-006   0.000000000E+000
   0.18195269938306446E-007  -0.260505516E-006   0.000000000E+000
   0.18210676602098408E-007  -0.260606868E-006   0.000000000E+000
   0.18226083265890369E-007  -0.260276948E-006   0.000000000E+000
   0.18241489929682331E-007  -0.260070806E-006   0.000000000E+000
   0.18256896593474292E-007  -0.260408200E-006   0.000000000E+000
   0.18272303257266254E-007  -0.260811532E-006   0.000000000E+000
   0.18287709921058215E-007  -0.260701654E-006   0.000000000E+000
   0.18303116584850176E-007  -0.260311282E-006   0.000000000E+000
   0.18318523248642138E-007  -0.260234714E-006   0.000000000E+000
   0.18333929912434099E-007  -0.260529049E-006   0.000000000E+000
   0.18349336576226061E-007  -0.260736130E-006   0.000000000E+000
   0.18364743240018022E-007  -0.260607521E-006   0.000000000E+000
   0.18380149903809984E-007  -0.260447905E-006   0.000000000E+000
   0.18395556567601945E-007  -0.260597119E-006   0.000000000E+000
   0.18410963231393906E-007  -0.260816819E-006   0.000000000E+000
   0.18426369895185868E-007  -0.260667974E-006   0.000000000E+000
   0.18441776558977829E-007  -0.260358149E-006   0.000000000E+000
   0.18457183222769791E-007  -0.260474337E-006   0.000000000E+000
   0.18472589886561752E-007  -0.260926441E-006   0.000000000E+000
   0.18487996550353714E-007  -0.261033875E-006   0.000000000E+000
   0.18503403214145675E-007  -0.260667491E-006   0.000000000E+000
   0.18518809877937636E-007  -0.260427782E-006   0.000000000E+000
   0.18534216541729598E-007  -0.260641912E-006   0.000000000E+000
   0.18549623205521559E-007  -0.260938265E-006   0.000000000E+000
   0.18565029869313521E-007  -0.260918796E-006   0.000000000E+000
   0.18580436533105482E-007  -0.260724420E-006   0.000000000E+000
   0.18595843196897444E-007  -0.260737465E-006   0.000000000E+000
   0.18611249860689405E-007  -0.260956540E-006   0.000000000E+000
   0.18626656524481366E-007  -0.260982034E-006   0.000000000E+000
   0.18642063188273328E-007  -0.260712739E-006   0.000000000E+000
   0.18657469852065289E-007  -0.260624319E-006   0.000000000E+000
   0.18672876515857251E-007  -0.260979618E-006   0.000000000E+000
   0.18688283179649212E-007  -0.261277421E-006   0.000000000E+000
   0.18703689843441174E-007  -0.261053884E-006   0.000000000E+000
   0.18719096507233135E-007  -0.260685169E-006   0.000000000E+000
   0.18734503171025096E-007  -0.260747100E-006   0.000000000E+000
   0.18749909834817058E-007  -0.261094527E-006   0.000000000E+000
   0.18765316498609019E-007  -0.261203610E-006   0.000000000E+000
   0.18780723162400981E-007  -0.261019238E-006   0.000000000E+000
   0.18796129826192942E-007  -0.260925503E-006   0.000000000E+000
   0.18811536489984904E-007  -0.261085802E-006   0.000000000E+000
   0.18826943153776865E-007  -0.261214439E-006   0.000000000E+000
   0.18842349817568826E-007  -0.261059085E-006   0.000000000E+000
   0.18857756481360788E-007  -0.260869655E-006   0.000000000E+000
   0.18873163145152749E-007  -0.261048541E-006   0.000000000E+000
   0.18888569808944711E-007  -0.261416744E-006   0.000000000E+000
   0.18903976472736672E-007  -0.261406058E-006   0.000000000E+000
   0.18919383136528634E-007  -0.261022336E-006   0.000000000E+000
   0.18934789800320595E-007  -0.260884917E-006   0.000000000E+000
   0.18950196464112556E-007  -0.261195225E-006   0.000000000E+000
   0.18965603127904518E-007  -0.261450225E-006   0.000000000E+000
   0.18981009791696479E-007  -0.261330285E-006   0.000000000E+000
   0.18996416455488441E-007  -0.261146312E-006   0.000000000E+000
   0.19011823119280402E-007  -0.261223846E-006   0.000000000E+000
   0.19027229783072364E-007  -0.261400714E-006   0.000000000E+000
   0.19042636446864325E-007  -0.261359219E-006   0.000000000E+000
   0.19058043110656286E-007  -0.261162427E-006   0.000000000E+000
   0.19073449774448248E-007  -0.261185249E-006   0.000000000E+000
   0.19088856438240209E-007  -0.261502407E-006   0.000000000E+000
   0.19104263102032171E-007  -0.261667651E-006   0.000000000E+000
   0.19119669765824132E-007  -0.261396224E-006   0.000000000E+000
   0.19135076429616094E-007  -0.261105242E-006   0.000000000E+000
   0.19150483093408055E-007  -0.261268866E-006   0.000000000E+000
   0.19165889757200016E-007  -0.261624848E-006   0.000000000E+000
   0.19181296420991978E-007  -0.261645113E-006   0.000000000E+000
   0.19196703084783939E-007  -0.261410605E-006   0.000000000E+000
   0.19212109748575901E-007  -0.261370957E-006   0.000000000E+000
   0.19227516412367862E-007  -0.261557432E-006   0.000000000E+000
   0.19242923076159824E-007  -0.261619647E-006   0.000000000E+000
   0.19258329739951785E-007  -0.261459860E-006   0.000000000E+000
   0.19273736403743746E-007  -0.261381956E-006   0.000000000E+000
   0.19289143067535708E-007  -0.261596881E-006   0.000000000E+000
   0.19304549731327669E-007  -0.261844150E-006   0.000000000E+000
   0.19319956395119631E-007  -0.261736801E-006   0.000000000E+000
   0.19335363058911592E-007  -0.261407365E-006   0.000000000E+000
   0.19350769722703554E-007  -0.261379967E-006   0.000000000E+000
   0.19366176386495515E-007  -0.261723727E-006   0.000000000E+000
   0.19381583050287476E-007  -0.261916256E-006   0.000000000E+000
   0.19396989714079438E-007  -0.261723983E-006   0.000000000E+000
   0.19412396377871399E-007  -0.261551094E-006   0.000000000E+000
   0.19427803041663361E-007  -0.261683141E-006   0.000000000E+000
   0.19443209705455322E-007  -0.261842189E-006   0.000000000E+000
   0.19458616369247284E-007  -0.261753286E-006   0.000000000E+000
   0.19474023033039245E-007  -0.261612882E-006   0.000000000E+000
   0.19489429696831206E-007  -0.261721937E-006   0.000000000E+000
   0.19504836360623168E-007  -0.261979523E-006   0.000000000E+000
   0.19520243024415129E-007  -0.262010872E-006   0.000000000E+000
   0.19535649688207091E-007  -0.261739046E-006   0.000000000E+000
   0.19551056351999052E-007  -0.261568232E-006   0.000000000E+000
   0.19566463015791014E-007  -0.261796231E-006   0.000000000E+000
   0.19581869679582975E-007  -0.262104010E-006   0.000000000E+000
   0.19597276343374936E-007  -0.262048530E-006   0.000000000E+000
   0.19612683007166898E-007  -0.261796373E-006   0.000000000E+000
   0.19628089670958859E-007  -0.261800352E-006   0.000000000E+000
   0.19643496334750821E-007  -0.262010133E-006   0.000000000E+000
   0.19658902998542782E-007  -0.262035485E-006   0.000000000E+000
   0.19674309662334744E-007  -0.261873481E-006   0.000000000E+000
   0.19689716326126705E-007  -0.261872714E-006   0.000000000E+000
   0.19705122989918666E-007  -0.262101622E-006   0.000000000E+000
   0.19720529653710628E-007  -0.262231140E-006   0.000000000E+000
   0.19735936317502589E-007  -0.262053021E-006   0.000000000E+000
   0.19751342981294551E-007  -0.261818457E-006   0.000000000E+000
   0.19766749645086512E-007  -0.261900738E-006   0.000000000E+000
   0.19782156308878474E-007  -0.262221334E-006   0.000000000E+000
   0.19797562972670435E-007  -0.262325813E-006   0.000000000E+000
   0.19812969636462396E-007  -0.262099775E-006   0.000000000E+000
   0.19828376300254358E-007  -0.261958121E-006   0.000000000E+000
   0.19843782964046319E-007  -0.262125440E-006   0.000000000E+000
   0.19859189627838281E-007  -0.262274881E-006   0.000000000E+000
   0.19874596291630242E-007  -0.262163098E-006   0.000000000E+000
   0.19890002955422204E-007  -0.262058194E-006   0.000000000E+000
   0.19905409619214165E-007  -0.262214854E-006   0.000000000E+000
   0.19920816283006126E-007  -0.262413067E-006   0.000000000E+000
   0.19936222946798088E-007  -0.262338290E-006   0.000000000E+000
   0.19951629610590049E-007  -0.262094602E-006   0.000000000E+000
   0.19967036274382011E-007  -0.262055636E-006   0.000000000E+000
   0.19982442938173972E-007  -0.262316433E-006   0.000000000E+000
   0.19997849601965934E-007  -0.262531074E-006   0.000000000E+000
