t              pw-in-box.fdtd_before_Ex_3_3_1.dat       incid
   0.00000000000000000E+000   0.000000000E+000   0.000000000E+000
   0.15406663791961428E-010   0.000000000E+000   0.000000000E+000
   0.30813327583922856E-010   0.000000000E+000   0.000000000E+000
   0.46219991375884284E-010   0.000000000E+000   0.000000000E+000
   0.61626655167845712E-010   0.000000000E+000   0.000000000E+000
   0.77033318959807140E-010   0.000000000E+000   0.000000000E+000
   0.92439982751768568E-010   0.000000000E+000   0.000000000E+000
   0.10784664654373000E-009   0.000000000E+000   0.000000000E+000
   0.12325331033569142E-009   0.000000000E+000   0.126359132E-037
   0.13865997412765285E-009   0.000000000E+000   0.581523897E-037
   0.15406663791961428E-009   0.000000000E+000   0.268766108E-036
   0.16947330171157571E-009   0.000000000E+000   0.121804844E-035
   0.18487996550353714E-009   0.000000000E+000   0.541335166E-035
   0.20028662929549856E-009   0.000000000E+000   0.237355742E-034
   0.21569329308745999E-009   0.000000000E+000   0.102665266E-033
   0.23109995687942142E-009   0.254310605E-035   0.438063582E-033
   0.24650662067138285E-009   0.144281801E-034   0.184409074E-032
   0.26191328446334428E-009   0.607481820E-034   0.765806358E-032
   0.27731994825530570E-009   0.252046606E-033   0.313722574E-031
   0.29272661204726713E-009   0.401745582E-033   0.126795121E-030
   0.30813327583922856E-009   0.912204004E-033   0.505534135E-030
   0.32353993963118999E-009   0.354866022E-032   0.198834399E-029
   0.33894660342315142E-009   0.146440912E-031   0.771542582E-029
   0.35435326721511284E-009   0.576125651E-031   0.295338619E-028
   0.36975993100707427E-009   0.220815673E-030   0.111525548E-027
   0.38516659479903570E-009   0.834156558E-030   0.415484093E-027
   0.40057325859099713E-009   0.310883875E-029   0.152695815E-026
   0.41597992238295856E-009   0.114295757E-028   0.553596468E-026
   0.43138658617491998E-009   0.414457024E-028   0.198009495E-025
   0.44679324996688141E-009   0.148194002E-027   0.698666925E-025
   0.46219991375884284E-009   0.522629209E-027   0.243192628E-024
   0.47760657755080427E-009   0.181793573E-026   0.835129471E-024
   0.49301324134276570E-009   0.623519088E-026   0.282912007E-023
   0.50841990513472712E-009   0.210920529E-025   0.945465099E-023
   0.52382656892668855E-009   0.703698194E-025   0.311717787E-022
   0.53923323271864998E-009   0.231506172E-024   0.101384063E-021
   0.55463989651061141E-009   0.751102472E-024   0.325293194E-021
   0.57004656030257284E-009   0.240341463E-023   0.102968123E-020
   0.58545322409453426E-009   0.758283000E-023   0.321532677E-020
   0.60085988788649569E-009   0.235941355E-022   0.990474790E-020
   0.61626655167845712E-009   0.724029665E-022   0.301011413E-019
   0.63167321547041855E-009   0.219060691E-021   0.902438668E-019
   0.64707987926237998E-009   0.653616067E-021   0.266900268E-018
   0.66248654305434140E-009   0.192329428E-020   0.778754047E-018
   0.67789320684630283E-009   0.557978600E-020   0.224154469E-017
   0.69329987063826426E-009   0.159627586E-019   0.636490087E-017
   0.70870653443022569E-009   0.450343363E-019   0.178301395E-016
   0.72411319822218712E-009   0.125258719E-018   0.492735940E-016
   0.73951986201414854E-009   0.343543928E-018   0.134329499E-015
   0.75492652580610997E-009   0.929167433E-018   0.361280701E-015
   0.77033318959807140E-009   0.247743778E-017   0.958557540E-015
   0.78573985339003283E-009   0.651290788E-017   0.250892832E-014
   0.80114651718199426E-009   0.168837622E-016   0.647850820E-014
   0.81655318097395568E-009   0.431468459E-016   0.165028073E-013
   0.83195984476591711E-009   0.108714270E-015   0.414707839E-013
   0.84736650855787854E-009   0.270085587E-015   0.102810969E-012
   0.86277317234983997E-009   0.661421665E-015   0.251441825E-012
   0.87817983614180140E-009   0.159686992E-014   0.606643154E-012
   0.89358649993376282E-009   0.380126194E-014   0.144391779E-011
   0.90899316372572425E-009   0.891867502E-014   0.339040449E-011
   0.92439982751768568E-009   0.206282558E-013   0.785346874E-011
   0.93980649130964711E-009   0.470354821E-013   0.179466181E-010
   0.95521315510160854E-009   0.105706561E-012   0.404579703E-010
   0.97061981889356996E-009   0.234166338E-012   0.899757768E-010
   0.98602648268553139E-009   0.511386614E-012   0.197405800E-009
   0.10014331464774928E-008   0.110066535E-011   0.427261476E-009
   0.10168398102694542E-008   0.233481962E-011   0.912279863E-009
   0.10322464740614157E-008   0.488176079E-011   0.192165017E-008
   0.10476531378533771E-008   0.100577290E-010   0.399321598E-008
   0.10630598016453385E-008   0.204213244E-010   0.818592305E-008
   0.10784664654373000E-008   0.408640032E-010   0.165548730E-007
   0.10938731292292614E-008   0.805660122E-010   0.330281686E-007
   0.11092797930212228E-008   0.156520824E-009   0.650046346E-007
   0.11246864568131842E-008   0.299666070E-009   0.126216037E-006
   0.11400931206051457E-008   0.565263614E-009   0.241760603E-006
   0.11554997843971071E-008   0.105032960E-008   0.456833703E-006
   0.11709064481890685E-008   0.192295690E-008   0.851609229E-006
   0.11863131119810300E-008   0.346775275E-008   0.156611532E-005
   0.12017197757729914E-008   0.616001650E-008   0.284124735E-005
   0.12171264395649528E-008   0.107787734E-007   0.508512312E-005
   0.12325331033569142E-008   0.185730187E-007   0.897840255E-005
   0.12479397671488757E-008   0.315185389E-007   0.156385722E-004
   0.12633464309408371E-008   0.526811945E-007   0.268722088E-004
   0.12787530947327985E-008   0.867011281E-007   0.455524241E-004
   0.12941597585247600E-008   0.140481461E-006   0.761767005E-004
   0.13095664223167214E-008   0.224082513E-006   0.125672595E-003
   0.13249730861086828E-008   0.351827907E-006   0.204531927E-003
   0.13403797499006442E-008   0.543745841E-006   0.328384747E-003
   0.13557864136926057E-008   0.827125632E-006   0.520131842E-003
   0.13711930774845671E-008   0.123783673E-005   0.812730286E-003
   0.13865997412765285E-008   0.182257645E-005   0.125280581E-002
   0.14020064050684899E-008   0.264052164E-005   0.190513756E-002
   0.14174130688604514E-008   0.376304047E-005   0.285806204E-002
   0.14328197326524128E-008   0.527343809E-005   0.422980357E-002
   0.14482263964443742E-008   0.726635608E-005   0.617553992E-002
   0.14636330602363357E-008   0.984024518E-005   0.889472663E-002
   0.14790397240282971E-008   0.130928483E-004   0.126384487E-001
   0.14944463878202585E-008   0.171226293E-004   0.177157540E-001
   0.15098530516122199E-008   0.219949325E-004   0.244979486E-001
   0.15252597154041814E-008   0.277404652E-004   0.334198438E-001
   0.15406663791961428E-008   0.343440297E-004   0.449761823E-001
   0.15560730429881042E-008   0.417109986E-004   0.597125962E-001
   0.15714797067800657E-008   0.496926914E-004   0.782081857E-001
   0.15868863705720271E-008   0.580349115E-004   0.101051666E+000
   0.16022930343639885E-008   0.663462270E-004   0.128806666E+000
   0.16176996981559499E-008   0.741781769E-004   0.161970988E+000
   0.16331063619479114E-008   0.810180718E-004   0.200927749E+000
   0.16485130257398728E-008   0.864012691E-004   0.245893583E+000
   0.16639196895318342E-008   0.897330174E-004   0.296864659E+000
   0.16793263533237957E-008   0.905198031E-004   0.353569090E+000
   0.16947330171157571E-008   0.882929016E-004   0.415426254E+000
   0.17101396809077185E-008   0.828163902E-004   0.481524229E+000
   0.17255463446996799E-008   0.739403404E-004   0.550612628E+000
   0.17409530084916414E-008   0.615816098E-004   0.621123850E+000
   0.17563596722836028E-008   0.458413888E-004   0.691216946E+000
   0.17717663360755642E-008   0.271617846E-004   0.758847296E+000
   0.17871729998675256E-008   0.617170190E-005   0.821861863E+000
   0.18025796636594871E-008  -0.164752291E-004   0.878107071E+000
   0.18179863274514485E-008  -0.401681027E-004   0.925550580E+000
   0.18333929912434099E-008  -0.641763982E-004   0.962402999E+000
   0.18487996550353714E-008  -0.877211860E-004   0.987229288E+000
   0.18642063188273328E-008  -0.110237081E-003   0.999040365E+000
   0.18796129826192942E-008  -0.131192181E-003   0.997360647E+000
   0.18950196464112556E-008  -0.149877014E-003   0.982258260E+000
   0.19104263102032171E-008  -0.165576697E-003   0.954339802E+000
   0.19258329739951785E-008  -0.177462745E-003   0.914712548E+000
   0.19412396377871399E-008  -0.184975695E-003   0.864909053E+000
   0.19566463015791014E-008  -0.187752157E-003   0.806789398E+000
   0.19720529653710628E-008  -0.185830126E-003   0.742427707E+000
   0.19874596291630242E-008  -0.178580332E-003   0.673988223E+000
   0.20028662929549856E-008  -0.166051206E-003   0.603607237E+000
   0.20182729567469471E-008  -0.148349936E-003   0.533286810E+000
   0.20336796205389085E-008  -0.126649640E-003   0.464805514E+000
   0.20490862843308699E-008  -0.101658843E-003   0.399655551E+000
   0.20644929481228314E-008  -0.743571218E-004   0.339003861E+000
   0.20798996119147928E-008  -0.463051838E-004   0.283679128E+000
   0.20953062757067542E-008  -0.183683169E-004   0.234182477E+000
   0.21107129394987156E-008   0.810527854E-005   0.190715298E+000
   0.21261196032906771E-008   0.322557826E-004   0.153221801E+000
   0.21415262670826385E-008   0.528195014E-004   0.121439524E+000
   0.21569329308745999E-008   0.690679881E-004   0.949518830E-001
   0.21723395946665613E-008   0.805417658E-004   0.732404292E-001
   0.21877462584585228E-008   0.876230697E-004   0.557317697E-001
   0.22031529222504842E-008   0.907648937E-004   0.418368280E-001
   0.22185595860424456E-008   0.905632114E-004   0.309826303E-001
   0.22339662498344071E-008   0.876337654E-004   0.226351190E-001
   0.22493729136263685E-008   0.824630697E-004   0.163136479E-001
   0.22647795774183299E-008   0.757368980E-004   0.115990592E-001
   0.22801862412102913E-008   0.681209131E-004   0.813579094E-002
   0.22955929050022528E-008   0.602302462E-004   0.562963868E-002
   0.23109995687942142E-008   0.524885618E-004   0.384294731E-002
   0.23264062325861756E-008   0.451882443E-004   0.258793868E-002
   0.23418128963781371E-008   0.384515006E-004   0.171928189E-002
   0.23572195601700985E-008   0.323478926E-004   0.112679054E-002
   0.23726262239620599E-008   0.269741504E-004   0.728526444E-003
   0.23880328877540213E-008   0.223888310E-004   0.464676588E-003
   0.24034395515459828E-008   0.185203280E-004   0.292389625E-003
   0.24188462153379442E-008   0.152023240E-004   0.181498792E-003
   0.24342528791299056E-008   0.123334830E-004   0.111146226E-003
   0.24496595429218671E-008   0.990423268E-005   0.671447342E-004
   0.24650662067138285E-008   0.789560727E-005   0.400165191E-004
   0.24804728705057899E-008   0.623685310E-005   0.235271636E-004
   0.24958795342977513E-008   0.486275758E-005   0.136458948E-004
   0.25112861980897128E-008   0.374435376E-005   0.780804021E-005
   0.25266928618816742E-008   0.286207660E-005   0.440742224E-005
   0.25420995256736356E-008   0.217560637E-005   0.245432966E-005
   0.25575061894655970E-008   0.162281208E-005   0.134828554E-005
   0.25729128532575585E-008   0.115805528E-005   0.730702766E-006
   0.25883195170495199E-008   0.791312118E-006   0.390655060E-006
   0.26037261808414813E-008   0.552026165E-006   0.206045371E-006
   0.26191328446334428E-008   0.412336533E-006   0.107207761E-006
   0.26345395084254042E-008   0.299507832E-006   0.550294068E-007
   0.26499461722173656E-008   0.184388924E-006   0.278658892E-007
   0.26653528360093270E-008   0.966309770E-007   0.139204319E-007
   0.26807594998012885E-008   0.535239799E-007   0.686021639E-008
   0.26961661635932499E-008   0.327192033E-007   0.333521721E-008
   0.27115728273852113E-008   0.145057069E-007   0.159963509E-008
   0.27269794911771728E-008   0.256478039E-008   0.756848473E-009
   0.27423861549691342E-008   0.790599919E-009   0.353278545E-009
   0.27577928187610956E-008  -0.680336454E-009   0.162673583E-009
   0.27731994825530570E-008  -0.128048665E-007   0.738961184E-010
   0.27886061463450185E-008  -0.307469783E-007   0.331160030E-010
   0.28040128101369799E-008  -0.348133469E-007   0.146404659E-010
   0.28194194739289413E-008  -0.167703966E-007   0.638523262E-011
   0.28348261377209028E-008   0.112263443E-008   0.274726509E-011
   0.28502328015128642E-008  -0.576751713E-008   0.116609868E-011
   0.28656394653048256E-008  -0.264839777E-007   0.488268117E-012
   0.28810461290967870E-008  -0.328226797E-007   0.201699985E-012
   0.28964527928887485E-008  -0.229393180E-007   0.821943628E-013
   0.29118594566807099E-008  -0.151281192E-007   0.330436633E-013
   0.29272661204726713E-008  -0.132923068E-007   0.131050041E-013
   0.29426727842646327E-008  -0.102216458E-007   0.512733014E-014
   0.29580794480565942E-008  -0.101764499E-007   0.197898957E-014
   0.29734861118485556E-008  -0.200969446E-007   0.753548409E-015
   0.29888927756405170E-008  -0.309124211E-007   0.283063482E-015
   0.30042994394324785E-008  -0.286480386E-007   0.104891855E-015
   0.30197061032244399E-008  -0.147794710E-007   0.383467532E-016
   0.30351127670164013E-008  -0.363397046E-008   0.138293316E-016
   0.30505194308083627E-008  -0.629701891E-008   0.492021049E-017
   0.30659260946003242E-008  -0.202362589E-007   0.172691334E-017
   0.30813327583922856E-008  -0.308310355E-007   0.597955061E-018
   0.30967394221842470E-008  -0.273848819E-007   0.204243740E-018
   0.31121460859762085E-008  -0.173317929E-007   0.688265387E-019
   0.31275527497681699E-008  -0.133242732E-007   0.228805557E-019
   0.31429594135601313E-008  -0.127535564E-007   0.750341834E-020
   0.31583660773520927E-008  -0.956503943E-008   0.242764706E-020
   0.31737727411440542E-008  -0.135992142E-007   0.774808781E-021
   0.31891794049360156E-008  -0.300727194E-007   0.243956939E-021
   0.32045860687279770E-008  -0.373495759E-007   0.757771203E-022
   0.32199927325199384E-008  -0.194467855E-007   0.232206303E-022
   0.32353993963118999E-008   0.518618037E-009   0.701921728E-023
   0.32508060601038613E-008  -0.464552530E-008   0.209335305E-023
   0.32662127238958227E-008  -0.230309478E-007   0.615862082E-024
   0.32816193876877842E-008  -0.292056246E-007   0.178735383E-024
   0.32970260514797456E-008  -0.239472993E-007   0.511772126E-025
   0.33124327152717070E-008  -0.199268548E-007   0.144551304E-025
   0.33278393790636684E-008  -0.173491799E-007   0.402788103E-026
   0.33432460428556299E-008  -0.135257263E-007   0.110723504E-026
   0.33586527066475913E-008  -0.115229710E-007   0.300271208E-027
   0.33740593704395527E-008  -0.133276048E-007   0.803273843E-028
   0.33894660342315142E-008  -0.209289581E-007   0.212009994E-028
   0.34048726980234756E-008  -0.325409530E-007   0.551994167E-029
   0.34202793618154370E-008  -0.319144249E-007   0.141773759E-029
   0.34356860256073984E-008  -0.106792459E-007   0.359254231E-030
   0.34510926893993599E-008   0.430634017E-008   0.898015265E-031
   0.34664993531913213E-008  -0.117381145E-007   0.221449162E-031
   0.34819060169832827E-008  -0.348318849E-007   0.538735600E-032
   0.34973126807752442E-008  -0.316013171E-007   0.129296720E-032
   0.35127193445672056E-008  -0.152123167E-007   0.306105846E-033
   0.35281260083591670E-008  -0.132929872E-007   0.714997251E-034
   0.35435326721511284E-008  -0.189153795E-007   0.164747844E-034
   0.35589393359430899E-008  -0.158758233E-007   0.374476491E-035
   0.35743459997350513E-008  -0.119207524E-007   0.844646752E-036
   0.35897526635270127E-008  -0.175797972E-007   0.187973046E-036
   0.36051593273189741E-008  -0.270646368E-007   0.412730098E-037
   0.36205659911109356E-008  -0.304668717E-007   0.000000000E+000
   0.36359726549028970E-008  -0.215840785E-007   0.000000000E+000
   0.36513793186948584E-008  -0.464022065E-008   0.000000000E+000
   0.36667859824868199E-008  -0.138179579E-008   0.000000000E+000
   0.36821926462787813E-008  -0.221053291E-007   0.000000000E+000
   0.36975993100707427E-008  -0.384372605E-007   0.000000000E+000
   0.37130059738627041E-008  -0.259735593E-007   0.000000000E+000
   0.37284126376546656E-008  -0.804143596E-008   0.000000000E+000
   0.37438193014466270E-008  -0.119038610E-007   0.000000000E+000
   0.37592259652385884E-008  -0.216438654E-007   0.000000000E+000
   0.37746326290305499E-008  -0.171332868E-007   0.000000000E+000
   0.37900392928225113E-008  -0.123786705E-007   0.000000000E+000
   0.38054459566144727E-008  -0.211991313E-007   0.000000000E+000
   0.38208526204064341E-008  -0.299733394E-007   0.000000000E+000
   0.38362592841983956E-008  -0.246608103E-007   0.000000000E+000
   0.38516659479903570E-008  -0.108599449E-007   0.000000000E+000
   0.38670726117823184E-008  -0.331289396E-008   0.000000000E+000
   0.38824792755742799E-008  -0.125277015E-007   0.000000000E+000
   0.38978859393662413E-008  -0.305832195E-007   0.000000000E+000
   0.39132926031582027E-008  -0.329439658E-007   0.000000000E+000
   0.39286992669501641E-008  -0.152794684E-007   0.000000000E+000
   0.39441059307421256E-008  -0.570444580E-008   0.000000000E+000
   0.39595125945340870E-008  -0.163292881E-007   0.000000000E+000
   0.39749192583260484E-008  -0.228832988E-007   0.000000000E+000
   0.39903259221180098E-008  -0.146407944E-007   0.000000000E+000
   0.40057325859099713E-008  -0.132884939E-007   0.000000000E+000
   0.40211392497019327E-008  -0.252901913E-007   0.000000000E+000
   0.40365459134938941E-008  -0.283704207E-007   0.000000000E+000
   0.40519525772858556E-008  -0.148817012E-007   0.000000000E+000
   0.40673592410778170E-008  -0.402280964E-008   0.000000000E+000
   0.40827659048697784E-008  -0.941717637E-008   0.000000000E+000
   0.40981725686617398E-008  -0.236330848E-007   0.000000000E+000
   0.41135792324537013E-008  -0.302354870E-007   0.000000000E+000
   0.41289858962456627E-008  -0.211156177E-007   0.000000000E+000
   0.41443925600376241E-008  -0.844027337E-008   0.000000000E+000
   0.41597992238295856E-008  -0.101413891E-007   0.000000000E+000
   0.41752058876215470E-008  -0.200823376E-007   0.000000000E+000
   0.41906125514135084E-008  -0.190289189E-007   0.000000000E+000
   0.42060192152054698E-008  -0.122479964E-007   0.000000000E+000
   0.42214258789974313E-008  -0.176731039E-007   0.000000000E+000
   0.42368325427893927E-008  -0.267385261E-007   0.000000000E+000
   0.42522392065813541E-008  -0.200136689E-007   0.000000000E+000
   0.42676458703733156E-008  -0.619334006E-008   0.000000000E+000
   0.42830525341652770E-008  -0.647124931E-008   0.000000000E+000
   0.42984591979572384E-008  -0.187892866E-007   0.000000000E+000
   0.43138658617491998E-008  -0.261431907E-007   0.000000000E+000
   0.43292725255411613E-008  -0.220802416E-007   0.000000000E+000
   0.43446791893331227E-008  -0.130566038E-007   0.000000000E+000
   0.43600858531250841E-008  -0.918655019E-008   0.000000000E+000
   0.43754925169170455E-008  -0.139895722E-007   0.000000000E+000
   0.43908991807090070E-008  -0.185266700E-007   0.000000000E+000
   0.44063058445009684E-008  -0.158060036E-007   0.000000000E+000
   0.44217125082929298E-008  -0.144947725E-007   0.000000000E+000
   0.44371191720848913E-008  -0.203969108E-007   0.000000000E+000
   0.44525258358768527E-008  -0.213688285E-007   0.000000000E+000
   0.44679324996688141E-008  -0.114508394E-007   0.000000000E+000
   0.44833391634607755E-008  -0.581275694E-008   0.000000000E+000
   0.44987458272527370E-008  -0.135373455E-007   0.000000000E+000
   0.45141524910446984E-008  -0.223447607E-007   0.000000000E+000
   0.45295591548366598E-008  -0.216214691E-007   0.000000000E+000
   0.45449658186286213E-008  -0.156524287E-007   0.000000000E+000
   0.45603724824205827E-008  -0.111619070E-007   0.000000000E+000
   0.45757791462125441E-008  -0.107532170E-007   0.000000000E+000
   0.45911858100045055E-008  -0.143178944E-007   0.000000000E+000
   0.46065924737964670E-008  -0.172988361E-007   0.000000000E+000
   0.46219991375884284E-008  -0.164929581E-007   0.000000000E+000
   0.46374058013803898E-008  -0.161324287E-007   0.000000000E+000
   0.46528124651723513E-008  -0.176729209E-007   0.000000000E+000
   0.46682191289643127E-008  -0.150428683E-007   0.000000000E+000
   0.46836257927562741E-008  -0.930499944E-008   0.000000000E+000
   0.46990324565482355E-008  -0.101407389E-007   0.000000000E+000
   0.47144391203401970E-008  -0.174230159E-007   0.000000000E+000
   0.47298457841321584E-008  -0.208420268E-007   0.000000000E+000
   0.47452524479241198E-008  -0.174709278E-007   0.000000000E+000
   0.47606591117160812E-008  -0.127949438E-007   0.000000000E+000
   0.47760657755080427E-008  -0.103172244E-007   0.000000000E+000
   0.47914724393000041E-008  -0.113804077E-007   0.000000000E+000
   0.48068791030919655E-008  -0.156892384E-007   0.000000000E+000
   0.48222857668839270E-008  -0.183033642E-007   0.000000000E+000
   0.48376924306758884E-008  -0.163208309E-007   0.000000000E+000
   0.48530990944678498E-008  -0.142294514E-007   0.000000000E+000
   0.48685057582598112E-008  -0.143662655E-007   0.000000000E+000
   0.48839124220517727E-008  -0.130308511E-007   0.000000000E+000
   0.48993190858437341E-008  -0.109587646E-007   0.000000000E+000
   0.49147257496356955E-008  -0.133126488E-007   0.000000000E+000
   0.49301324134276570E-008  -0.182385200E-007   0.000000000E+000
   0.49455390772196184E-008  -0.190003160E-007   0.000000000E+000
   0.49609457410115798E-008  -0.148623345E-007   0.000000000E+000
   0.49763524048035412E-008  -0.105269935E-007   0.000000000E+000
   0.49917590685955027E-008  -0.996936400E-008   0.000000000E+000
   0.50071657323874641E-008  -0.140587506E-007   0.000000000E+000
   0.50225723961794255E-008  -0.185619200E-007   0.000000000E+000
   0.50379790599713870E-008  -0.176740365E-007   0.000000000E+000
   0.50533857237633484E-008  -0.133804940E-007   0.000000000E+000
   0.50687923875553098E-008  -0.125426309E-007   0.000000000E+000
   0.50841990513472712E-008  -0.143809586E-007   0.000000000E+000
   0.50996057151392327E-008  -0.135173730E-007   0.000000000E+000
   0.51150123789311941E-008  -0.121231905E-007   0.000000000E+000
   0.51304190427231555E-008  -0.151088901E-007   0.000000000E+000
   0.51458257065151169E-008  -0.189268672E-007   0.000000000E+000
   0.51612323703070784E-008  -0.172887731E-007   0.000000000E+000
   0.51766390340990398E-008  -0.118345085E-007   0.000000000E+000
   0.51920456978910012E-008  -0.926834787E-008   0.000000000E+000
   0.52074523616829627E-008  -0.126706965E-007   0.000000000E+000
   0.52228590254749241E-008  -0.182336493E-007   0.000000000E+000
   0.52382656892668855E-008  -0.190341520E-007   0.000000000E+000
   0.52536723530588469E-008  -0.142083501E-007   0.000000000E+000
   0.52690790168508084E-008  -0.113083747E-007   0.000000000E+000
   0.52844856806427698E-008  -0.140161838E-007   0.000000000E+000
   0.52998923444347312E-008  -0.158173030E-007   0.000000000E+000
   0.53152990082266927E-008  -0.132600757E-007   0.000000000E+000
   0.53307056720186541E-008  -0.129268392E-007   0.000000000E+000
   0.53461123358106155E-008  -0.174773493E-007   0.000000000E+000
   0.53615189996025769E-008  -0.191994669E-007   0.000000000E+000
   0.53769256633945384E-008  -0.141453320E-007   0.000000000E+000
   0.53923323271864998E-008  -0.937853351E-008   0.000000000E+000
   0.54077389909784612E-008  -0.115083338E-007   0.000000000E+000
   0.54231456547704227E-008  -0.175909367E-007   0.000000000E+000
   0.54385523185623841E-008  -0.199465724E-007   0.000000000E+000
   0.54539589823543455E-008  -0.159030833E-007   0.000000000E+000
   0.54693656461463069E-008  -0.114315863E-007   0.000000000E+000
   0.54847723099382684E-008  -0.129008262E-007   0.000000000E+000
   0.55001789737302298E-008  -0.167167205E-007   0.000000000E+000
   0.55155856375221912E-008  -0.156198592E-007   0.000000000E+000
   0.55309923013141526E-008  -0.126426354E-007   0.000000000E+000
   0.55463989651061141E-008  -0.152900217E-007   0.000000000E+000
   0.55618056288980755E-008  -0.197668513E-007   0.000000000E+000
   0.55772122926900369E-008  -0.171619927E-007   0.000000000E+000
   0.55926189564819984E-008  -0.105943991E-007   0.000000000E+000
   0.56080256202739598E-008  -0.103630429E-007   0.000000000E+000
   0.56234322840659212E-008  -0.167581771E-007   0.000000000E+000
   0.56388389478578826E-008  -0.206419184E-007   0.000000000E+000
   0.56542456116498441E-008  -0.175247301E-007   0.000000000E+000
   0.56696522754418055E-008  -0.125358905E-007   0.000000000E+000
   0.56850589392337669E-008  -0.124453017E-007   0.000000000E+000
   0.57004656030257284E-008  -0.163777116E-007   0.000000000E+000
   0.57158722668176898E-008  -0.173609571E-007   0.000000000E+000
   0.57312789306096512E-008  -0.141441792E-007   0.000000000E+000
   0.57466855944016126E-008  -0.139782452E-007   0.000000000E+000
   0.57620922581935741E-008  -0.187024511E-007   0.000000000E+000
   0.57774989219855355E-008  -0.195531147E-007   0.000000000E+000
   0.57929055857774969E-008  -0.133118423E-007   0.000000000E+000
   0.58083122495694584E-008  -0.983293447E-008   0.000000000E+000
   0.58237189133614198E-008  -0.151631365E-007   0.000000000E+000
   0.58391255771533812E-008  -0.211181117E-007   0.000000000E+000
   0.58545322409453426E-008  -0.193542409E-007   0.000000000E+000
   0.58699389047373041E-008  -0.137767762E-007   0.000000000E+000
   0.58853455685292655E-008  -0.125598065E-007   0.000000000E+000
   0.59007522323212269E-008  -0.160935016E-007   0.000000000E+000
   0.59161588961131883E-008  -0.181077162E-007   0.000000000E+000
   0.59315655599051498E-008  -0.157791256E-007   0.000000000E+000
   0.59469722236971112E-008  -0.141428824E-007   0.000000000E+000
   0.59623788874890726E-008  -0.174421082E-007   0.000000000E+000
   0.59777855512810341E-008  -0.203501287E-007   0.000000000E+000
   0.59931922150729955E-008  -0.163661191E-007   0.000000000E+000
   0.60085988788649569E-008  -0.108709610E-007   0.000000000E+000
   0.60240055426569183E-008  -0.133391476E-007   0.000000000E+000
   0.60394122064488798E-008  -0.204833626E-007   0.000000000E+000
   0.60548188702408412E-008  -0.213544258E-007   0.000000000E+000
   0.60702255340328026E-008  -0.155746953E-007   0.000000000E+000
   0.60856321978247641E-008  -0.126376323E-007   0.000000000E+000
   0.61010388616167255E-008  -0.158290820E-007   0.000000000E+000
   0.61164455254086869E-008  -0.187524218E-007   0.000000000E+000
   0.61318521892006483E-008  -0.170303522E-007   0.000000000E+000
   0.61472588529926098E-008  -0.147072106E-007   0.000000000E+000
   0.61626655167845712E-008  -0.168131766E-007   0.000000000E+000
   0.61780721805765326E-008  -0.203918251E-007   0.000000000E+000
   0.61934788443684941E-008  -0.185897910E-007   0.000000000E+000
   0.62088855081604555E-008  -0.128707658E-007   0.000000000E+000
   0.62242921719524169E-008  -0.124298687E-007   0.000000000E+000
   0.62396988357443783E-008  -0.189122300E-007   0.000000000E+000
   0.62551054995363398E-008  -0.225152164E-007   0.000000000E+000
   0.62705121633283012E-008  -0.180427868E-007   0.000000000E+000
   0.62859188271202626E-008  -0.132253399E-007   0.000000000E+000
   0.63013254909122240E-008  -0.151080535E-007   0.000000000E+000
   0.63167321547041855E-008  -0.191409963E-007   0.000000000E+000
   0.63321388184961469E-008  -0.184689117E-007   0.000000000E+000
   0.63475454822881083E-008  -0.153604027E-007   0.000000000E+000
   0.63629521460800698E-008  -0.162363243E-007   0.000000000E+000
   0.63783588098720312E-008  -0.202565253E-007   0.000000000E+000
   0.63937654736639926E-008  -0.202953885E-007   0.000000000E+000
   0.64091721374559540E-008  -0.149789692E-007   0.000000000E+000
   0.64245788012479155E-008  -0.123337145E-007   0.000000000E+000
   0.64399854650398769E-008  -0.172853234E-007   0.000000000E+000
   0.64553921288318383E-008  -0.226753034E-007   0.000000000E+000
   0.64707987926237998E-008  -0.203681143E-007   0.000000000E+000
   0.64862054564157612E-008  -0.146006016E-007   0.000000000E+000
   0.65016121202077226E-008  -0.144483634E-007   0.000000000E+000
   0.65170187839996840E-008  -0.188430143E-007   0.000000000E+000
   0.65324254477916455E-008  -0.198131911E-007   0.000000000E+000
   0.65478321115836069E-008  -0.165289595E-007   0.000000000E+000
   0.65632387753755683E-008  -0.157512901E-007   0.000000000E+000
   0.65786454391675298E-008  -0.195778718E-007   0.000000000E+000
   0.65940521029594912E-008  -0.215537685E-007   0.000000000E+000
   0.66094587667514526E-008  -0.173344734E-007   0.000000000E+000
   0.66248654305434140E-008  -0.128292390E-007   0.000000000E+000
   0.66402720943353755E-008  -0.156346989E-007   0.000000000E+000
   0.66556787581273369E-008  -0.221227214E-007   0.000000000E+000
   0.66710854219192983E-008  -0.223703047E-007   0.000000000E+000
   0.66864920857112597E-008  -0.164283307E-007   0.000000000E+000
   0.67018987495032212E-008  -0.140683518E-007   0.000000000E+000
   0.67173054132951826E-008  -0.181283930E-007   0.000000000E+000
   0.67327120770871440E-008  -0.207658335E-007   0.000000000E+000
   0.67481187408791055E-008  -0.179583264E-007   0.000000000E+000
   0.67635254046710669E-008  -0.157012003E-007   0.000000000E+000
   0.67789320684630283E-008  -0.186277145E-007   0.000000000E+000
   0.67943387322549897E-008  -0.219870220E-007   0.000000000E+000
   0.68097453960469512E-008  -0.195807832E-007   0.000000000E+000
   0.68251520598389126E-008  -0.142298502E-007   0.000000000E+000
   0.68405587236308740E-008  -0.143196788E-007   0.000000000E+000
   0.68559653874228355E-008  -0.206033519E-007   0.000000000E+000
   0.68713720512147969E-008  -0.237550122E-007   0.000000000E+000
   0.68867787150067583E-008  -0.189147755E-007   0.000000000E+000
   0.69021853787987197E-008  -0.141290961E-007   0.000000000E+000
   0.69175920425906812E-008  -0.168130860E-007   0.000000000E+000
   0.69329987063826426E-008  -0.212848796E-007   0.000000000E+000
   0.69484053701746040E-008  -0.197206553E-007   0.000000000E+000
   0.69638120339665655E-008  -0.159775961E-007   0.000000000E+000
   0.69792186977585269E-008  -0.175407351E-007   0.000000000E+000
   0.69946253615504883E-008  -0.218926655E-007   0.000000000E+000
   0.70100320253424497E-008  -0.213260130E-007   0.000000000E+000
   0.70254386891344112E-008  -0.160348179E-007   0.000000000E+000
   0.70408453529263726E-008  -0.139381306E-007   0.000000000E+000
   0.70562520167183340E-008  -0.187190636E-007   0.000000000E+000
   0.70716586805102954E-008  -0.237879867E-007   0.000000000E+000
   0.70870653443022569E-008  -0.215180869E-007   0.000000000E+000
   0.71024720080942183E-008  -0.154432236E-007   0.000000000E+000
   0.71178786718861797E-008  -0.152579922E-007   0.000000000E+000
   0.71332853356781412E-008  -0.205660839E-007   0.000000000E+000
   0.71486919994701026E-008  -0.216726708E-007   0.000000000E+000
   0.71640986632620640E-008  -0.172184613E-007   0.000000000E+000
   0.71795053270540254E-008  -0.162590226E-007   0.000000000E+000
   0.71949119908459869E-008  -0.210064819E-007   0.000000000E+000
   0.72103186546379483E-008  -0.228304007E-007   0.000000000E+000
   0.72257253184299097E-008  -0.180167667E-007   0.000000000E+000
   0.72411319822218712E-008  -0.140675152E-007   0.000000000E+000
   0.72565386460138326E-008  -0.171849663E-007   0.000000000E+000
   0.72719453098057940E-008  -0.229559216E-007   0.000000000E+000
   0.72873519735977554E-008  -0.231654678E-007   0.000000000E+000
   0.73027586373897169E-008  -0.176424670E-007   0.000000000E+000
   0.73181653011816783E-008  -0.147565835E-007   0.000000000E+000
   0.73335719649736397E-008  -0.187447444E-007   0.000000000E+000
   0.73489786287656012E-008  -0.224884271E-007   0.000000000E+000
   0.73643852925575626E-008  -0.195501553E-007   0.000000000E+000
   0.73797919563495240E-008  -0.159326063E-007   0.000000000E+000
   0.73951986201414854E-008  -0.190374649E-007   0.000000000E+000
   0.74106052839334469E-008  -0.233915554E-007   0.000000000E+000
   0.74260119477254083E-008  -0.205510844E-007   0.000000000E+000
   0.74414186115173697E-008  -0.147996682E-007   0.000000000E+000
   0.74568252753093311E-008  -0.156515885E-007   0.000000000E+000
   0.74722319391012926E-008  -0.218172573E-007   0.000000000E+000
   0.74876386028932540E-008  -0.240898963E-007   0.000000000E+000
   0.75030452666852154E-008  -0.196724752E-007   0.000000000E+000
   0.75184519304771769E-008  -0.153452149E-007   0.000000000E+000
   0.75338585942691383E-008  -0.171869026E-007   0.000000000E+000
   0.75492652580610997E-008  -0.218030767E-007   0.000000000E+000
   0.75646719218530611E-008  -0.215380531E-007   0.000000000E+000
   0.75800785856450226E-008  -0.172321375E-007   0.000000000E+000
   0.75954852494369840E-008  -0.172787367E-007   0.000000000E+000
   0.76108919132289454E-008  -0.222230536E-007   0.000000000E+000
   0.76262985770209069E-008  -0.227474679E-007   0.000000000E+000
   0.76417052408128683E-008  -0.168560099E-007   0.000000000E+000
   0.76571119046048297E-008  -0.144551926E-007   0.000000000E+000
   0.76725185683967911E-008  -0.199100150E-007   0.000000000E+000
   0.76879252321887526E-008  -0.245651144E-007   0.000000000E+000
   0.77033318959807140E-008  -0.216380620E-007   0.000000000E+000
   0.77187385597726754E-008  -0.162910485E-007   0.000000000E+000
   0.77341452235646369E-008  -0.162530824E-007   0.000000000E+000
   0.77495518873565983E-008  -0.206225899E-007   0.000000000E+000
   0.77649585511485597E-008  -0.223692993E-007   0.000000000E+000
   0.77803652149405211E-008  -0.191169729E-007   0.000000000E+000
   0.77957718787324826E-008  -0.169110272E-007   0.000000000E+000
   0.78111785425244440E-008  -0.202445989E-007   0.000000000E+000
   0.78265852063164054E-008  -0.233183410E-007   0.000000000E+000
   0.78419918701083668E-008  -0.196139442E-007   0.000000000E+000
   0.78573985339003283E-008  -0.147317003E-007   0.000000000E+000
   0.78728051976922897E-008  -0.174888317E-007   0.000000000E+000
   0.78882118614842511E-008  -0.238697719E-007   0.000000000E+000
   0.79036185252762126E-008  -0.236742235E-007   0.000000000E+000
   0.79190251890681740E-008  -0.177860855E-007   0.000000000E+000
   0.79344318528601354E-008  -0.155658348E-007   0.000000000E+000
   0.79498385166520968E-008  -0.193567473E-007   0.000000000E+000
   0.79652451804440583E-008  -0.225052190E-007   0.000000000E+000
   0.79806518442360197E-008  -0.206467217E-007   0.000000000E+000
   0.79960585080279811E-008  -0.175787225E-007   0.000000000E+000
   0.80114651718199426E-008  -0.188011811E-007   0.000000000E+000
   0.80268718356119040E-008  -0.224468515E-007   0.000000000E+000
   0.80422784994038654E-008  -0.216047287E-007   0.000000000E+000
   0.80576851631958268E-008  -0.165193281E-007   0.000000000E+000
   0.80730918269877883E-008  -0.158726330E-007   0.000000000E+000
   0.80884984907797497E-008  -0.218013447E-007   0.000000000E+000
   0.81039051545717111E-008  -0.248901770E-007   0.000000000E+000
   0.81193118183636726E-008  -0.201367367E-007   0.000000000E+000
   0.81347184821556340E-008  -0.154721711E-007   0.000000000E+000
   0.81501251459475954E-008  -0.177586141E-007   0.000000000E+000
   0.81655318097395568E-008  -0.221869119E-007   0.000000000E+000
   0.81809384735315183E-008  -0.218804210E-007   0.000000000E+000
   0.81963451373234797E-008  -0.185575662E-007   0.000000000E+000
   0.82117518011154411E-008  -0.181492528E-007   0.000000000E+000
   0.82271584649074025E-008  -0.212058797E-007   0.000000000E+000
   0.82425651286993640E-008  -0.222778294E-007   0.000000000E+000
   0.82579717924913254E-008  -0.186406499E-007   0.000000000E+000
   0.82733784562832868E-008  -0.158335443E-007   0.000000000E+000
   0.82887851200752483E-008  -0.194250944E-007   0.000000000E+000
   0.83041917838672097E-008  -0.244741010E-007   0.000000000E+000
   0.83195984476591711E-008  -0.226104397E-007   0.000000000E+000
   0.83350051114511325E-008  -0.166678955E-007   0.000000000E+000
   0.83504117752430940E-008  -0.161540576E-007   0.000000000E+000
   0.83658184390350554E-008  -0.210286650E-007   0.000000000E+000
   0.83812251028270168E-008  -0.229060966E-007   0.000000000E+000
   0.83966317666189783E-008  -0.198141645E-007   0.000000000E+000
   0.84120384304109397E-008  -0.179100557E-007   0.000000000E+000
   0.84274450942029011E-008  -0.201227337E-007   0.000000000E+000
   0.84428517579948625E-008  -0.221816521E-007   0.000000000E+000
   0.84582584217868240E-008  -0.201550421E-007   0.000000000E+000
   0.84736650855787854E-008  -0.168268084E-007   0.000000000E+000
   0.84890717493707468E-008  -0.179496134E-007   0.000000000E+000
   0.85044784131627083E-008  -0.228566446E-007   0.000000000E+000
   0.85198850769546697E-008  -0.239848248E-007   0.000000000E+000
   0.85352917407466311E-008  -0.189406144E-007   0.000000000E+000
   0.85506984045385925E-008  -0.155618434E-007   0.000000000E+000
   0.85661050683305540E-008  -0.190363743E-007   0.000000000E+000
   0.85815117321225154E-008  -0.231204744E-007   0.000000000E+000
   0.85969183959144768E-008  -0.215001439E-007   0.000000000E+000
   0.86123250597064382E-008  -0.181791400E-007   0.000000000E+000
   0.86277317234983997E-008  -0.190281266E-007   0.000000000E+000
   0.86431383872903611E-008  -0.217639879E-007   0.000000000E+000
   0.86585450510823225E-008  -0.211459064E-007   0.000000000E+000
   0.86739517148742840E-008  -0.179668351E-007   0.000000000E+000
   0.86893583786662454E-008  -0.174787242E-007   0.000000000E+000
   0.87047650424582068E-008  -0.212027054E-007   0.000000000E+000
   0.87201717062501682E-008  -0.239683242E-007   0.000000000E+000
   0.87355783700421297E-008  -0.210969180E-007   0.000000000E+000
   0.87509850338340911E-008  -0.164350311E-007   0.000000000E+000
   0.87663916976260525E-008  -0.172192234E-007   0.000000000E+000
   0.87817983614180140E-008  -0.220232330E-007   0.000000000E+000
   0.87972050252099754E-008  -0.229795880E-007   0.000000000E+000
   0.88126116890019368E-008  -0.193902068E-007   0.000000000E+000
   0.88280183527938982E-008  -0.181241262E-007   0.000000000E+000
   0.88434250165858597E-008  -0.208144311E-007   0.000000000E+000
   0.88588316803778211E-008  -0.218438547E-007   0.000000000E+000
   0.88742383441697825E-008  -0.191487040E-007   0.000000000E+000
   0.88896450079617439E-008  -0.174597368E-007   0.000000000E+000
   0.89050516717537054E-008  -0.199843821E-007   0.000000000E+000
   0.89204583355456668E-008  -0.233057662E-007   0.000000000E+000
   0.89358649993376282E-008  -0.223711751E-007   0.000000000E+000
   0.89512716631295897E-008  -0.180227815E-007   0.000000000E+000
   0.89666783269215511E-008  -0.165148801E-007   0.000000000E+000
   0.89820849907135125E-008  -0.202275530E-007   0.000000000E+000
   0.89974916545054739E-008  -0.233343869E-007   0.000000000E+000
   0.90128983182974354E-008  -0.211866773E-007   0.000000000E+000
   0.90283049820893968E-008  -0.181474924E-007   0.000000000E+000
   0.90437116458813582E-008  -0.194265652E-007   0.000000000E+000
   0.90591183096733197E-008  -0.218545395E-007   0.000000000E+000
   0.90745249734652811E-008  -0.204979607E-007   0.000000000E+000
   0.90899316372572425E-008  -0.178652524E-007   0.000000000E+000
   0.91053383010492039E-008  -0.189718996E-007   0.000000000E+000
   0.91207449648411654E-008  -0.224724594E-007   0.000000000E+000
   0.91361516286331268E-008  -0.230052564E-007   0.000000000E+000
   0.91515582924250882E-008  -0.194992591E-007   0.000000000E+000
   0.91669649562170497E-008  -0.167683236E-007   0.000000000E+000
   0.91823716200090111E-008  -0.187554807E-007   0.000000000E+000
   0.91977782838009725E-008  -0.225891839E-007   0.000000000E+000
   0.92131849475929339E-008  -0.225635226E-007   0.000000000E+000
   0.92285916113848954E-008  -0.192276044E-007   0.000000000E+000
   0.92439982751768568E-008  -0.184205078E-007   0.000000000E+000
   0.92594049389688182E-008  -0.209535518E-007   0.000000000E+000
   0.92748116027607796E-008  -0.215166995E-007   0.000000000E+000
   0.92902182665527411E-008  -0.189266398E-007   0.000000000E+000
   0.93056249303447025E-008  -0.182885902E-007   0.000000000E+000
   0.93210315941366639E-008  -0.213540208E-007   0.000000000E+000
   0.93364382579286254E-008  -0.232586714E-007   0.000000000E+000
   0.93518449217205868E-008  -0.207941344E-007   0.000000000E+000
   0.93672515855125482E-008  -0.174228187E-007   0.000000000E+000
   0.93826582493045096E-008  -0.178913648E-007   0.000000000E+000
   0.93980649130964711E-008  -0.214684963E-007   0.000000000E+000
   0.94134715768884325E-008  -0.230663009E-007   0.000000000E+000
   0.94288782406803939E-008  -0.206474144E-007   0.000000000E+000
   0.94442849044723554E-008  -0.183595592E-007   0.000000000E+000
   0.94596915682643168E-008  -0.197234478E-007   0.000000000E+000
   0.94750982320562782E-008  -0.216439791E-007   0.000000000E+000
   0.94905048958482396E-008  -0.202790833E-007   0.000000000E+000
   0.95059115596402011E-008  -0.183771593E-007   0.000000000E+000
   0.95213182234321625E-008  -0.200921804E-007   0.000000000E+000
   0.95367248872241239E-008  -0.229341293E-007   0.000000000E+000
   0.95521315510160854E-008  -0.219711858E-007   0.000000000E+000
   0.95675382148080468E-008  -0.183724094E-007   0.000000000E+000
   0.95829448786000082E-008  -0.174312031E-007   0.000000000E+000
   0.95983515423919696E-008  -0.203761488E-007   0.000000000E+000
   0.96137582061839311E-008  -0.229623751E-007   0.000000000E+000
   0.96291648699758925E-008  -0.217943068E-007   0.000000000E+000
   0.96445715337678539E-008  -0.190144611E-007   0.000000000E+000
   0.96599781975598153E-008  -0.188791187E-007   0.000000000E+000
   0.96753848613517768E-008  -0.210132836E-007   0.000000000E+000
   0.96907915251437382E-008  -0.212330740E-007   0.000000000E+000
   0.97061981889356996E-008  -0.192142071E-007   0.000000000E+000
   0.97216048527276611E-008  -0.192408542E-007   0.000000000E+000
   0.97370115165196225E-008  -0.219954472E-007   0.000000000E+000
   0.97524181803115839E-008  -0.227193873E-007   0.000000000E+000
   0.97678248441035453E-008  -0.196590690E-007   0.000000000E+000
   0.97832315078955068E-008  -0.173952923E-007   0.000000000E+000
   0.97986381716874682E-008  -0.193202663E-007   0.000000000E+000
   0.98140448354794296E-008  -0.225103669E-007   0.000000000E+000
   0.98294514992713911E-008  -0.225818297E-007   0.000000000E+000
   0.98448581630633525E-008  -0.199372838E-007   0.000000000E+000
   0.98602648268553139E-008  -0.186123224E-007   0.000000000E+000
   0.98756714906472753E-008  -0.201577404E-007   0.000000000E+000
   0.98910781544392368E-008  -0.215021743E-007   0.000000000E+000
   0.99064848182311982E-008  -0.202849009E-007   0.000000000E+000
   0.99218914820231596E-008  -0.191374276E-007   0.000000000E+000
   0.99372981458151211E-008  -0.208703455E-007   0.000000000E+000
   0.99527048096070825E-008  -0.227430359E-007   0.000000000E+000
   0.99681114733990439E-008  -0.210009414E-007   0.000000000E+000
   0.99835181371910053E-008  -0.179532407E-007   0.000000000E+000
   0.99989248009829668E-008  -0.184144113E-007   0.000000000E+000
   0.10014331464774928E-007  -0.217240252E-007   0.000000000E+000
   0.10029738128566890E-007  -0.230537403E-007   0.000000000E+000
   0.10045144792358851E-007  -0.209298125E-007   0.000000000E+000
   0.10060551456150812E-007  -0.187853058E-007   0.000000000E+000
   0.10075958119942774E-007  -0.194368805E-007   0.000000000E+000
   0.10091364783734735E-007  -0.212492441E-007   0.000000000E+000
   0.10106771447526697E-007  -0.211217923E-007   0.000000000E+000
   0.10122178111318658E-007  -0.196476382E-007   0.000000000E+000
   0.10137584775110620E-007  -0.200643058E-007   0.000000000E+000
   0.10152991438902581E-007  -0.221391527E-007   0.000000000E+000
   0.10168398102694542E-007  -0.219543050E-007   0.000000000E+000
   0.10183804766486504E-007  -0.190385130E-007   0.000000000E+000
   0.10199211430278465E-007  -0.179515673E-007   0.000000000E+000
   0.10214618094070427E-007  -0.206588844E-007   0.000000000E+000
   0.10230024757862388E-007  -0.231231798E-007   0.000000000E+000
   0.10245431421654350E-007  -0.219297931E-007   0.000000000E+000
   0.10260838085446311E-007  -0.192867731E-007   0.000000000E+000
   0.10276244749238272E-007  -0.189533722E-007   0.000000000E+000
   0.10291651413030234E-007  -0.207409840E-007   0.000000000E+000
   0.10307058076822195E-007  -0.215565610E-007   0.000000000E+000
   0.10322464740614157E-007  -0.204122745E-007   0.000000000E+000
   0.10337871404406118E-007  -0.198136814E-007   0.000000000E+000
   0.10353278068198080E-007  -0.212996056E-007   0.000000000E+000
   0.10368684731990041E-007  -0.222592060E-007   0.000000000E+000
   0.10384091395782002E-007  -0.202947774E-007   0.000000000E+000
   0.10399498059573964E-007  -0.181515869E-007   0.000000000E+000
   0.10414904723365925E-007  -0.195773886E-007   0.000000000E+000
   0.10430311387157887E-007  -0.226715056E-007   0.000000000E+000
   0.10445718050949848E-007  -0.228038743E-007   0.000000000E+000
   0.10461124714741810E-007  -0.201023056E-007   0.000000000E+000
   0.10476531378533771E-007  -0.187243785E-007   0.000000000E+000
   0.10491938042325732E-007  -0.201386054E-007   0.000000000E+000
   0.10507344706117694E-007  -0.216461640E-007   0.000000000E+000
   0.10522751369909655E-007  -0.211314983E-007   0.000000000E+000
   0.10538158033701617E-007  -0.200359906E-007   0.000000000E+000
   0.10553564697493578E-007  -0.206317221E-007   0.000000000E+000
   0.10568971361285540E-007  -0.219966836E-007   0.000000000E+000
   0.10584378025077501E-007  -0.212764277E-007   0.000000000E+000
   0.10599784688869462E-007  -0.189479756E-007   0.000000000E+000
   0.10615191352661424E-007  -0.188753564E-007   0.000000000E+000
   0.10630598016453385E-007  -0.217485852E-007   0.000000000E+000
   0.10646004680245347E-007  -0.232865176E-007   0.000000000E+000
   0.10661411344037308E-007  -0.211942233E-007   0.000000000E+000
   0.10676818007829270E-007  -0.188449665E-007   0.000000000E+000
   0.10692224671621231E-007  -0.194919210E-007   0.000000000E+000
   0.10707631335413192E-007  -0.214684412E-007   0.000000000E+000
   0.10723037999205154E-007  -0.217086722E-007   0.000000000E+000
   0.10738444662997115E-007  -0.205070094E-007   0.000000000E+000
   0.10753851326789077E-007  -0.203055635E-007   0.000000000E+000
   0.10769257990581038E-007  -0.214954046E-007   0.000000000E+000
   0.10784664654373000E-007  -0.217477520E-007   0.000000000E+000
   0.10800071318164961E-007  -0.199686934E-007   0.000000000E+000
   0.10815477981956922E-007  -0.188146334E-007   0.000000000E+000
   0.10830884645748884E-007  -0.206979873E-007   0.000000000E+000
   0.10846291309540845E-007  -0.231445192E-007   0.000000000E+000
   0.10861697973332807E-007  -0.223115961E-007   0.000000000E+000
   0.10877104637124768E-007  -0.194704910E-007   0.000000000E+000
   0.10892511300916730E-007  -0.189296632E-007   0.000000000E+000
   0.10907917964708691E-007  -0.209861781E-007   0.000000000E+000
   0.10923324628500652E-007  -0.221275247E-007   0.000000000E+000
   0.10938731292292614E-007  -0.211173425E-007   0.000000000E+000
   0.10954137956084575E-007  -0.202598081E-007   0.000000000E+000
   0.10969544619876537E-007  -0.210191580E-007   0.000000000E+000
   0.10984951283668498E-007  -0.218100755E-007   0.000000000E+000
   0.11000357947460460E-007  -0.208250306E-007   0.000000000E+000
   0.11015764611252421E-007  -0.192863254E-007   0.000000000E+000
   0.11031171275044382E-007  -0.199654622E-007   0.000000000E+000
   0.11046577938836344E-007  -0.224674359E-007   0.000000000E+000
   0.11061984602628305E-007  -0.230385666E-007   0.000000000E+000
   0.11077391266420267E-007  -0.205487396E-007   0.000000000E+000
   0.11092797930212228E-007  -0.187609821E-007   0.000000000E+000
   0.11108204594004190E-007  -0.202168167E-007   0.000000000E+000
   0.11123611257796151E-007  -0.222349108E-007   0.000000000E+000
   0.11139017921588112E-007  -0.218557243E-007   0.000000000E+000
   0.11154424585380074E-007  -0.204707256E-007   0.000000000E+000
   0.11169831249172035E-007  -0.206137933E-007   0.000000000E+000
   0.11185237912963997E-007  -0.216578506E-007   0.000000000E+000
   0.11200644576755958E-007  -0.214070184E-007   0.000000000E+000
   0.11216051240547920E-007  -0.199605505E-007   0.000000000E+000
   0.11231457904339881E-007  -0.197268797E-007   0.000000000E+000
   0.11246864568131842E-007  -0.216543441E-007   0.000000000E+000
   0.11262271231923804E-007  -0.231558470E-007   0.000000000E+000
   0.11277677895715765E-007  -0.216934755E-007   0.000000000E+000
   0.11293084559507727E-007  -0.192114342E-007   0.000000000E+000
   0.11308491223299688E-007  -0.194610976E-007   0.000000000E+000
   0.11323897887091650E-007  -0.218429417E-007   0.000000000E+000
   0.11339304550883611E-007  -0.225468533E-007   0.000000000E+000
   0.11354711214675572E-007  -0.210385505E-007   0.000000000E+000
   0.11370117878467534E-007  -0.203238280E-007   0.000000000E+000
   0.11385524542259495E-007  -0.213238138E-007   0.000000000E+000
   0.11400931206051457E-007  -0.217806111E-007   0.000000000E+000
   0.11416337869843418E-007  -0.206478941E-007   0.000000000E+000
   0.11431744533635380E-007  -0.198389838E-007   0.000000000E+000
   0.11447151197427341E-007  -0.210340811E-007   0.000000000E+000
   0.11462557861219302E-007  -0.228394317E-007   0.000000000E+000
   0.11477964525011264E-007  -0.224908856E-007   0.000000000E+000
   0.11493371188803225E-007  -0.201193338E-007   0.000000000E+000
   0.11508777852595187E-007  -0.191411704E-007   0.000000000E+000
   0.11524184516387148E-007  -0.210608029E-007   0.000000000E+000
   0.11539591180179110E-007  -0.228345680E-007   0.000000000E+000
   0.11554997843971071E-007  -0.219158771E-007   0.000000000E+000
   0.11570404507763032E-007  -0.203758521E-007   0.000000000E+000
   0.11585811171554994E-007  -0.208131610E-007   0.000000000E+000
   0.11601217835346955E-007  -0.218917720E-007   0.000000000E+000
   0.11616624499138917E-007  -0.213473719E-007   0.000000000E+000
   0.11632031162930878E-007  -0.201660253E-007   0.000000000E+000
   0.11647437826722840E-007  -0.206360955E-007   0.000000000E+000
   0.11662844490514801E-007  -0.223916583E-007   0.000000000E+000
   0.11678251154306762E-007  -0.228633947E-007   0.000000000E+000
   0.11693657818098724E-007  -0.210766782E-007   0.000000000E+000
   0.11709064481890685E-007  -0.193851228E-007   0.000000000E+000
   0.11724471145682647E-007  -0.203166906E-007   0.000000000E+000
   0.11739877809474608E-007  -0.225508341E-007   0.000000000E+000
   0.11755284473266570E-007  -0.227336514E-007   0.000000000E+000
   0.11770691137058531E-007  -0.209465121E-007   0.000000000E+000
   0.11786097800850492E-007  -0.203777422E-007   0.000000000E+000
   0.11801504464642454E-007  -0.216031957E-007   0.000000000E+000
   0.11816911128434415E-007  -0.219518590E-007   0.000000000E+000
   0.11832317792226377E-007  -0.207501376E-007   0.000000000E+000
   0.11847724456018338E-007  -0.204190584E-007   0.000000000E+000
   0.11863131119810300E-007  -0.219018048E-007   0.000000000E+000
   0.11878537783602261E-007  -0.229759021E-007   0.000000000E+000
   0.11893944447394222E-007  -0.218581491E-007   0.000000000E+000
   0.11909351111186184E-007  -0.199527044E-007   0.000000000E+000
   0.11924757774978145E-007  -0.199402024E-007   0.000000000E+000
   0.11940164438770107E-007  -0.219455405E-007   0.000000000E+000
   0.11955571102562068E-007  -0.231096529E-007   0.000000000E+000
   0.11970977766354030E-007  -0.218328271E-007   0.000000000E+000
   0.11986384430145991E-007  -0.203871586E-007   0.000000000E+000
   0.12001791093937952E-007  -0.210388986E-007   0.000000000E+000
   0.12017197757729914E-007  -0.221719407E-007   0.000000000E+000
   0.12032604421521875E-007  -0.215447429E-007   0.000000000E+000
   0.12048011085313837E-007  -0.205275956E-007   0.000000000E+000
   0.12063417749105798E-007  -0.213587885E-007   0.000000000E+000
   0.12078824412897760E-007  -0.228671322E-007   0.000000000E+000
   0.12094231076689721E-007  -0.225017303E-007   0.000000000E+000
   0.12109637740481682E-007  -0.206216804E-007   0.000000000E+000
   0.12125044404273644E-007  -0.198973531E-007   0.000000000E+000
   0.12140451068065605E-007  -0.213788383E-007   0.000000000E+000
   0.12155857731857567E-007  -0.230416877E-007   0.000000000E+000
   0.12171264395649528E-007  -0.226069421E-007   0.000000000E+000
   0.12186671059441490E-007  -0.208972679E-007   0.000000000E+000
   0.12202077723233451E-007  -0.206155626E-007   0.000000000E+000
   0.12217484387025412E-007  -0.219030021E-007   0.000000000E+000
   0.12232891050817374E-007  -0.222123795E-007   0.000000000E+000
   0.12248297714609335E-007  -0.210793356E-007   0.000000000E+000
   0.12263704378401297E-007  -0.209650199E-007   0.000000000E+000
   0.12279111042193258E-007  -0.224537580E-007   0.000000000E+000
   0.12294517705985220E-007  -0.229700152E-007   0.000000000E+000
   0.12309924369777181E-007  -0.213979767E-007   0.000000000E+000
   0.12325331033569142E-007  -0.200623855E-007   0.000000000E+000
   0.12340737697361104E-007  -0.209426787E-007   0.000000000E+000
   0.12356144361153065E-007  -0.227760886E-007   0.000000000E+000
   0.12371551024945027E-007  -0.230768684E-007   0.000000000E+000
   0.12386957688736988E-007  -0.216058087E-007   0.000000000E+000
   0.12402364352528950E-007  -0.206052260E-007   0.000000000E+000
   0.12417771016320911E-007  -0.214348788E-007   0.000000000E+000
   0.12433177680112872E-007  -0.224393251E-007   0.000000000E+000
   0.12448584343904834E-007  -0.218447465E-007   0.000000000E+000
   0.12463991007696795E-007  -0.210137632E-007   0.000000000E+000
   0.12479397671488757E-007  -0.218760974E-007   0.000000000E+000
   0.12494804335280718E-007  -0.230571935E-007   0.000000000E+000
   0.12510210999072680E-007  -0.222368897E-007   0.000000000E+000
   0.12525617662864641E-007  -0.204989181E-007   0.000000000E+000
   0.12541024326656602E-007  -0.205964827E-007   0.000000000E+000
   0.12556430990448564E-007  -0.224097274E-007   0.000000000E+000
   0.12571837654240525E-007  -0.233344242E-007   0.000000000E+000
   0.12587244318032487E-007  -0.222699370E-007   0.000000000E+000
   0.12602650981824448E-007  -0.209092850E-007   0.000000000E+000
   0.12618057645616410E-007  -0.211133369E-007   0.000000000E+000
   0.12633464309408371E-007  -0.222891501E-007   0.000000000E+000
   0.12648870973200332E-007  -0.224315961E-007   0.000000000E+000
   0.12664277636992294E-007  -0.214926121E-007   0.000000000E+000
   0.12679684300784255E-007  -0.215033786E-007   0.000000000E+000
   0.12695090964576217E-007  -0.227320101E-007   0.000000000E+000
   0.12710497628368178E-007  -0.228601547E-007   0.000000000E+000
   0.12725904292160140E-007  -0.212556088E-007   0.000000000E+000
   0.12741310955952101E-007  -0.204732000E-007   0.000000000E+000
   0.12756717619744062E-007  -0.219042846E-007   0.000000000E+000
   0.12772124283536024E-007  -0.234092639E-007   0.000000000E+000
   0.12787530947327985E-007  -0.228879831E-007   0.000000000E+000
   0.12802937611119947E-007  -0.213542979E-007   0.000000000E+000
   0.12818344274911908E-007  -0.210028031E-007   0.000000000E+000
   0.12833750938703870E-007  -0.220305694E-007   0.000000000E+000
   0.12849157602495831E-007  -0.226998988E-007   0.000000000E+000
   0.12864564266287792E-007  -0.220928484E-007   0.000000000E+000
   0.12879970930079754E-007  -0.215366907E-007   0.000000000E+000
   0.12895377593871715E-007  -0.222868266E-007   0.000000000E+000
   0.12910784257663677E-007  -0.230443096E-007   0.000000000E+000
   0.12926190921455638E-007  -0.221036167E-007   0.000000000E+000
   0.12941597585247600E-007  -0.207631743E-007   0.000000000E+000
   0.12957004249039561E-007  -0.213886153E-007   0.000000000E+000
   0.12972410912831522E-007  -0.231906494E-007   0.000000000E+000
   0.12987817576623484E-007  -0.234398279E-007   0.000000000E+000
   0.13003224240415445E-007  -0.219406147E-007   0.000000000E+000
   0.13018630904207407E-007  -0.210333688E-007   0.000000000E+000
   0.13034037567999368E-007  -0.217814495E-007   0.000000000E+000
   0.13049444231791330E-007  -0.227674306E-007   0.000000000E+000
   0.13064850895583291E-007  -0.225866579E-007   0.000000000E+000
   0.13080257559375252E-007  -0.218508394E-007   0.000000000E+000
   0.13095664223167214E-007  -0.220258638E-007   0.000000000E+000
   0.13111070886959175E-007  -0.228911183E-007   0.000000000E+000
   0.13126477550751137E-007  -0.227154082E-007   0.000000000E+000
   0.13141884214543098E-007  -0.214014175E-007   0.000000000E+000
   0.13157290878335060E-007  -0.211464712E-007   0.000000000E+000
   0.13172697542127021E-007  -0.227023680E-007   0.000000000E+000
   0.13188104205918982E-007  -0.237404461E-007   0.000000000E+000
   0.13203510869710944E-007  -0.226753212E-007   0.000000000E+000
   0.13218917533502905E-007  -0.212595079E-007   0.000000000E+000
   0.13234324197294867E-007  -0.215251301E-007   0.000000000E+000
   0.13249730861086828E-007  -0.227105534E-007   0.000000000E+000
   0.13265137524878789E-007  -0.229684272E-007   0.000000000E+000
   0.13280544188670751E-007  -0.222578791E-007   0.000000000E+000
   0.13295950852462712E-007  -0.219997016E-007   0.000000000E+000
   0.13311357516254674E-007  -0.226626522E-007   0.000000000E+000
   0.13326764180046635E-007  -0.229906600E-007   0.000000000E+000
   0.13342170843838597E-007  -0.220992362E-007   0.000000000E+000
   0.13357577507630558E-007  -0.213081144E-007   0.000000000E+000
   0.13372984171422519E-007  -0.222032703E-007   0.000000000E+000
   0.13388390835214481E-007  -0.236586928E-007   0.000000000E+000
   0.13403797499006442E-007  -0.233751489E-007   0.000000000E+000
   0.13419204162798404E-007  -0.217802469E-007   0.000000000E+000
   0.13434610826590365E-007  -0.213443112E-007   0.000000000E+000
   0.13450017490382327E-007  -0.224893864E-007   0.000000000E+000
   0.13465424154174288E-007  -0.232502018E-007   0.000000000E+000
   0.13480830817966249E-007  -0.227146355E-007   0.000000000E+000
   0.13496237481758211E-007  -0.221239951E-007   0.000000000E+000
   0.13511644145550172E-007  -0.224932606E-007   0.000000000E+000
   0.13527050809342134E-007  -0.230542323E-007   0.000000000E+000
   0.13542457473134095E-007  -0.226431318E-007   0.000000000E+000
   0.13557864136926057E-007  -0.217370921E-007   0.000000000E+000
   0.13573270800718018E-007  -0.219469793E-007   0.000000000E+000
   0.13588677464509979E-007  -0.233133832E-007   0.000000000E+000
   0.13604084128301941E-007  -0.237959004E-007   0.000000000E+000
   0.13619490792093902E-007  -0.225145040E-007   0.000000000E+000
   0.13634897455885864E-007  -0.214256684E-007   0.000000000E+000
   0.13650304119677825E-007  -0.221399041E-007   0.000000000E+000
   0.13665710783469787E-007  -0.233340014E-007   0.000000000E+000
   0.13681117447261748E-007  -0.232159252E-007   0.000000000E+000
   0.13696524111053709E-007  -0.223905410E-007   0.000000000E+000
   0.13711930774845671E-007  -0.223809273E-007   0.000000000E+000
   0.13727337438637632E-007  -0.230195081E-007   0.000000000E+000
   0.13742744102429594E-007  -0.230189663E-007   0.000000000E+000
   0.13758150766221555E-007  -0.222324434E-007   0.000000000E+000
   0.13773557430013517E-007  -0.219722356E-007   0.000000000E+000
   0.13788964093805478E-007  -0.229529498E-007   0.000000000E+000
   0.13804370757597439E-007  -0.238755415E-007   0.000000000E+000
   0.13819777421389401E-007  -0.232156605E-007   0.000000000E+000
   0.13835184085181362E-007  -0.218429452E-007   0.000000000E+000
   0.13850590748973324E-007  -0.218596323E-007   0.000000000E+000
   0.13865997412765285E-007  -0.231498873E-007   0.000000000E+000
   0.13881404076557247E-007  -0.236404496E-007   0.000000000E+000
   0.13896810740349208E-007  -0.228408670E-007   0.000000000E+000
   0.13912217404141169E-007  -0.223615491E-007   0.000000000E+000
   0.13927624067933131E-007  -0.228977175E-007   0.000000000E+000
   0.13943030731725092E-007  -0.232681145E-007   0.000000000E+000
   0.13958437395517054E-007  -0.227129568E-007   0.000000000E+000
   0.13973844059309015E-007  -0.221766854E-007   0.000000000E+000
   0.13989250723100977E-007  -0.227236381E-007   0.000000000E+000
   0.14004657386892938E-007  -0.237495037E-007   0.000000000E+000
   0.14020064050684899E-007  -0.236950104E-007   0.000000000E+000
   0.14035470714476861E-007  -0.224590835E-007   0.000000000E+000
   0.14050877378268822E-007  -0.218443645E-007   0.000000000E+000
   0.14066284042060784E-007  -0.228067609E-007   0.000000000E+000
   0.14081690705852745E-007  -0.238189095E-007   0.000000000E+000
   0.14097097369644707E-007  -0.234066686E-007   0.000000000E+000
   0.14112504033436668E-007  -0.225461463E-007   0.000000000E+000
   0.14127910697228629E-007  -0.227197550E-007   0.000000000E+000
   0.14143317361020591E-007  -0.233608084E-007   0.000000000E+000
   0.14158724024812552E-007  -0.231691608E-007   0.000000000E+000
   0.14174130688604514E-007  -0.224960637E-007   0.000000000E+000
   0.14189537352396475E-007  -0.226279102E-007   0.000000000E+000
   0.14204944016188437E-007  -0.235667859E-007   0.000000000E+000
   0.14220350679980398E-007  -0.239446489E-007   0.000000000E+000
   0.14235757343772359E-007  -0.230687771E-007   0.000000000E+000
   0.14251164007564321E-007  -0.221139587E-007   0.000000000E+000
   0.14266570671356282E-007  -0.225236647E-007   0.000000000E+000
   0.14281977335148244E-007  -0.237159963E-007   0.000000000E+000
   0.14297383998940205E-007  -0.238938611E-007   0.000000000E+000
   0.14312790662732167E-007  -0.229773498E-007   0.000000000E+000
   0.14328197326524128E-007  -0.226246115E-007   0.000000000E+000
   0.14343603990316089E-007  -0.232643860E-007   0.000000000E+000
   0.14359010654108051E-007  -0.235331274E-007   0.000000000E+000
   0.14374417317900012E-007  -0.229290062E-007   0.000000000E+000
   0.14389823981691974E-007  -0.226561845E-007   0.000000000E+000
   0.14405230645483935E-007  -0.233776554E-007   0.000000000E+000
   0.14420637309275897E-007  -0.240424782E-007   0.000000000E+000
   0.14436043973067858E-007  -0.235706779E-007   0.000000000E+000
   0.14451450636859819E-007  -0.225440484E-007   0.000000000E+000
   0.14466857300651781E-007  -0.224394441E-007   0.000000000E+000
   0.14482263964443742E-007  -0.234692727E-007   0.000000000E+000
   0.14497670628235704E-007  -0.241456402E-007   0.000000000E+000
   0.14513077292027665E-007  -0.235330013E-007   0.000000000E+000
   0.14528483955819627E-007  -0.227609469E-007   0.000000000E+000
   0.14543890619611588E-007  -0.230676171E-007   0.000000000E+000
   0.14559297283403549E-007  -0.236919337E-007   0.000000000E+000
   0.14574703947195511E-007  -0.234225119E-007   0.000000000E+000
   0.14590110610987472E-007  -0.228571295E-007   0.000000000E+000
   0.14605517274779434E-007  -0.232034196E-007   0.000000000E+000
   0.14620923938571395E-007  -0.240200357E-007   0.000000000E+000
   0.14636330602363357E-007  -0.239652707E-007   0.000000000E+000
   0.14651737266155318E-007  -0.230242510E-007   0.000000000E+000
   0.14667143929947279E-007  -0.225432757E-007   0.000000000E+000
   0.14682550593739241E-007  -0.232459172E-007   0.000000000E+000
   0.14697957257531202E-007  -0.241681875E-007   0.000000000E+000
   0.14713363921323164E-007  -0.240199594E-007   0.000000000E+000
   0.14728770585115125E-007  -0.231363035E-007   0.000000000E+000
   0.14744177248907087E-007  -0.229556978E-007   0.000000000E+000
   0.14759583912699048E-007  -0.236245459E-007   0.000000000E+000
   0.14774990576491009E-007  -0.238277664E-007   0.000000000E+000
   0.14790397240282971E-007  -0.232510722E-007   0.000000000E+000
   0.14805803904074932E-007  -0.231319142E-007   0.000000000E+000
   0.14821210567866894E-007  -0.238750424E-007   0.000000000E+000
   0.14836617231658855E-007  -0.242386999E-007   0.000000000E+000
   0.14852023895450817E-007  -0.235244286E-007   0.000000000E+000
   0.14867430559242778E-007  -0.227761969E-007   0.000000000E+000
   0.14882837223034739E-007  -0.231123298E-007   0.000000000E+000
   0.14898243886826701E-007  -0.240730724E-007   0.000000000E+000
   0.14913650550618662E-007  -0.243378047E-007   0.000000000E+000
   0.14929057214410624E-007  -0.236151845E-007   0.000000000E+000
   0.14944463878202585E-007  -0.230526194E-007   0.000000000E+000
   0.14959870541994547E-007  -0.234614923E-007   0.000000000E+000
   0.14975277205786508E-007  -0.240145805E-007   0.000000000E+000
   0.14990683869578469E-007  -0.237315056E-007   0.000000000E+000
   0.15006090533370431E-007  -0.232723902E-007   0.000000000E+000
   0.15021497197162392E-007  -0.236781990E-007   0.000000000E+000
   0.15036903860954354E-007  -0.243298022E-007   0.000000000E+000
   0.15052310524746315E-007  -0.240125608E-007   0.000000000E+000
   0.15067717188538277E-007  -0.231316104E-007   0.000000000E+000
   0.15083123852330238E-007  -0.230651338E-007   0.000000000E+000
   0.15098530516122199E-007  -0.239364013E-007   0.000000000E+000
   0.15113937179914161E-007  -0.245113441E-007   0.000000000E+000
   0.15129343843706122E-007  -0.240637767E-007   0.000000000E+000
   0.15144750507498084E-007  -0.233296582E-007   0.000000000E+000
   0.15160157171290045E-007  -0.233714879E-007   0.000000000E+000
   0.15175563835082007E-007  -0.240001228E-007   0.000000000E+000
   0.15190970498873968E-007  -0.241209257E-007   0.000000000E+000
   0.15206377162665929E-007  -0.236221034E-007   0.000000000E+000
   0.15221783826457891E-007  -0.235849189E-007   0.000000000E+000
   0.15237190490249852E-007  -0.242330334E-007   0.000000000E+000
   0.15252597154041814E-007  -0.243836080E-007   0.000000000E+000
   0.15268003817833775E-007  -0.236113120E-007   0.000000000E+000
   0.15283410481625737E-007  -0.231387727E-007   0.000000000E+000
   0.15298817145417698E-007  -0.237700135E-007   0.000000000E+000
   0.15314223809209659E-007  -0.245786804E-007   0.000000000E+000
   0.15329630473001621E-007  -0.244472176E-007   0.000000000E+000
   0.15345037136793582E-007  -0.236897524E-007   0.000000000E+000
   0.15360443800585544E-007  -0.234174991E-007   0.000000000E+000
   0.15375850464377505E-007  -0.239154456E-007   0.000000000E+000
   0.15391257128169467E-007  -0.243282710E-007   0.000000000E+000
   0.15406663791961428E-007  -0.240410358E-007   0.000000000E+000
   0.15422070455753389E-007  -0.237017996E-007   0.000000000E+000
   0.15437477119545351E-007  -0.240736142E-007   0.000000000E+000
   0.15452883783337312E-007  -0.245372398E-007   0.000000000E+000
   0.15468290447129274E-007  -0.241232616E-007   0.000000000E+000
   0.15483697110921235E-007  -0.234011885E-007   0.000000000E+000
   0.15499103774713197E-007  -0.236199771E-007   0.000000000E+000
   0.15514510438505158E-007  -0.245223397E-007   0.000000000E+000
   0.15529917102297119E-007  -0.247652068E-007   0.000000000E+000
   0.15545323766089081E-007  -0.240917544E-007   0.000000000E+000
   0.15560730429881042E-007  -0.235659332E-007   0.000000000E+000
   0.15576137093673004E-007  -0.238569040E-007   0.000000000E+000
   0.15591543757464965E-007  -0.244009577E-007   0.000000000E+000
   0.15606950421256927E-007  -0.243886813E-007   0.000000000E+000
   0.15622357085048888E-007  -0.239840752E-007   0.000000000E+000
   0.15637763748840849E-007  -0.240145308E-007   0.000000000E+000
   0.15653170412632811E-007  -0.245056846E-007   0.000000000E+000
   0.15668577076424772E-007  -0.245107206E-007   0.000000000E+000
   0.15683983740216734E-007  -0.238340334E-007   0.000000000E+000
   0.15699390404008695E-007  -0.236049740E-007   0.000000000E+000
   0.15714797067800657E-007  -0.243489122E-007   0.000000000E+000
   0.15730203731592618E-007  -0.249595384E-007   0.000000000E+000
   0.15745610395384579E-007  -0.245333851E-007   0.000000000E+000
   0.15761017059176541E-007  -0.238059155E-007   0.000000000E+000
   0.15776423722968502E-007  -0.238330511E-007   0.000000000E+000
   0.15791830386760464E-007  -0.244117881E-007   0.000000000E+000
   0.15807237050552425E-007  -0.246373748E-007   0.000000000E+000
   0.15822643714344387E-007  -0.243127438E-007   0.000000000E+000
   0.15838050378136348E-007  -0.241083988E-007   0.000000000E+000
   0.15853457041928309E-007  -0.244316976E-007   0.000000000E+000
   0.15868863705720271E-007  -0.247005438E-007   0.000000000E+000
   0.15884270369512232E-007  -0.242958080E-007   0.000000000E+000
   0.15899677033304194E-007  -0.238029063E-007   0.000000000E+000
   0.15915083697096155E-007  -0.241722447E-007   0.000000000E+000
   0.15930490360888117E-007  -0.249657557E-007   0.000000000E+000
   0.15945897024680078E-007  -0.249469689E-007   0.000000000E+000
   0.15961303688472039E-007  -0.241715181E-007   0.000000000E+000
   0.15976710352264001E-007  -0.238592470E-007   0.000000000E+000
   0.15992117016055962E-007  -0.243684664E-007   0.000000000E+000
   0.16007523679847924E-007  -0.248152361E-007   0.000000000E+000
   0.16022930343639885E-007  -0.246311593E-007   0.000000000E+000
   0.16038337007431847E-007  -0.242991316E-007   0.000000000E+000
   0.16053743671223808E-007  -0.244183713E-007   0.000000000E+000
   0.16069150335015769E-007  -0.247593945E-007   0.000000000E+000
   0.16084556998807731E-007  -0.246505074E-007   0.000000000E+000
   0.16099963662599692E-007  -0.241504150E-007   0.000000000E+000
   0.16115370326391654E-007  -0.241356215E-007   0.000000000E+000
   0.16130776990183615E-007  -0.248320227E-007   0.000000000E+000
   0.16146183653975577E-007  -0.252101522E-007   0.000000000E+000
   0.16161590317767538E-007  -0.246358276E-007   0.000000000E+000
   0.16176996981559499E-007  -0.240130689E-007   0.000000000E+000
   0.16192403645351461E-007  -0.242777745E-007   0.000000000E+000
   0.16207810309143422E-007  -0.249020111E-007   0.000000000E+000
   0.16223216972935384E-007  -0.249417909E-007   0.000000000E+000
   0.16238623636727345E-007  -0.245464378E-007   0.000000000E+000
   0.16254030300519307E-007  -0.244676617E-007   0.000000000E+000
   0.16269436964311268E-007  -0.247811105E-007   0.000000000E+000
   0.16284843628103229E-007  -0.248811762E-007   0.000000000E+000
   0.16300250291895191E-007  -0.245159697E-007   0.000000000E+000
   0.16315656955687152E-007  -0.242723939E-007   0.000000000E+000
   0.16331063619479114E-007  -0.247020768E-007   0.000000000E+000
   0.16346470283271075E-007  -0.252781476E-007   0.000000000E+000
   0.16361876947063037E-007  -0.250706904E-007   0.000000000E+000
   0.16377283610854998E-007  -0.243408866E-007   0.000000000E+000
   0.16392690274646959E-007  -0.242290383E-007   0.000000000E+000
   0.16408096938438921E-007  -0.248611407E-007   0.000000000E+000
   0.16423503602230882E-007  -0.252047752E-007   0.000000000E+000
   0.16438910266022844E-007  -0.248630538E-007   0.000000000E+000
   0.16454316929814805E-007  -0.245704719E-007   0.000000000E+000
   0.16469723593606767E-007  -0.247887044E-007   0.000000000E+000
   0.16485130257398728E-007  -0.250364458E-007   0.000000000E+000
   0.16500536921190689E-007  -0.248352165E-007   0.000000000E+000
   0.16515943584982651E-007  -0.245076208E-007   0.000000000E+000
   0.16531350248774612E-007  -0.246743213E-007   0.000000000E+000
   0.16546756912566574E-007  -0.252346641E-007   0.000000000E+000
   0.16562163576358535E-007  -0.253607411E-007   0.000000000E+000
   0.16577570240150497E-007  -0.247680543E-007   0.000000000E+000
   0.16592976903942458E-007  -0.243323939E-007   0.000000000E+000
   0.16608383567734419E-007  -0.247439615E-007   0.000000000E+000
   0.16623790231526381E-007  -0.253349448E-007   0.000000000E+000
   0.16639196895318342E-007  -0.252244838E-007   0.000000000E+000
   0.16654603559110304E-007  -0.247704346E-007   0.000000000E+000
   0.16670010222902265E-007  -0.247854075E-007   0.000000000E+000
   0.16685416886694227E-007  -0.251244980E-007   0.000000000E+000
   0.16700823550486188E-007  -0.251149928E-007   0.000000000E+000
   0.16716230214278149E-007  -0.247789114E-007   0.000000000E+000
   0.16731636878070111E-007  -0.247415421E-007   0.000000000E+000
   0.16747043541862072E-007  -0.251860506E-007   0.000000000E+000
   0.16762450205654034E-007  -0.255062904E-007   0.000000000E+000
   0.16777856869445995E-007  -0.251646917E-007   0.000000000E+000
   0.16793263533237957E-007  -0.245977336E-007   0.000000000E+000
   0.16808670197029918E-007  -0.246778686E-007   0.000000000E+000
   0.16824076860821879E-007  -0.253120831E-007   0.000000000E+000
   0.16839483524613841E-007  -0.255281680E-007   0.000000000E+000
   0.16854890188405802E-007  -0.250917651E-007   0.000000000E+000
   0.16870296852197764E-007  -0.248336445E-007   0.000000000E+000
   0.16885703515989725E-007  -0.251286103E-007   0.000000000E+000
   0.16901110179781687E-007  -0.253395207E-007   0.000000000E+000
   0.16916516843573648E-007  -0.250819685E-007   0.000000000E+000
   0.16931923507365609E-007  -0.248733052E-007   0.000000000E+000
   0.16947330171157571E-007  -0.251653987E-007   0.000000000E+000
   0.16962736834949532E-007  -0.255748827E-007   0.000000000E+000
   0.16978143498741494E-007  -0.254695287E-007   0.000000000E+000
   0.16993550162533455E-007  -0.249367815E-007   0.000000000E+000
   0.17008956826325417E-007  -0.247434500E-007   0.000000000E+000
   0.17024363490117378E-007  -0.252244980E-007   0.000000000E+000
   0.17039770153909339E-007  -0.256868304E-007   0.000000000E+000
   0.17055176817701301E-007  -0.254629597E-007   0.000000000E+000
   0.17070583481493262E-007  -0.250118131E-007   0.000000000E+000
   0.17085990145285224E-007  -0.250943106E-007   0.000000000E+000
   0.17101396809077185E-007  -0.254553285E-007   0.000000000E+000
   0.17116803472869146E-007  -0.253973216E-007   0.000000000E+000
   0.17132210136661108E-007  -0.250832883E-007   0.000000000E+000
   0.17147616800453069E-007  -0.251705981E-007   0.000000000E+000
   0.17163023464245031E-007  -0.255996877E-007   0.000000000E+000
   0.17178430128036992E-007  -0.256986254E-007   0.000000000E+000
   0.17193836791828954E-007  -0.252732129E-007   0.000000000E+000
   0.17209243455620915E-007  -0.249195082E-007   0.000000000E+000
   0.17224650119412876E-007  -0.251769610E-007   0.000000000E+000
   0.17240056783204838E-007  -0.257169166E-007   0.000000000E+000
   0.17255463446996799E-007  -0.257701700E-007   0.000000000E+000
   0.17270870110788761E-007  -0.253143551E-007   0.000000000E+000
   0.17286276774580722E-007  -0.251247609E-007   0.000000000E+000
   0.17301683438372684E-007  -0.254574228E-007   0.000000000E+000
   0.17317090102164645E-007  -0.256488875E-007   0.000000000E+000
   0.17332496765956606E-007  -0.253791317E-007   0.000000000E+000
   0.17347903429748568E-007  -0.252377870E-007   0.000000000E+000
   0.17363310093540529E-007  -0.255802526E-007   0.000000000E+000
   0.17378716757332491E-007  -0.258613486E-007   0.000000000E+000
   0.17394123421124452E-007  -0.255924562E-007   0.000000000E+000
   0.17409530084916414E-007  -0.251548631E-007   0.000000000E+000
   0.17424936748708375E-007  -0.252017394E-007   0.000000000E+000
   0.17440343412500336E-007  -0.256975508E-007   0.000000000E+000
   0.17455750076292298E-007  -0.259642494E-007   0.000000000E+000
   0.17471156740084259E-007  -0.256524668E-007   0.000000000E+000
   0.17486563403876221E-007  -0.252809027E-007   0.000000000E+000
   0.17501970067668182E-007  -0.254271963E-007   0.000000000E+000
   0.17517376731460144E-007  -0.257736694E-007   0.000000000E+000
   0.17532783395252105E-007  -0.256983892E-007   0.000000000E+000
   0.17548190059044066E-007  -0.254173731E-007   0.000000000E+000
   0.17563596722836028E-007  -0.255533497E-007   0.000000000E+000
   0.17579003386627989E-007  -0.259342681E-007   0.000000000E+000
   0.17594410050419951E-007  -0.258849084E-007   0.000000000E+000
   0.17609816714211912E-007  -0.254367283E-007   0.000000000E+000
   0.17625223378003874E-007  -0.252847787E-007   0.000000000E+000
   0.17640630041795835E-007  -0.256776893E-007   0.000000000E+000
   0.17656036705587796E-007  -0.260734740E-007   0.000000000E+000
   0.17671443369379758E-007  -0.259483866E-007   0.000000000E+000
   0.17686850033171719E-007  -0.255317190E-007   0.000000000E+000
   0.17702256696963681E-007  -0.254584727E-007   0.000000000E+000
   0.17717663360755642E-007  -0.257958135E-007   0.000000000E+000
   0.17733070024547604E-007  -0.259462336E-007   0.000000000E+000
   0.17748476688339565E-007  -0.256952433E-007   0.000000000E+000
   0.17763883352131526E-007  -0.255980552E-007   0.000000000E+000
   0.17779290015923488E-007  -0.259237094E-007   0.000000000E+000
   0.17794696679715449E-007  -0.261023132E-007   0.000000000E+000
   0.17810103343507411E-007  -0.257611887E-007   0.000000000E+000
   0.17825510007299372E-007  -0.254338186E-007   0.000000000E+000
   0.17840916671091334E-007  -0.256639758E-007   0.000000000E+000
   0.17856323334883295E-007  -0.261304045E-007   0.000000000E+000
   0.17871729998675256E-007  -0.261877009E-007   0.000000000E+000
   0.17887136662467218E-007  -0.258134190E-007   0.000000000E+000
   0.17902543326259179E-007  -0.255770711E-007   0.000000000E+000
   0.17917949990051141E-007  -0.257959432E-007   0.000000000E+000
   0.17933356653843102E-007  -0.260847255E-007   0.000000000E+000
   0.17948763317635064E-007  -0.259885038E-007   0.000000000E+000
   0.17964169981427025E-007  -0.257587818E-007   0.000000000E+000
   0.17979576645218986E-007  -0.259014623E-007   0.000000000E+000
   0.17994983309010948E-007  -0.262044857E-007   0.000000000E+000
   0.18010389972802909E-007  -0.260782649E-007   0.000000000E+000
   0.18025796636594871E-007  -0.256726693E-007   0.000000000E+000
   0.18041203300386832E-007  -0.256779202E-007   0.000000000E+000
   0.18056609964178794E-007  -0.261358295E-007   0.000000000E+000
   0.18072016627970755E-007  -0.263767621E-007   0.000000000E+000
   0.18087423291762716E-007  -0.260975082E-007   0.000000000E+000
   0.18102829955554678E-007  -0.257561474E-007   0.000000000E+000
   0.18118236619346639E-007  -0.258280650E-007   0.000000000E+000
   0.18133643283138601E-007  -0.261498716E-007   0.000000000E+000
   0.18149049946930562E-007  -0.262237574E-007   0.000000000E+000
   0.18164456610722524E-007  -0.260000199E-007   0.000000000E+000
   0.18179863274514485E-007  -0.259490385E-007   0.000000000E+000
   0.18195269938306446E-007  -0.262204036E-007   0.000000000E+000
   0.18210676602098408E-007  -0.263133071E-007   0.000000000E+000
   0.18226083265890369E-007  -0.259811266E-007   0.000000000E+000
   0.18241489929682331E-007  -0.257717563E-007   0.000000000E+000
   0.18256896593474292E-007  -0.261011852E-007   0.000000000E+000
   0.18272303257266254E-007  -0.264961848E-007   0.000000000E+000
   0.18287709921058215E-007  -0.263784656E-007   0.000000000E+000
   0.18303116584850176E-007  -0.259795030E-007   0.000000000E+000
   0.18318523248642138E-007  -0.258972044E-007   0.000000000E+000
   0.18333929912434099E-007  -0.261888093E-007   0.000000000E+000
   0.18349336576226061E-007  -0.263901097E-007   0.000000000E+000
   0.18364743240018022E-007  -0.262527831E-007   0.000000000E+000
   0.18380149903809984E-007  -0.260864201E-007   0.000000000E+000
   0.18395556567601945E-007  -0.262287827E-007   0.000000000E+000
   0.18410963231393906E-007  -0.264392384E-007   0.000000000E+000
   0.18426369895185868E-007  -0.262842796E-007   0.000000000E+000
   0.18441776558977829E-007  -0.259727688E-007   0.000000000E+000
   0.18457183222769791E-007  -0.260841162E-007   0.000000000E+000
   0.18472589886561752E-007  -0.265263882E-007   0.000000000E+000
   0.18487996550353714E-007  -0.266250328E-007   0.000000000E+000
   0.18503403214145675E-007  -0.262521613E-007   0.000000000E+000
   0.18518809877937636E-007  -0.260061128E-007   0.000000000E+000
   0.18534216541729598E-007  -0.262156750E-007   0.000000000E+000
   0.18549623205521559E-007  -0.265083031E-007   0.000000000E+000
   0.18565029869313521E-007  -0.264815299E-007   0.000000000E+000
   0.18580436533105482E-007  -0.262779913E-007   0.000000000E+000
   0.18595843196897444E-007  -0.262845727E-007   0.000000000E+000
   0.18611249860689405E-007  -0.264974833E-007   0.000000000E+000
   0.18626656524481366E-007  -0.265152895E-007   0.000000000E+000
   0.18642063188273328E-007  -0.262413025E-007   0.000000000E+000
   0.18657469852065289E-007  -0.261505502E-007   0.000000000E+000
   0.18672876515857251E-007  -0.264988866E-007   0.000000000E+000
   0.18688283179649212E-007  -0.267857931E-007   0.000000000E+000
   0.18703689843441174E-007  -0.265545168E-007   0.000000000E+000
   0.18719096507233135E-007  -0.261813948E-007   0.000000000E+000
   0.18734503171025096E-007  -0.262384727E-007   0.000000000E+000
   0.18749909834817058E-007  -0.265810005E-007   0.000000000E+000
   0.18765316498609019E-007  -0.266846296E-007   0.000000000E+000
   0.18780723162400981E-007  -0.264919038E-007   0.000000000E+000
   0.18796129826192942E-007  -0.263895945E-007   0.000000000E+000
   0.18811536489984904E-007  -0.265444289E-007   0.000000000E+000
   0.18826943153776865E-007  -0.266678040E-007   0.000000000E+000
   0.18842349817568826E-007  -0.265058429E-007   0.000000000E+000
   0.18857756481360788E-007  -0.263119393E-007   0.000000000E+000
   0.18873163145152749E-007  -0.264869513E-007   0.000000000E+000
   0.18888569808944711E-007  -0.268464682E-007   0.000000000E+000
   0.18903976472736672E-007  -0.268253473E-007   0.000000000E+000
   0.18919383136528634E-007  -0.264361493E-007   0.000000000E+000
   0.18934789800320595E-007  -0.262960302E-007   0.000000000E+000
   0.18950196464112556E-007  -0.266013096E-007   0.000000000E+000
   0.18965603127904518E-007  -0.268498237E-007   0.000000000E+000
   0.18981009791696479E-007  -0.267231854E-007   0.000000000E+000
   0.18996416455488441E-007  -0.265311737E-007   0.000000000E+000
   0.19011823119280402E-007  -0.266014748E-007   0.000000000E+000
   0.19027229783072364E-007  -0.267737637E-007   0.000000000E+000
   0.19042636446864325E-007  -0.267274451E-007   0.000000000E+000
   0.19058043110656286E-007  -0.265244484E-007   0.000000000E+000
   0.19073449774448248E-007  -0.265422191E-007   0.000000000E+000
   0.19088856438240209E-007  -0.268538063E-007   0.000000000E+000
   0.19104263102032171E-007  -0.270097935E-007   0.000000000E+000
   0.19119669765824132E-007  -0.267298041E-007   0.000000000E+000
   0.19135076429616094E-007  -0.264356217E-007   0.000000000E+000
   0.19150483093408055E-007  -0.265968474E-007   0.000000000E+000
   0.19165889757200016E-007  -0.269462905E-007   0.000000000E+000
   0.19181296420991978E-007  -0.269586113E-007   0.000000000E+000
   0.19196703084783939E-007  -0.267172648E-007   0.000000000E+000
   0.19212109748575901E-007  -0.266708291E-007   0.000000000E+000
   0.19227516412367862E-007  -0.268513993E-007   0.000000000E+000
   0.19242923076159824E-007  -0.269094418E-007   0.000000000E+000
   0.19258329739951785E-007  -0.267446616E-007   0.000000000E+000
   0.19273736403743746E-007  -0.266603166E-007   0.000000000E+000
   0.19289143067535708E-007  -0.268694151E-007   0.000000000E+000
   0.19304549731327669E-007  -0.271101719E-007   0.000000000E+000
   0.19319956395119631E-007  -0.269942859E-007   0.000000000E+000
   0.19335363058911592E-007  -0.266585882E-007   0.000000000E+000
   0.19350769722703554E-007  -0.266291682E-007   0.000000000E+000
   0.19366176386495515E-007  -0.269692393E-007   0.000000000E+000
   0.19381583050287476E-007  -0.271534439E-007   0.000000000E+000
   0.19396989714079438E-007  -0.269529163E-007   0.000000000E+000
   0.19412396377871399E-007  -0.267743037E-007   0.000000000E+000
   0.19427803041663361E-007  -0.269009757E-007   0.000000000E+000
   0.19443209705455322E-007  -0.270547922E-007   0.000000000E+000
   0.19458616369247284E-007  -0.269614517E-007   0.000000000E+000
   0.19474023033039245E-007  -0.268155294E-007   0.000000000E+000
   0.19489429696831206E-007  -0.269177161E-007   0.000000000E+000
   0.19504836360623168E-007  -0.271689444E-007   0.000000000E+000
   0.19520243024415129E-007  -0.271938205E-007   0.000000000E+000
   0.19535649688207091E-007  -0.269150391E-007   0.000000000E+000
   0.19551056351999052E-007  -0.267398175E-007   0.000000000E+000
   0.19566463015791014E-007  -0.269654219E-007   0.000000000E+000
   0.19581869679582975E-007  -0.272674221E-007   0.000000000E+000
   0.19597276343374936E-007  -0.272026863E-007   0.000000000E+000
   0.19612683007166898E-007  -0.269433720E-007   0.000000000E+000
   0.19628089670958859E-007  -0.269431553E-007   0.000000000E+000
   0.19643496334750821E-007  -0.271481646E-007   0.000000000E+000
   0.19658902998542782E-007  -0.271681007E-007   0.000000000E+000
   0.19674309662334744E-007  -0.270012332E-007   0.000000000E+000
   0.19689716326126705E-007  -0.269945808E-007   0.000000000E+000
   0.19705122989918666E-007  -0.272162755E-007   0.000000000E+000
   0.19720529653710628E-007  -0.273393752E-007   0.000000000E+000
   0.19735936317502589E-007  -0.271556893E-007   0.000000000E+000
   0.19751342981294551E-007  -0.269157958E-007   0.000000000E+000
   0.19766749645086512E-007  -0.269941545E-007   0.000000000E+000
   0.19782156308878474E-007  -0.273108771E-007   0.000000000E+000
   0.19797562972670435E-007  -0.274079603E-007   0.000000000E+000
   0.19812969636462396E-007  -0.271730300E-007   0.000000000E+000
   0.19828376300254358E-007  -0.270259726E-007   0.000000000E+000
   0.19843782964046319E-007  -0.271902181E-007   0.000000000E+000
   0.19859189627838281E-007  -0.273348366E-007   0.000000000E+000
   0.19874596291630242E-007  -0.272170162E-007   0.000000000E+000
   0.19890002955422204E-007  -0.271066209E-007   0.000000000E+000
   0.19905409619214165E-007  -0.272571157E-007   0.000000000E+000
   0.19920816283006126E-007  -0.274484133E-007   0.000000000E+000
   0.19936222946798088E-007  -0.273679781E-007   0.000000000E+000
   0.19951629610590049E-007  -0.271197287E-007   0.000000000E+000
   0.19967036274382011E-007  -0.270761316E-007   0.000000000E+000
   0.19982442938173972E-007  -0.273324314E-007   0.000000000E+000
   0.19997849601965934E-007  -0.275414784E-007   0.000000000E+000
