t              csa.fdtd_Point probe C1_Ez_95_20_75.dat
   0.00000000000000000E+000   0.000000000E+000
   0.12499999924031613E-008   0.000000000E+000
   0.24999999848063226E-008   0.000000000E+000
   0.37499999772094839E-008   0.000000000E+000
   0.49999999696126451E-008   0.000000000E+000
   0.62499999620158064E-008   0.000000000E+000
   0.74999999544189677E-008   0.000000000E+000
   0.87499999468221290E-008   0.000000000E+000
   0.99999999392252903E-008   0.000000000E+000
   0.11249999931628452E-007   0.000000000E+000
   0.12499999924031613E-007   0.000000000E+000
   0.13749999916434774E-007   0.000000000E+000
   0.14999999908837935E-007   0.000000000E+000
   0.16249999901241097E-007   0.000000000E+000
   0.17499999893644258E-007   0.000000000E+000
   0.18749999886047419E-007   0.000000000E+000
   0.19999999878450581E-007   0.000000000E+000
   0.21249999870853742E-007   0.000000000E+000
   0.22499999863256903E-007   0.000000000E+000
   0.23749999855660064E-007   0.000000000E+000
   0.24999999848063226E-007   0.000000000E+000
   0.26249999840466387E-007   0.000000000E+000
   0.27499999832869548E-007   0.000000000E+000
   0.28749999825272710E-007   0.000000000E+000
   0.29999999817675871E-007   0.000000000E+000
   0.31249999810079032E-007   0.000000000E+000
   0.32499999802482193E-007   0.000000000E+000
   0.33749999794885355E-007   0.000000000E+000
   0.34999999787288516E-007   0.000000000E+000
   0.36249999779691677E-007   0.000000000E+000
   0.37499999772094839E-007   0.000000000E+000
   0.38749999764498000E-007   0.000000000E+000
   0.39999999756901161E-007   0.000000000E+000
   0.41249999749304322E-007   0.000000000E+000
   0.42499999741707484E-007   0.000000000E+000
   0.43749999734110645E-007   0.000000000E+000
   0.44999999726513806E-007   0.000000000E+000
   0.46249999718916968E-007   0.000000000E+000
   0.47499999711320129E-007   0.000000000E+000
   0.48749999703723290E-007   0.000000000E+000
   0.49999999696126451E-007   0.000000000E+000
   0.51249999688529613E-007   0.000000000E+000
   0.52499999680932774E-007   0.000000000E+000
   0.53749999673335935E-007   0.000000000E+000
   0.54999999665739097E-007   0.000000000E+000
   0.56249999658142258E-007   0.000000000E+000
   0.57499999650545419E-007   0.000000000E+000
   0.58749999642948580E-007   0.000000000E+000
   0.59999999635351742E-007   0.000000000E+000
   0.61249999627754903E-007   0.000000000E+000
   0.62499999620158064E-007   0.000000000E+000
   0.63749999612561226E-007   0.000000000E+000
   0.64999999604964387E-007   0.000000000E+000
   0.66249999597367548E-007   0.000000000E+000
   0.67499999589770709E-007   0.000000000E+000
   0.68749999582173871E-007   0.000000000E+000
   0.69999999574577032E-007   0.000000000E+000
   0.71249999566980193E-007   0.000000000E+000
   0.72499999559383355E-007   0.000000000E+000
   0.73749999551786516E-007   0.000000000E+000
   0.74999999544189677E-007   0.000000000E+000
   0.76249999536592838E-007   0.000000000E+000
   0.77499999528996000E-007   0.000000000E+000
   0.78749999521399161E-007   0.000000000E+000
   0.79999999513802322E-007   0.000000000E+000
   0.81249999506205484E-007   0.000000000E+000
   0.82499999498608645E-007   0.000000000E+000
   0.83749999491011806E-007   0.000000000E+000
   0.84999999483414967E-007   0.000000000E+000
   0.86249999475818129E-007   0.000000000E+000
   0.87499999468221290E-007   0.000000000E+000
   0.88749999460624451E-007   0.000000000E+000
   0.89999999453027613E-007   0.000000000E+000
   0.91249999445430774E-007   0.000000000E+000
   0.92499999437833935E-007   0.000000000E+000
   0.93749999430237096E-007   0.000000000E+000
   0.94999999422640258E-007   0.000000000E+000
   0.96249999415043419E-007   0.000000000E+000
   0.97499999407446580E-007   0.000000000E+000
   0.98749999399849742E-007   0.000000000E+000
   0.99999999392252903E-007   0.000000000E+000
   0.10124999938465606E-006   0.000000000E+000
   0.10249999937705923E-006   0.000000000E+000
   0.10374999936946239E-006   0.000000000E+000
   0.10499999936186555E-006   0.000000000E+000
   0.10624999935426871E-006   0.000000000E+000
   0.10749999934667187E-006   0.000000000E+000
   0.10874999933907503E-006   0.000000000E+000
   0.10999999933147819E-006   0.000000000E+000
   0.11124999932388135E-006   0.000000000E+000
   0.11249999931628452E-006   0.000000000E+000
   0.11374999930868768E-006   0.000000000E+000
   0.11499999930109084E-006   0.000000000E+000
   0.11624999929349400E-006   0.000000000E+000
   0.11749999928589716E-006   0.000000000E+000
   0.11874999927830032E-006   0.000000000E+000
   0.11999999927070348E-006   0.000000000E+000
   0.12124999926310664E-006   0.000000000E+000
   0.12249999925550981E-006   0.000000000E+000
   0.12374999924791297E-006   0.000000000E+000
   0.12499999924031613E-006   0.000000000E+000
   0.12624999923271929E-006   0.000000000E+000
   0.12749999922512245E-006   0.000000000E+000
   0.12874999921752561E-006   0.000000000E+000
   0.12999999920992877E-006   0.000000000E+000
   0.13124999920233194E-006   0.000000000E+000
   0.13249999919473510E-006   0.000000000E+000
   0.13374999918713826E-006   0.000000000E+000
   0.13499999917954142E-006   0.000000000E+000
   0.13624999917194458E-006   0.000000000E+000
   0.13749999916434774E-006   0.000000000E+000
   0.13874999915675090E-006   0.000000000E+000
   0.13999999914915406E-006   0.000000000E+000
   0.14124999914155723E-006   0.000000000E+000
   0.14249999913396039E-006   0.000000000E+000
   0.14374999912636355E-006   0.000000000E+000
   0.14499999911876671E-006   0.000000000E+000
   0.14624999911116987E-006   0.000000000E+000
   0.14749999910357303E-006   0.000000000E+000
   0.14874999909597619E-006   0.000000000E+000
   0.14999999908837935E-006   0.000000000E+000
   0.15124999908078252E-006   0.000000000E+000
   0.15249999907318568E-006   0.000000000E+000
   0.15374999906558884E-006   0.000000000E+000
   0.15499999905799200E-006   0.000000000E+000
   0.15624999905039516E-006   0.000000000E+000
   0.15749999904279832E-006   0.000000000E+000
   0.15874999903520148E-006   0.000000000E+000
   0.15999999902760464E-006   0.000000000E+000
   0.16124999902000781E-006   0.000000000E+000
   0.16249999901241097E-006   0.000000000E+000
   0.16374999900481413E-006   0.000000000E+000
   0.16499999899721729E-006   0.000000000E+000
   0.16624999898962045E-006   0.000000000E+000
   0.16749999898202361E-006   0.000000000E+000
   0.16874999897442677E-006   0.000000000E+000
   0.16999999896682993E-006   0.000000000E+000
   0.17124999895923310E-006   0.000000000E+000
   0.17249999895163626E-006   0.000000000E+000
   0.17374999894403942E-006   0.000000000E+000
   0.17499999893644258E-006   0.000000000E+000
   0.17624999892884574E-006   0.000000000E+000
   0.17749999892124890E-006   0.000000000E+000
   0.17874999891365206E-006   0.000000000E+000
   0.17999999890605523E-006   0.000000000E+000
   0.18124999889845839E-006   0.000000000E+000
   0.18249999889086155E-006   0.000000000E+000
   0.18374999888326471E-006   0.000000000E+000
   0.18499999887566787E-006   0.000000000E+000
   0.18624999886807103E-006   0.000000000E+000
   0.18749999886047419E-006   0.000000000E+000
   0.18874999885287735E-006   0.000000000E+000
   0.18999999884528052E-006   0.000000000E+000
   0.19124999883768368E-006   0.000000000E+000
   0.19249999883008684E-006   0.000000000E+000
   0.19374999882249000E-006   0.000000000E+000
   0.19499999881489316E-006   0.000000000E+000
   0.19624999880729632E-006   0.000000000E+000
   0.19749999879969948E-006   0.000000000E+000
   0.19874999879210264E-006   0.000000000E+000
   0.19999999878450581E-006   0.000000000E+000
   0.20124999877690897E-006   0.000000000E+000
   0.20249999876931213E-006   0.000000000E+000
   0.20374999876171529E-006   0.000000000E+000
   0.20499999875411845E-006   0.000000000E+000
   0.20624999874652161E-006   0.000000000E+000
   0.20749999873892477E-006   0.000000000E+000
   0.20874999873132793E-006   0.000000000E+000
   0.20999999872373110E-006   0.000000000E+000
   0.21124999871613426E-006   0.000000000E+000
   0.21249999870853742E-006   0.000000000E+000
   0.21374999870094058E-006   0.000000000E+000
   0.21499999869334374E-006   0.000000000E+000
   0.21624999868574690E-006   0.000000000E+000
   0.21749999867815006E-006   0.000000000E+000
   0.21874999867055323E-006   0.000000000E+000
   0.21999999866295639E-006   0.000000000E+000
   0.22124999865535955E-006   0.000000000E+000
   0.22249999864776271E-006   0.000000000E+000
   0.22374999864016587E-006   0.000000000E+000
   0.22499999863256903E-006   0.000000000E+000
   0.22624999862497219E-006   0.000000000E+000
   0.22749999861737535E-006   0.000000000E+000
   0.22874999860977852E-006   0.000000000E+000
   0.22999999860218168E-006   0.000000000E+000
   0.23124999859458484E-006   0.000000000E+000
   0.23249999858698800E-006   0.000000000E+000
   0.23374999857939116E-006   0.000000000E+000
   0.23499999857179432E-006   0.000000000E+000
   0.23624999856419748E-006   0.000000000E+000
   0.23749999855660064E-006   0.000000000E+000
   0.23874999854900381E-006   0.000000000E+000
   0.23999999854140697E-006   0.000000000E+000
   0.24124999853381013E-006  -0.440676503E-035
   0.24249999852621329E-006  -0.318765082E-034
   0.24374999851861645E-006  -0.162426159E-033
   0.24499999851101961E-006  -0.778648836E-033
   0.24624999850342277E-006  -0.366016835E-032
   0.24749999849582593E-006  -0.168807366E-031
   0.24874999848822910E-006  -0.762673900E-031
   0.24999999848063226E-006  -0.337514239E-030
   0.25124999847303542E-006  -0.146348294E-029
   0.25249999846543858E-006  -0.621986900E-029
   0.25374999845784174E-006  -0.259192795E-028
   0.25499999845024490E-006  -0.105939147E-027
   0.25624999844264806E-006  -0.424834627E-027
   0.25749999843505122E-006  -0.167203499E-026
   0.25874999842745439E-006  -0.646040412E-026
   0.25999999841985755E-006  -0.245123288E-025
   0.26124999841226071E-006  -0.913559723E-025
   0.26249999840466387E-006  -0.334525292E-024
   0.26374999839706703E-006  -0.120383823E-023
   0.26499999838947019E-006  -0.425851492E-023
   0.26624999838187335E-006  -0.148114788E-022
   0.26749999837427652E-006  -0.506622440E-022
   0.26874999836667968E-006  -0.170454288E-021
   0.26999999835908284E-006  -0.564231538E-021
   0.27124999835148600E-006  -0.183788122E-020
   0.27249999834388916E-006  -0.589209394E-020
   0.27374999833629232E-006  -0.185948408E-019
   0.27499999832869548E-006  -0.577778162E-019
   0.27624999832109864E-006  -0.176786036E-018
   0.27749999831350181E-006  -0.532748775E-018
   0.27874999830590497E-006  -0.158143450E-017
   0.27999999829830813E-006  -0.462485945E-017
   0.28124999829071129E-006  -0.133267945E-016
   0.28249999828311445E-006  -0.378435395E-016
   0.28374999827551761E-006  -0.105913933E-015
   0.28499999826792077E-006  -0.292189018E-015
   0.28624999826032393E-006  -0.794650100E-015
   0.28749999825272710E-006  -0.213078062E-014
   0.28874999824513026E-006  -0.563377707E-014
   0.28999999823753342E-006  -0.146893911E-013
   0.29124999822993658E-006  -0.377740984E-013
   0.29249999822233974E-006  -0.958101667E-013
   0.29374999821474290E-006  -0.239714959E-012
   0.29499999820714606E-006  -0.591672870E-012
   0.29624999819954922E-006  -0.144080733E-011
   0.29749999819195239E-006  -0.346179075E-011
   0.29874999818435555E-006  -0.820724391E-011
   0.29999999817675871E-006  -0.192010262E-010
   0.30124999816916187E-006  -0.443311776E-010
   0.30249999816156503E-006  -0.101012934E-009
   0.30374999815396819E-006  -0.227169963E-009
   0.30499999814637135E-006  -0.504257525E-009
   0.30624999813877452E-006  -0.110484399E-008
   0.30749999813117768E-006  -0.238953923E-008
   0.30874999812358084E-006  -0.510161469E-008
   0.30999999811598400E-006  -0.107521494E-007
   0.31124999810838716E-006  -0.223711769E-007
   0.31249999810079032E-006  -0.459513458E-007
   0.31374999809319348E-006  -0.931818604E-007
   0.31499999808559664E-006  -0.186549528E-006
   0.31624999807799981E-006  -0.368714694E-006
   0.31749999807040297E-006  -0.719485797E-006
   0.31874999806280613E-006  -0.138608277E-005
   0.31999999805520929E-006  -0.263626453E-005
   0.32124999804761245E-006  -0.495013592E-005
   0.32249999804001561E-006  -0.917628313E-005
   0.32374999803241877E-006  -0.167930302E-004
   0.32499999802482193E-006  -0.303384004E-004
   0.32624999801722510E-006  -0.541058180E-004
   0.32749999800962826E-006  -0.952504051E-004
   0.32874999800203142E-006  -0.165517049E-003
   0.32999999799443458E-006  -0.283890404E-003
   0.33124999798683774E-006  -0.480581599E-003
   0.33249999797924090E-006  -0.802908035E-003
   0.33374999797164406E-006  -0.132378633E-002
   0.33499999796404722E-006  -0.215373281E-002
   0.33624999795645039E-006  -0.345743098E-002
   0.33749999794885355E-006  -0.547603471E-002
   0.33874999794125671E-006  -0.855638646E-002
   0.33999999793365987E-006  -0.131881628E-001
   0.34124999792606303E-006  -0.200495031E-001
   0.34249999791846619E-006  -0.300609041E-001
   0.34374999791086935E-006  -0.444458835E-001
   0.34499999790327252E-006  -0.647951812E-001
   0.34624999789567568E-006  -0.931291282E-001
   0.34749999788807884E-006  -0.131950244E+000
   0.34874999788048200E-006  -0.184275806E+000
   0.34999999787288516E-006  -0.253637999E+000
   0.35124999786528832E-006  -0.344038993E+000
   0.35249999785769148E-006  -0.459849030E+000
   0.35374999785009464E-006  -0.605640411E+000
   0.35499999784249781E-006  -0.785957992E+000
   0.35624999783490097E-006  -0.100503778E+001
   0.35749999782730413E-006  -0.126649928E+001
   0.35874999781970729E-006  -0.157305467E+001
   0.35999999781211045E-006  -0.192629015E+001
   0.36124999780451361E-006  -0.232658434E+001
   0.36249999779691677E-006  -0.277322912E+001
   0.36374999778931993E-006  -0.326480389E+001
   0.36499999778172310E-006  -0.379982042E+001
   0.36624999777412626E-006  -0.437761736E+001
   0.36749999776652942E-006  -0.499941349E+001
   0.36874999775893258E-006  -0.566938353E+001
   0.36999999775133574E-006  -0.639556074E+001
   0.37124999774373890E-006  -0.719035244E+001
   0.37249999773614206E-006  -0.807048130E+001
   0.37374999772854522E-006  -0.905622673E+001
   0.37499999772094839E-006  -0.101699715E+002
   0.37624999771335155E-006  -0.114341984E+002
   0.37749999770575471E-006  -0.128692722E+002
   0.37874999769815787E-006  -0.144914322E+002
   0.37999999769056103E-006  -0.163114872E+002
   0.38124999768296419E-006  -0.183346348E+002
   0.38249999767536735E-006  -0.205616398E+002
   0.38374999766777051E-006  -0.229912853E+002
   0.38499999766017368E-006  -0.256236973E+002
   0.38624999765257684E-006  -0.284638004E+002
   0.38749999764498000E-006  -0.315240440E+002
   0.38874999763738316E-006  -0.348255234E+002
   0.38999999762978632E-006  -0.383969879E+002
   0.39124999762218948E-006  -0.422716713E+002
   0.39249999761459264E-006  -0.464825974E+002
   0.39374999760699581E-006  -0.510574608E+002
   0.39499999759939897E-006  -0.560144844E+002
   0.39624999759180213E-006  -0.613606110E+002
   0.39749999758420529E-006  -0.670927429E+002
   0.39874999757660845E-006  -0.732019196E+002
   0.39999999756901161E-006  -0.796793671E+002
   0.40124999756141477E-006  -0.865225296E+002
   0.40249999755381793E-006  -0.937390442E+002
   0.40374999754622110E-006  -0.101347076E+003
   0.40499999753862426E-006  -0.109371498E+003
   0.40624999753102742E-006  -0.117836853E+003
   0.40749999752343058E-006  -0.126759193E+003
   0.40874999751583374E-006  -0.136139526E+003
   0.40999999750823690E-006  -0.145961456E+003
   0.41124999750064006E-006  -0.156194061E+003
   0.41249999749304322E-006  -0.166799316E+003
   0.41374999748544639E-006  -0.177741577E+003
   0.41499999747784955E-006  -0.188995438E+003
   0.41624999747025271E-006  -0.200548859E+003
   0.41749999746265587E-006  -0.212399826E+003
   0.41874999745505903E-006  -0.224547577E+003
   0.41999999744746219E-006  -0.236981384E+003
   0.42124999743986535E-006  -0.249671570E+003
   0.42249999743226851E-006  -0.262566498E+003
   0.42374999742467168E-006  -0.275597351E+003
   0.42499999741707484E-006  -0.288689209E+003
   0.42624999740947800E-006  -0.301774231E+003
   0.42749999740188116E-006  -0.314801147E+003
   0.42874999739428432E-006  -0.327737000E+003
   0.42999999738668748E-006  -0.340559723E+003
   0.43124999737909064E-006  -0.353244812E+003
   0.43249999737149381E-006  -0.365751495E+003
   0.43374999736389697E-006  -0.378015442E+003
   0.43499999735630013E-006  -0.389951355E+003
   0.43624999734870329E-006  -0.401465698E+003
   0.43749999734110645E-006  -0.412473816E+003
   0.43874999733350961E-006  -0.422914154E+003
   0.43999999732591277E-006  -0.432752319E+003
   0.44124999731831593E-006  -0.441972900E+003
   0.44249999731071910E-006  -0.450562836E+003
   0.44374999730312226E-006  -0.458493713E+003
   0.44499999729552542E-006  -0.465712250E+003
   0.44624999728792858E-006  -0.472144501E+003
   0.44749999728033174E-006  -0.477712372E+003
   0.44874999727273490E-006  -0.482355225E+003
   0.44999999726513806E-006  -0.486045746E+003
   0.45124999725754122E-006  -0.488791901E+003
   0.45249999724994439E-006  -0.490623199E+003
   0.45374999724234755E-006  -0.491567627E+003
   0.45499999723475071E-006  -0.491630890E+003
   0.45624999722715387E-006  -0.490789581E+003
   0.45749999721955703E-006  -0.489002258E+003
   0.45874999721196019E-006  -0.486233673E+003
   0.45999999720436335E-006  -0.482479706E+003
   0.46124999719676651E-006  -0.477779358E+003
   0.46249999718916968E-006  -0.472206848E+003
   0.46374999718157284E-006  -0.465846710E+003
   0.46499999717397600E-006  -0.458764618E+003
   0.46624999716637916E-006  -0.450989685E+003
   0.46749999715878232E-006  -0.442518677E+003
   0.46874999715118548E-006  -0.433340302E+003
   0.46999999714358864E-006  -0.423467285E+003
   0.47124999713599180E-006  -0.412957733E+003
   0.47249999712839497E-006  -0.401913422E+003
   0.47374999712079813E-006  -0.390454254E+003
   0.47499999711320129E-006  -0.378682068E+003
   0.47624999710560445E-006  -0.366653961E+003
   0.47749999709800761E-006  -0.354380402E+003
   0.47874999709041077E-006  -0.341850525E+003
   0.47999999708281393E-006  -0.329070648E+003
   0.48124999707521710E-006  -0.316093811E+003
   0.48249999706762026E-006  -0.303022552E+003
   0.48374999706002342E-006  -0.289981995E+003
   0.48499999705242658E-006  -0.277077606E+003
   0.48624999704482974E-006  -0.264361725E+003
   0.48749999703723290E-006  -0.251828827E+003
   0.48874999702963606E-006  -0.239443314E+003
   0.48999999702203922E-006  -0.227184296E+003
   0.49124999701444239E-006  -0.215081223E+003
   0.49249999700684555E-006  -0.203218689E+003
   0.49374999699924871E-006  -0.191706375E+003
   0.49499999699165187E-006  -0.180631058E+003
   0.49624999698405503E-006  -0.170019073E+003
   0.49749999697645819E-006  -0.159832092E+003
   0.49874999696886135E-006  -0.149999908E+003
   0.49999999696126451E-006  -0.140471222E+003
   0.50124999695366768E-006  -0.131252182E+003
   0.50249999694607084E-006  -0.122408813E+003
   0.50374999693847400E-006  -0.114031265E+003
   0.50499999693087716E-006  -0.106181023E+003
   0.50624999692328032E-006  -0.988533859E+002
   0.50749999691568348E-006  -0.919785843E+002
   0.50874999690808664E-006  -0.854614029E+002
   0.50999999690048980E-006  -0.792354660E+002
   0.51124999689289297E-006  -0.732989578E+002
   0.51249999688529613E-006  -0.677097702E+002
   0.51374999687769929E-006  -0.625430145E+002
   0.51499999687010245E-006  -0.578373070E+002
   0.51624999686250561E-006  -0.535631828E+002
   0.51749999685490877E-006  -0.496333313E+002
   0.51874999684731193E-006  -0.459480972E+002
   0.51999999683971510E-006  -0.424477310E+002
   0.52124999683211826E-006  -0.391388741E+002
   0.52249999682452142E-006  -0.360793076E+002
   0.52374999681692458E-006  -0.333314018E+002
   0.52499999680932774E-006  -0.309140987E+002
   0.52624999680173090E-006  -0.287833881E+002
   0.52749999679413406E-006  -0.268525314E+002
   0.52874999678653722E-006  -0.250380573E+002
   0.52999999677894039E-006  -0.233021126E+002
   0.53124999677134355E-006  -0.216652527E+002
   0.53249999676374671E-006  -0.201830311E+002
   0.53374999675614987E-006  -0.189024181E+002
   0.53499999674855303E-006  -0.178259335E+002
   0.53624999674095619E-006  -0.169055824E+002
   0.53749999673335935E-006  -0.160692005E+002
   0.53874999672576251E-006  -0.152611465E+002
   0.53999999671816568E-006  -0.144704876E+002
   0.54124999671056884E-006  -0.137288761E+002
   0.54249999670297200E-006  -0.130811110E+002
   0.54374999669537516E-006  -0.125498257E+002
   0.54499999668777832E-006  -0.121189013E+002
   0.54624999668018148E-006  -0.117457066E+002
   0.54749999667258464E-006  -0.113906975E+002
   0.54874999666498780E-006  -0.110405788E+002
   0.54999999665739097E-006  -0.107079821E+002
   0.55124999664979413E-006  -0.104110727E+002
   0.55249999664219729E-006  -0.101535158E+002
   0.55374999663460045E-006  -0.992341518E+001
   0.55499999662700361E-006  -0.971025276E+001
   0.55624999661940677E-006  -0.951974201E+001
   0.55749999661180993E-006  -0.936771679E+001
   0.55874999660421309E-006  -0.925662804E+001
   0.55999999659661626E-006  -0.916017723E+001
   0.56124999658901942E-006  -0.903808784E+001
   0.56249999658142258E-006  -0.887313747E+001
   0.56374999657382574E-006  -0.869476032E+001
   0.56499999656622890E-006  -0.855975914E+001
   0.56624999655863206E-006  -0.850102997E+001
   0.56749999655103522E-006  -0.849180698E+001
   0.56874999654343839E-006  -0.846479988E+001
   0.56999999653584155E-006  -0.837364388E+001
   0.57124999652824471E-006  -0.823776054E+001
   0.57249999652064787E-006  -0.812241554E+001
   0.57374999651305103E-006  -0.807015324E+001
   0.57499999650545419E-006  -0.805442715E+001
   0.57624999649785735E-006  -0.800893307E+001
   0.57749999649026051E-006  -0.790626097E+001
   0.57874999648266368E-006  -0.779888725E+001
   0.57999999647506684E-006  -0.776697302E+001
   0.58124999646747000E-006  -0.781927109E+001
   0.58249999645987316E-006  -0.785868120E+001
   0.58374999645227632E-006  -0.776948547E+001
   0.58499999644467948E-006  -0.755069923E+001
   0.58624999643708264E-006  -0.734931993E+001
   0.58749999642948580E-006  -0.733243704E+001
   0.58874999642188897E-006  -0.750895405E+001
   0.58999999641429213E-006  -0.768948317E+001
   0.59124999640669529E-006  -0.765256453E+001
   0.59249999639909845E-006  -0.736976147E+001
   0.59374999639150161E-006  -0.705698204E+001
   0.59499999638390477E-006  -0.697686529E+001
   0.59624999637630793E-006  -0.717518282E+001
   0.59749999636871109E-006  -0.742251778E+001
   0.59874999636111426E-006  -0.743716288E+001
   0.59999999635351742E-006  -0.717187834E+001
   0.60124999634592058E-006  -0.686588573E+001
   0.60249999633832374E-006  -0.679809093E+001
   0.60374999633072690E-006  -0.699410677E+001
   0.60499999632313006E-006  -0.719879246E+001
   0.60624999631553322E-006  -0.714989138E+001
   0.60749999630793639E-006  -0.686293793E+001
   0.60874999630033955E-006  -0.661747837E+001
   0.60999999629274271E-006  -0.665355778E+001
   0.61124999628514587E-006  -0.690575838E+001
   0.61249999627754903E-006  -0.706822109E+001
   0.61374999626995219E-006  -0.692547178E+001
   0.61499999626235535E-006  -0.658961964E+001
   0.61624999625475851E-006  -0.638228750E+001
   0.61749999624716168E-006  -0.648798561E+001
   0.61874999623956484E-006  -0.675751019E+001
   0.61999999623196800E-006  -0.687466860E+001
   0.62124999622437116E-006  -0.669917870E+001
   0.62249999621677432E-006  -0.640810728E+001
   0.62374999620917748E-006  -0.628787041E+001
   0.62499999620158064E-006  -0.641781616E+001
   0.62624999619398380E-006  -0.659816265E+001
   0.62749999618638697E-006  -0.659062147E+001
   0.62874999617879013E-006  -0.638834333E+001
   0.62999999617119329E-006  -0.621050167E+001
   0.63124999616359645E-006  -0.623991537E+001
   0.63249999615599961E-006  -0.641259480E+001
   0.63374999614840277E-006  -0.649722958E+001
   0.63499999614080593E-006  -0.636376238E+001
   0.63624999613320909E-006  -0.612918997E+001
   0.63749999612561226E-006  -0.602072191E+001
   0.63874999611801542E-006  -0.612255621E+001
   0.63999999611041858E-006  -0.629388523E+001
   0.64124999610282174E-006  -0.633626270E+001
   0.64249999609522490E-006  -0.620615768E+001
   0.64374999608762806E-006  -0.603754950E+001
   0.64499999608003122E-006  -0.597393990E+001
   0.64624999607243439E-006  -0.601950645E+001
   0.64749999606483755E-006  -0.606897879E+001
   0.64874999605724071E-006  -0.605108929E+001
   0.64999999604964387E-006  -0.600054169E+001
   0.65124999604204703E-006  -0.598599291E+001
   0.65249999603445019E-006  -0.600614977E+001
   0.65374999602685335E-006  -0.599238634E+001
   0.65499999601925651E-006  -0.590780401E+001
   0.65624999601165968E-006  -0.580813074E+001
   0.65749999600406284E-006  -0.578289270E+001
   0.65874999599646600E-006  -0.584891987E+001
   0.65999999598886916E-006  -0.592638111E+001
   0.66124999598127232E-006  -0.592434359E+001
   0.66249999597367548E-006  -0.583378839E+001
   0.66374999596607864E-006  -0.572667933E+001
   0.66499999595848180E-006  -0.567567778E+001
   0.66624999595088497E-006  -0.569129086E+001
   0.66749999594328813E-006  -0.573301649E+001
   0.66874999593569129E-006  -0.575858974E+001
   0.66999999592809445E-006  -0.574954081E+001
   0.67124999592049761E-006  -0.570473671E+001
   0.67249999591290077E-006  -0.563592196E+001
   0.67374999590530393E-006  -0.557476807E+001
   0.67499999589770709E-006  -0.556163692E+001
   0.67624999589011026E-006  -0.560491085E+001
   0.67749999588251342E-006  -0.565535736E+001
   0.67874999587491658E-006  -0.564352036E+001
   0.67999999586731974E-006  -0.555493450E+001
   0.68124999585972290E-006  -0.545738792E+001
   0.68249999585212606E-006  -0.543657207E+001
   0.68374999584452922E-006  -0.550337791E+001
   0.68499999583693238E-006  -0.557753563E+001
   0.68624999582933555E-006  -0.556991196E+001
   0.68749999582173871E-006  -0.547376108E+001
   0.68874999581414187E-006  -0.536688280E+001
   0.68999999580654503E-006  -0.532941103E+001
   0.69124999579894819E-006  -0.537102890E+001
   0.69249999579135135E-006  -0.543713665E+001
   0.69374999578375451E-006  -0.546880388E+001
   0.69499999577615768E-006  -0.544490862E+001
   0.69624999576856084E-006  -0.537817240E+001
   0.69749999576096400E-006  -0.529574776E+001
   0.69874999575336716E-006  -0.523282862E+001
   0.69999999574577032E-006  -0.522576809E+001
   0.70124999573817348E-006  -0.528462791E+001
   0.70249999573057664E-006  -0.536707401E+001
   0.70374999572297980E-006  -0.539776802E+001
   0.70499999571538297E-006  -0.533277464E+001
   0.70624999570778613E-006  -0.520697355E+001
   0.70749999570018929E-006  -0.510876465E+001
   0.70874999569259245E-006  -0.510266447E+001
   0.70999999568499561E-006  -0.517690802E+001
   0.71124999567739877E-006  -0.526268530E+001
   0.71249999566980193E-006  -0.529485893E+001
   0.71374999566220509E-006  -0.525280094E+001
   0.71499999565460826E-006  -0.515909052E+001
   0.71624999564701142E-006  -0.505966854E+001
   0.71749999563941458E-006  -0.500587559E+001
   0.71874999563181774E-006  -0.503136253E+001
   0.71999999562422090E-006  -0.512161732E+001
   0.72124999561662406E-006  -0.520662785E+001
   0.72249999560902722E-006  -0.520653200E+001
   0.72374999560143038E-006  -0.510396624E+001
   0.72499999559383355E-006  -0.497016716E+001
   0.72624999558623671E-006  -0.490630054E+001
   0.72749999557863987E-006  -0.495126343E+001
   0.72874999557104303E-006  -0.504860783E+001
   0.72999999556344619E-006  -0.510462999E+001
   0.73124999555584935E-006  -0.507443047E+001
   0.73249999554825251E-006  -0.499056149E+001
   0.73374999554065568E-006  -0.491801214E+001
   0.73499999553305884E-006  -0.489371395E+001
   0.73624999552546200E-006  -0.490882158E+001
   0.73749999551786516E-006  -0.493409777E+001
   0.73874999551026832E-006  -0.494861794E+001
   0.73999999550267148E-006  -0.494599438E+001
   0.74124999549507464E-006  -0.492642927E+001
   0.74249999548747780E-006  -0.489259624E+001
   0.74374999547988097E-006  -0.485243654E+001
   0.74499999547228413E-006  -0.482043839E+001
   0.74624999546468729E-006  -0.481207180E+001
   0.74749999545709045E-006  -0.483281088E+001
   0.74874999544949361E-006  -0.486754179E+001
   0.74999999544189677E-006  -0.488152313E+001
   0.75124999543429993E-006  -0.484345961E+001
   0.75249999542670309E-006  -0.476081371E+001
   0.75374999541910626E-006  -0.469039965E+001
   0.75499999541150942E-006  -0.469558525E+001
   0.75624999540391258E-006  -0.477788115E+001
   0.75749999539631574E-006  -0.485732698E+001
   0.75874999538871890E-006  -0.484116650E+001
   0.75999999538112206E-006  -0.472203541E+001
   0.76124999537352522E-006  -0.459744787E+001
   0.76249999536592838E-006  -0.457690382E+001
   0.76374999535833155E-006  -0.466955328E+001
   0.76499999535073471E-006  -0.477481508E+001
   0.76624999534313787E-006  -0.478684711E+001
   0.76749999533554103E-006  -0.469769430E+001
   0.76874999532794419E-006  -0.459111929E+001
   0.76999999532034735E-006  -0.454709291E+001
   0.77124999531275051E-006  -0.457021475E+001
   0.77249999530515367E-006  -0.461019325E+001
   0.77374999529755684E-006  -0.462877035E+001
   0.77499999528996000E-006  -0.462764072E+001
   0.77624999528236316E-006  -0.461962175E+001
   0.77749999527476632E-006  -0.459865475E+001
   0.77874999526716948E-006  -0.455187035E+001
   0.77999999525957264E-006  -0.449083519E+001
   0.78124999525197580E-006  -0.445361567E+001
   0.78249999524437897E-006  -0.447052670E+001
   0.78374999523678213E-006  -0.453163147E+001
   0.78499999522918529E-006  -0.458886862E+001
   0.78624999522158845E-006  -0.458922243E+001
   0.78749999521399161E-006  -0.451388216E+001
   0.78874999520639477E-006  -0.439943218E+001
   0.78999999519879793E-006  -0.432265329E+001
   0.79124999519120109E-006  -0.434533453E+001
   0.79249999518360426E-006  -0.445305920E+001
   0.79374999517600742E-006  -0.455082321E+001
   0.79499999516841058E-006  -0.454149055E+001
   0.79624999516081374E-006  -0.442232609E+001
   0.79749999515321690E-006  -0.429430914E+001
   0.79874999514562006E-006  -0.426174450E+001
   0.79999999513802322E-006  -0.432702637E+001
   0.80124999513042638E-006  -0.439935637E+001
   0.80249999512282955E-006  -0.440427113E+001
   0.80374999511523271E-006  -0.435997915E+001
   0.80499999510763587E-006  -0.433223152E+001
   0.80624999510003903E-006  -0.433672428E+001
   0.80749999509244219E-006  -0.432263899E+001
   0.80874999508484535E-006  -0.425718164E+001
   0.80999999507724851E-006  -0.419059992E+001
   0.81124999506965167E-006  -0.420390654E+001
   0.81249999506205484E-006  -0.429977512E+001
   0.81374999505445800E-006  -0.438005447E+001
   0.81499999504686116E-006  -0.434844351E+001
   0.81624999503926432E-006  -0.421915483E+001
   0.81749999503166748E-006  -0.410385752E+001
   0.81874999502407064E-006  -0.409549904E+001
   0.81999999501647380E-006  -0.418157768E+001
   0.82124999500887697E-006  -0.427083015E+001
   0.82249999500128013E-006  -0.428590202E+001
   0.82374999499368329E-006  -0.422196054E+001
   0.82499999498608645E-006  -0.413269806E+001
   0.82624999497848961E-006  -0.407952070E+001
   0.82749999497089277E-006  -0.408923149E+001
   0.82874999496329593E-006  -0.413890648E+001
   0.82999999495569909E-006  -0.417413950E+001
   0.83124999494810226E-006  -0.415637493E+001
   0.83249999494050542E-006  -0.410307741E+001
   0.83374999493290858E-006  -0.407111979E+001
   0.83499999492531174E-006  -0.408867264E+001
   0.83624999491771490E-006  -0.411498308E+001
   0.83749999491011806E-006  -0.408990669E+001
   0.83874999490252122E-006  -0.402056026E+001
   0.83999999489492438E-006  -0.398694777E+001
   0.84124999488732755E-006  -0.404157686E+001
   0.84249999487973071E-006  -0.412618685E+001
   0.84374999487213387E-006  -0.412699080E+001
   0.84499999486453703E-006  -0.401609278E+001
   0.84624999485694019E-006  -0.390094280E+001
   0.84749999484934335E-006  -0.390570259E+001
   0.84874999484174651E-006  -0.402188206E+001
   0.84999999483414967E-006  -0.411363220E+001
   0.85124999482655284E-006  -0.407468891E+001
   0.85249999481895600E-006  -0.394705915E+001
   0.85374999481135916E-006  -0.386355972E+001
   0.85499999480376232E-006  -0.389431071E+001
   0.85624999479616548E-006  -0.398201537E+001
   0.85749999478856864E-006  -0.402489996E+001
   0.85874999478097180E-006  -0.398915744E+001
   0.85999999477337497E-006  -0.392362905E+001
   0.86124999476577813E-006  -0.388769078E+001
   0.86249999475818129E-006  -0.389378214E+001
   0.86374999475058445E-006  -0.391579342E+001
   0.86499999474298761E-006  -0.392616963E+001
   0.86624999473539077E-006  -0.391534615E+001
   0.86749999472779393E-006  -0.389250350E+001
   0.86874999472019709E-006  -0.387975574E+001
   0.86999999471260026E-006  -0.389315963E+001
   0.87124999470500342E-006  -0.391612983E+001
   0.87249999469740658E-006  -0.390480018E+001
   0.87374999468980974E-006  -0.384231114E+001
   0.87499999468221290E-006  -0.378139830E+001
   0.87624999467461606E-006  -0.379970813E+001
   0.87749999466701922E-006  -0.389851570E+001
   0.87874999465942238E-006  -0.397466564E+001
   0.87999999465182555E-006  -0.392779303E+001
   0.88124999464422871E-006  -0.378764772E+001
   0.88249999463663187E-006  -0.369572067E+001
   0.88374999462903503E-006  -0.374600863E+001
   0.88499999462143819E-006  -0.387457442E+001
   0.88624999461384135E-006  -0.393657589E+001
   0.88749999460624451E-006  -0.387585545E+001
   0.88874999459864767E-006  -0.377787209E+001
   0.88999999459105084E-006  -0.375082254E+001
   0.89124999458345400E-006  -0.379643154E+001
   0.89249999457585716E-006  -0.382935166E+001
   0.89374999456826032E-006  -0.380082154E+001
   0.89499999456066348E-006  -0.375656486E+001
   0.89624999455306664E-006  -0.376435399E+001
   0.89749999454546980E-006  -0.382088733E+001
   0.89874999453787296E-006  -0.385835648E+001
   0.89999999453027613E-006  -0.382881737E+001
   0.90124999452267929E-006  -0.375480247E+001
   0.90249999451508245E-006  -0.369828486E+001
   0.90374999450748561E-006  -0.370170283E+001
   0.90499999449988877E-006  -0.376137638E+001
   0.90624999449229193E-006  -0.383505392E+001
   0.90749999448469509E-006  -0.386478829E+001
   0.90874999447709826E-006  -0.381575894E+001
   0.90999999446950142E-006  -0.371753883E+001
   0.91124999446190458E-006  -0.365586853E+001
   0.91249999445430774E-006  -0.369257879E+001
   0.91374999444671090E-006  -0.378966165E+001
   0.91499999443911406E-006  -0.384097552E+001
   0.91624999443151722E-006  -0.379383898E+001
   0.91749999442392038E-006  -0.371393919E+001
   0.91874999441632355E-006  -0.370193672E+001
   0.91999999440872671E-006  -0.376236939E+001
   0.92124999440112987E-006  -0.379870224E+001
   0.92249999439353303E-006  -0.374639130E+001
   0.92374999438593619E-006  -0.366694498E+001
   0.92499999437833935E-006  -0.367171240E+001
   0.92624999437074251E-006  -0.377189922E+001
   0.92749999436314567E-006  -0.385419774E+001
   0.92874999435554884E-006  -0.381770062E+001
   0.92999999434795200E-006  -0.369726181E+001
   0.93124999434035516E-006  -0.362018323E+001
   0.93249999433275832E-006  -0.365845418E+001
   0.93374999432516148E-006  -0.375905514E+001
   0.93499999431756464E-006  -0.381915498E+001
   0.93624999430996780E-006  -0.379630756E+001
   0.93749999430237096E-006  -0.373034501E+001
   0.93874999429477413E-006  -0.368303895E+001
   0.93999999428717729E-006  -0.368288660E+001
   0.94124999427958045E-006  -0.371799088E+001
   0.94249999427198361E-006  -0.375428772E+001
   0.94374999426438677E-006  -0.375839067E+001
   0.94499999425678993E-006  -0.372592521E+001
   0.94624999424919309E-006  -0.369512177E+001
   0.94749999424159626E-006  -0.371112132E+001
   0.94874999423399942E-006  -0.376380634E+001
   0.94999999422640258E-006  -0.378341961E+001
   0.95124999421880574E-006  -0.372464466E+001
   0.95249999421120890E-006  -0.364153695E+001
   0.95374999420361206E-006  -0.363870358E+001
   0.95499999419601522E-006  -0.373860407E+001
   0.95624999418841838E-006  -0.383539748E+001
   0.95749999418082155E-006  -0.381335020E+001
   0.95874999417322471E-006  -0.369141722E+001
   0.95999999416562787E-006  -0.360668182E+001
   0.96124999415803103E-006  -0.365040183E+001
   0.96249999415043419E-006  -0.376175332E+001
   0.96374999414283735E-006  -0.380963635E+001
   0.96499999413524051E-006  -0.375171208E+001
   0.96624999412764367E-006  -0.367139649E+001
   0.96749999412004684E-006  -0.366251945E+001
   0.96874999411245000E-006  -0.372028446E+001
   0.96999999410485316E-006  -0.376557636E+001
   0.97124999409725632E-006  -0.374843717E+001
   0.97249999408965948E-006  -0.369567204E+001
   0.97374999408206264E-006  -0.366515541E+001
   0.97499999407446580E-006  -0.368318892E+001
   0.97624999406686896E-006  -0.373067665E+001
   0.97749999405927213E-006  -0.376705265E+001
   0.97874999405167529E-006  -0.375839067E+001
   0.97999999404407845E-006  -0.370300078E+001
   0.98124999403648161E-006  -0.364515758E+001
   0.98249999402888477E-006  -0.364574885E+001
   0.98374999402128793E-006  -0.371473455E+001
   0.98499999401369109E-006  -0.378201938E+001
   0.98624999400609425E-006  -0.376660132E+001
   0.98749999399849742E-006  -0.367859936E+001
   0.98874999399090058E-006  -0.361982417E+001
   0.98999999398330374E-006  -0.366253161E+001
   0.99124999397570690E-006  -0.375365949E+001
   0.99249999396811006E-006  -0.377623463E+001
   0.99374999396051322E-006  -0.369786263E+001
   0.99499999395291638E-006  -0.361414623E+001
   0.99624999394531955E-006  -0.362757564E+001
   0.99749999393772271E-006  -0.371856523E+001
   0.99874999393012587E-006  -0.377388358E+001
   0.99999999392252903E-006  -0.372945118E+001
