t              csa.fdtd_Bulk probe 0 m_Jz_19_19_0__20_20_0.dat
   0.00000000000000000E+000   0.000000000E+000
   0.12499999924031613E-008   0.542189181E+000
   0.24999999848063226E-008   0.141308355E+001
   0.37499999772094839E-008   0.227118278E+001
   0.49999999696126451E-008   0.288092923E+001
   0.62499999620158064E-008   0.323837996E+001
   0.74999999544189677E-008   0.352012777E+001
   0.87499999468221290E-008   0.393014765E+001
   0.99999999392252903E-008   0.457241726E+001
   0.11249999931628452E-007   0.542297935E+001
   0.12499999924031613E-007   0.638833952E+001
   0.13749999916434774E-007   0.738969707E+001
   0.14999999908837935E-007   0.841740227E+001
   0.16249999901241097E-007   0.953156471E+001
   0.17499999893644258E-007   0.108191710E+002
   0.18749999886047419E-007   0.123420181E+002
   0.19999999878450581E-007   0.141117725E+002
   0.21249999870853742E-007   0.161049614E+002
   0.22499999863256903E-007   0.182992458E+002
   0.23749999855660064E-007   0.207000217E+002
   0.24999999848063226E-007   0.233418503E+002
   0.26249999840466387E-007   0.262728882E+002
   0.27499999832869548E-007   0.295391502E+002
   0.28749999825272710E-007   0.331767921E+002
   0.29999999817675871E-007   0.372107391E+002
   0.31249999810079032E-007   0.416567459E+002
   0.32499999802482193E-007   0.465272217E+002
   0.33749999794885355E-007   0.518402557E+002
   0.34999999787288516E-007   0.576268997E+002
   0.36249999779691677E-007   0.639311714E+002
   0.37499999772094839E-007   0.708018188E+002
   0.38749999764498000E-007   0.782811432E+002
   0.39999999756901161E-007   0.863983765E+002
   0.41249999749304322E-007   0.951716461E+002
   0.42499999741707484E-007   0.104616989E+003
   0.43749999734110645E-007   0.114757339E+003
   0.44999999726513806E-007   0.125625015E+003
   0.46249999718916968E-007   0.137256226E+003
   0.47499999711320129E-007   0.149682800E+003
   0.48749999703723290E-007   0.162927673E+003
   0.49999999696126451E-007   0.177005646E+003
   0.51249999688529613E-007   0.191925903E+003
   0.52499999680932774E-007   0.207693848E+003
   0.53749999673335935E-007   0.224311432E+003
   0.54999999665739097E-007   0.241778641E+003
   0.56249999658142258E-007   0.260094788E+003
   0.57499999650545419E-007   0.279257324E+003
   0.58749999642948580E-007   0.299257263E+003
   0.59999999635351742E-007   0.320074463E+003
   0.61249999627754903E-007   0.341676270E+003
   0.62499999620158064E-007   0.364020996E+003
   0.63749999612561226E-007   0.387063080E+003
   0.64999999604964387E-007   0.410755615E+003
   0.66249999597367548E-007   0.435049316E+003
   0.67499999589770709E-007   0.459888062E+003
   0.68749999582173871E-007   0.485205688E+003
   0.69999999574577032E-007   0.510925415E+003
   0.71249999566980193E-007   0.536962219E+003
   0.72499999559383355E-007   0.563225708E+003
   0.73749999551786516E-007   0.589621277E+003
   0.74999999544189677E-007   0.616050049E+003
   0.76249999536592838E-007   0.642409302E+003
   0.77499999528996000E-007   0.668593872E+003
   0.78749999521399161E-007   0.694496094E+003
   0.79999999513802322E-007   0.720004944E+003
   0.81249999506205484E-007   0.745003845E+003
   0.82499999498608645E-007   0.769372314E+003
   0.83749999491011806E-007   0.792989563E+003
   0.84999999483414967E-007   0.815738403E+003
   0.86249999475818129E-007   0.837507568E+003
   0.87499999468221290E-007   0.858189697E+003
   0.88749999460624451E-007   0.877679504E+003
   0.89999999453027613E-007   0.895873169E+003
   0.91249999445430774E-007   0.912670410E+003
   0.92499999437833935E-007   0.927977051E+003
   0.93749999430237096E-007   0.941707764E+003
   0.94999999422640258E-007   0.953786255E+003
   0.96249999415043419E-007   0.964145386E+003
   0.97499999407446580E-007   0.972727478E+003
   0.98749999399849742E-007   0.979484985E+003
   0.99999999392252903E-007   0.984381226E+003
   0.10124999938465606E-006   0.987389038E+003
   0.10249999937705923E-006   0.988490356E+003
   0.10374999936946239E-006   0.987676514E+003
   0.10499999936186555E-006   0.984950989E+003
   0.10624999935426871E-006   0.980330505E+003
   0.10749999934667187E-006   0.973845520E+003
   0.10874999933907503E-006   0.965537109E+003
   0.10999999933147819E-006   0.955454834E+003
   0.11124999932388135E-006   0.943655090E+003
   0.11249999931628452E-006   0.930203308E+003
   0.11374999930868768E-006   0.915174316E+003
   0.11499999930109084E-006   0.898652222E+003
   0.11624999929349400E-006   0.880729248E+003
   0.11749999928589716E-006   0.861503662E+003
   0.11874999927830032E-006   0.841078857E+003
   0.11999999927070348E-006   0.819562683E+003
   0.12124999926310664E-006   0.797067017E+003
   0.12249999925550981E-006   0.773705200E+003
   0.12374999924791297E-006   0.749591125E+003
   0.12499999924031613E-006   0.724838989E+003
   0.12624999923271929E-006   0.699563599E+003
   0.12749999922512245E-006   0.673880737E+003
   0.12874999921752561E-006   0.647905823E+003
   0.12999999920992877E-006   0.621750854E+003
   0.13124999920233194E-006   0.595522583E+003
   0.13249999919473510E-006   0.569321533E+003
   0.13374999918713826E-006   0.543243896E+003
   0.13499999917954142E-006   0.517382019E+003
   0.13624999917194458E-006   0.491823975E+003
   0.13749999916434774E-006   0.466651917E+003
   0.13874999915675090E-006   0.441941132E+003
   0.13999999914915406E-006   0.417759705E+003
   0.14124999914155723E-006   0.394169067E+003
   0.14249999913396039E-006   0.371223907E+003
   0.14374999912636355E-006   0.348971558E+003
   0.14499999911876671E-006   0.327451904E+003
   0.14624999911116987E-006   0.306697937E+003
   0.14749999910357303E-006   0.286737122E+003
   0.14874999909597619E-006   0.267591980E+003
   0.14999999908837935E-006   0.249279785E+003
   0.15124999908078252E-006   0.231811127E+003
   0.15249999907318568E-006   0.215189270E+003
   0.15374999906558884E-006   0.199411407E+003
   0.15499999905799200E-006   0.184470612E+003
   0.15624999905039516E-006   0.170357300E+003
   0.15749999904279832E-006   0.157059174E+003
   0.15874999903520148E-006   0.144560211E+003
   0.15999999902760464E-006   0.132840424E+003
   0.16124999902000781E-006   0.121876617E+003
   0.16249999901241097E-006   0.111643517E+003
   0.16374999900481413E-006   0.102114319E+003
   0.16499999899721729E-006   0.932604523E+002
   0.16624999898962045E-006   0.850516815E+002
   0.16749999898202361E-006   0.774569855E+002
   0.16874999897442677E-006   0.704457245E+002
   0.16999999896682993E-006   0.639880295E+002
   0.17124999895923310E-006   0.580541229E+002
   0.17249999895163626E-006   0.526133575E+002
   0.17374999894403942E-006   0.476341171E+002
   0.17499999893644258E-006   0.430849152E+002
   0.17624999892884574E-006   0.389359589E+002
   0.17749999892124890E-006   0.351598473E+002
   0.17874999891365206E-006   0.317308350E+002
   0.17999999890605523E-006   0.286237164E+002
   0.18124999889845839E-006   0.258133736E+002
   0.18249999889086155E-006   0.232754402E+002
   0.18374999888326471E-006   0.209871483E+002
   0.18499999887566787E-006   0.189274731E+002
   0.18624999886807103E-006   0.170765495E+002
   0.18749999886047419E-006   0.154153652E+002
   0.18874999885287735E-006   0.139261827E+002
   0.18999999884528052E-006   0.125932331E+002
   0.19124999883768368E-006   0.114026365E+002
   0.19249999883008684E-006   0.103414431E+002
   0.19374999882249000E-006   0.939667511E+001
   0.19499999881489316E-006   0.855534649E+001
   0.19624999880729632E-006   0.780551147E+001
   0.19749999879969948E-006   0.713726568E+001
   0.19874999879210264E-006   0.654277945E+001
   0.19999999878450581E-006   0.601526070E+001
   0.20124999877690897E-006   0.554783773E+001
   0.20249999876931213E-006   0.513335419E+001
   0.20374999876171529E-006   0.476504898E+001
   0.20499999875411845E-006   0.443728256E+001
   0.20624999874652161E-006   0.414552116E+001
   0.20749999873892477E-006   0.388569307E+001
   0.20874999873132793E-006   0.365380526E+001
   0.20999999872373110E-006   0.344626999E+001
   0.21124999871613426E-006   0.326044130E+001
   0.21249999870853742E-006   0.309450531E+001
   0.21374999870094058E-006   0.294661713E+001
   0.21499999869334374E-006   0.281419539E+001
   0.21624999868574690E-006   0.269418764E+001
   0.21749999867815006E-006   0.258413959E+001
   0.21874999867055323E-006   0.248297930E+001
   0.21999999866295639E-006   0.239068627E+001
   0.22124999865535955E-006   0.230719709E+001
   0.22249999864776271E-006   0.223157597E+001
   0.22374999864016587E-006   0.216217995E+001
   0.22499999863256903E-006   0.209750628E+001
   0.22624999862497219E-006   0.203681946E+001
   0.22749999861737535E-006   0.197997522E+001
   0.22874999860977852E-006   0.192680442E+001
   0.22999999860218168E-006   0.187679863E+001
   0.23124999859458484E-006   0.182944870E+001
   0.23249999858698800E-006   0.178470945E+001
   0.23374999857939116E-006   0.174290335E+001
   0.23499999857179432E-006   0.170403516E+001
   0.23624999856419748E-006   0.166730607E+001
   0.23749999855660064E-006   0.163150334E+001
   0.23874999854900381E-006   0.159598744E+001
   0.23999999854140697E-006   0.156123996E+001
   0.24124999853381013E-006   0.152834201E+001
   0.24249999852621329E-006   0.149788117E+001
   0.24374999851861645E-006   0.146938908E+001
   0.24499999851101961E-006   0.144180584E+001
   0.24624999850342277E-006   0.141441727E+001
   0.24749999849582593E-006   0.138730741E+001
   0.24874999848822910E-006   0.136098468E+001
   0.24999999848063226E-006   0.133571851E+001
   0.25124999847303542E-006   0.131133223E+001
   0.25249999846543858E-006   0.128758955E+001
   0.25374999845784174E-006   0.126461315E+001
   0.25499999845024490E-006   0.124275994E+001
   0.25624999844264806E-006   0.122206092E+001
   0.25749999843505122E-006   0.120191312E+001
   0.25874999842745439E-006   0.118151748E+001
   0.25999999841985755E-006   0.116068876E+001
   0.26124999841226071E-006   0.114015853E+001
   0.26249999840466387E-006   0.112094522E+001
   0.26374999839706703E-006   0.110337806E+001
   0.26499999838947019E-006   0.108677197E+001
   0.26624999838187335E-006   0.107009625E+001
   0.26749999837427652E-006   0.105291021E+001
   0.26874999836667968E-006   0.103562403E+001
   0.26999999835908284E-006   0.101891804E+001
   0.27124999835148600E-006   0.100305510E+001
   0.27249999834388916E-006   0.987786770E+000
   0.27374999833629232E-006   0.972830474E+000
   0.27499999832869548E-006   0.958258748E+000
   0.27624999832109864E-006   0.944325447E+000
   0.27749999831350181E-006   0.930979967E+000
   0.27874999830590497E-006   0.917700350E+000
   0.27999999829830813E-006   0.903961480E+000
   0.28124999829071129E-006   0.889855266E+000
   0.28249999828311445E-006   0.876169205E+000
   0.28374999827551761E-006   0.863713026E+000
   0.28499999826792077E-006   0.852513909E+000
   0.28624999826032393E-006   0.841740072E+000
   0.28749999825272710E-006   0.830454528E+000
   0.28874999824513026E-006   0.818453670E+000
   0.28999999823753342E-006   0.806355715E+000
   0.29124999822993658E-006   0.794893861E+000
   0.29249999822233974E-006   0.784236670E+000
   0.29374999821474290E-006   0.774014235E+000
   0.29499999820714606E-006   0.763885975E+000
   0.29624999819954922E-006   0.753918767E+000
   0.29749999819195239E-006   0.744353294E+000
   0.29874999818435555E-006   0.735116839E+000
   0.29999999817675871E-006   0.725753665E+000
   0.30124999816916187E-006   0.715909243E+000
   0.30249999816156503E-006   0.705836713E+000
   0.30374999815396819E-006   0.696294069E+000
   0.30499999814637135E-006   0.687859535E+000
   0.30624999813877452E-006   0.680322886E+000
   0.30749999813117768E-006   0.672818303E+000
   0.30874999812358084E-006   0.664602399E+000
   0.30999999811598400E-006   0.655722916E+000
   0.31124999810838716E-006   0.646905065E+000
   0.31249999810079032E-006   0.638807297E+000
   0.31374999809319348E-006   0.631432056E+000
   0.31499999808559664E-006   0.624282956E+000
   0.31624999807799981E-006   0.616999805E+000
   0.31749999807040297E-006   0.609708071E+000
   0.31874999806280613E-006   0.602716804E+000
   0.31999999805520929E-006   0.596002460E+000
   0.32124999804761245E-006   0.589161992E+000
   0.32249999804001561E-006   0.581915796E+000
   0.32374999803241877E-006   0.574554324E+000
   0.32499999802482193E-006   0.567734718E+000
   0.32624999801722510E-006   0.561815441E+000
   0.32749999800962826E-006   0.556425929E+000
   0.32874999800203142E-006   0.550768912E+000
   0.32999999799443458E-006   0.544375896E+000
   0.33124999798683774E-006   0.537545443E+000
   0.33249999797924090E-006   0.531031787E+000
   0.33374999797164406E-006   0.525309086E+000
   0.33499999796404722E-006   0.520162106E+000
   0.33624999795645039E-006   0.514992476E+000
   0.33749999794885355E-006   0.509470820E+000
   0.33874999794125671E-006   0.503809333E+000
   0.33999999793365987E-006   0.498397768E+000
   0.34124999792606303E-006   0.493286490E+000
   0.34249999791846619E-006   0.488144934E+000
   0.34374999791086935E-006   0.482737750E+000
   0.34499999790327252E-006   0.477315843E+000
   0.34624999789567568E-006   0.472391009E+000
   0.34749999788807884E-006   0.468127668E+000
   0.34874999788048200E-006   0.464058161E+000
   0.34999999787288516E-006   0.459499240E+000
   0.35124999786528832E-006   0.454253674E+000
   0.35249999785769148E-006   0.448843062E+000
   0.35374999785009464E-006   0.444013834E+000
   0.35499999784249781E-006   0.440019786E+000
   0.35624999783490097E-006   0.436413169E+000
   0.35749999782730413E-006   0.432532191E+000
   0.35874999781970729E-006   0.428134441E+000
   0.35999999781211045E-006   0.423545450E+000
   0.36124999780451361E-006   0.419215202E+000
   0.36249999779691677E-006   0.415221781E+000
   0.36374999778931993E-006   0.411276132E+000
   0.36499999778172310E-006   0.407179236E+000
   0.36624999777412626E-006   0.403139383E+000
   0.36749999776652942E-006   0.399533123E+000
   0.36874999775893258E-006   0.396377236E+000
   0.36999999775133574E-006   0.393164694E+000
   0.37124999774373890E-006   0.389341354E+000
   0.37249999773614206E-006   0.384929717E+000
   0.37374999772854522E-006   0.380592406E+000
   0.37499999772094839E-006   0.377017289E+000
   0.37624999771335155E-006   0.374249935E+000
   0.37749999770575471E-006   0.371669888E+000
   0.37874999769815787E-006   0.368606150E+000
   0.37999999769056103E-006   0.364945948E+000
   0.38124999768296419E-006   0.361134291E+000
   0.38249999767536735E-006   0.357641816E+000
   0.38374999766777051E-006   0.354513645E+000
   0.38499999766017368E-006   0.351458609E+000
   0.38624999765257684E-006   0.348299593E+000
   0.38749999764498000E-006   0.345218420E+000
   0.38874999763738316E-006   0.342492044E+000
   0.38999999762978632E-006   0.340045035E+000
   0.39124999762218948E-006   0.337392211E+000
   0.39249999761459264E-006   0.334123075E+000
   0.39374999760699581E-006   0.330416858E+000
   0.39499999759939897E-006   0.326973796E+000
   0.39624999759180213E-006   0.324361265E+000
   0.39749999758420529E-006   0.322443575E+000
   0.39874999757660845E-006   0.320503712E+000
   0.39999999756901161E-006   0.317934453E+000
   0.40124999756141477E-006   0.314775705E+000
   0.40249999755381793E-006   0.311575651E+000
   0.40374999754622110E-006   0.308786064E+000
   0.40499999753862426E-006   0.306370288E+000
   0.40624999753102742E-006   0.303996146E+000
   0.40749999752343058E-006   0.301504970E+000
   0.40874999751583374E-006   0.299083680E+000
   0.40999999750823690E-006   0.296955258E+000
   0.41124999750064006E-006   0.294985920E+000
   0.41249999749304322E-006   0.292728454E+000
   0.41374999748544639E-006   0.289904982E+000
   0.41499999747784955E-006   0.286804050E+000
   0.41624999747025271E-006   0.284098983E+000
   0.41749999746265587E-006   0.282206506E+000
   0.41874999745505903E-006   0.280844569E+000
   0.41999999744746219E-006   0.279273093E+000
   0.42124999743986535E-006   0.277002066E+000
   0.42249999743226851E-006   0.274225742E+000
   0.42374999742467168E-006   0.271557152E+000
   0.42499999741707484E-006   0.269389331E+000
   0.42624999740947800E-006   0.267573416E+000
   0.42749999740188116E-006   0.265713751E+000
   0.42874999739428432E-006   0.263667345E+000
   0.42999999738668748E-006   0.261656702E+000
   0.43124999737909064E-006   0.259904861E+000
   0.43249999737149381E-006   0.258269161E+000
   0.43374999736389697E-006   0.256344587E+000
   0.43499999735630013E-006   0.253943741E+000
   0.43624999734870329E-006   0.251399279E+000
   0.43749999734110645E-006   0.249306798E+000
   0.43874999733350961E-006   0.247926801E+000
   0.43999999732591277E-006   0.246882081E+000
   0.44124999731831593E-006   0.245493501E+000
   0.44249999731071910E-006   0.243428573E+000
   0.44374999730312226E-006   0.241002589E+000
   0.44499999729552542E-006   0.238824934E+000
   0.44624999728792858E-006   0.237183988E+000
   0.44749999728033174E-006   0.235829577E+000
   0.44874999727273490E-006   0.234335333E+000
   0.44999999726513806E-006   0.232591480E+000
   0.45124999725754122E-006   0.230858415E+000
   0.45249999724994439E-006   0.229365870E+000
   0.45374999724234755E-006   0.227975398E+000
   0.45499999723475071E-006   0.226329580E+000
   0.45624999722715387E-006   0.224314958E+000
   0.45749999721955703E-006   0.222275406E+000
   0.45874999721196019E-006   0.220692918E+000
   0.45999999720436335E-006   0.219665706E+000
   0.46124999719676651E-006   0.218759194E+000
   0.46249999718916968E-006   0.217414156E+000
   0.46374999718157284E-006   0.215500161E+000
   0.46499999717397600E-006   0.213436753E+000
   0.46624999716637916E-006   0.211756095E+000
   0.46749999715878232E-006   0.210578740E+000
   0.46874999715118548E-006   0.209547058E+000
   0.46999999714358864E-006   0.208257973E+000
   0.47124999713599180E-006   0.206690371E+000
   0.47249999712839497E-006   0.205160707E+000
   0.47374999712079813E-006   0.203892484E+000
   0.47499999711320129E-006   0.202726305E+000
   0.47624999710560445E-006   0.201327950E+000
   0.47749999709800761E-006   0.199636087E+000
   0.47874999709041077E-006   0.197997943E+000
   0.47999999708281393E-006   0.196804017E+000
   0.48124999707521710E-006   0.196024001E+000
   0.48249999706762026E-006   0.195186466E+000
   0.48374999706002342E-006   0.193850219E+000
   0.48499999705242658E-006   0.192071497E+000
   0.48624999704482974E-006   0.190353021E+000
   0.48749999703723290E-006   0.189128965E+000
   0.48874999702963606E-006   0.188337803E+000
   0.48999999702203922E-006   0.187517896E+000
   0.49124999701444239E-006   0.186312705E+000
   0.49249999700684555E-006   0.184823841E+000
   0.49374999699924871E-006   0.183445960E+000
   0.49499999699165187E-006   0.182393923E+000
   0.49624999698405503E-006   0.181468189E+000
   0.49749999697645819E-006   0.180323362E+000
   0.49874999696886135E-006   0.178913474E+000
   0.49999999696126451E-006   0.177575842E+000
   0.50124999695366768E-006   0.176637292E+000
   0.50249999694607084E-006   0.175993562E+000
   0.50374999693847400E-006   0.175175756E+000
   0.50499999693087716E-006   0.173856437E+000
   0.50624999692328032E-006   0.172233820E+000
   0.50749999691568348E-006   0.170849204E+000
   0.50874999690808664E-006   0.170025721E+000
   0.50999999690048980E-006   0.169530302E+000
   0.51124999689289297E-006   0.168830127E+000
   0.51249999688529613E-006   0.167645454E+000
   0.51374999687769929E-006   0.166211784E+000
   0.51499999687010245E-006   0.164987922E+000
   0.51624999686250561E-006   0.164151236E+000
   0.51749999685490877E-006   0.163440883E+000
   0.51874999684731193E-006   0.162496820E+000
   0.51999999683971510E-006   0.161293656E+000
   0.52124999683211826E-006   0.160166517E+000
   0.52249999682452142E-006   0.159392610E+000
   0.52374999681692458E-006   0.158828318E+000
   0.52499999680932774E-006   0.158036411E+000
   0.52624999680173090E-006   0.156786859E+000
   0.52749999679413406E-006   0.155362710E+000
   0.52874999678653722E-006   0.154291034E+000
   0.52999999677894039E-006   0.153776616E+000
   0.53124999677134355E-006   0.153459117E+000
   0.53249999676374671E-006   0.152781636E+000
   0.53374999675614987E-006   0.151566491E+000
   0.53499999674855303E-006   0.150183082E+000
   0.53624999674095619E-006   0.149136528E+000
   0.53749999673335935E-006   0.148543268E+000
   0.53874999672576251E-006   0.148055702E+000
   0.53999999671816568E-006   0.147284418E+000
   0.54124999671056884E-006   0.146227300E+000
   0.54249999670297200E-006   0.145230889E+000
   0.54374999669537516E-006   0.144549310E+000
   0.54499999668777832E-006   0.144024447E+000
   0.54624999668018148E-006   0.143260062E+000
   0.54749999667258464E-006   0.142107069E+000
   0.54874999666498780E-006   0.140890598E+000
   0.54999999665739097E-006   0.140088856E+000
   0.55124999664979413E-006   0.139795333E+000
   0.55249999664219729E-006   0.139570460E+000
   0.55374999663460045E-006   0.138877332E+000
   0.55499999662700361E-006   0.137642682E+000
   0.55624999661940677E-006   0.136337101E+000
   0.55749999661180993E-006   0.135479048E+000
   0.55874999660421309E-006   0.135111764E+000
   0.55999999659661626E-006   0.134804666E+000
   0.56124999658901942E-006   0.134148210E+000
   0.56249999658142258E-006   0.133172542E+000
   0.56374999657382574E-006   0.132247850E+000
   0.56499999656622890E-006   0.131621048E+000
   0.56624999655863206E-006   0.131132931E+000
   0.56749999655103522E-006   0.130431533E+000
   0.56874999654343839E-006   0.129426599E+000
   0.56999999653584155E-006   0.128439501E+000
   0.57124999652824471E-006   0.127861649E+000
   0.57249999652064787E-006   0.127688423E+000
   0.57374999651305103E-006   0.127462000E+000
   0.57499999650545419E-006   0.126723886E+000
   0.57624999649785735E-006   0.125507370E+000
   0.57749999649026051E-006   0.124326840E+000
   0.57874999648266368E-006   0.123661578E+000
   0.57999999647506684E-006   0.123477288E+000
   0.58124999646747000E-006   0.123294964E+000
   0.58249999645987316E-006   0.122709878E+000
   0.58374999645227632E-006   0.121785611E+000
   0.58499999644467948E-006   0.120911375E+000
   0.58624999643708264E-006   0.120329358E+000
   0.58749999642948580E-006   0.119885877E+000
   0.58874999642188897E-006   0.119269192E+000
   0.58999999641429213E-006   0.118425652E+000
   0.59124999640669529E-006   0.117649101E+000
   0.59249999639909845E-006   0.117234163E+000
   0.59374999639150161E-006   0.117094092E+000
   0.59499999638390477E-006   0.116793960E+000
   0.59624999637630793E-006   0.115997136E+000
   0.59749999636871109E-006   0.114845812E+000
   0.59874999636111426E-006   0.113854282E+000
   0.59999999635351742E-006   0.113402031E+000
   0.60124999634592058E-006   0.113357164E+000
   0.60249999633832374E-006   0.113224290E+000
   0.60374999633072690E-006   0.112653017E+000
   0.60499999632313006E-006   0.111760996E+000
   0.60624999631553322E-006   0.110943988E+000
   0.60749999630793639E-006   0.110420555E+000
   0.60874999630033955E-006   0.110031106E+000
   0.60999999629274271E-006   0.109495655E+000
   0.61124999628514587E-006   0.108790949E+000
   0.61249999627754903E-006   0.108182885E+000
   0.61374999626995219E-006   0.107881293E+000
   0.61499999626235535E-006   0.107734524E+000
   0.61624999625475851E-006   0.107348606E+000
   0.61749999624716168E-006   0.106516168E+000
   0.61874999623956484E-006   0.105480559E+000
   0.61999999623196800E-006   0.104722857E+000
   0.62124999622437116E-006   0.104482532E+000
   0.62249999621677432E-006   0.104513973E+000
   0.62374999620917748E-006   0.104335994E+000
   0.62499999620158064E-006   0.103707284E+000
   0.62624999619398380E-006   0.102831438E+000
   0.62749999618638697E-006   0.102098793E+000
   0.62874999617879013E-006   0.101669647E+000
   0.62999999617119329E-006   0.101357549E+000
   0.63124999616359645E-006   0.100911885E+000
   0.63249999615599961E-006   0.100338265E+000
   0.63374999614840277E-006   0.998704210E-001
   0.63499999614080593E-006   0.996398032E-001
   0.63624999613320909E-006   0.994527191E-001
   0.63749999612561226E-006   0.989727527E-001
   0.63874999611801542E-006   0.981182754E-001
   0.63999999611041858E-006   0.972124487E-001
   0.64124999610282174E-006   0.966852754E-001
   0.64249999609522490E-006   0.966305733E-001
   0.64374999608762806E-006   0.966982991E-001
   0.64499999608003122E-006   0.964394212E-001
   0.64624999607243439E-006   0.957404003E-001
   0.64749999606483755E-006   0.948979259E-001
   0.64874999605724071E-006   0.942834765E-001
   0.64999999604964387E-006   0.939734206E-001
   0.65124999604204703E-006   0.937337279E-001
   0.65249999603445019E-006   0.933388472E-001
   0.65374999602685335E-006   0.928357169E-001
   0.65499999601925651E-006   0.924493223E-001
   0.65624999601165968E-006   0.922556818E-001
   0.65749999600406284E-006   0.920339599E-001
   0.65874999599646600E-006   0.915010720E-001
   0.65999999598886916E-006   0.906737819E-001
   0.66124999598127232E-006   0.899205655E-001
   0.66249999597367548E-006   0.896019787E-001
   0.66374999596607864E-006   0.896790922E-001
   0.66499999595848180E-006   0.897260085E-001
   0.66624999595088497E-006   0.893499106E-001
   0.66749999594328813E-006   0.885757878E-001
   0.66874999593569129E-006   0.877907276E-001
   0.66999999592809445E-006   0.873314962E-001
   0.67124999592049761E-006   0.871682391E-001
   0.67249999591290077E-006   0.870029628E-001
   0.67374999590530393E-006   0.866336524E-001
   0.67499999589770709E-006   0.861600861E-001
   0.67624999589011026E-006   0.858113021E-001
   0.67749999588251342E-006   0.856239796E-001
   0.67874999587491658E-006   0.853657797E-001
   0.67999999586731974E-006   0.848109722E-001
   0.68124999585972290E-006   0.840536058E-001
   0.68249999585212606E-006   0.834710002E-001
   0.68374999584452922E-006   0.833351761E-001
   0.68499999583693238E-006   0.834919289E-001
   0.68624999582933555E-006   0.834791288E-001
   0.68749999582173871E-006   0.829843506E-001
   0.68874999581414187E-006   0.821592659E-001
   0.68999999580654503E-006   0.814531147E-001
   0.69124999579894819E-006   0.811520517E-001
   0.69249999579135135E-006   0.811207891E-001
   0.69374999578375451E-006   0.810050219E-001
   0.69499999577615768E-006   0.806328058E-001
   0.69624999576856084E-006   0.801624060E-001
   0.69749999576096400E-006   0.798362717E-001
   0.69874999575336716E-006   0.796585530E-001
   0.69999999574577032E-006   0.793844610E-001
   0.70124999573817348E-006   0.788349211E-001
   0.70249999573057664E-006   0.781623423E-001
   0.70374999572297980E-006   0.777322277E-001
   0.70499999571538297E-006   0.777267963E-001
   0.70624999570778613E-006   0.779028386E-001
   0.70749999570018929E-006   0.778005570E-001
   0.70874999569259245E-006   0.772070289E-001
   0.70999999568499561E-006   0.763825774E-001
   0.71124999567739877E-006   0.757989287E-001
   0.71249999566980193E-006   0.756629258E-001
   0.71374999566220509E-006   0.757371262E-001
   0.71499999565460826E-006   0.756312311E-001
   0.71624999564701142E-006   0.752202943E-001
   0.71749999563941458E-006   0.747283325E-001
   0.71874999563181774E-006   0.744167715E-001
   0.71999999562422090E-006   0.742603317E-001
   0.72124999561662406E-006   0.739977807E-001
   0.72249999560902722E-006   0.734822974E-001
   0.72374999560143038E-006   0.729047060E-001
   0.72499999559383355E-006   0.726079717E-001
   0.72624999558623671E-006   0.726887882E-001
   0.72749999557863987E-006   0.728387609E-001
   0.72874999557104303E-006   0.726309270E-001
   0.72999999556344619E-006   0.719642341E-001
   0.73124999555584935E-006   0.711861104E-001
   0.73249999554825251E-006   0.707504600E-001
   0.73374999554065568E-006   0.707645118E-001
   0.73499999553305884E-006   0.709014833E-001
   0.73624999552546200E-006   0.707652122E-001
   0.73749999551786516E-006   0.702967718E-001
   0.73874999551026832E-006   0.697880909E-001
   0.73999999550267148E-006   0.695112571E-001
   0.74124999549507464E-006   0.694062412E-001
   0.74249999548747780E-006   0.691856518E-001
   0.74374999547988097E-006   0.687170699E-001
   0.74499999547228413E-006   0.682170540E-001
   0.74624999546468729E-006   0.680102557E-001
   0.74749999545709045E-006   0.681270212E-001
   0.74874999544949361E-006   0.682168156E-001
   0.74999999544189677E-006   0.679017603E-001
   0.75124999543429993E-006   0.671906471E-001
   0.75249999542670309E-006   0.664990693E-001
   0.75374999541910626E-006   0.662345737E-001
   0.75499999541150942E-006   0.663840622E-001
   0.75624999540391258E-006   0.665414184E-001
   0.75749999539631574E-006   0.663361549E-001
   0.75874999538871890E-006   0.657996982E-001
   0.75999999538112206E-006   0.652866513E-001
   0.76124999537352522E-006   0.650597364E-001
   0.76249999536592838E-006   0.650132746E-001
   0.76374999535833155E-006   0.648369640E-001
   0.76499999535073471E-006   0.644161403E-001
   0.76624999534313787E-006   0.639833733E-001
   0.76749999533554103E-006   0.638393015E-001
   0.76874999532794419E-006   0.639650524E-001
   0.76999999532034735E-006   0.639929920E-001
   0.77124999531275051E-006   0.635986328E-001
   0.77249999530515367E-006   0.628821924E-001
   0.77374999529755684E-006   0.622977093E-001
   0.77499999528996000E-006   0.621907413E-001
   0.77624999528236316E-006   0.624360740E-001
   0.77749999527476632E-006   0.625710040E-001
   0.77874999526716948E-006   0.622745305E-001
   0.77999999525957264E-006   0.616776757E-001
   0.78124999525197580E-006   0.611875765E-001
   0.78249999524437897E-006   0.610358492E-001
   0.78374999523678213E-006   0.610558242E-001
   0.78499999522918529E-006   0.609158203E-001
   0.78624999522158845E-006   0.605238304E-001
   0.78749999521399161E-006   0.601319373E-001
   0.78874999520639477E-006   0.600197166E-001
   0.78999999519879793E-006   0.601319857E-001
   0.79124999519120109E-006   0.601024777E-001
   0.79249999518360426E-006   0.596640408E-001
   0.79374999517600742E-006   0.589824915E-001
   0.79499999516841058E-006   0.585184172E-001
   0.79624999516081374E-006   0.585440546E-001
   0.79749999515321690E-006   0.588415004E-001
   0.79874999514562006E-006   0.589216463E-001
   0.79999999513802322E-006   0.585294403E-001
   0.80124999513042638E-006   0.578926392E-001
   0.80249999512282955E-006   0.574540310E-001
   0.80374999511523271E-006   0.573982671E-001
   0.80499999510763587E-006   0.574885309E-001
   0.80624999510003903E-006   0.573716909E-001
   0.80749999509244219E-006   0.569868945E-001
   0.80874999508484535E-006   0.566146038E-001
   0.80999999507724851E-006   0.565213151E-001
   0.81124999506965167E-006   0.566204302E-001
   0.81249999506205484E-006   0.565506741E-001
   0.81374999505445800E-006   0.560973138E-001
   0.81499999504686116E-006   0.554723665E-001
   0.81624999503926432E-006   0.551197901E-001
   0.81749999503166748E-006   0.552349985E-001
   0.81874999502407064E-006   0.555326566E-001
   0.81999999501647380E-006   0.555311963E-001
   0.82124999500887697E-006   0.550571196E-001
   0.82249999500128013E-006   0.544185750E-001
   0.82374999499368329E-006   0.540665612E-001
   0.82499999498608645E-006   0.541194752E-001
   0.82624999497848961E-006   0.542700589E-001
   0.82749999497089277E-006   0.541539751E-001
   0.82874999496329593E-006   0.537516177E-001
   0.82999999495569909E-006   0.533762276E-001
   0.83124999494810226E-006   0.532845482E-001
   0.83249999494050542E-006   0.533658750E-001
   0.83374999493290858E-006   0.532708764E-001
   0.83499999492531174E-006   0.528318472E-001
   0.83624999491771490E-006   0.522884019E-001
   0.83749999491011806E-006   0.520478636E-001
   0.83874999490252122E-006   0.522286482E-001
   0.83999999489492438E-006   0.524999574E-001
   0.84124999488732755E-006   0.524122864E-001
   0.84249999487973071E-006   0.518748462E-001
   0.84374999487213387E-006   0.512558296E-001
   0.84499999486453703E-006   0.509916842E-001
   0.84624999485694019E-006   0.511318259E-001
   0.84749999484934335E-006   0.513129644E-001
   0.84874999484174651E-006   0.511755869E-001
   0.84999999483414967E-006   0.507489890E-001
   0.85124999482655284E-006   0.503806397E-001
   0.85249999481895600E-006   0.503132045E-001
   0.85374999481135916E-006   0.504043959E-001
   0.85499999480376232E-006   0.503055416E-001
   0.85624999479616548E-006   0.498865955E-001
   0.85749999478856864E-006   0.494091474E-001
   0.85874999478097180E-006   0.492444336E-001
   0.85999999477337497E-006   0.494453944E-001
   0.86124999476577813E-006   0.496570691E-001
   0.86249999475818129E-006   0.494855568E-001
   0.86374999475058445E-006   0.489248261E-001
   0.86499999474298761E-006   0.483748317E-001
   0.86624999473539077E-006   0.482215472E-001
   0.86749999472779393E-006   0.484323688E-001
   0.86874999472019709E-006   0.486065745E-001
   0.86999999471260026E-006   0.484178178E-001
   0.87124999470500342E-006   0.479552150E-001
   0.87249999469740658E-006   0.475937575E-001
   0.87374999468980974E-006   0.475559086E-001
   0.87499999468221290E-006   0.476684086E-001
   0.87624999467461606E-006   0.475841537E-001
   0.87749999466701922E-006   0.472006127E-001
   0.87874999465942238E-006   0.467882529E-001
   0.87999999465182555E-006   0.466787294E-001
   0.88124999464422871E-006   0.468706563E-001
   0.88249999463663187E-006   0.470061302E-001
   0.88374999462903503E-006   0.467591994E-001
   0.88499999462143819E-006   0.462034196E-001
   0.88624999461384135E-006   0.457497761E-001
   0.88749999460624451E-006   0.457129218E-001
   0.88874999459864767E-006   0.459769145E-001
   0.88999999459105084E-006   0.461227298E-001
   0.89124999458345400E-006   0.458754003E-001
   0.89249999457585716E-006   0.453859381E-001
   0.89374999456826032E-006   0.450423174E-001
   0.89499999456066348E-006   0.450345278E-001
   0.89624999455306664E-006   0.451597385E-001
   0.89749999454546980E-006   0.450800061E-001
   0.89874999453787296E-006   0.447239839E-001
   0.89999999453027613E-006   0.443676785E-001
   0.90124999452267929E-006   0.443038419E-001
   0.90249999451508245E-006   0.444840789E-001
   0.90374999450748561E-006   0.445557050E-001
   0.90499999449988877E-006   0.442563482E-001
   0.90624999449229193E-006   0.437233970E-001
   0.90749999448469509E-006   0.433619842E-001
   0.90874999447709826E-006   0.434117541E-001
   0.90999999446950142E-006   0.436863266E-001
   0.91124999446190458E-006   0.437723286E-001
   0.91249999445430774E-006   0.434683412E-001
   0.91374999444671090E-006   0.429859161E-001
   0.91499999443911406E-006   0.427030548E-001
   0.91624999443151722E-006   0.427506231E-001
   0.91749999442392038E-006   0.428887755E-001
   0.91874999441632355E-006   0.427978560E-001
   0.91999999440872671E-006   0.424466953E-001
   0.92124999440112987E-006   0.421183892E-001
   0.92249999439353303E-006   0.420704260E-001
   0.92374999438593619E-006   0.422235429E-001
   0.92499999437833935E-006   0.422449298E-001
   0.92624999437074251E-006   0.419327170E-001
   0.92749999436314567E-006   0.414639972E-001
   0.92874999435554884E-006   0.412116721E-001
   0.92999999434795200E-006   0.413322523E-001
   0.93124999434035516E-006   0.415838882E-001
   0.93249999433275832E-006   0.415816717E-001
   0.93374999432516148E-006   0.412096679E-001
   0.93499999431756464E-006   0.407375954E-001
   0.93624999430996780E-006   0.405224115E-001
   0.93749999430237096E-006   0.406291783E-001
   0.93874999429477413E-006   0.407812521E-001
   0.93999999428717729E-006   0.406836197E-001
   0.94124999427958045E-006   0.403471217E-001
   0.94249999427198361E-006   0.400563069E-001
   0.94374999426438677E-006   0.400270745E-001
   0.94499999425678993E-006   0.401516408E-001
   0.94624999424919309E-006   0.401246995E-001
   0.94749999424159626E-006   0.398041978E-001
   0.94874999423399942E-006   0.393944159E-001
   0.94999999422640258E-006   0.392287746E-001
   0.95124999421880574E-006   0.393893309E-001
   0.95249999421120890E-006   0.396004133E-001
   0.95374999420361206E-006   0.395191982E-001
   0.95499999419601522E-006   0.391092449E-001
   0.95624999418841838E-006   0.386785939E-001
   0.95749999418082155E-006   0.385446027E-001
   0.95874999417322471E-006   0.386982784E-001
   0.95999999416562787E-006   0.388337150E-001
   0.96124999415803103E-006   0.386957787E-001
   0.96249999415043419E-006   0.383523405E-001
   0.96374999414283735E-006   0.380948558E-001
   0.96499999413524051E-006   0.380955115E-001
   0.96624999412764367E-006   0.382137187E-001
   0.96749999412004684E-006   0.381668508E-001
   0.96874999411245000E-006   0.378657728E-001
   0.96999999410485316E-006   0.375276022E-001
   0.97124999409725632E-006   0.374322385E-001
   0.97249999408965948E-006   0.375950076E-001
   0.97374999408206264E-006   0.377310514E-001
   0.97499999407446580E-006   0.375639237E-001
   0.97624999406686896E-006   0.371364430E-001
   0.97749999405927213E-006   0.367742777E-001
   0.97874999405167529E-006   0.367351174E-001
   0.97999999404407845E-006   0.369351059E-001
   0.98124999403648161E-006   0.370489135E-001
   0.98249999402888477E-006   0.368681103E-001
   0.98374999402128793E-006   0.365153812E-001
   0.98499999401369109E-006   0.362853855E-001
   0.98624999400609425E-006   0.363056511E-001
   0.98749999399849742E-006   0.364049152E-001
   0.98874999399090058E-006   0.363270976E-001
   0.98999999398330374E-006   0.360351764E-001
   0.99124999397570690E-006   0.357575677E-001
   0.99249999396811006E-006   0.357215479E-001
   0.99374999396051322E-006   0.358807221E-001
   0.99499999395291638E-006   0.359515287E-001
   0.99624999394531955E-006   0.357267261E-001
   0.99749999393772271E-006   0.353168808E-001
   0.99874999393012587E-006   0.350435115E-001
   0.99999999392252903E-006   0.350932479E-001
