t              csa.fdtd_Point probe B2_Ez_120_20_0.dat
   0.00000000000000000E+000   0.000000000E+000
   0.12499999924031613E-008   0.000000000E+000
   0.24999999848063226E-008   0.000000000E+000
   0.37499999772094839E-008   0.000000000E+000
   0.49999999696126451E-008   0.000000000E+000
   0.62499999620158064E-008   0.000000000E+000
   0.74999999544189677E-008   0.000000000E+000
   0.87499999468221290E-008   0.000000000E+000
   0.99999999392252903E-008   0.000000000E+000
   0.11249999931628452E-007   0.000000000E+000
   0.12499999924031613E-007   0.000000000E+000
   0.13749999916434774E-007   0.000000000E+000
   0.14999999908837935E-007   0.000000000E+000
   0.16249999901241097E-007   0.000000000E+000
   0.17499999893644258E-007   0.000000000E+000
   0.18749999886047419E-007   0.000000000E+000
   0.19999999878450581E-007   0.000000000E+000
   0.21249999870853742E-007   0.000000000E+000
   0.22499999863256903E-007   0.000000000E+000
   0.23749999855660064E-007   0.000000000E+000
   0.24999999848063226E-007   0.000000000E+000
   0.26249999840466387E-007   0.000000000E+000
   0.27499999832869548E-007   0.000000000E+000
   0.28749999825272710E-007   0.000000000E+000
   0.29999999817675871E-007   0.000000000E+000
   0.31249999810079032E-007   0.000000000E+000
   0.32499999802482193E-007   0.000000000E+000
   0.33749999794885355E-007   0.000000000E+000
   0.34999999787288516E-007   0.000000000E+000
   0.36249999779691677E-007   0.000000000E+000
   0.37499999772094839E-007   0.000000000E+000
   0.38749999764498000E-007   0.000000000E+000
   0.39999999756901161E-007   0.000000000E+000
   0.41249999749304322E-007   0.000000000E+000
   0.42499999741707484E-007   0.000000000E+000
   0.43749999734110645E-007   0.000000000E+000
   0.44999999726513806E-007   0.000000000E+000
   0.46249999718916968E-007   0.000000000E+000
   0.47499999711320129E-007   0.000000000E+000
   0.48749999703723290E-007   0.000000000E+000
   0.49999999696126451E-007   0.000000000E+000
   0.51249999688529613E-007   0.000000000E+000
   0.52499999680932774E-007   0.000000000E+000
   0.53749999673335935E-007   0.000000000E+000
   0.54999999665739097E-007   0.000000000E+000
   0.56249999658142258E-007   0.000000000E+000
   0.57499999650545419E-007   0.000000000E+000
   0.58749999642948580E-007   0.000000000E+000
   0.59999999635351742E-007   0.000000000E+000
   0.61249999627754903E-007   0.000000000E+000
   0.62499999620158064E-007   0.000000000E+000
   0.63749999612561226E-007   0.000000000E+000
   0.64999999604964387E-007   0.000000000E+000
   0.66249999597367548E-007   0.000000000E+000
   0.67499999589770709E-007   0.000000000E+000
   0.68749999582173871E-007   0.000000000E+000
   0.69999999574577032E-007   0.000000000E+000
   0.71249999566980193E-007   0.000000000E+000
   0.72499999559383355E-007   0.000000000E+000
   0.73749999551786516E-007   0.000000000E+000
   0.74999999544189677E-007   0.000000000E+000
   0.76249999536592838E-007   0.000000000E+000
   0.77499999528996000E-007   0.000000000E+000
   0.78749999521399161E-007   0.000000000E+000
   0.79999999513802322E-007   0.000000000E+000
   0.81249999506205484E-007   0.000000000E+000
   0.82499999498608645E-007   0.000000000E+000
   0.83749999491011806E-007   0.000000000E+000
   0.84999999483414967E-007   0.000000000E+000
   0.86249999475818129E-007   0.000000000E+000
   0.87499999468221290E-007   0.000000000E+000
   0.88749999460624451E-007   0.000000000E+000
   0.89999999453027613E-007   0.000000000E+000
   0.91249999445430774E-007   0.000000000E+000
   0.92499999437833935E-007   0.000000000E+000
   0.93749999430237096E-007   0.000000000E+000
   0.94999999422640258E-007   0.000000000E+000
   0.96249999415043419E-007   0.000000000E+000
   0.97499999407446580E-007   0.000000000E+000
   0.98749999399849742E-007   0.000000000E+000
   0.99999999392252903E-007   0.000000000E+000
   0.10124999938465606E-006   0.000000000E+000
   0.10249999937705923E-006   0.000000000E+000
   0.10374999936946239E-006   0.000000000E+000
   0.10499999936186555E-006   0.000000000E+000
   0.10624999935426871E-006   0.000000000E+000
   0.10749999934667187E-006   0.000000000E+000
   0.10874999933907503E-006   0.000000000E+000
   0.10999999933147819E-006   0.000000000E+000
   0.11124999932388135E-006   0.000000000E+000
   0.11249999931628452E-006   0.000000000E+000
   0.11374999930868768E-006   0.000000000E+000
   0.11499999930109084E-006   0.000000000E+000
   0.11624999929349400E-006   0.000000000E+000
   0.11749999928589716E-006   0.000000000E+000
   0.11874999927830032E-006   0.000000000E+000
   0.11999999927070348E-006   0.000000000E+000
   0.12124999926310664E-006   0.000000000E+000
   0.12249999925550981E-006   0.000000000E+000
   0.12374999924791297E-006   0.000000000E+000
   0.12499999924031613E-006   0.000000000E+000
   0.12624999923271929E-006   0.000000000E+000
   0.12749999922512245E-006   0.000000000E+000
   0.12874999921752561E-006   0.000000000E+000
   0.12999999920992877E-006   0.000000000E+000
   0.13124999920233194E-006   0.000000000E+000
   0.13249999919473510E-006   0.000000000E+000
   0.13374999918713826E-006   0.000000000E+000
   0.13499999917954142E-006   0.000000000E+000
   0.13624999917194458E-006   0.000000000E+000
   0.13749999916434774E-006   0.000000000E+000
   0.13874999915675090E-006   0.000000000E+000
   0.13999999914915406E-006   0.000000000E+000
   0.14124999914155723E-006   0.000000000E+000
   0.14249999913396039E-006   0.000000000E+000
   0.14374999912636355E-006   0.000000000E+000
   0.14499999911876671E-006   0.000000000E+000
   0.14624999911116987E-006   0.000000000E+000
   0.14749999910357303E-006   0.000000000E+000
   0.14874999909597619E-006   0.000000000E+000
   0.14999999908837935E-006   0.000000000E+000
   0.15124999908078252E-006   0.000000000E+000
   0.15249999907318568E-006   0.000000000E+000
   0.15374999906558884E-006   0.000000000E+000
   0.15499999905799200E-006   0.000000000E+000
   0.15624999905039516E-006   0.000000000E+000
   0.15749999904279832E-006   0.000000000E+000
   0.15874999903520148E-006   0.000000000E+000
   0.15999999902760464E-006   0.000000000E+000
   0.16124999902000781E-006   0.000000000E+000
   0.16249999901241097E-006   0.000000000E+000
   0.16374999900481413E-006   0.000000000E+000
   0.16499999899721729E-006   0.000000000E+000
   0.16624999898962045E-006   0.000000000E+000
   0.16749999898202361E-006   0.000000000E+000
   0.16874999897442677E-006   0.000000000E+000
   0.16999999896682993E-006   0.000000000E+000
   0.17124999895923310E-006   0.000000000E+000
   0.17249999895163626E-006   0.000000000E+000
   0.17374999894403942E-006   0.000000000E+000
   0.17499999893644258E-006   0.000000000E+000
   0.17624999892884574E-006   0.000000000E+000
   0.17749999892124890E-006   0.000000000E+000
   0.17874999891365206E-006   0.000000000E+000
   0.17999999890605523E-006   0.000000000E+000
   0.18124999889845839E-006   0.000000000E+000
   0.18249999889086155E-006   0.000000000E+000
   0.18374999888326471E-006   0.000000000E+000
   0.18499999887566787E-006   0.000000000E+000
   0.18624999886807103E-006   0.000000000E+000
   0.18749999886047419E-006   0.000000000E+000
   0.18874999885287735E-006  -0.287033852E-035
   0.18999999884528052E-006  -0.173629771E-034
   0.19124999883768368E-006  -0.724314307E-034
   0.19249999883008684E-006  -0.272034326E-033
   0.19374999882249000E-006  -0.985316446E-033
   0.19499999881489316E-006  -0.349208699E-032
   0.19624999880729632E-006  -0.122173022E-031
   0.19749999879969948E-006  -0.421565541E-031
   0.19874999879210264E-006  -0.143338077E-030
   0.19999999878450581E-006  -0.480196119E-030
   0.20124999877690897E-006  -0.158532284E-029
   0.20249999876931213E-006  -0.515896409E-029
   0.20374999876171529E-006  -0.165522138E-028
   0.20499999875411845E-006  -0.523717949E-028
   0.20624999874652161E-006  -0.163448956E-027
   0.20749999873892477E-006  -0.503271591E-027
   0.20874999873132793E-006  -0.152914081E-026
   0.20999999872373110E-006  -0.458567733E-026
   0.21124999871613426E-006  -0.135754364E-025
   0.21249999870853742E-006  -0.396806711E-025
   0.21374999870094058E-006  -0.114539966E-024
   0.21499999869334374E-006  -0.326560361E-024
   0.21624999868574690E-006  -0.919753243E-024
   0.21749999867815006E-006  -0.255947715E-023
   0.21874999867055323E-006  -0.703836609E-023
   0.21999999866295639E-006  -0.191293121E-022
   0.22124999865535955E-006  -0.513923095E-022
   0.22249999864776271E-006  -0.136499329E-021
   0.22374999864016587E-006  -0.358473289E-021
   0.22499999863256903E-006  -0.930969767E-021
   0.22624999862497219E-006  -0.239124223E-020
   0.22749999861737535E-006  -0.607541299E-020
   0.22874999860977852E-006  -0.152702323E-019
   0.22999999860218168E-006  -0.379738651E-019
   0.23124999859458484E-006  -0.934422963E-019
   0.23249999858698800E-006  -0.227546581E-018
   0.23374999857939116E-006  -0.548419040E-018
   0.23499999857179432E-006  -0.130832573E-017
   0.23624999856419748E-006  -0.308975988E-017
   0.23749999855660064E-006  -0.722407435E-017
   0.23874999854900381E-006  -0.167236117E-016
   0.23999999854140697E-006  -0.383361752E-016
   0.24124999853381013E-006  -0.870277120E-016
   0.24249999852621329E-006  -0.195665630E-015
   0.24374999851861645E-006  -0.435729206E-015
   0.24499999851101961E-006  -0.961168519E-015
   0.24624999850342277E-006  -0.210038061E-014
   0.24749999849582593E-006  -0.454721506E-014
   0.24874999848822910E-006  -0.975381563E-014
   0.24999999848063226E-006  -0.207308265E-013
   0.25124999847303542E-006  -0.436618549E-013
   0.25249999846543858E-006  -0.911298624E-013
   0.25374999845784174E-006  -0.188504079E-012
   0.25499999845024490E-006  -0.386464678E-012
   0.25624999844264806E-006  -0.785334146E-012
   0.25749999843505122E-006  -0.158190518E-011
   0.25874999842745439E-006  -0.315873022E-011
   0.25999999841985755E-006  -0.625280123E-011
   0.26124999841226071E-006  -0.122712777E-010
   0.26249999840466387E-006  -0.238770219E-010
   0.26374999839706703E-006  -0.460645688E-010
   0.26499999838947019E-006  -0.881192827E-010
   0.26624999838187335E-006  -0.167151987E-009
   0.26749999837427652E-006  -0.314418158E-009
   0.26874999836667968E-006  -0.586512561E-009
   0.26999999835908284E-006  -0.108502018E-008
   0.27124999835148600E-006  -0.199069872E-008
   0.27249999834388916E-006  -0.362239794E-008
   0.27374999833629232E-006  -0.653769350E-008
   0.27499999832869548E-006  -0.117032055E-007
   0.27624999832109864E-006  -0.207802273E-007
   0.27749999831350181E-006  -0.365993671E-007
   0.27874999830590497E-006  -0.639420250E-007
   0.27999999829830813E-006  -0.110815336E-006
   0.28124999829071129E-006  -0.190512850E-006
   0.28249999828311445E-006  -0.324914538E-006
   0.28374999827551761E-006  -0.549722301E-006
   0.28499999826792077E-006  -0.922687946E-006
   0.28624999826032393E-006  -0.153642350E-005
   0.28749999825272710E-006  -0.253815506E-005
   0.28874999824513026E-006  -0.415989507E-005
   0.28999999823753342E-006  -0.676407763E-005
   0.29124999822993658E-006  -0.109119210E-004
   0.29249999822233974E-006  -0.174648048E-004
   0.29374999821474290E-006  -0.277331383E-004
   0.29499999820714606E-006  -0.436927294E-004
   0.29624999819954922E-006  -0.682960526E-004
   0.29749999819195239E-006  -0.105915366E-003
   0.29874999818435555E-006  -0.162966840E-003
   0.29999999817675871E-006  -0.248780067E-003
   0.30124999816916187E-006  -0.376796292E-003
   0.30249999816156503E-006  -0.566200353E-003
   0.30374999815396819E-006  -0.844118418E-003
   0.30499999814637135E-006  -0.124854140E-002
   0.30624999813877452E-006  -0.183216599E-002
   0.30749999813117768E-006  -0.266737654E-002
   0.30874999812358084E-006  -0.385262165E-002
   0.30999999811598400E-006  -0.552046066E-002
   0.31124999810838716E-006  -0.784756988E-002
   0.31249999810079032E-006  -0.110669918E-001
   0.31374999809319348E-006  -0.154828876E-001
   0.31499999808559664E-006  -0.214879792E-001
   0.31624999807799981E-006  -0.295837801E-001
   0.31749999807040297E-006  -0.404035635E-001
   0.31874999806280613E-006  -0.547378063E-001
   0.31999999805520929E-006  -0.735615939E-001
   0.32124999804761245E-006  -0.980632007E-001
   0.32249999804001561E-006  -0.129672661E+000
   0.32374999803241877E-006  -0.170088902E+000
   0.32499999802482193E-006  -0.221303582E+000
   0.32624999801722510E-006  -0.285619527E+000
   0.32749999800962826E-006  -0.365661561E+000
   0.32874999800203142E-006  -0.464377791E+000
   0.32999999799443458E-006  -0.585028887E+000
   0.33124999798683774E-006  -0.731164753E+000
   0.33249999797924090E-006  -0.906587720E+000
   0.33374999797164406E-006  -0.111530304E+001
   0.33499999796404722E-006  -0.136146021E+001
   0.33624999795645039E-006  -0.164928758E+001
   0.33749999794885355E-006  -0.198302794E+001
   0.33874999794125671E-006  -0.236688232E+001
   0.33999999793365987E-006  -0.280497265E+001
   0.34124999792606303E-006  -0.330133080E+001
   0.34249999791846619E-006  -0.385992622E+001
   0.34374999791086935E-006  -0.448474121E+001
   0.34499999790327252E-006  -0.517989540E+001
   0.34624999789567568E-006  -0.594982624E+001
   0.34749999788807884E-006  -0.679951954E+001
   0.34874999788048200E-006  -0.773477173E+001
   0.34999999787288516E-006  -0.876248169E+001
   0.35124999786528832E-006  -0.989093208E+001
   0.35249999785769148E-006  -0.111300411E+002
   0.35374999785009464E-006  -0.124915504E+002
   0.35499999784249781E-006  -0.139891138E+002
   0.35624999783490097E-006  -0.156382704E+002
   0.35749999782730413E-006  -0.174562740E+002
   0.35874999781970729E-006  -0.194617844E+002
   0.35999999781211045E-006  -0.216744289E+002
   0.36124999780451361E-006  -0.241142654E+002
   0.36249999779691677E-006  -0.268011932E+002
   0.36374999778931993E-006  -0.297543716E+002
   0.36499999778172310E-006  -0.329917107E+002
   0.36624999777412626E-006  -0.365294952E+002
   0.36749999776652942E-006  -0.403822021E+002
   0.36874999775893258E-006  -0.445625610E+002
   0.36999999775133574E-006  -0.490818062E+002
   0.37124999774373890E-006  -0.539501534E+002
   0.37249999773614206E-006  -0.591773987E+002
   0.37374999772854522E-006  -0.647735825E+002
   0.37499999772094839E-006  -0.707495346E+002
   0.37624999771335155E-006  -0.771173096E+002
   0.37749999770575471E-006  -0.838902512E+002
   0.37874999769815787E-006  -0.910827713E+002
   0.37999999769056103E-006  -0.987097321E+002
   0.38124999768296419E-006  -0.106785484E+003
   0.38249999767536735E-006  -0.115322708E+003
   0.38374999766777051E-006  -0.124331070E+003
   0.38499999766017368E-006  -0.133816086E+003
   0.38624999765257684E-006  -0.143778107E+003
   0.38749999764498000E-006  -0.154211761E+003
   0.38874999763738316E-006  -0.165105911E+003
   0.38999999762978632E-006  -0.176444077E+003
   0.39124999762218948E-006  -0.188205261E+003
   0.39249999761459264E-006  -0.200365051E+003
   0.39374999760699581E-006  -0.212896851E+003
   0.39499999759939897E-006  -0.225772903E+003
   0.39624999759180213E-006  -0.238964935E+003
   0.39749999758420529E-006  -0.252444199E+003
   0.39874999757660845E-006  -0.266181000E+003
   0.39999999756901161E-006  -0.280143799E+003
   0.40124999756141477E-006  -0.294297791E+003
   0.40249999755381793E-006  -0.308603638E+003
   0.40374999754622110E-006  -0.323016296E+003
   0.40499999753862426E-006  -0.337484436E+003
   0.40624999753102742E-006  -0.351950500E+003
   0.40749999752343058E-006  -0.366351471E+003
   0.40874999751583374E-006  -0.380620544E+003
   0.40999999750823690E-006  -0.394689087E+003
   0.41124999750064006E-006  -0.408488617E+003
   0.41249999749304322E-006  -0.421952667E+003
   0.41374999748544639E-006  -0.435018066E+003
   0.41499999747784955E-006  -0.447625549E+003
   0.41624999747025271E-006  -0.459719269E+003
   0.41749999746265587E-006  -0.471245789E+003
   0.41874999745505903E-006  -0.482152832E+003
   0.41999999744746219E-006  -0.492388000E+003
   0.42124999743986535E-006  -0.501898132E+003
   0.42249999743226851E-006  -0.510629181E+003
   0.42374999742467168E-006  -0.518527100E+003
   0.42499999741707484E-006  -0.525539673E+003
   0.42624999740947800E-006  -0.531618713E+003
   0.42749999740188116E-006  -0.536722656E+003
   0.42874999739428432E-006  -0.540818115E+003
   0.42999999738668748E-006  -0.543881287E+003
   0.43124999737909064E-006  -0.545898071E+003
   0.43249999737149381E-006  -0.546863220E+003
   0.43374999736389697E-006  -0.546778687E+003
   0.43499999735630013E-006  -0.545651184E+003
   0.43624999734870329E-006  -0.543490601E+003
   0.43749999734110645E-006  -0.540308960E+003
   0.43874999733350961E-006  -0.536120178E+003
   0.43999999732591277E-006  -0.530940674E+003
   0.44124999731831593E-006  -0.524791199E+003
   0.44249999731071910E-006  -0.517699036E+003
   0.44374999730312226E-006  -0.509699493E+003
   0.44499999729552542E-006  -0.500836670E+003
   0.44624999728792858E-006  -0.491163361E+003
   0.44749999728033174E-006  -0.480739349E+003
   0.44874999727273490E-006  -0.469629089E+003
   0.44999999726513806E-006  -0.457898804E+003
   0.45124999725754122E-006  -0.445614014E+003
   0.45249999724994439E-006  -0.432837799E+003
   0.45374999724234755E-006  -0.419630157E+003
   0.45499999723475071E-006  -0.406048615E+003
   0.45624999722715387E-006  -0.392149902E+003
   0.45749999721955703E-006  -0.377991791E+003
   0.45874999721196019E-006  -0.363634735E+003
   0.45999999720436335E-006  -0.349142487E+003
   0.46124999719676651E-006  -0.334581329E+003
   0.46249999718916968E-006  -0.320018219E+003
   0.46374999718157284E-006  -0.305518005E+003
   0.46499999717397600E-006  -0.291140808E+003
   0.46624999716637916E-006  -0.276939850E+003
   0.46749999715878232E-006  -0.262960266E+003
   0.46874999715118548E-006  -0.249239670E+003
   0.46999999714358864E-006  -0.235809692E+003
   0.47124999713599180E-006  -0.222698456E+003
   0.47249999712839497E-006  -0.209932907E+003
   0.47374999712079813E-006  -0.197540329E+003
   0.47499999711320129E-006  -0.185548706E+003
   0.47624999710560445E-006  -0.173985535E+003
   0.47749999709800761E-006  -0.162875809E+003
   0.47874999709041077E-006  -0.152239441E+003
   0.47999999708281393E-006  -0.142089249E+003
   0.48124999707521710E-006  -0.132429977E+003
   0.48249999706762026E-006  -0.123258888E+003
   0.48374999706002342E-006  -0.114567627E+003
   0.48499999705242658E-006  -0.106344978E+003
   0.48624999704482974E-006  -0.985797501E+002
   0.48749999703723290E-006  -0.912628098E+002
   0.48874999702963606E-006  -0.843877258E+002
   0.48999999702203922E-006  -0.779498138E+002
   0.49124999701444239E-006  -0.719440384E+002
   0.49249999700684555E-006  -0.663626022E+002
   0.49374999699924871E-006  -0.611929626E+002
   0.49499999699165187E-006  -0.564169655E+002
   0.49624999698405503E-006  -0.520115089E+002
   0.49749999697645819E-006  -0.479505920E+002
   0.49874999696886135E-006  -0.442082405E+002
   0.49999999696126451E-006  -0.407613525E+002
   0.50124999695366768E-006  -0.375914688E+002
   0.50249999694607084E-006  -0.346849365E+002
   0.50374999693847400E-006  -0.320314941E+002
   0.50499999693087716E-006  -0.296218643E+002
   0.50624999692328032E-006  -0.274451866E+002
   0.50749999691568348E-006  -0.254870625E+002
   0.50874999690808664E-006  -0.237289009E+002
   0.50999999690048980E-006  -0.221489048E+002
   0.51124999689289297E-006  -0.207244835E+002
   0.51249999688529613E-006  -0.194352245E+002
   0.51374999687769929E-006  -0.182653332E+002
   0.51499999687010245E-006  -0.172046318E+002
   0.51624999686250561E-006  -0.162478523E+002
   0.51749999685490877E-006  -0.153925476E+002
   0.51874999684731193E-006  -0.146363297E+002
   0.51999999683971510E-006  -0.139743214E+002
   0.52124999683211826E-006  -0.133976727E+002
   0.52249999682452142E-006  -0.128937092E+002
   0.52374999681692458E-006  -0.124477243E+002
   0.52499999680932774E-006  -0.120457449E+002
   0.52624999680173090E-006  -0.116772146E+002
   0.52749999679413406E-006  -0.113366165E+002
   0.52874999678653722E-006  -0.110235023E+002
   0.52999999677894039E-006  -0.107409725E+002
   0.53124999677134355E-006  -0.104930763E+002
   0.53249999676374671E-006  -0.102819405E+002
   0.53374999675614987E-006  -0.101056452E+002
   0.53499999674855303E-006  -0.995771694E+001
   0.53624999674095619E-006  -0.982851887E+001
   0.53749999673335935E-006  -0.970799351E+001
   0.53874999672576251E-006  -0.958861351E+001
   0.53999999671816568E-006  -0.946736717E+001
   0.54124999671056884E-006  -0.934612370E+001
   0.54249999670297200E-006  -0.923035240E+001
   0.54374999669537516E-006  -0.912667465E+001
   0.54499999668777832E-006  -0.904006195E+001
   0.54624999668018148E-006  -0.897161961E+001
   0.54749999667258464E-006  -0.891779327E+001
   0.54874999666498780E-006  -0.887137985E+001
   0.54999999665739097E-006  -0.882401562E+001
   0.55124999664979413E-006  -0.876916504E+001
   0.55249999664219729E-006  -0.870442486E+001
   0.55374999663460045E-006  -0.863223553E+001
   0.55499999662700361E-006  -0.855877113E+001
   0.55624999661940677E-006  -0.849146557E+001
   0.55749999661180993E-006  -0.843611336E+001
   0.55874999660421309E-006  -0.839462090E+001
   0.55999999659661626E-006  -0.836421871E+001
   0.56124999658901942E-006  -0.833844757E+001
   0.56249999658142258E-006  -0.830954838E+001
   0.56374999657382574E-006  -0.827139950E+001
   0.56499999656622890E-006  -0.822185612E+001
   0.56624999655863206E-006  -0.816357708E+001
   0.56749999655103522E-006  -0.810296249E+001
   0.56874999654343839E-006  -0.804760647E+001
   0.56999999653584155E-006  -0.800328732E+001
   0.57124999652824471E-006  -0.797171211E+001
   0.57249999652064787E-006  -0.794989300E+001
   0.57374999651305103E-006  -0.793135262E+001
   0.57499999650545419E-006  -0.790864849E+001
   0.57624999649785735E-006  -0.787623453E+001
   0.57749999649026051E-006  -0.783258820E+001
   0.57874999648266368E-006  -0.778080797E+001
   0.57999999647506684E-006  -0.772741842E+001
   0.58124999646747000E-006  -0.767980576E+001
   0.58249999645987316E-006  -0.764326382E+001
   0.58374999645227632E-006  -0.761885118E+001
   0.58499999644467948E-006  -0.760295534E+001
   0.58624999643708264E-006  -0.758875942E+001
   0.58749999642948580E-006  -0.756901073E+001
   0.58874999642188897E-006  -0.753893661E+001
   0.58999999641429213E-006  -0.749812794E+001
   0.59124999640669529E-006  -0.745065069E+001
   0.59249999639909845E-006  -0.740337896E+001
   0.59374999639150161E-006  -0.736322308E+001
   0.59499999638390477E-006  -0.733435917E+001
   0.59624999637630793E-006  -0.731655931E+001
   0.59749999636871109E-006  -0.730529118E+001
   0.59874999636111426E-006  -0.729356194E+001
   0.59999999635351742E-006  -0.727475691E+001
   0.60124999634592058E-006  -0.724532175E+001
   0.60249999633832374E-006  -0.720618439E+001
   0.60374999633072690E-006  -0.716234779E+001
   0.60499999632313006E-006  -0.712083101E+001
   0.60624999631553322E-006  -0.708780670E+001
   0.60749999630793639E-006  -0.706609440E+001
   0.60874999630033955E-006  -0.705401897E+001
   0.60999999629274271E-006  -0.704609680E+001
   0.61124999628514587E-006  -0.703527308E+001
   0.61249999627754903E-006  -0.701581335E+001
   0.61374999626995219E-006  -0.698566103E+001
   0.61499999626235535E-006  -0.694729471E+001
   0.61624999625475851E-006  -0.690672255E+001
   0.61749999624716168E-006  -0.687100649E+001
   0.61874999623956484E-006  -0.684532166E+001
   0.61999999623196800E-006  -0.683074617E+001
   0.62124999622437116E-006  -0.682373667E+001
   0.62249999621677432E-006  -0.681757736E+001
   0.62374999620917748E-006  -0.680527067E+001
   0.62499999620158064E-006  -0.678263283E+001
   0.62624999619398380E-006  -0.675015545E+001
   0.62749999618638697E-006  -0.671271086E+001
   0.62874999617879013E-006  -0.667724562E+001
   0.62999999617119329E-006  -0.664962435E+001
   0.63124999616359645E-006  -0.663218260E+001
   0.63249999615599961E-006  -0.662303925E+001
   0.63374999614840277E-006  -0.661722422E+001
   0.63499999614080593E-006  -0.660886478E+001
   0.63624999613320909E-006  -0.659342289E+001
   0.63749999612561226E-006  -0.656922436E+001
   0.63874999611801542E-006  -0.653793335E+001
   0.63999999611041858E-006  -0.650394297E+001
   0.64124999610282174E-006  -0.647288704E+001
   0.64249999609522490E-006  -0.644966030E+001
   0.64374999608762806E-006  -0.643648386E+001
   0.64499999608003122E-006  -0.643166924E+001
   0.64624999607243439E-006  -0.642972469E+001
   0.64749999606483755E-006  -0.642319155E+001
   0.64874999605724071E-006  -0.640589428E+001
   0.64999999604964387E-006  -0.637632084E+001
   0.65124999604204703E-006  -0.633921289E+001
   0.65249999603445019E-006  -0.630389881E+001
   0.65374999602685335E-006  -0.627962875E+001
   0.65499999601925651E-006  -0.627025509E+001
   0.65624999601165968E-006  -0.627155209E+001
   0.65749999600406284E-006  -0.627326059E+001
   0.65874999599646600E-006  -0.626504993E+001
   0.65999999598886916E-006  -0.624279213E+001
   0.66124999598127232E-006  -0.621096039E+001
   0.66249999597367548E-006  -0.617934132E+001
   0.66374999596607864E-006  -0.615623236E+001
   0.66499999595848180E-006  -0.614302826E+001
   0.66624999595088497E-006  -0.613425207E+001
   0.66749999594328813E-006  -0.612293959E+001
   0.66874999593569129E-006  -0.610687304E+001
   0.66999999592809445E-006  -0.609023809E+001
   0.67124999592049761E-006  -0.607895756E+001
   0.67249999591290077E-006  -0.607358599E+001
   0.67374999590530393E-006  -0.606642914E+001
   0.67499999589770709E-006  -0.604667997E+001
   0.67624999589011026E-006  -0.601053333E+001
   0.67749999588251342E-006  -0.596788979E+001
   0.67874999587491658E-006  -0.593839836E+001
   0.67999999586731974E-006  -0.593747425E+001
   0.68124999585972290E-006  -0.596202040E+001
   0.68249999585212606E-006  -0.598815584E+001
   0.68374999584452922E-006  -0.598570299E+001
   0.68499999583693238E-006  -0.594089222E+001
   0.68624999582933555E-006  -0.587009907E+001
   0.68749999582173871E-006  -0.581171417E+001
   0.68874999581414187E-006  -0.579921579E+001
   0.68999999580654503E-006  -0.583451891E+001
   0.69124999579894819E-006  -0.588321209E+001
   0.69249999579135135E-006  -0.589819479E+001
   0.69374999578375451E-006  -0.585578108E+001
   0.69499999577615768E-006  -0.577628613E+001
   0.69624999576856084E-006  -0.571080780E+001
   0.69749999576096400E-006  -0.570180893E+001
   0.69874999575336716E-006  -0.574753618E+001
   0.69999999574577032E-006  -0.580016184E+001
   0.70124999573817348E-006  -0.580238581E+001
   0.70249999573057664E-006  -0.573543406E+001
   0.70374999572297980E-006  -0.563895893E+001
   0.70499999571538297E-006  -0.558301067E+001
   0.70624999570778613E-006  -0.561086988E+001
   0.70749999570018929E-006  -0.569840574E+001
   0.70874999569259245E-006  -0.576653910E+001
   0.70999999568499561E-006  -0.574217081E+001
   0.71124999567739877E-006  -0.562119770E+001
   0.71249999566980193E-006  -0.548043251E+001
   0.71374999566220509E-006  -0.542273712E+001
   0.71499999565460826E-006  -0.549432278E+001
   0.71624999564701142E-006  -0.564049053E+001
   0.71749999563941458E-006  -0.574046087E+001
   0.71874999563181774E-006  -0.569988537E+001
   0.71999999562422090E-006  -0.552979040E+001
   0.72124999561662406E-006  -0.534584618E+001
   0.72249999560902722E-006  -0.528233385E+001
   0.72374999560143038E-006  -0.538508224E+001
   0.72499999559383355E-006  -0.556951952E+001
   0.72624999558623671E-006  -0.568214226E+001
   0.72749999557863987E-006  -0.562109613E+001
   0.72874999557104303E-006  -0.542049599E+001
   0.72999999556344619E-006  -0.522785568E+001
   0.73124999555584935E-006  -0.518832064E+001
   0.73249999554825251E-006  -0.532660437E+001
   0.73374999554065568E-006  -0.552328539E+001
   0.73499999553305884E-006  -0.560832262E+001
   0.73624999552546200E-006  -0.549894762E+001
   0.73749999551786516E-006  -0.526996040E+001
   0.73874999551026832E-006  -0.509650850E+001
   0.73999999550267148E-006  -0.511278296E+001
   0.74124999549507464E-006  -0.530072212E+001
   0.74249999548747780E-006  -0.550109053E+001
   0.74374999547988097E-006  -0.554062700E+001
   0.74499999547228413E-006  -0.537321043E+001
   0.74624999546468729E-006  -0.511958027E+001
   0.74749999545709045E-006  -0.497173023E+001
   0.74874999544949361E-006  -0.503862095E+001
   0.74999999544189677E-006  -0.525839949E+001
   0.75124999543429993E-006  -0.544834137E+001
   0.75249999542670309E-006  -0.545144176E+001
   0.75374999541910626E-006  -0.526038790E+001
   0.75499999541150942E-006  -0.501957989E+001
   0.75624999540391258E-006  -0.490650702E+001
   0.75749999539631574E-006  -0.499122524E+001
   0.75874999538871890E-006  -0.518716383E+001
   0.75999999538112206E-006  -0.532831907E+001
   0.76124999537352522E-006  -0.530430126E+001
   0.76249999536592838E-006  -0.514172268E+001
   0.76374999535833155E-006  -0.497069216E+001
   0.76499999535073471E-006  -0.491250324E+001
   0.76624999534313787E-006  -0.498579645E+001
   0.76749999533554103E-006  -0.510506821E+001
   0.76874999532794419E-006  -0.516279221E+001
   0.76999999532034735E-006  -0.511831951E+001
   0.77124999531275051E-006  -0.501944065E+001
   0.77249999530515367E-006  -0.494763708E+001
   0.77374999529755684E-006  -0.494409323E+001
   0.77499999528996000E-006  -0.498300171E+001
   0.77624999528236316E-006  -0.500852776E+001
   0.77749999527476632E-006  -0.499239349E+001
   0.77874999526716948E-006  -0.495525885E+001
   0.77999999525957264E-006  -0.493591785E+001
   0.78124999525197580E-006  -0.494511986E+001
   0.78249999524437897E-006  -0.495386600E+001
   0.78374999523678213E-006  -0.492813921E+001
   0.78499999522918529E-006  -0.487232113E+001
   0.78624999522158845E-006  -0.483263111E+001
   0.78749999521399161E-006  -0.485191631E+001
   0.78874999520639477E-006  -0.491908264E+001
   0.78999999519879793E-006  -0.496751642E+001
   0.79124999519120109E-006  -0.493243170E+001
   0.79249999518360426E-006  -0.481749249E+001
   0.79374999517600742E-006  -0.470480394E+001
   0.79499999516841058E-006  -0.468986130E+001
   0.79624999516081374E-006  -0.479388571E+001
   0.79749999515321690E-006  -0.493380117E+001
   0.79874999514562006E-006  -0.498444605E+001
   0.79999999513802322E-006  -0.488535309E+001
   0.80124999513042638E-006  -0.469950962E+001
   0.80249999512282955E-006  -0.456798172E+001
   0.80374999511523271E-006  -0.459389019E+001
   0.80499999510763587E-006  -0.475359440E+001
   0.80624999510003903E-006  -0.491305494E+001
   0.80749999509244219E-006  -0.493793821E+001
   0.80874999508484535E-006  -0.480458355E+001
   0.80999999507724851E-006  -0.461753750E+001
   0.81124999506965167E-006  -0.451995707E+001
   0.81249999506205484E-006  -0.457507706E+001
   0.81374999505445800E-006  -0.471962261E+001
   0.81499999504686116E-006  -0.482490063E+001
   0.81624999503926432E-006  -0.480761194E+001
   0.81749999503166748E-006  -0.469320107E+001
   0.81874999502407064E-006  -0.458188963E+001
   0.81999999501647380E-006  -0.455545855E+001
   0.82124999500887697E-006  -0.461121368E+001
   0.82249999500128013E-006  -0.467777443E+001
   0.82374999499368329E-006  -0.468919516E+001
   0.82499999498608645E-006  -0.464354992E+001
   0.82624999497848961E-006  -0.459372091E+001
   0.82749999497089277E-006  -0.458672285E+001
   0.82874999496329593E-006  -0.461583805E+001
   0.82999999495569909E-006  -0.463256454E+001
   0.83124999494810226E-006  -0.460281372E+001
   0.83249999494050542E-006  -0.454705000E+001
   0.83374999493290858E-006  -0.452123117E+001
   0.83499999492531174E-006  -0.455672979E+001
   0.83624999491771490E-006  -0.462129593E+001
   0.83749999491011806E-006  -0.464458370E+001
   0.83874999490252122E-006  -0.458749819E+001
   0.83999999489492438E-006  -0.448760462E+001
   0.84124999488732755E-006  -0.443153048E+001
   0.84249999487973071E-006  -0.447479296E+001
   0.84374999487213387E-006  -0.458370256E+001
   0.84499999486453703E-006  -0.465834188E+001
   0.84624999485694019E-006  -0.462113285E+001
   0.84749999484934335E-006  -0.449125385E+001
   0.84874999484174651E-006  -0.437372017E+001
   0.84999999483414967E-006  -0.436862850E+001
   0.85124999482655284E-006  -0.448086023E+001
   0.85249999481895600E-006  -0.461284399E+001
   0.85374999481135916E-006  -0.464874363E+001
   0.85499999480376232E-006  -0.455532503E+001
   0.85624999479616548E-006  -0.440952015E+001
   0.85749999478856864E-006  -0.432935095E+001
   0.85874999478097180E-006  -0.437170696E+001
   0.85999999477337497E-006  -0.448801851E+001
   0.86124999476577813E-006  -0.457359982E+001
   0.86249999475818129E-006  -0.456136560E+001
   0.86374999475058445E-006  -0.447420406E+001
   0.86499999474298761E-006  -0.439339113E+001
   0.86624999473539077E-006  -0.437946606E+001
   0.86749999472779393E-006  -0.442219591E+001
   0.86874999472019709E-006  -0.446259212E+001
   0.86999999471260026E-006  -0.445825243E+001
   0.87124999470500342E-006  -0.442388582E+001
   0.87249999469740658E-006  -0.440823746E+001
   0.87374999468980974E-006  -0.443519831E+001
   0.87499999468221290E-006  -0.447329950E+001
   0.87624999467461606E-006  -0.446761227E+001
   0.87749999466701922E-006  -0.440210819E+001
   0.87874999465942238E-006  -0.432616138E+001
   0.87999999465182555E-006  -0.431263542E+001
   0.88124999464422871E-006  -0.438478994E+001
   0.88249999463663187E-006  -0.448490620E+001
   0.88374999462903503E-006  -0.452082205E+001
   0.88499999462143819E-006  -0.445088816E+001
   0.88624999461384135E-006  -0.432715082E+001
   0.88749999460624451E-006  -0.425272512E+001
   0.88874999459864767E-006  -0.428979969E+001
   0.88999999459105084E-006  -0.440277767E+001
   0.89124999458345400E-006  -0.448984718E+001
   0.89249999457585716E-006  -0.447440958E+001
   0.89374999456826032E-006  -0.437240553E+001
   0.89499999456066348E-006  -0.427462196E+001
   0.89624999455306664E-006  -0.426233721E+001
   0.89749999454546980E-006  -0.433541775E+001
   0.89874999453787296E-006  -0.441794777E+001
   0.89999999453027613E-006  -0.443245602E+001
   0.90124999452267929E-006  -0.437062693E+001
   0.90249999451508245E-006  -0.429502583E+001
   0.90374999450748561E-006  -0.427441311E+001
   0.90499999449988877E-006  -0.431806707E+001
   0.90624999449229193E-006  -0.437215185E+001
   0.90749999448469509E-006  -0.437793827E+001
   0.90874999447709826E-006  -0.433106422E+001
   0.90999999446950142E-006  -0.428253222E+001
   0.91124999446190458E-006  -0.428273487E+001
   0.91249999445430774E-006  -0.432760715E+001
   0.91374999444671090E-006  -0.436284685E+001
   0.91499999443911406E-006  -0.434188032E+001
   0.91624999443151722E-006  -0.427744532E+001
   0.91749999442392038E-006  -0.423223400E+001
   0.91874999441632355E-006  -0.425579548E+001
   0.91999999440872671E-006  -0.433067417E+001
   0.92124999440112987E-006  -0.438390827E+001
   0.92249999439353303E-006  -0.435605192E+001
   0.92374999438593619E-006  -0.426163006E+001
   0.92499999437833935E-006  -0.418055105E+001
   0.92624999437074251E-006  -0.418554115E+001
   0.92749999436314567E-006  -0.427321339E+001
   0.92874999435554884E-006  -0.436480761E+001
   0.92999999434795200E-006  -0.437732029E+001
   0.93124999434035516E-006  -0.429884386E+001
   0.93249999433275832E-006  -0.419780779E+001
   0.93374999432516148E-006  -0.415861607E+001
   0.93499999431756464E-006  -0.420541906E+001
   0.93624999430996780E-006  -0.428510046E+001
   0.93749999430237096E-006  -0.432208872E+001
   0.93874999429477413E-006  -0.428921843E+001
   0.93999999428717729E-006  -0.422678185E+001
   0.94124999427958045E-006  -0.419577074E+001
   0.94249999427198361E-006  -0.421594715E+001
   0.94374999426438677E-006  -0.425096464E+001
   0.94499999425678993E-006  -0.425216198E+001
   0.94624999424919309E-006  -0.421271992E+001
   0.94749999424159626E-006  -0.417508554E+001
   0.94874999423399942E-006  -0.418433237E+001
   0.94999999422640258E-006  -0.423670387E+001
   0.95124999421880574E-006  -0.427829075E+001
   0.95249999421120890E-006  -0.425777626E+001
   0.95374999420361206E-006  -0.418106937E+001
   0.95499999419601522E-006  -0.411136913E+001
   0.95624999418841838E-006  -0.411123466E+001
   0.95749999418082155E-006  -0.418154383E+001
   0.95874999417322471E-006  -0.425751495E+001
   0.95999999416562787E-006  -0.426767635E+001
   0.96124999415803103E-006  -0.420026875E+001
   0.96249999415043419E-006  -0.411356354E+001
   0.96374999414283735E-006  -0.408043909E+001
   0.96499999413524051E-006  -0.412087631E+001
   0.96624999412764367E-006  -0.418673801E+001
   0.96749999412004684E-006  -0.421131182E+001
   0.96874999411245000E-006  -0.417329407E+001
   0.96999999410485316E-006  -0.411297178E+001
   0.97124999409725632E-006  -0.408766317E+001
   0.97249999408965948E-006  -0.411359358E+001
   0.97374999408206264E-006  -0.415254354E+001
   0.97499999407446580E-006  -0.415442705E+001
   0.97624999406686896E-006  -0.411036634E+001
   0.97749999405927213E-006  -0.406165314E+001
   0.97874999405167529E-006  -0.405616188E+001
   0.97999999404407845E-006  -0.409758186E+001
   0.98124999403648161E-006  -0.413990593E+001
   0.98249999402888477E-006  -0.413336849E+001
   0.98374999402128793E-006  -0.407550526E+001
   0.98499999401369109E-006  -0.401529026E+001
   0.98624999400609425E-006  -0.400530195E+001
   0.98749999399849742E-006  -0.404940224E+001
   0.98874999399090058E-006  -0.409847927E+001
   0.98999999398330374E-006  -0.409890366E+001
   0.99124999397570690E-006  -0.404543877E+001
   0.99249999396811006E-006  -0.398576260E+001
   0.99374999396051322E-006  -0.397234511E+001
   0.99499999395291638E-006  -0.401022339E+001
   0.99624999394531955E-006  -0.405293465E+001
   0.99749999393772271E-006  -0.405001354E+001
   0.99874999393012587E-006  -0.399770522E+001
   0.99999999392252903E-006  -0.394203782E+001
