t              csa.fdtd_Bulk probe 10 m_Jz_19_19_10__20_20_10.dat
   0.00000000000000000E+000   0.000000000E+000
   0.12499999924031613E-008   0.000000000E+000
   0.24999999848063226E-008   0.000000000E+000
   0.37499999772094839E-008   0.000000000E+000
   0.49999999696126451E-008   0.000000000E+000
   0.62499999620158064E-008   0.000000000E+000
   0.74999999544189677E-008   0.000000000E+000
   0.87499999468221290E-008   0.000000000E+000
   0.99999999392252903E-008   0.000000000E+000
   0.11249999931628452E-007   0.000000000E+000
   0.12499999924031613E-007   0.000000000E+000
   0.13749999916434774E-007   0.177892296E-007
   0.14999999908837935E-007   0.288361178E-006
   0.16249999901241097E-007   0.242900160E-005
   0.17499999893644258E-007   0.141987712E-004
   0.18749999886047419E-007   0.647846755E-004
   0.19999999878450581E-007   0.245649338E-003
   0.21249999870853742E-007   0.803940347E-003
   0.22499999863256903E-007   0.232790550E-002
   0.23749999855660064E-007   0.606849231E-002
   0.24999999848063226E-007   0.144264093E-001
   0.26249999840466387E-007   0.315873250E-001
   0.27499999832869548E-007   0.642040372E-001
   0.28749999825272710E-007   0.121915013E+000
   0.29999999817675871E-007   0.217393190E+000
   0.31249999810079032E-007   0.365598857E+000
   0.32499999802482193E-007   0.582023621E+000
   0.33749999794885355E-007   0.879976094E+000
   0.34999999787288516E-007   0.126734757E+001
   0.36249999779691677E-007   0.174371147E+001
   0.37499999772094839E-007   0.229890203E+001
   0.38749999764498000E-007   0.291414905E+001
   0.39999999756901161E-007   0.356624770E+001
   0.41249999749304322E-007   0.423422527E+001
   0.42499999741707484E-007   0.490692425E+001
   0.43749999734110645E-007   0.558929777E+001
   0.44999999726513806E-007   0.630523157E+001
   0.46249999718916968E-007   0.709535694E+001
   0.47499999711320129E-007   0.800963402E+001
   0.48749999703723290E-007   0.909640312E+001
   0.49999999696126451E-007   0.103914413E+002
   0.51249999688529613E-007   0.119110775E+002
   0.52499999680932774E-007   0.136520538E+002
   0.53749999673335935E-007   0.155982552E+002
   0.54999999665739097E-007   0.177322350E+002
   0.56249999658142258E-007   0.200481415E+002
   0.57499999650545419E-007   0.225616436E+002
   0.58749999642948580E-007   0.253122673E+002
   0.59999999635351742E-007   0.283558006E+002
   0.61249999627754903E-007   0.317497063E+002
   0.62499999620158064E-007   0.355391159E+002
   0.63749999612561226E-007   0.397504196E+002
   0.64999999604964387E-007   0.443935814E+002
   0.66249999597367548E-007   0.494695702E+002
   0.67499999589770709E-007   0.549795532E+002
   0.68749999582173871E-007   0.609348373E+002
   0.69999999574577032E-007   0.673653564E+002
   0.71249999566980193E-007   0.743207092E+002
   0.72499999559383355E-007   0.818596039E+002
   0.73749999551786516E-007   0.900330582E+002
   0.74999999544189677E-007   0.988732452E+002
   0.76249999536592838E-007   0.108394669E+003
   0.77499999528996000E-007   0.118602173E+003
   0.78749999521399161E-007   0.129497375E+003
   0.79999999513802322E-007   0.141083054E+003
   0.81249999506205484E-007   0.153370987E+003
   0.82499999498608645E-007   0.166390472E+003
   0.83749999491011806E-007   0.180184998E+003
   0.84999999483414967E-007   0.194792023E+003
   0.86249999475818129E-007   0.210221008E+003
   0.87499999468221290E-007   0.226451141E+003
   0.88749999460624451E-007   0.243450531E+003
   0.89999999453027613E-007   0.261195068E+003
   0.91249999445430774E-007   0.279669739E+003
   0.92499999437833935E-007   0.298859070E+003
   0.93749999430237096E-007   0.318744324E+003
   0.94999999422640258E-007   0.339309143E+003
   0.96249999415043419E-007   0.360536743E+003
   0.97499999407446580E-007   0.382393066E+003
   0.98749999399849742E-007   0.404813293E+003
   0.99999999392252903E-007   0.427711823E+003
   0.10124999938465606E-006   0.451007446E+003
   0.10249999937705923E-006   0.474636322E+003
   0.10374999936946239E-006   0.498541351E+003
   0.10499999936186555E-006   0.522655579E+003
   0.10624999935426871E-006   0.546899841E+003
   0.10749999934667187E-006   0.571190735E+003
   0.10874999933907503E-006   0.595440552E+003
   0.10999999933147819E-006   0.619547546E+003
   0.11124999932388135E-006   0.643392700E+003
   0.11249999931628452E-006   0.666854736E+003
   0.11374999930868768E-006   0.689828613E+003
   0.11499999930109084E-006   0.712227295E+003
   0.11624999929349400E-006   0.733966858E+003
   0.11749999928589716E-006   0.754953186E+003
   0.11874999927830032E-006   0.775081726E+003
   0.11999999927070348E-006   0.794244629E+003
   0.12124999926310664E-006   0.812335327E+003
   0.12249999925550981E-006   0.829251587E+003
   0.12374999924791297E-006   0.844900513E+003
   0.12499999924031613E-006   0.859204407E+003
   0.12624999923271929E-006   0.872099365E+003
   0.12749999922512245E-006   0.883528931E+003
   0.12874999921752561E-006   0.893439209E+003
   0.12999999920992877E-006   0.901777466E+003
   0.13124999920233194E-006   0.908493591E+003
   0.13249999919473510E-006   0.913540405E+003
   0.13374999918713826E-006   0.916879639E+003
   0.13499999917954142E-006   0.918493103E+003
   0.13624999917194458E-006   0.918386902E+003
   0.13749999916434774E-006   0.916583618E+003
   0.13874999915675090E-006   0.913106995E+003
   0.13999999914915406E-006   0.907975830E+003
   0.14124999914155723E-006   0.901212524E+003
   0.14249999913396039E-006   0.892851685E+003
   0.14374999912636355E-006   0.882940552E+003
   0.14499999911876671E-006   0.871534607E+003
   0.14624999911116987E-006   0.858699280E+003
   0.14749999910357303E-006   0.844514282E+003
   0.14874999909597619E-006   0.829072815E+003
   0.14999999908837935E-006   0.812469360E+003
   0.15124999908078252E-006   0.794790894E+003
   0.15249999907318568E-006   0.776118286E+003
   0.15374999906558884E-006   0.756536133E+003
   0.15499999905799200E-006   0.736138855E+003
   0.15624999905039516E-006   0.715030762E+003
   0.15749999904279832E-006   0.693322144E+003
   0.15874999903520148E-006   0.671124512E+003
   0.15999999902760464E-006   0.648544556E+003
   0.16124999902000781E-006   0.625679749E+003
   0.16249999901241097E-006   0.602618164E+003
   0.16374999900481413E-006   0.579444824E+003
   0.16499999899721729E-006   0.556245850E+003
   0.16624999898962045E-006   0.533107971E+003
   0.16749999898202361E-006   0.510115601E+003
   0.16874999897442677E-006   0.487351288E+003
   0.16999999896682993E-006   0.464895813E+003
   0.17124999895923310E-006   0.442822327E+003
   0.17249999895163626E-006   0.421188568E+003
   0.17374999894403942E-006   0.400036804E+003
   0.17499999893644258E-006   0.379403687E+003
   0.17624999892884574E-006   0.359330719E+003
   0.17749999892124890E-006   0.339863434E+003
   0.17874999891365206E-006   0.321042938E+003
   0.17999999890605523E-006   0.302900024E+003
   0.18124999889845839E-006   0.285455566E+003
   0.18249999889086155E-006   0.268722870E+003
   0.18374999888326471E-006   0.252707611E+003
   0.18499999887566787E-006   0.237408325E+003
   0.18624999886807103E-006   0.222820648E+003
   0.18749999886047419E-006   0.208942047E+003
   0.18874999885287735E-006   0.195772095E+003
   0.18999999884528052E-006   0.183308716E+003
   0.19124999883768368E-006   0.171544342E+003
   0.19249999883008684E-006   0.160463882E+003
   0.19374999882249000E-006   0.150044342E+003
   0.19499999881489316E-006   0.140256561E+003
   0.19624999880729632E-006   0.131070877E+003
   0.19749999879969948E-006   0.122463989E+003
   0.19874999879210264E-006   0.114419945E+003
   0.19999999878450581E-006   0.106923485E+003
   0.20124999877690897E-006   0.999527283E+002
   0.20249999876931213E-006   0.934789886E+002
   0.20374999876171529E-006   0.874718399E+002
   0.20499999875411845E-006   0.819021606E+002
   0.20624999874652161E-006   0.767410889E+002
   0.20749999873892477E-006   0.719600525E+002
   0.20874999873132793E-006   0.675346222E+002
   0.20999999872373110E-006   0.634472656E+002
   0.21124999871613426E-006   0.596837578E+002
   0.21249999870853742E-006   0.562261391E+002
   0.21374999870094058E-006   0.530496445E+002
   0.21499999869334374E-006   0.501260986E+002
   0.21624999868574690E-006   0.474295731E+002
   0.21749999867815006E-006   0.449396057E+002
   0.21874999867055323E-006   0.426418114E+002
   0.21999999866295639E-006   0.405264893E+002
   0.22124999865535955E-006   0.385852051E+002
   0.22249999864776271E-006   0.368063812E+002
   0.22374999864016587E-006   0.351737556E+002
   0.22499999863256903E-006   0.336694489E+002
   0.22624999862497219E-006   0.322781754E+002
   0.22749999861737535E-006   0.309881744E+002
   0.22874999860977852E-006   0.297897797E+002
   0.22999999860218168E-006   0.286756458E+002
   0.23124999859458484E-006   0.276424370E+002
   0.23249999858698800E-006   0.266893768E+002
   0.23374999857939116E-006   0.258125877E+002
   0.23499999857179432E-006   0.250011864E+002
   0.23624999856419748E-006   0.242405968E+002
   0.23749999855660064E-006   0.235201244E+002
   0.23874999854900381E-006   0.228367958E+002
   0.23999999854140697E-006   0.221925011E+002
   0.24124999853381013E-006   0.215889893E+002
   0.24249999852621329E-006   0.210255203E+002
   0.24374999851861645E-006   0.204989052E+002
   0.24499999851101961E-006   0.200037804E+002
   0.24624999850342277E-006   0.195333004E+002
   0.24749999849582593E-006   0.190813255E+002
   0.24874999848822910E-006   0.186448212E+002
   0.24999999848063226E-006   0.182240810E+002
   0.25124999847303542E-006   0.178212185E+002
   0.25249999846543858E-006   0.174387417E+002
   0.25374999845784174E-006   0.170784531E+002
   0.25499999845024490E-006   0.167393055E+002
   0.25624999844264806E-006   0.164156055E+002
   0.25749999843505122E-006   0.160991230E+002
   0.25874999842745439E-006   0.157849655E+002
   0.25999999841985755E-006   0.154754496E+002
   0.26124999841226071E-006   0.151772947E+002
   0.26249999840466387E-006   0.148951225E+002
   0.26374999839706703E-006   0.146282396E+002
   0.26499999838947019E-006   0.143728905E+002
   0.26624999838187335E-006   0.141255722E+002
   0.26749999837427652E-006   0.138836250E+002
   0.26874999836667968E-006   0.136446133E+002
   0.26999999835908284E-006   0.134073639E+002
   0.27124999835148600E-006   0.131737690E+002
   0.27249999834388916E-006   0.129481754E+002
   0.27374999833629232E-006   0.127342434E+002
   0.27499999832869548E-006   0.125322695E+002
   0.27624999832109864E-006   0.123390236E+002
   0.27749999831350181E-006   0.121493874E+002
   0.27874999830590497E-006   0.119587765E+002
   0.27999999829830813E-006   0.117658768E+002
   0.28124999829071129E-006   0.115741720E+002
   0.28249999828311445E-006   0.113898878E+002
   0.28374999827551761E-006   0.112170162E+002
   0.28499999826792077E-006   0.110541019E+002
   0.28624999826032393E-006   0.108961802E+002
   0.28749999825272710E-006   0.107393332E+002
   0.28874999824513026E-006   0.105825901E+002
   0.28999999823753342E-006   0.104262733E+002
   0.29124999822993658E-006   0.102706690E+002
   0.29249999822233974E-006   0.101172438E+002
   0.29374999821474290E-006   0.996957779E+001
   0.29499999820714606E-006   0.983101654E+001
   0.29624999819954922E-006   0.970102787E+001
   0.29749999819195239E-006   0.957481194E+001
   0.29874999818435555E-006   0.944695377E+001
   0.29999999817675871E-006   0.931533051E+001
   0.30124999816916187E-006   0.918199539E+001
   0.30249999816156503E-006   0.905135918E+001
   0.30374999815396819E-006   0.892758751E+001
   0.30499999814637135E-006   0.881227684E+001
   0.30624999813877452E-006   0.870332241E+001
   0.30749999813117768E-006   0.859622860E+001
   0.30874999812358084E-006   0.848739815E+001
   0.30999999811598400E-006   0.837644005E+001
   0.31124999810838716E-006   0.826528168E+001
   0.31249999810079032E-006   0.815583515E+001
   0.31374999809319348E-006   0.804941368E+001
   0.31499999808559664E-006   0.794775152E+001
   0.31624999807799981E-006   0.785253811E+001
   0.31749999807040297E-006   0.776287842E+001
   0.31874999806280613E-006   0.767428541E+001
   0.31999999805520929E-006   0.758187246E+001
   0.32124999804761245E-006   0.748485756E+001
   0.32249999804001561E-006   0.738733196E+001
   0.32374999803241877E-006   0.729454374E+001
   0.32499999802482193E-006   0.720887041E+001
   0.32624999801722510E-006   0.712901354E+001
   0.32749999800962826E-006   0.705175781E+001
   0.32874999800203142E-006   0.697392321E+001
   0.32999999799443458E-006   0.689364910E+001
   0.33124999798683774E-006   0.681116199E+001
   0.33249999797924090E-006   0.672857523E+001
   0.33374999797164406E-006   0.664844704E+001
   0.33499999796404722E-006   0.657231951E+001
   0.33624999795645039E-006   0.650055313E+001
   0.33749999794885355E-006   0.643272257E+001
   0.33874999794125671E-006   0.636720753E+001
   0.33999999793365987E-006   0.630079842E+001
   0.34124999792606303E-006   0.623041773E+001
   0.34249999791846619E-006   0.615632725E+001
   0.34374999791086935E-006   0.608295441E+001
   0.34499999790327252E-006   0.601538563E+001
   0.34624999789567568E-006   0.595484447E+001
   0.34749999788807884E-006   0.589802837E+001
   0.34874999788048200E-006   0.584056616E+001
   0.34999999787288516E-006   0.578036880E+001
   0.35124999786528832E-006   0.571789074E+001
   0.35249999785769148E-006   0.565460110E+001
   0.35374999785009464E-006   0.559214449E+001
   0.35499999784249781E-006   0.553229761E+001
   0.35624999783490097E-006   0.547640944E+001
   0.35749999782730413E-006   0.542439365E+001
   0.35874999781970729E-006   0.537452030E+001
   0.35999999781211045E-006   0.532428932E+001
   0.36124999780451361E-006   0.527156115E+001
   0.36249999779691677E-006   0.521559620E+001
   0.36374999778931993E-006   0.515799141E+001
   0.36499999778172310E-006   0.510252762E+001
   0.36624999777412626E-006   0.505277872E+001
   0.36749999776652942E-006   0.500886583E+001
   0.36874999775893258E-006   0.496688557E+001
   0.36999999775133574E-006   0.492224073E+001
   0.37124999774373890E-006   0.487353134E+001
   0.37249999773614206E-006   0.482291460E+001
   0.37374999772854522E-006   0.477324963E+001
   0.37499999772094839E-006   0.472589588E+001
   0.37624999771335155E-006   0.468113279E+001
   0.37749999770575471E-006   0.463924599E+001
   0.37874999769815787E-006   0.460004950E+001
   0.37999999769056103E-006   0.456180429E+001
   0.38124999768296419E-006   0.452177620E+001
   0.38249999767536735E-006   0.447836351E+001
   0.38374999766777051E-006   0.443254471E+001
   0.38499999766017368E-006   0.438729000E+001
   0.38624999765257684E-006   0.434570217E+001
   0.38749999764498000E-006   0.430916262E+001
   0.38874999763738316E-006   0.427627277E+001
   0.38999999762978632E-006   0.424337387E+001
   0.39124999762218948E-006   0.420697880E+001
   0.39249999761459264E-006   0.416655827E+001
   0.39374999760699581E-006   0.412490559E+001
   0.39499999759939897E-006   0.408547115E+001
   0.39624999759180213E-006   0.404953337E+001
   0.39749999758420529E-006   0.401618433E+001
   0.39874999757660845E-006   0.398428893E+001
   0.39999999756901161E-006   0.395331764E+001
   0.40124999756141477E-006   0.392228365E+001
   0.40249999755381793E-006   0.388925910E+001
   0.40374999754622110E-006   0.385309815E+001
   0.40499999753862426E-006   0.381536317E+001
   0.40624999753102742E-006   0.377963781E+001
   0.40749999752343058E-006   0.374858594E+001
   0.40874999751583374E-006   0.372180176E+001
   0.40999999750823690E-006   0.369631910E+001
   0.41124999750064006E-006   0.366881704E+001
   0.41249999749304322E-006   0.363763380E+001
   0.41374999748544639E-006   0.360363674E+001
   0.41499999747784955E-006   0.356964350E+001
   0.41624999747025271E-006   0.353851509E+001
   0.41749999746265587E-006   0.351112199E+001
   0.41874999745505903E-006   0.348604107E+001
   0.41999999744746219E-006   0.346124530E+001
   0.42124999743986535E-006   0.343569946E+001
   0.42249999743226851E-006   0.340911341E+001
   0.42374999742467168E-006   0.338095140E+001
   0.42499999741707484E-006   0.335088420E+001
   0.42624999740947800E-006   0.332032394E+001
   0.42749999740188116E-006   0.329232407E+001
   0.42874999739428432E-006   0.326894522E+001
   0.42999999738668748E-006   0.324887848E+001
   0.43124999737909064E-006   0.322830486E+001
   0.43249999737149381E-006   0.320418644E+001
   0.43374999736389697E-006   0.317652392E+001
   0.43499999735630013E-006   0.314775229E+001
   0.43624999734870329E-006   0.312062335E+001
   0.43749999734110645E-006   0.309663296E+001
   0.43874999733350961E-006   0.307558537E+001
   0.43999999732591277E-006   0.305595779E+001
   0.44124999731831593E-006   0.303585148E+001
   0.44249999731071910E-006   0.301411438E+001
   0.44374999730312226E-006   0.299072075E+001
   0.44499999729552542E-006   0.296621752E+001
   0.44624999728792858E-006   0.294129825E+001
   0.44749999728033174E-006   0.291717386E+001
   0.44874999727273490E-006   0.289565325E+001
   0.44999999726513806E-006   0.287770534E+001
   0.45124999725754122E-006   0.286173368E+001
   0.45249999724994439E-006   0.284415960E+001
   0.45374999724234755E-006   0.282251310E+001
   0.45499999723475071E-006   0.279781151E+001
   0.45624999722715387E-006   0.277352238E+001
   0.45749999721955703E-006   0.275237036E+001
   0.45874999721196019E-006   0.273448491E+001
   0.45999999720436335E-006   0.271822023E+001
   0.46124999719676651E-006   0.270187926E+001
   0.46249999718916968E-006   0.268443847E+001
   0.46374999718157284E-006   0.266542625E+001
   0.46499999717397600E-006   0.264492846E+001
   0.46624999716637916E-006   0.262374783E+001
   0.46749999715878232E-006   0.260317755E+001
   0.46874999715118548E-006   0.258445001E+001
   0.46999999714358864E-006   0.256822920E+001
   0.47124999713599180E-006   0.255412006E+001
   0.47249999712839497E-006   0.254032278E+001
   0.47374999712079813E-006   0.252429247E+001
   0.47499999711320129E-006   0.250471878E+001
   0.47624999710560445E-006   0.248315763E+001
   0.47749999709800761E-006   0.246309280E+001
   0.47874999709041077E-006   0.244687510E+001
   0.47999999708281393E-006   0.243372416E+001
   0.48124999707521710E-006   0.242091751E+001
   0.48249999706762026E-006   0.240650034E+001
   0.48374999706002342E-006   0.239039230E+001
   0.48499999705242658E-006   0.237332010E+001
   0.48624999704482974E-006   0.235571766E+001
   0.48749999703723290E-006   0.233801675E+001
   0.48874999702963606E-006   0.232127500E+001
   0.48999999702203922E-006   0.230668497E+001
   0.49124999701444239E-006   0.229436493E+001
   0.49249999700684555E-006   0.228291583E+001
   0.49374999699924871E-006   0.227024269E+001
   0.49499999699165187E-006   0.225490570E+001
   0.49624999698405503E-006   0.223713326E+001
   0.49749999697645819E-006   0.221896601E+001
   0.49874999696886135E-006   0.220311356E+001
   0.49999999696126451E-006   0.219088697E+001
   0.50124999695366768E-006   0.218092012E+001
   0.50249999694607084E-006   0.217026472E+001
   0.50374999693847400E-006   0.215703201E+001
   0.50499999693087716E-006   0.214177370E+001
   0.50624999692328032E-006   0.212625170E+001
   0.50749999691568348E-006   0.211145782E+001
   0.50874999690808664E-006   0.209735894E+001
   0.50999999690048980E-006   0.208411431E+001
   0.51124999689289297E-006   0.207245588E+001
   0.51249999688529613E-006   0.206246734E+001
   0.51374999687769929E-006   0.205262184E+001
   0.51499999687010245E-006   0.204075909E+001
   0.51624999686250561E-006   0.202609611E+001
   0.51749999685490877E-006   0.201006174E+001
   0.51874999684731193E-006   0.199520457E+001
   0.51999999683971510E-006   0.198333263E+001
   0.52124999683211826E-006   0.197431779E+001
   0.52249999682452142E-006   0.196618605E+001
   0.52374999681692458E-006   0.195644546E+001
   0.52499999680932774E-006   0.194391966E+001
   0.52624999680173090E-006   0.192963099E+001
   0.52749999679413406E-006   0.191574395E+001
   0.52874999678653722E-006   0.190356326E+001
   0.52999999677894039E-006   0.189278483E+001
   0.53124999677134355E-006   0.188263297E+001
   0.53249999676374671E-006   0.187303233E+001
   0.53374999675614987E-006   0.186409283E+001
   0.53499999674855303E-006   0.185488796E+001
   0.53624999674095619E-006   0.184376407E+001
   0.53749999673335935E-006   0.183026481E+001
   0.53874999672576251E-006   0.181622005E+001
   0.53999999671816568E-006   0.180434978E+001
   0.54124999671056884E-006   0.179579484E+001
   0.54249999670297200E-006   0.178918529E+001
   0.54374999669537516E-006   0.178193903E+001
   0.54499999668777832E-006   0.177225423E+001
   0.54624999668018148E-006   0.176015759E+001
   0.54749999667258464E-006   0.174721801E+001
   0.54874999666498780E-006   0.173537219E+001
   0.54999999665739097E-006   0.172560835E+001
   0.55124999664979413E-006   0.171744204E+001
   0.55249999664219729E-006   0.170966160E+001
   0.55374999663460045E-006   0.170152390E+001
   0.55499999662700361E-006   0.169297123E+001
   0.55624999661940677E-006   0.168379784E+001
   0.55749999661180993E-006   0.167333019E+001
   0.55874999660421309E-006   0.166149640E+001
   0.55999999659661626E-006   0.164984488E+001
   0.56124999658901942E-006   0.164060199E+001
   0.56249999658142258E-006   0.163437533E+001
   0.56374999657382574E-006   0.162920165E+001
   0.56499999656622890E-006   0.162225211E+001
   0.56624999655863206E-006   0.161234570E+001
   0.56749999655103522E-006   0.160066974E+001
   0.56874999654343839E-006   0.158939171E+001
   0.56999999653584155E-006   0.157995510E+001
   0.57124999652824471E-006   0.157247126E+001
   0.57249999652064787E-006   0.156608939E+001
   0.57374999651305103E-006   0.155966830E+001
   0.57499999650545419E-006   0.155238807E+001
   0.57624999649785735E-006   0.154404747E+001
   0.57749999649026051E-006   0.153485405E+001
   0.57874999648266368E-006   0.152506864E+001
   0.57999999647506684E-006   0.151513958E+001
   0.58124999646747000E-006   0.150610137E+001
   0.58249999645987316E-006   0.149915934E+001
   0.58374999645227632E-006   0.149430609E+001
   0.58499999644467948E-006   0.148960745E+001
   0.58624999643708264E-006   0.148259163E+001
   0.58749999642948580E-006   0.147262728E+001
   0.58874999642188897E-006   0.146160936E+001
   0.58999999641429213E-006   0.145211399E+001
   0.59124999640669529E-006   0.144513392E+001
   0.59249999639909845E-006   0.143973935E+001
   0.59374999639150161E-006   0.143445706E+001
   0.59499999638390477E-006   0.142843509E+001
   0.59624999637630793E-006   0.142144394E+001
   0.59749999636871109E-006   0.141347027E+001
   0.59874999636111426E-006   0.140472090E+001
   0.59999999635351742E-006   0.139581692E+001
   0.60124999634592058E-006   0.138765883E+001
   0.60249999633832374E-006   0.138099778E+001
   0.60374999633072690E-006   0.137597692E+001
   0.60499999632313006E-006   0.137178969E+001
   0.60624999631553322E-006   0.136678195E+001
   0.60749999630793639E-006   0.135944724E+001
   0.60874999630033955E-006   0.134987044E+001
   0.60999999629274271E-006   0.134007835E+001
   0.61124999628514587E-006   0.133243752E+001
   0.61249999627754903E-006   0.132751203E+001
   0.61374999626995219E-006   0.132371235E+001
   0.61499999626235535E-006   0.131905127E+001
   0.61624999625475851E-006   0.131286621E+001
   0.61749999624716168E-006   0.130571842E+001
   0.61874999623956484E-006   0.129819465E+001
   0.61999999623196800E-006   0.129046011E+001
   0.62124999622437116E-006   0.128286409E+001
   0.62249999621677432E-006   0.127626836E+001
   0.62374999620917748E-006   0.127133155E+001
   0.62499999620158064E-006   0.126762128E+001
   0.62624999619398380E-006   0.126368690E+001
   0.62749999618638697E-006   0.125806570E+001
   0.62874999617879013E-006   0.125033164E+001
   0.62999999617119329E-006   0.124148679E+001
   0.63124999616359645E-006   0.123345089E+001
   0.63249999615599961E-006   0.122777057E+001
   0.63374999614840277E-006   0.122433698E+001
   0.63499999614080593E-006   0.122135019E+001
   0.63624999613320909E-006   0.121685469E+001
   0.63749999612561226E-006   0.121040368E+001
   0.63874999611801542E-006   0.120308638E+001
   0.63999999611041858E-006   0.119608390E+001
   0.64124999610282174E-006   0.118966675E+001
   0.64249999609522490E-006   0.118370330E+001
   0.64374999608762806E-006   0.117852092E+001
   0.64499999608003122E-006   0.117458749E+001
   0.64624999607243439E-006   0.117142069E+001
   0.64749999606483755E-006   0.116745782E+001
   0.64874999605724071E-006   0.116139495E+001
   0.64999999604964387E-006   0.115353417E+001
   0.65124999604204703E-006   0.114564180E+001
   0.65249999603445019E-006   0.113953567E+001
   0.65374999602685335E-006   0.113576162E+001
   0.65499999601925651E-006   0.113330686E+001
   0.65624999601165968E-006   0.113035738E+001
   0.65749999600406284E-006   0.112556052E+001
   0.65874999599646600E-006   0.111897087E+001
   0.65999999598886916E-006   0.111188912E+001
   0.66124999598127232E-006   0.110564804E+001
   0.66249999597367548E-006   0.110057139E+001
   0.66374999596607864E-006   0.109619009E+001
   0.66499999595848180E-006   0.109220910E+001
   0.66624999595088497E-006   0.108873034E+001
   0.66749999594328813E-006   0.108543897E+001
   0.66874999593569129E-006   0.108118582E+001
   0.66999999592809445E-006   0.107501531E+001
   0.67124999592049761E-006   0.106754827E+001
   0.67249999591290077E-006   0.106081903E+001
   0.67374999590530393E-006   0.105647314E+001
   0.67499999589770709E-006   0.105425787E+001
   0.67624999589011026E-006   0.105234575E+001
   0.67749999588251342E-006   0.104894257E+001
   0.67874999587491658E-006   0.104354382E+001
   0.67999999586731974E-006   0.103698444E+001
   0.68124999585972290E-006   0.103063953E+001
   0.68249999585212606E-006   0.102549028E+001
   0.68374999584452922E-006   0.102161646E+001
   0.68499999583693238E-006   0.101840293E+001
   0.68624999582933555E-006   0.101523244E+001
   0.68749999582173871E-006   0.101187909E+001
   0.68874999581414187E-006   0.100816298E+001
   0.68999999580654503E-006   0.100354576E+001
   0.69124999579894819E-006   0.997615814E+000
   0.69249999579135135E-006   0.991074443E+000
   0.69374999578375451E-006   0.985692263E+000
   0.69499999577615768E-006   0.982731223E+000
   0.69624999576856084E-006   0.981463790E+000
   0.69749999576096400E-006   0.979652524E+000
   0.69874999575336716E-006   0.975608766E+000
   0.69999999574577032E-006   0.969602644E+000
   0.70124999573817348E-006   0.963286519E+000
   0.70249999573057664E-006   0.958094597E+000
   0.70374999572297980E-006   0.954343081E+000
   0.70499999571538297E-006   0.951505244E+000
   0.70624999570778613E-006   0.948887527E+000
   0.70749999570018929E-006   0.946002483E+000
   0.70874999569259245E-006   0.942589521E+000
   0.70999999568499561E-006   0.938498616E+000
   0.71124999567739877E-006   0.933637381E+000
   0.71249999566980193E-006   0.928176165E+000
   0.71374999566220509E-006   0.922882497E+000
   0.71499999565460826E-006   0.918950498E+000
   0.71624999564701142E-006   0.916975856E+000
   0.71749999563941458E-006   0.915971875E+000
   0.71874999563181774E-006   0.913836420E+000
   0.71999999562422090E-006   0.909231782E+000
   0.72124999561662406E-006   0.902945042E+000
   0.72249999560902722E-006   0.897123098E+000
   0.72374999560143038E-006   0.893213093E+000
   0.72499999559383355E-006   0.890889823E+000
   0.72624999558623671E-006   0.888881326E+000
   0.72749999557863987E-006   0.886347711E+000
   0.72874999557104303E-006   0.883228421E+000
   0.72999999556344619E-006   0.879642069E+000
   0.73124999555584935E-006   0.875491679E+000
   0.73249999554825251E-006   0.870762169E+000
   0.73374999554065568E-006   0.865930438E+000
   0.73499999553305884E-006   0.861868203E+000
   0.73624999552546200E-006   0.859252870E+000
   0.73749999551786516E-006   0.857916951E+000
   0.73874999551026832E-006   0.856647611E+000
   0.73999999550267148E-006   0.853851080E+000
   0.74124999549507464E-006   0.848875046E+000
   0.74249999548747780E-006   0.842841446E+000
   0.74374999547988097E-006   0.837869644E+000
   0.74499999547228413E-006   0.835170686E+000
   0.74624999546468729E-006   0.833978772E+000
   0.74749999545709045E-006   0.832504392E+000
   0.74874999544949361E-006   0.829747498E+000
   0.74999999544189677E-006   0.826081395E+000
   0.75124999543429993E-006   0.822247922E+000
   0.75249999542670309E-006   0.818373799E+000
   0.75374999541910626E-006   0.814257383E+000
   0.75499999541150942E-006   0.810222268E+000
   0.75624999540391258E-006   0.807126641E+000
   0.75749999539631574E-006   0.805414200E+000
   0.75874999538871890E-006   0.804396868E+000
   0.75999999538112206E-006   0.802636862E+000
   0.76124999537352522E-006   0.799069524E+000
   0.76249999536592838E-006   0.793897986E+000
   0.76374999535833155E-006   0.788576126E+000
   0.76499999535073471E-006   0.784805417E+000
   0.76624999534313787E-006   0.783174992E+000
   0.76749999533554103E-006   0.782590508E+000
   0.76874999532794419E-006   0.781208456E+000
   0.76999999532034735E-006   0.778104961E+000
   0.77124999531275051E-006   0.773941994E+000
   0.77249999530515367E-006   0.769950390E+000
   0.77374999529755684E-006   0.766568065E+000
   0.77499999528996000E-006   0.763403296E+000
   0.77624999528236316E-006   0.760312200E+000
   0.77749999527476632E-006   0.757869780E+000
   0.77874999526716948E-006   0.756481349E+000
   0.77999999525957264E-006   0.755405664E+000
   0.78124999525197580E-006   0.753173709E+000
   0.78249999524437897E-006   0.749060452E+000
   0.78374999523678213E-006   0.743930161E+000
   0.78499999522918529E-006   0.739552677E+000
   0.78624999522158845E-006   0.737140357E+000
   0.78749999521399161E-006   0.736434340E+000
   0.78874999520639477E-006   0.735966325E+000
   0.78999999519879793E-006   0.734194517E+000
   0.79124999519120109E-006   0.730668187E+000
   0.79249999518360426E-006   0.726298571E+000
   0.79374999517600742E-006   0.722441912E+000
   0.79499999516841058E-006   0.719656646E+000
   0.79624999516081374E-006   0.717462122E+000
   0.79749999515321690E-006   0.715285897E+000
   0.79874999514562006E-006   0.713260412E+000
   0.79999999513802322E-006   0.711742461E+000
   0.80124999513042638E-006   0.710283756E+000
   0.80249999512282955E-006   0.707709074E+000
   0.80374999511523271E-006   0.703497052E+000
   0.80499999510763587E-006   0.698742270E+000
   0.80624999510003903E-006   0.695319712E+000
   0.80749999509244219E-006   0.694074452E+000
   0.80874999508484535E-006   0.694027305E+000
   0.80999999507724851E-006   0.693332791E+000
   0.81124999506965167E-006   0.690854192E+000
   0.81249999506205484E-006   0.686889529E+000
   0.81374999505445800E-006   0.682689905E+000
   0.81499999504686116E-006   0.679412305E+000
   0.81624999503926432E-006   0.677341819E+000
   0.81749999503166748E-006   0.675896883E+000
   0.81874999502407064E-006   0.674350500E+000
   0.81999999501647380E-006   0.672520757E+000
   0.82124999500887697E-006   0.670642853E+000
   0.82249999500128013E-006   0.668621302E+000
   0.82374999499368329E-006   0.665824533E+000
   0.82499999498608645E-006   0.661966145E+000
   0.82624999497848961E-006   0.657982051E+000
   0.82749999497089277E-006   0.655461609E+000
   0.82874999496329593E-006   0.654961348E+000
   0.82999999495569909E-006   0.655173063E+000
   0.83124999494810226E-006   0.654079556E+000
   0.83249999494050542E-006   0.650870323E+000
   0.83374999493290858E-006   0.646546006E+000
   0.83499999492531174E-006   0.642773271E+000
   0.83624999491771490E-006   0.640424192E+000
   0.83749999491011806E-006   0.639183104E+000
   0.83874999490252122E-006   0.638188004E+000
   0.83999999489492438E-006   0.636807323E+000
   0.84124999488732755E-006   0.634924650E+000
   0.84249999487973071E-006   0.632713079E+000
   0.84374999487213387E-006   0.630235791E+000
   0.84499999486453703E-006   0.627338171E+000
   0.84624999485694019E-006   0.624058485E+000
   0.84749999484934335E-006   0.621083856E+000
   0.84874999484174651E-006   0.619411111E+000
   0.84999999483414967E-006   0.619215965E+000
   0.85124999482655284E-006   0.619215250E+000
   0.85249999481895600E-006   0.617627025E+000
   0.85374999481135916E-006   0.613953173E+000
   0.85499999480376232E-006   0.609573722E+000
   0.85624999479616548E-006   0.606388688E+000
   0.85749999478856864E-006   0.605032682E+000
   0.85874999478097180E-006   0.604582429E+000
   0.85999999477337497E-006   0.603777528E+000
   0.86124999476577813E-006   0.602146387E+000
   0.86249999475818129E-006   0.599965811E+000
   0.86374999475058445E-006   0.597564518E+000
   0.86499999474298761E-006   0.594985306E+000
   0.86624999473539077E-006   0.592228889E+000
   0.86749999472779393E-006   0.589578807E+000
   0.86874999472019709E-006   0.587576866E+000
   0.86999999471260026E-006   0.586607814E+000
   0.87124999470500342E-006   0.586369753E+000
   0.87249999469740658E-006   0.585758388E+000
   0.87374999468980974E-006   0.583599448E+000
   0.87499999468221290E-006   0.579823911E+000
   0.87624999467461606E-006   0.575838327E+000
   0.87749999466701922E-006   0.573373318E+000
   0.87874999465942238E-006   0.572826385E+000
   0.87999999465182555E-006   0.572931051E+000
   0.88124999464422871E-006   0.572130322E+000
   0.88249999463663187E-006   0.570036054E+000
   0.88374999462903503E-006   0.567389131E+000
   0.88499999462143819E-006   0.564903975E+000
   0.88624999461384135E-006   0.562608600E+000
   0.88749999460624451E-006   0.560310483E+000
   0.88874999459864767E-006   0.558244109E+000
   0.88999999459105084E-006   0.556912422E+000
   0.89124999458345400E-006   0.556378663E+000
   0.89249999457585716E-006   0.555947661E+000
   0.89374999456826032E-006   0.554619670E+000
   0.89499999456066348E-006   0.551894426E+000
   0.89624999455306664E-006   0.548281312E+000
   0.89749999454546980E-006   0.545088768E+000
   0.89874999453787296E-006   0.543482542E+000
   0.89999999453027613E-006   0.543444991E+000
   0.90124999452267929E-006   0.543657899E+000
   0.90249999451508245E-006   0.542650700E+000
   0.90374999450748561E-006   0.540145576E+000
   0.90499999449988877E-006   0.537138700E+000
   0.90624999449229193E-006   0.534683704E+000
   0.90749999448469509E-006   0.532897592E+000
   0.90874999447709826E-006   0.531302452E+000
   0.90999999446950142E-006   0.529786408E+000
   0.91124999446190458E-006   0.528737903E+000
   0.91249999445430774E-006   0.528227448E+000
   0.91374999444671090E-006   0.527507544E+000
   0.91499999443911406E-006   0.525647581E+000
   0.91624999443151722E-006   0.522574782E+000
   0.91749999442392038E-006   0.519291282E+000
   0.91874999441632355E-006   0.517054319E+000
   0.91999999440872671E-006   0.516361475E+000
   0.92124999440112987E-006   0.516585588E+000
   0.92249999439353303E-006   0.516444385E+000
   0.92374999438593619E-006   0.514951110E+000
   0.92499999437833935E-006   0.512173951E+000
   0.92624999437074251E-006   0.509148240E+000
   0.92749999436314567E-006   0.506922722E+000
   0.92874999435554884E-006   0.505659580E+000
   0.92999999434795200E-006   0.504753172E+000
   0.93124999434035516E-006   0.503733277E+000
   0.93249999433275832E-006   0.502723038E+000
   0.93374999432516148E-006   0.501879752E+000
   0.93499999431756464E-006   0.500746667E+000
   0.93624999430996780E-006   0.498624921E+000
   0.93749999430237096E-006   0.495599717E+000
   0.93874999429477413E-006   0.492805213E+000
   0.93999999428717729E-006   0.491411090E+000
   0.94124999427958045E-006   0.491444409E+000
   0.94249999427198361E-006   0.491751075E+000
   0.94374999426438677E-006   0.491045564E+000
   0.94499999425678993E-006   0.488921285E+000
   0.94624999424919309E-006   0.486001313E+000
   0.94749999424159626E-006   0.483337164E+000
   0.94874999423399942E-006   0.481638789E+000
   0.94999999422640258E-006   0.480853558E+000
   0.95124999421880574E-006   0.480359465E+000
   0.95249999421120890E-006   0.479592323E+000
   0.95374999420361206E-006   0.478475243E+000
   0.95499999419601522E-006   0.477178454E+000
   0.95624999418841838E-006   0.475601524E+000
   0.95749999418082155E-006   0.473430037E+000
   0.95874999417322471E-006   0.470820427E+000
   0.95999999416562787E-006   0.468696296E+000
   0.96124999415803103E-006   0.467950284E+000
   0.96249999415043419E-006   0.468340963E+000
   0.96374999414283735E-006   0.468500853E+000
   0.96499999413524051E-006   0.467206717E+000
   0.96624999412764367E-006   0.464518487E+000
   0.96749999412004684E-006   0.461589307E+000
   0.96874999411245000E-006   0.459523678E+000
   0.96999999410485316E-006   0.458560616E+000
   0.97124999409725632E-006   0.458193839E+000
   0.97249999408965948E-006   0.457775086E+000
   0.97374999408206264E-006   0.456940889E+000
   0.97499999407446580E-006   0.455659688E+000
   0.97624999406686896E-006   0.454047918E+000
   0.97749999405927213E-006   0.452178091E+000
   0.97874999405167529E-006   0.450100392E+000
   0.97999999404407845E-006   0.448090494E+000
   0.98124999403648161E-006   0.446729928E+000
   0.98249999402888477E-006   0.446429580E+000
   0.98374999402128793E-006   0.446754754E+000
   0.98499999401369109E-006   0.446487933E+000
   0.98624999400609425E-006   0.444696695E+000
   0.98749999399849742E-006   0.441745996E+000
   0.98874999399090058E-006   0.439028084E+000
   0.98999999398330374E-006   0.437627286E+000
   0.99124999397570690E-006   0.437397093E+000
   0.99249999396811006E-006   0.437363565E+000
   0.99374999396051322E-006   0.436775923E+000
   0.99499999395291638E-006   0.435578704E+000
   0.99624999394531955E-006   0.434051216E+000
   0.99749999393772271E-006   0.432346225E+000
   0.99874999393012587E-006   0.430491686E+000
   0.99999999392252903E-006   0.428654999E+000
