t              csa.fdtd_Bulk probe 5 m_Jz_19_19_5__20_20_5.dat
   0.00000000000000000E+000   0.000000000E+000
   0.12499999924031613E-008   0.000000000E+000
   0.24999999848063226E-008   0.000000000E+000
   0.37499999772094839E-008   0.000000000E+000
   0.49999999696126451E-008   0.000000000E+000
   0.62499999620158064E-008   0.000000000E+000
   0.74999999544189677E-008   0.177667869E-003
   0.87499999468221290E-008   0.166205992E-002
   0.99999999392252903E-008   0.814383384E-002
   0.11249999931628452E-007   0.279502161E-001
   0.12499999924031613E-007   0.757625252E-001
   0.13749999916434774E-007   0.172995344E+000
   0.14999999908837935E-007   0.345574021E+000
   0.16249999901241097E-007   0.617996573E+000
   0.17499999893644258E-007   0.100451744E+001
   0.18749999886047419E-007   0.150136781E+001
   0.19999999878450581E-007   0.208476639E+001
   0.21249999870853742E-007   0.271647620E+001
   0.22499999863256903E-007   0.335498047E+001
   0.23749999855660064E-007   0.396941328E+001
   0.24999999848063226E-007   0.455325794E+001
   0.26249999840466387E-007   0.513237667E+001
   0.27499999832869548E-007   0.576051903E+001
   0.28749999825272710E-007   0.650164127E+001
   0.29999999817675871E-007   0.740907955E+001
   0.31249999810079032E-007   0.851386261E+001
   0.32499999802482193E-007   0.982399178E+001
   0.33749999794885355E-007   0.113273659E+002
   0.34999999787288516E-007   0.129965267E+002
   0.36249999779691677E-007   0.148032341E+002
   0.37499999772094839E-007   0.167440739E+002
   0.38749999764498000E-007   0.188584995E+002
   0.39999999756901161E-007   0.212175884E+002
   0.41249999749304322E-007   0.238887386E+002
   0.42499999741707484E-007   0.269082146E+002
   0.43749999734110645E-007   0.302839031E+002
   0.44999999726513806E-007   0.340158424E+002
   0.46249999718916968E-007   0.381079788E+002
   0.47499999711320129E-007   0.425674477E+002
   0.48749999703723290E-007   0.474094849E+002
   0.49999999696126451E-007   0.526724396E+002
   0.51249999688529613E-007   0.584209290E+002
   0.52499999680932774E-007   0.647213745E+002
   0.53749999673335935E-007   0.716107788E+002
   0.54999999665739097E-007   0.790935516E+002
   0.56249999658142258E-007   0.871688385E+002
   0.57499999650545419E-007   0.958543930E+002
   0.58749999642948580E-007   0.105182343E+003
   0.59999999635351742E-007   0.115182220E+003
   0.61249999627754903E-007   0.125879211E+003
   0.62499999620158064E-007   0.137306610E+003
   0.63749999612561226E-007   0.149506638E+003
   0.64999999604964387E-007   0.162510849E+003
   0.66249999597367548E-007   0.176323013E+003
   0.67499999589770709E-007   0.190926590E+003
   0.68749999582173871E-007   0.206308487E+003
   0.69999999574577032E-007   0.222472183E+003
   0.71249999566980193E-007   0.239431000E+003
   0.72499999559383355E-007   0.257194763E+003
   0.73749999551786516E-007   0.275762482E+003
   0.74999999544189677E-007   0.295120392E+003
   0.76249999536592838E-007   0.315240143E+003
   0.77499999528996000E-007   0.336080078E+003
   0.78749999521399161E-007   0.357592743E+003
   0.79999999513802322E-007   0.379731903E+003
   0.81249999506205484E-007   0.402452942E+003
   0.82499999498608645E-007   0.425708130E+003
   0.83749999491011806E-007   0.449445160E+003
   0.84999999483414967E-007   0.473607422E+003
   0.86249999475818129E-007   0.498128235E+003
   0.87499999468221290E-007   0.522922485E+003
   0.88749999460624451E-007   0.547887512E+003
   0.89999999453027613E-007   0.572918091E+003
   0.91249999445430774E-007   0.597921082E+003
   0.92499999437833935E-007   0.622813721E+003
   0.93749999430237096E-007   0.647509033E+003
   0.94999999422640258E-007   0.671906616E+003
   0.96249999415043419E-007   0.695896057E+003
   0.97499999407446580E-007   0.719364746E+003
   0.98749999399849742E-007   0.742199707E+003
   0.99999999392252903E-007   0.764286194E+003
   0.10124999938465606E-006   0.785511475E+003
   0.10249999937705923E-006   0.805771851E+003
   0.10374999936946239E-006   0.824974243E+003
   0.10499999936186555E-006   0.843031250E+003
   0.10624999935426871E-006   0.859854736E+003
   0.10749999934667187E-006   0.875354126E+003
   0.10874999933907503E-006   0.889438843E+003
   0.10999999933147819E-006   0.902023193E+003
   0.11124999932388135E-006   0.913032837E+003
   0.11249999931628452E-006   0.922411133E+003
   0.11374999930868768E-006   0.930118774E+003
   0.11499999930109084E-006   0.936125977E+003
   0.11624999929349400E-006   0.940403687E+003
   0.11749999928589716E-006   0.942924255E+003
   0.11874999927830032E-006   0.943669312E+003
   0.11999999927070348E-006   0.942634338E+003
   0.12124999926310664E-006   0.939826538E+003
   0.12249999925550981E-006   0.935263000E+003
   0.12374999924791297E-006   0.928973511E+003
   0.12499999924031613E-006   0.921003845E+003
   0.12624999923271929E-006   0.911411194E+003
   0.12749999922512245E-006   0.900255859E+003
   0.12874999921752561E-006   0.887596680E+003
   0.12999999920992877E-006   0.873495789E+003
   0.13124999920233194E-006   0.858025757E+003
   0.13249999919473510E-006   0.841272644E+003
   0.13374999918713826E-006   0.823333374E+003
   0.13499999917954142E-006   0.804311035E+003
   0.13624999917194458E-006   0.784310791E+003
   0.13749999916434774E-006   0.763435547E+003
   0.13874999915675090E-006   0.741784546E+003
   0.13999999914915406E-006   0.719456909E+003
   0.14124999914155723E-006   0.696555176E+003
   0.14249999913396039E-006   0.673185120E+003
   0.14374999912636355E-006   0.649452881E+003
   0.14499999911876671E-006   0.625462952E+003
   0.14624999911116987E-006   0.601319519E+003
   0.14749999910357303E-006   0.577124207E+003
   0.14874999909597619E-006   0.552970947E+003
   0.14999999908837935E-006   0.528941650E+003
   0.15124999908078252E-006   0.505110016E+003
   0.15249999907318568E-006   0.481549316E+003
   0.15374999906558884E-006   0.458335663E+003
   0.15499999905799200E-006   0.435543701E+003
   0.15624999905039516E-006   0.413239532E+003
   0.15749999904279832E-006   0.391478210E+003
   0.15874999903520148E-006   0.370305267E+003
   0.15999999902760464E-006   0.349758850E+003
   0.16124999902000781E-006   0.329871002E+003
   0.16249999901241097E-006   0.310669373E+003
   0.16374999900481413E-006   0.292178711E+003
   0.16499999899721729E-006   0.274420563E+003
   0.16624999898962045E-006   0.257411865E+003
   0.16749999898202361E-006   0.241163727E+003
   0.16874999897442677E-006   0.225680939E+003
   0.16999999896682993E-006   0.210961136E+003
   0.17124999895923310E-006   0.196994156E+003
   0.17249999895163626E-006   0.183764648E+003
   0.17374999894403942E-006   0.171258072E+003
   0.17499999893644258E-006   0.159463806E+003
   0.17624999892884574E-006   0.148371933E+003
   0.17749999892124890E-006   0.137966614E+003
   0.17874999891365206E-006   0.128223587E+003
   0.17999999890605523E-006   0.119113960E+003
   0.18124999889845839E-006   0.110609123E+003
   0.18249999889086155E-006   0.102682037E+003
   0.18374999888326471E-006   0.953060150E+002
   0.18499999887566787E-006   0.884547043E+002
   0.18624999886807103E-006   0.821031494E+002
   0.18749999886047419E-006   0.762275696E+002
   0.18874999885287735E-006   0.708031769E+002
   0.18999999884528052E-006   0.658024673E+002
   0.19124999883768368E-006   0.611957664E+002
   0.19249999883008684E-006   0.569531975E+002
   0.19374999882249000E-006   0.530470963E+002
   0.19499999881489316E-006   0.494541893E+002
   0.19624999880729632E-006   0.461562119E+002
   0.19749999879969948E-006   0.431372299E+002
   0.19874999879210264E-006   0.403788986E+002
   0.19999999878450581E-006   0.378582954E+002
   0.20124999877690897E-006   0.355509796E+002
   0.20249999876931213E-006   0.334361343E+002
   0.20374999876171529E-006   0.314981613E+002
   0.20499999875411845E-006   0.297240486E+002
   0.20624999874652161E-006   0.281008797E+002
   0.20749999873892477E-006   0.266163902E+002
   0.20874999873132793E-006   0.252601852E+002
   0.20999999872373110E-006   0.240224743E+002
   0.21124999871613426E-006   0.228915062E+002
   0.21249999870853742E-006   0.218534698E+002
   0.21374999870094058E-006   0.208955994E+002
   0.21499999869334374E-006   0.200092468E+002
   0.21624999868574690E-006   0.191901474E+002
   0.21749999867815006E-006   0.184361649E+002
   0.21874999867055323E-006   0.177444458E+002
   0.21999999866295639E-006   0.171093903E+002
   0.22124999865535955E-006   0.165224686E+002
   0.22249999864776271E-006   0.159745350E+002
   0.22374999864016587E-006   0.154593220E+002
   0.22499999863256903E-006   0.149748516E+002
   0.22624999862497219E-006   0.145212517E+002
   0.22749999861737535E-006   0.140976162E+002
   0.22874999860977852E-006   0.137014503E+002
   0.22999999860218168E-006   0.133303547E+002
   0.23124999859458484E-006   0.129825420E+002
   0.23249999858698800E-006   0.126551075E+002
   0.23374999857939116E-006   0.123431273E+002
   0.23499999857179432E-006   0.120420361E+002
   0.23624999856419748E-006   0.117509937E+002
   0.23749999855660064E-006   0.114730387E+002
   0.23874999854900381E-006   0.112115393E+002
   0.23999999854140697E-006   0.109666634E+002
   0.24124999853381013E-006   0.107350197E+002
   0.24249999852621329E-006   0.105119238E+002
   0.24374999851861645E-006   0.102939177E+002
   0.24499999851101961E-006   0.100801334E+002
   0.24624999850342277E-006   0.987217903E+001
   0.24749999849582593E-006   0.967256832E+001
   0.24874999848822910E-006   0.948262405E+001
   0.24999999848063226E-006   0.930165768E+001
   0.25124999847303542E-006   0.912805080E+001
   0.25249999846543858E-006   0.896054745E+001
   0.25374999845784174E-006   0.879796028E+001
   0.25499999845024490E-006   0.863832474E+001
   0.25624999844264806E-006   0.847984505E+001
   0.25749999843505122E-006   0.832324886E+001
   0.25874999842745439E-006   0.817221832E+001
   0.25999999841985755E-006   0.803025627E+001
   0.26124999841226071E-006   0.789707661E+001
   0.26249999840466387E-006   0.776859283E+001
   0.26374999839706703E-006   0.764050388E+001
   0.26499999838947019E-006   0.751150608E+001
   0.26624999838187335E-006   0.738331413E+001
   0.26749999837427652E-006   0.725856113E+001
   0.26874999836667968E-006   0.713903332E+001
   0.26999999835908284E-006   0.702514887E+001
   0.27124999835148600E-006   0.691613245E+001
   0.27249999834388916E-006   0.681051302E+001
   0.27374999833629232E-006   0.670682812E+001
   0.27499999832869548E-006   0.660405684E+001
   0.27624999832109864E-006   0.650158024E+001
   0.27749999831350181E-006   0.639937162E+001
   0.27874999830590497E-006   0.629874229E+001
   0.27999999829830813E-006   0.620239735E+001
   0.28124999829071129E-006   0.611249352E+001
   0.28249999828311445E-006   0.602809191E+001
   0.28374999827551761E-006   0.594518709E+001
   0.28499999826792077E-006   0.586004353E+001
   0.28624999826032393E-006   0.577250290E+001
   0.28749999825272710E-006   0.568568945E+001
   0.28874999824513026E-006   0.560277605E+001
   0.28999999823753342E-006   0.552456570E+001
   0.29124999822993658E-006   0.544992399E+001
   0.29249999822233974E-006   0.537747145E+001
   0.29374999821474290E-006   0.530628014E+001
   0.29499999820714606E-006   0.523553944E+001
   0.29624999819954922E-006   0.516449451E+001
   0.29749999819195239E-006   0.509302139E+001
   0.29874999818435555E-006   0.502205181E+001
   0.29999999817675871E-006   0.495331812E+001
   0.30124999816916187E-006   0.488850594E+001
   0.30249999816156503E-006   0.482807922E+001
   0.30374999815396819E-006   0.477038193E+001
   0.30499999814637135E-006   0.471219826E+001
   0.30624999813877452E-006   0.465113258E+001
   0.30749999813117768E-006   0.458792496E+001
   0.30874999812358084E-006   0.452602768E+001
   0.30999999811598400E-006   0.446846962E+001
   0.31124999810838716E-006   0.441527843E+001
   0.31249999810079032E-006   0.436412525E+001
   0.31374999809319348E-006   0.431296396E+001
   0.31499999808559664E-006   0.426140070E+001
   0.31624999807799981E-006   0.420977211E+001
   0.31749999807040297E-006   0.415802097E+001
   0.31874999806280613E-006   0.410609579E+001
   0.31999999805520929E-006   0.405495405E+001
   0.32124999804761245E-006   0.400633717E+001
   0.32249999804001561E-006   0.396127319E+001
   0.32374999803241877E-006   0.391894817E+001
   0.32499999802482193E-006   0.387705803E+001
   0.32624999801722510E-006   0.383329678E+001
   0.32749999800962826E-006   0.378697300E+001
   0.32874999800203142E-006   0.373973608E+001
   0.32999999799443458E-006   0.369462037E+001
   0.33124999798683774E-006   0.365372086E+001
   0.33249999797924090E-006   0.361638045E+001
   0.33374999797164406E-006   0.357984924E+001
   0.33499999796404722E-006   0.354186797E+001
   0.33624999795645039E-006   0.350238657E+001
   0.33749999794885355E-006   0.346270800E+001
   0.33874999794125671E-006   0.342363358E+001
   0.33999999793365987E-006   0.338514709E+001
   0.34124999792606303E-006   0.334762549E+001
   0.34249999791846619E-006   0.331228256E+001
   0.34374999791086935E-006   0.327978826E+001
   0.34499999790327252E-006   0.324886942E+001
   0.34624999789567568E-006   0.321694946E+001
   0.34749999788807884E-006   0.318235731E+001
   0.34874999788048200E-006   0.314580154E+001
   0.34999999787288516E-006   0.310979700E+001
   0.35124999786528832E-006   0.307677484E+001
   0.35249999785769148E-006   0.304741621E+001
   0.35374999785009464E-006   0.302024221E+001
   0.35499999784249781E-006   0.299270391E+001
   0.35624999783490097E-006   0.296309519E+001
   0.35749999782730413E-006   0.293175077E+001
   0.35874999781970729E-006   0.290036678E+001
   0.35999999781211045E-006   0.287023067E+001
   0.36124999780451361E-006   0.284141731E+001
   0.36249999779691677E-006   0.281368303E+001
   0.36374999778931993E-006   0.278740025E+001
   0.36499999778172310E-006   0.276288509E+001
   0.36624999777412626E-006   0.273905444E+001
   0.36749999776652942E-006   0.271370244E+001
   0.36874999775893258E-006   0.268564749E+001
   0.36999999775133574E-006   0.265629268E+001
   0.37124999774373890E-006   0.262858820E+001
   0.37249999773614206E-006   0.260443616E+001
   0.37374999772854522E-006   0.258321810E+001
   0.37499999772094839E-006   0.256260681E+001
   0.37624999771335155E-006   0.254048300E+001
   0.37749999770575471E-006   0.251625061E+001
   0.37874999769815787E-006   0.249088073E+001
   0.37999999769056103E-006   0.246598530E+001
   0.38124999768296419E-006   0.244264221E+001
   0.38249999767536735E-006   0.242086172E+001
   0.38374999766777051E-006   0.240009427E+001
   0.38499999766017368E-006   0.238005137E+001
   0.38624999765257684E-006   0.236065340E+001
   0.38749999764498000E-006   0.234120941E+001
   0.38874999763738316E-006   0.232035184E+001
   0.38999999762978632E-006   0.229746556E+001
   0.39124999762218948E-006   0.227401662E+001
   0.39249999761459264E-006   0.225270987E+001
   0.39374999760699581E-006   0.223493099E+001
   0.39499999759939897E-006   0.221928596E+001
   0.39624999759180213E-006   0.220292735E+001
   0.39749999758420529E-006   0.218414307E+001
   0.39874999757660845E-006   0.216349030E+001
   0.39999999756901161E-006   0.214275694E+001
   0.40124999756141477E-006   0.212332082E+001
   0.40249999755381793E-006   0.210548186E+001
   0.40374999754622110E-006   0.208881259E+001
   0.40499999753862426E-006   0.207274818E+001
   0.40624999753102742E-006   0.205688691E+001
   0.40749999752343058E-006   0.204092264E+001
   0.40874999751583374E-006   0.202440166E+001
   0.40999999750823690E-006   0.200679255E+001
   0.41124999750064006E-006   0.198816156E+001
   0.41249999749304322E-006   0.196979499E+001
   0.41374999748544639E-006   0.195358109E+001
   0.41499999747784955E-006   0.194020319E+001
   0.41624999747025271E-006   0.192803395E+001
   0.41749999746265587E-006   0.191436267E+001
   0.41874999745505903E-006   0.189793348E+001
   0.41999999744746219E-006   0.188004792E+001
   0.42124999743986535E-006   0.186307144E+001
   0.42249999743226851E-006   0.184820068E+001
   0.42374999742467168E-006   0.183487463E+001
   0.42499999741707484E-006   0.182195735E+001
   0.42624999740947800E-006   0.180888104E+001
   0.42749999740188116E-006   0.179560947E+001
   0.42874999739428432E-006   0.178202891E+001
   0.42999999738668748E-006   0.176781058E+001
   0.43124999737909064E-006   0.175286543E+001
   0.43249999737149381E-006   0.173777211E+001
   0.43374999736389697E-006   0.172366667E+001
   0.43499999735630013E-006   0.171151197E+001
   0.43624999734870329E-006   0.170113325E+001
   0.43749999734110645E-006   0.169089997E+001
   0.43874999733350961E-006   0.167879963E+001
   0.43999999732591277E-006   0.166427624E+001
   0.44124999731831593E-006   0.164896786E+001
   0.44249999731071910E-006   0.163526714E+001
   0.44374999730312226E-006   0.162408137E+001
   0.44499999729552542E-006   0.161422753E+001
   0.44624999728792858E-006   0.160397387E+001
   0.44749999728033174E-006   0.159272695E+001
   0.44874999727273490E-006   0.158099961E+001
   0.44999999726513806E-006   0.156920385E+001
   0.45124999725754122E-006   0.155713141E+001
   0.45249999724994439E-006   0.154467058E+001
   0.45374999724234755E-006   0.153250754E+001
   0.45499999723475071E-006   0.152170157E+001
   0.45624999722715387E-006   0.151258683E+001
   0.45749999721955703E-006   0.150422931E+001
   0.45874999721196019E-006   0.149499559E+001
   0.45999999720436335E-006   0.148377359E+001
   0.46124999719676651E-006   0.147094083E+001
   0.46249999718916968E-006   0.145826793E+001
   0.46374999718157284E-006   0.144759655E+001
   0.46499999717397600E-006   0.143925416E+001
   0.46624999716637916E-006   0.143175304E+001
   0.46749999715878232E-006   0.142323494E+001
   0.46874999715118548E-006   0.141317308E+001
   0.46999999714358864E-006   0.140247536E+001
   0.47124999713599180E-006   0.139209318E+001
   0.47249999712839497E-006   0.138204670E+001
   0.47374999712079813E-006   0.137200904E+001
   0.47499999711320129E-006   0.136234224E+001
   0.47624999710560445E-006   0.135390055E+001
   0.47749999709800761E-006   0.134677446E+001
   0.47874999709041077E-006   0.133970714E+001
   0.47999999708281393E-006   0.133110023E+001
   0.48124999707521710E-006   0.132054913E+001
   0.48249999706762026E-006   0.130928922E+001
   0.48374999706002342E-006   0.129919088E+001
   0.48499999705242658E-006   0.129129934E+001
   0.48624999704482974E-006   0.128508186E+001
   0.48749999703723290E-006   0.127888465E+001
   0.48874999702963606E-006   0.127124667E+001
   0.48999999702203922E-006   0.126203096E+001
   0.49124999701444239E-006   0.125234735E+001
   0.49249999700684555E-006   0.124333429E+001
   0.49374999699924871E-006   0.123515213E+001
   0.49499999699165187E-006   0.122731042E+001
   0.49624999698405503E-006   0.121972322E+001
   0.49749999697645819E-006   0.121288860E+001
   0.49874999696886135E-006   0.120685315E+001
   0.49999999696126451E-006   0.120049763E+001
   0.50124999695366768E-006   0.119244313E+001
   0.50249999694607084E-006   0.118269289E+001
   0.50374999693847400E-006   0.117296648E+001
   0.50499999693087716E-006   0.116517532E+001
   0.50624999692328032E-006   0.115966928E+001
   0.50749999691568348E-006   0.115503311E+001
   0.50874999690808664E-006   0.114942408E+001
   0.50999999690048980E-006   0.114202249E+001
   0.51124999689289297E-006   0.113342118E+001
   0.51249999688529613E-006   0.112491333E+001
   0.51374999687769929E-006   0.111741996E+001
   0.51499999687010245E-006   0.111092591E+001
   0.51624999686250561E-006   0.110483575E+001
   0.51749999685490877E-006   0.109879994E+001
   0.51874999684731193E-006   0.109299386E+001
   0.51999999683971510E-006   0.108746099E+001
   0.52124999683211826E-006   0.108147442E+001
   0.52249999682452142E-006   0.107408750E+001
   0.52374999681692458E-006   0.106548178E+001
   0.52499999680932774E-006   0.105734158E+001
   0.52624999680173090E-006   0.105139899E+001
   0.52749999679413406E-006   0.104759538E+001
   0.52874999678653722E-006   0.104399920E+001
   0.52999999677894039E-006   0.103863025E+001
   0.53124999677134355E-006   0.103120661E+001
   0.53249999676374671E-006   0.102310061E+001
   0.53374999675614987E-006   0.101587534E+001
   0.53499999674855303E-006   0.101005769E+001
   0.53624999674095619E-006   0.100512242E+001
   0.53749999673335935E-006   0.100029123E+001
   0.53874999672576251E-006   0.995217383E+000
   0.53999999671816568E-006   0.990005970E+000
   0.54124999671056884E-006   0.984708309E+000
   0.54249999670297200E-006   0.978950381E+000
   0.54374999669537516E-006   0.972287595E+000
   0.54499999668777832E-006   0.965050519E+000
   0.54624999668018148E-006   0.958567083E+000
   0.54749999667258464E-006   0.954068244E+000
   0.54874999666498780E-006   0.951217592E+000
   0.54999999665739097E-006   0.948061466E+000
   0.55124999664979413E-006   0.942788839E+000
   0.55249999664219729E-006   0.935501218E+000
   0.55374999663460045E-006   0.928037167E+000
   0.55499999662700361E-006   0.922113478E+000
   0.55624999661940677E-006   0.917877913E+000
   0.55749999661180993E-006   0.914236546E+000
   0.55874999660421309E-006   0.910186350E+000
   0.55999999659661626E-006   0.905556083E+000
   0.56124999658901942E-006   0.900648355E+000
   0.56249999658142258E-006   0.895577192E+000
   0.56374999657382574E-006   0.890141845E+000
   0.56499999656622890E-006   0.884266496E+000
   0.56624999655863206E-006   0.878435969E+000
   0.56749999655103522E-006   0.873558939E+000
   0.56874999654343839E-006   0.870177805E+000
   0.56999999653584155E-006   0.867669165E+000
   0.57124999652824471E-006   0.864415228E+000
   0.57249999652064787E-006   0.859155893E+000
   0.57374999651305103E-006   0.852319181E+000
   0.57499999650545419E-006   0.845784187E+000
   0.57624999649785735E-006   0.841125548E+000
   0.57749999649026051E-006   0.838181555E+000
   0.57874999648266368E-006   0.835470915E+000
   0.57999999647506684E-006   0.831821978E+000
   0.58124999646747000E-006   0.827282429E+000
   0.58249999645987316E-006   0.822519779E+000
   0.58374999645227632E-006   0.817813873E+000
   0.58499999644467948E-006   0.812955976E+000
   0.58624999643708264E-006   0.807935953E+000
   0.58749999642948580E-006   0.803312480E+000
   0.58874999642188897E-006   0.799730062E+000
   0.58999999641429213E-006   0.797149777E+000
   0.59124999640669529E-006   0.794637978E+000
   0.59249999639909845E-006   0.790981531E+000
   0.59374999639150161E-006   0.785693407E+000
   0.59499999638390477E-006   0.779588103E+000
   0.59624999637630793E-006   0.774282813E+000
   0.59749999636871109E-006   0.770844221E+000
   0.59874999636111426E-006   0.768793583E+000
   0.59999999635351742E-006   0.766569138E+000
   0.60124999634592058E-006   0.763045669E+000
   0.60249999633832374E-006   0.758465648E+000
   0.60374999633072690E-006   0.753819466E+000
   0.60499999632313006E-006   0.749604940E+000
   0.60624999631553322E-006   0.745549202E+000
   0.60749999630793639E-006   0.741442502E+000
   0.60874999630033955E-006   0.737729192E+000
   0.60999999629274271E-006   0.734957159E+000
   0.61124999628514587E-006   0.732841372E+000
   0.61249999627754903E-006   0.730250120E+000
   0.61374999626995219E-006   0.726238251E+000
   0.61499999626235535E-006   0.721000314E+000
   0.61624999625475851E-006   0.715776384E+000
   0.61749999624716168E-006   0.711852074E+000
   0.61874999623956484E-006   0.709543586E+000
   0.61999999623196800E-006   0.707959294E+000
   0.62124999622437116E-006   0.705724359E+000
   0.62249999621677432E-006   0.702111125E+000
   0.62374999620917748E-006   0.697587609E+000
   0.62499999620158064E-006   0.693227470E+000
   0.62624999619398380E-006   0.689605236E+000
   0.62749999618638697E-006   0.686426759E+000
   0.62874999617879013E-006   0.683250606E+000
   0.62999999617119329E-006   0.680233240E+000
   0.63124999616359645E-006   0.677811742E+000
   0.63249999615599961E-006   0.675764382E+000
   0.63374999614840277E-006   0.673067808E+000
   0.63499999614080593E-006   0.668967128E+000
   0.63624999613320909E-006   0.664000630E+000
   0.63749999612561226E-006   0.659658313E+000
   0.63874999611801542E-006   0.656983554E+000
   0.63999999611041858E-006   0.655623913E+000
   0.64124999610282174E-006   0.654229581E+000
   0.64249999609522490E-006   0.651654780E+000
   0.64374999608762806E-006   0.647799253E+000
   0.64499999608003122E-006   0.643495917E+000
   0.64624999607243439E-006   0.639712334E+000
   0.64749999606483755E-006   0.636788845E+000
   0.64874999605724071E-006   0.634344399E+000
   0.64999999604964387E-006   0.631873906E+000
   0.65124999604204703E-006   0.629340053E+000
   0.65249999603445019E-006   0.627019882E+000
   0.65374999602685335E-006   0.624802947E+000
   0.65499999601925651E-006   0.621986508E+000
   0.65624999601165968E-006   0.618079603E+000
   0.65749999600406284E-006   0.613697112E+000
   0.65874999599646600E-006   0.610244393E+000
   0.65999999598886916E-006   0.608507156E+000
   0.66124999598127232E-006   0.607730985E+000
   0.66249999597367548E-006   0.606304526E+000
   0.66374999596607864E-006   0.603300691E+000
   0.66499999595848180E-006   0.599214137E+000
   0.66624999595088497E-006   0.595281184E+000
   0.66749999594328813E-006   0.592306018E+000
   0.66874999593569129E-006   0.590175629E+000
   0.66999999592809445E-006   0.588276982E+000
   0.67124999592049761E-006   0.586173892E+000
   0.67249999591290077E-006   0.583878458E+000
   0.67374999590530393E-006   0.581575274E+000
   0.67499999589770709E-006   0.579180837E+000
   0.67624999589011026E-006   0.576301754E+000
   0.67749999588251342E-006   0.572772920E+000
   0.67874999587491658E-006   0.569191694E+000
   0.67999999586731974E-006   0.566616535E+000
   0.68124999585972290E-006   0.565472066E+000
   0.68249999585212606E-006   0.564847946E+000
   0.68374999584452922E-006   0.563200772E+000
   0.68499999583693238E-006   0.559870601E+000
   0.68624999582933555E-006   0.555743575E+000
   0.68749999582173871E-006   0.552309155E+000
   0.68874999581414187E-006   0.550209641E+000
   0.68999999580654503E-006   0.548857570E+000
   0.69124999579894819E-006   0.547314882E+000
   0.69249999579135135E-006   0.545241117E+000
   0.69374999578375451E-006   0.542922378E+000
   0.69499999577615768E-006   0.540636659E+000
   0.69624999576856084E-006   0.538251758E+000
   0.69749999576096400E-006   0.535475612E+000
   0.69874999575336716E-006   0.532386839E+000
   0.69999999574577032E-006   0.529604733E+000
   0.70124999573817348E-006   0.527813256E+000
   0.70249999573057664E-006   0.526995778E+000
   0.70374999572297980E-006   0.526174068E+000
   0.70499999571538297E-006   0.524140954E+000
   0.70624999570778613E-006   0.520648062E+000
   0.70749999570018929E-006   0.516792297E+000
   0.70874999569259245E-006   0.514020503E+000
   0.70999999568499561E-006   0.512724996E+000
   0.71124999567739877E-006   0.511965811E+000
   0.71249999566980193E-006   0.510578871E+000
   0.71374999566220509E-006   0.508327007E+000
   0.71499999565460826E-006   0.505826294E+000
   0.71624999564701142E-006   0.503574789E+000
   0.71749999563941458E-006   0.501405239E+000
   0.71874999563181774E-006   0.498945862E+000
   0.71999999562422090E-006   0.496333510E+000
   0.72124999561662406E-006   0.494210422E+000
   0.72249999560902722E-006   0.493004471E+000
   0.72374999560143038E-006   0.492325544E+000
   0.72499999559383355E-006   0.491154611E+000
   0.72624999558623671E-006   0.488709211E+000
   0.72749999557863987E-006   0.485228598E+000
   0.72874999557104303E-006   0.481907964E+000
   0.72999999556344619E-006   0.479900360E+000
   0.73124999555584935E-006   0.479237139E+000
   0.73249999554825251E-006   0.478781223E+000
   0.73374999554065568E-006   0.477353454E+000
   0.73499999553305884E-006   0.474859804E+000
   0.73624999552546200E-006   0.472181737E+000
   0.73749999551786516E-006   0.470041335E+000
   0.73874999551026832E-006   0.468267500E+000
   0.73999999550267148E-006   0.466299713E+000
   0.74124999549507464E-006   0.464134753E+000
   0.74249999548747780E-006   0.462403595E+000
   0.74374999547988097E-006   0.461478829E+000
   0.74499999547228413E-006   0.460799456E+000
   0.74624999546468729E-006   0.459312201E+000
   0.74749999545709045E-006   0.456561267E+000
   0.74874999544949361E-006   0.453235507E+000
   0.74999999544189677E-006   0.450608015E+000
   0.75124999543429993E-006   0.449415624E+000
   0.75249999542670309E-006   0.449205160E+000
   0.75374999541910626E-006   0.448727041E+000
   0.75499999541150942E-006   0.447043180E+000
   0.75624999540391258E-006   0.444341958E+000
   0.75749999539631574E-006   0.441655129E+000
   0.75874999538871890E-006   0.439753920E+000
   0.75999999538112206E-006   0.438434362E+000
   0.76124999537352522E-006   0.436986178E+000
   0.76249999536592838E-006   0.435212016E+000
   0.76374999535833155E-006   0.433656007E+000
   0.76499999535073471E-006   0.432733059E+000
   0.76624999534313787E-006   0.431937397E+000
   0.76749999533554103E-006   0.430269569E+000
   0.76874999532794419E-006   0.427447230E+000
   0.76999999532034735E-006   0.424413800E+000
   0.77124999531275051E-006   0.422473818E+000
   0.77249999530515367E-006   0.421993285E+000
   0.77374999529755684E-006   0.422046989E+000
   0.77499999528996000E-006   0.421305478E+000
   0.77624999528236316E-006   0.419215411E+000
   0.77749999527476632E-006   0.416386425E+000
   0.77874999526716948E-006   0.413932770E+000
   0.77999999525957264E-006   0.412449509E+000
   0.78124999525197580E-006   0.411574721E+000
   0.78249999524437897E-006   0.410527170E+000
   0.78374999523678213E-006   0.409017891E+000
   0.78499999522918529E-006   0.407491118E+000
   0.78624999522158845E-006   0.406395793E+000
   0.78749999521399161E-006   0.405409515E+000
   0.78874999520639477E-006   0.403712571E+000
   0.78999999519879793E-006   0.401096046E+000
   0.79124999519120109E-006   0.398498416E+000
   0.79249999518360426E-006   0.397135228E+000
   0.79374999517600742E-006   0.397131532E+000
   0.79499999516841058E-006   0.397267014E+000
   0.79624999516081374E-006   0.396173656E+000
   0.79749999515321690E-006   0.393661648E+000
   0.79874999514562006E-006   0.390791178E+000
   0.79999999513802322E-006   0.388760030E+000
   0.80124999513042638E-006   0.387845695E+000
   0.80249999512282955E-006   0.387366056E+000
   0.80374999511523271E-006   0.386499822E+000
   0.80499999510763587E-006   0.385060787E+000
   0.80624999510003903E-006   0.383505821E+000
   0.80749999509244219E-006   0.382255673E+000
   0.80874999508484535E-006   0.381110668E+000
   0.80999999507724851E-006   0.379481912E+000
   0.81124999506965167E-006   0.377247334E+000
   0.81249999506205484E-006   0.375181794E+000
   0.81374999505445800E-006   0.374244839E+000
   0.81499999504686116E-006   0.374397844E+000
   0.81624999503926432E-006   0.374394149E+000
   0.81749999503166748E-006   0.372977853E+000
   0.81874999502407064E-006   0.370220453E+000
   0.81999999501647380E-006   0.367467523E+000
   0.82124999500887697E-006   0.365954101E+000
   0.82249999500128013E-006   0.365646750E+000
   0.82374999499368329E-006   0.365490586E+000
   0.82499999498608645E-006   0.364593923E+000
   0.82624999497848961E-006   0.362992704E+000
   0.82749999497089277E-006   0.361332774E+000
   0.82874999496329593E-006   0.360031247E+000
   0.82999999495569909E-006   0.358875871E+000
   0.83124999494810226E-006   0.357408941E+000
   0.83249999494050542E-006   0.355609268E+000
   0.83374999493290858E-006   0.354084164E+000
   0.83499999492531174E-006   0.353455752E+000
   0.83624999491771490E-006   0.353521764E+000
   0.83749999491011806E-006   0.353194147E+000
   0.83874999490252122E-006   0.351512849E+000
   0.83999999489492438E-006   0.348750234E+000
   0.84124999488732755E-006   0.346295953E+000
   0.84249999487973071E-006   0.345290482E+000
   0.84374999487213387E-006   0.345469743E+000
   0.84499999486453703E-006   0.345515668E+000
   0.84624999485694019E-006   0.344469607E+000
   0.84749999484934335E-006   0.342588395E+000
   0.84874999484174651E-006   0.340800762E+000
   0.84999999483414967E-006   0.339590341E+000
   0.85124999482655284E-006   0.338626444E+000
   0.85249999481895600E-006   0.337397784E+000
   0.85374999481135916E-006   0.335942000E+000
   0.85499999480376232E-006   0.334811151E+000
   0.85624999479616548E-006   0.334369391E+000
   0.85749999478856864E-006   0.334232390E+000
   0.85874999478097180E-006   0.333494425E+000
   0.85999999477337497E-006   0.331606865E+000
   0.86124999476577813E-006   0.329067290E+000
   0.86249999475818129E-006   0.327119052E+000
   0.86374999475058445E-006   0.326592386E+000
   0.86499999474298761E-006   0.327021122E+000
   0.86624999473539077E-006   0.327052623E+000
   0.86749999472779393E-006   0.325802803E+000
   0.86874999472019709E-006   0.323688984E+000
   0.86999999471260026E-006   0.321834654E+000
   0.87124999470500342E-006   0.320806384E+000
   0.87249999469740658E-006   0.320169806E+000
   0.87374999468980974E-006   0.319252640E+000
   0.87499999468221290E-006   0.318036079E+000
   0.87624999467461606E-006   0.317074627E+000
   0.87749999466701922E-006   0.316654354E+000
   0.87874999465942238E-006   0.316301703E+000
   0.87999999465182555E-006   0.315240979E+000
   0.88124999464422871E-006   0.313269258E+000
   0.88249999463663187E-006   0.311092734E+000
   0.88374999462903503E-006   0.309751660E+000
   0.88499999462143819E-006   0.309649050E+000
   0.88624999461384135E-006   0.310097516E+000
   0.88749999460624451E-006   0.309880465E+000
   0.88874999459864767E-006   0.308378726E+000
   0.88999999459105084E-006   0.306162328E+000
   0.89124999458345400E-006   0.304387838E+000
   0.89249999457585716E-006   0.303612590E+000
   0.89374999456826032E-006   0.303332210E+000
   0.89499999456066348E-006   0.302727818E+000
   0.89624999455306664E-006   0.301658273E+000
   0.89749999454546980E-006   0.300676137E+000
   0.89874999453787296E-006   0.300133079E+000
   0.89999999453027613E-006   0.299601614E+000
   0.90124999452267929E-006   0.298385382E+000
   0.90249999451508245E-006   0.296464205E+000
   0.90374999450748561E-006   0.294678599E+000
   0.90499999449988877E-006   0.293904305E+000
   0.90624999449229193E-006   0.294136465E+000
   0.90749999448469509E-006   0.294444710E+000
   0.90874999447709826E-006   0.293813884E+000
   0.90999999446950142E-006   0.292046815E+000
   0.91124999446190458E-006   0.289914727E+000
   0.91249999445430774E-006   0.288437963E+000
   0.91374999444671090E-006   0.287963957E+000
   0.91499999443911406E-006   0.287922263E+000
   0.91624999443151722E-006   0.287498444E+000
   0.91749999442392038E-006   0.286495149E+000
   0.91874999441632355E-006   0.285407782E+000
   0.91999999440872671E-006   0.284655780E+000
   0.92124999440112987E-006   0.283977687E+000
   0.92249999439353303E-006   0.282803297E+000
   0.92374999438593619E-006   0.281137466E+000
   0.92499999437833935E-006   0.279760092E+000
   0.92624999437074251E-006   0.279386580E+000
   0.92749999436314567E-006   0.279771954E+000
   0.92874999435554884E-006   0.279853463E+000
   0.92999999434795200E-006   0.278798461E+000
   0.93124999434035516E-006   0.276808560E+000
   0.93249999433275832E-006   0.274880648E+000
   0.93374999432516148E-006   0.273860574E+000
   0.93499999431756464E-006   0.273746848E+000
   0.93624999430996780E-006   0.273822546E+000
   0.93749999430237096E-006   0.273382336E+000
   0.93874999429477413E-006   0.272339880E+000
   0.93999999428717729E-006   0.271163166E+000
   0.94124999427958045E-006   0.270253837E+000
   0.94249999427198361E-006   0.269481540E+000
   0.94374999426438677E-006   0.268441856E+000
   0.94499999425678993E-006   0.267133474E+000
   0.94624999424919309E-006   0.266147077E+000
   0.94749999424159626E-006   0.265989065E+000
   0.94874999423399942E-006   0.266317368E+000
   0.94999999422640258E-006   0.266117156E+000
   0.95124999421880574E-006   0.264750659E+000
   0.95249999421120890E-006   0.262689412E+000
   0.95374999420361206E-006   0.261065245E+000
   0.95499999419601522E-006   0.260547280E+000
   0.95624999418841838E-006   0.260773063E+000
   0.95749999418082155E-006   0.260838032E+000
   0.95874999417322471E-006   0.260189772E+000
   0.95999999416562787E-006   0.259000599E+000
   0.96124999415803103E-006   0.257801682E+000
   0.96249999415043419E-006   0.256894767E+000
   0.96374999414283735E-006   0.256142288E+000
   0.96499999413524051E-006   0.255272835E+000
   0.96624999412764367E-006   0.254323184E+000
   0.96749999412004684E-006   0.253678054E+000
   0.96874999411245000E-006   0.253583729E+000
   0.96999999410485316E-006   0.253664315E+000
   0.97124999409725632E-006   0.253124446E+000
   0.97249999408965948E-006   0.251587927E+000
   0.97374999408206264E-006   0.249651849E+000
   0.97499999407446580E-006   0.248400450E+000
   0.97624999406686896E-006   0.248310402E+000
   0.97749999405927213E-006   0.248767331E+000
   0.97874999405167529E-006   0.248737052E+000
   0.97999999404407845E-006   0.247801214E+000
   0.98124999403648161E-006   0.246417582E+000
   0.98249999402888477E-006   0.245262861E+000
   0.98374999402128793E-006   0.244531840E+000
   0.98499999401369109E-006   0.243934602E+000
   0.98624999400609425E-006   0.243214056E+000
   0.98749999399849742E-006   0.242487475E+000
   0.98874999399090058E-006   0.242053255E+000
   0.98999999398330374E-006   0.241938218E+000
   0.99124999397570690E-006   0.241714984E+000
   0.99249999396811006E-006   0.240846217E+000
   0.99374999396051322E-006   0.239280879E+000
   0.99499999395291638E-006   0.237678170E+000
   0.99624999394531955E-006   0.236891180E+000
   0.99749999393772271E-006   0.237112999E+000
   0.99874999393012587E-006   0.237595916E+000
   0.99999999392252903E-006   0.237350613E+000
