t              csa.fdtd_Bulk probe 200 m_Jz_19_19_200__20_20_200.dat
   0.00000000000000000E+000   0.000000000E+000
   0.12499999924031613E-008   0.000000000E+000
   0.24999999848063226E-008   0.000000000E+000
   0.37499999772094839E-008   0.000000000E+000
   0.49999999696126451E-008   0.000000000E+000
   0.62499999620158064E-008   0.000000000E+000
   0.74999999544189677E-008   0.000000000E+000
   0.87499999468221290E-008   0.000000000E+000
   0.99999999392252903E-008   0.000000000E+000
   0.11249999931628452E-007   0.000000000E+000
   0.12499999924031613E-007   0.000000000E+000
   0.13749999916434774E-007   0.000000000E+000
   0.14999999908837935E-007   0.000000000E+000
   0.16249999901241097E-007   0.000000000E+000
   0.17499999893644258E-007   0.000000000E+000
   0.18749999886047419E-007   0.000000000E+000
   0.19999999878450581E-007   0.000000000E+000
   0.21249999870853742E-007   0.000000000E+000
   0.22499999863256903E-007   0.000000000E+000
   0.23749999855660064E-007   0.000000000E+000
   0.24999999848063226E-007   0.000000000E+000
   0.26249999840466387E-007   0.000000000E+000
   0.27499999832869548E-007   0.000000000E+000
   0.28749999825272710E-007   0.000000000E+000
   0.29999999817675871E-007   0.000000000E+000
   0.31249999810079032E-007   0.000000000E+000
   0.32499999802482193E-007   0.000000000E+000
   0.33749999794885355E-007   0.000000000E+000
   0.34999999787288516E-007   0.000000000E+000
   0.36249999779691677E-007   0.000000000E+000
   0.37499999772094839E-007   0.000000000E+000
   0.38749999764498000E-007   0.000000000E+000
   0.39999999756901161E-007   0.000000000E+000
   0.41249999749304322E-007   0.000000000E+000
   0.42499999741707484E-007   0.000000000E+000
   0.43749999734110645E-007   0.000000000E+000
   0.44999999726513806E-007   0.000000000E+000
   0.46249999718916968E-007   0.000000000E+000
   0.47499999711320129E-007   0.000000000E+000
   0.48749999703723290E-007   0.000000000E+000
   0.49999999696126451E-007   0.000000000E+000
   0.51249999688529613E-007   0.000000000E+000
   0.52499999680932774E-007   0.000000000E+000
   0.53749999673335935E-007   0.000000000E+000
   0.54999999665739097E-007   0.000000000E+000
   0.56249999658142258E-007   0.000000000E+000
   0.57499999650545419E-007   0.000000000E+000
   0.58749999642948580E-007   0.000000000E+000
   0.59999999635351742E-007   0.000000000E+000
   0.61249999627754903E-007   0.000000000E+000
   0.62499999620158064E-007   0.000000000E+000
   0.63749999612561226E-007   0.000000000E+000
   0.64999999604964387E-007   0.000000000E+000
   0.66249999597367548E-007   0.000000000E+000
   0.67499999589770709E-007   0.000000000E+000
   0.68749999582173871E-007   0.000000000E+000
   0.69999999574577032E-007   0.000000000E+000
   0.71249999566980193E-007   0.000000000E+000
   0.72499999559383355E-007   0.000000000E+000
   0.73749999551786516E-007   0.000000000E+000
   0.74999999544189677E-007   0.000000000E+000
   0.76249999536592838E-007   0.000000000E+000
   0.77499999528996000E-007   0.000000000E+000
   0.78749999521399161E-007   0.000000000E+000
   0.79999999513802322E-007   0.000000000E+000
   0.81249999506205484E-007   0.000000000E+000
   0.82499999498608645E-007   0.000000000E+000
   0.83749999491011806E-007   0.000000000E+000
   0.84999999483414967E-007   0.000000000E+000
   0.86249999475818129E-007   0.000000000E+000
   0.87499999468221290E-007   0.000000000E+000
   0.88749999460624451E-007   0.000000000E+000
   0.89999999453027613E-007   0.000000000E+000
   0.91249999445430774E-007   0.000000000E+000
   0.92499999437833935E-007   0.000000000E+000
   0.93749999430237096E-007   0.000000000E+000
   0.94999999422640258E-007   0.000000000E+000
   0.96249999415043419E-007   0.000000000E+000
   0.97499999407446580E-007   0.000000000E+000
   0.98749999399849742E-007   0.000000000E+000
   0.99999999392252903E-007   0.000000000E+000
   0.10124999938465606E-006   0.000000000E+000
   0.10249999937705923E-006   0.000000000E+000
   0.10374999936946239E-006   0.000000000E+000
   0.10499999936186555E-006   0.000000000E+000
   0.10624999935426871E-006   0.000000000E+000
   0.10749999934667187E-006   0.000000000E+000
   0.10874999933907503E-006   0.000000000E+000
   0.10999999933147819E-006   0.000000000E+000
   0.11124999932388135E-006   0.000000000E+000
   0.11249999931628452E-006   0.000000000E+000
   0.11374999930868768E-006   0.000000000E+000
   0.11499999930109084E-006   0.000000000E+000
   0.11624999929349400E-006   0.000000000E+000
   0.11749999928589716E-006   0.000000000E+000
   0.11874999927830032E-006   0.000000000E+000
   0.11999999927070348E-006   0.000000000E+000
   0.12124999926310664E-006   0.000000000E+000
   0.12249999925550981E-006   0.000000000E+000
   0.12374999924791297E-006   0.000000000E+000
   0.12499999924031613E-006   0.000000000E+000
   0.12624999923271929E-006   0.000000000E+000
   0.12749999922512245E-006   0.000000000E+000
   0.12874999921752561E-006   0.000000000E+000
   0.12999999920992877E-006   0.000000000E+000
   0.13124999920233194E-006   0.000000000E+000
   0.13249999919473510E-006   0.000000000E+000
   0.13374999918713826E-006   0.000000000E+000
   0.13499999917954142E-006   0.000000000E+000
   0.13624999917194458E-006   0.000000000E+000
   0.13749999916434774E-006   0.000000000E+000
   0.13874999915675090E-006   0.000000000E+000
   0.13999999914915406E-006   0.000000000E+000
   0.14124999914155723E-006   0.000000000E+000
   0.14249999913396039E-006   0.000000000E+000
   0.14374999912636355E-006   0.000000000E+000
   0.14499999911876671E-006   0.000000000E+000
   0.14624999911116987E-006   0.000000000E+000
   0.14749999910357303E-006   0.000000000E+000
   0.14874999909597619E-006   0.000000000E+000
   0.14999999908837935E-006   0.000000000E+000
   0.15124999908078252E-006   0.000000000E+000
   0.15249999907318568E-006   0.000000000E+000
   0.15374999906558884E-006   0.000000000E+000
   0.15499999905799200E-006   0.000000000E+000
   0.15624999905039516E-006   0.000000000E+000
   0.15749999904279832E-006   0.000000000E+000
   0.15874999903520148E-006   0.000000000E+000
   0.15999999902760464E-006   0.000000000E+000
   0.16124999902000781E-006   0.000000000E+000
   0.16249999901241097E-006   0.000000000E+000
   0.16374999900481413E-006   0.000000000E+000
   0.16499999899721729E-006   0.000000000E+000
   0.16624999898962045E-006   0.000000000E+000
   0.16749999898202361E-006   0.000000000E+000
   0.16874999897442677E-006   0.000000000E+000
   0.16999999896682993E-006   0.000000000E+000
   0.17124999895923310E-006   0.000000000E+000
   0.17249999895163626E-006   0.000000000E+000
   0.17374999894403942E-006   0.000000000E+000
   0.17499999893644258E-006   0.000000000E+000
   0.17624999892884574E-006   0.000000000E+000
   0.17749999892124890E-006   0.000000000E+000
   0.17874999891365206E-006   0.000000000E+000
   0.17999999890605523E-006   0.000000000E+000
   0.18124999889845839E-006   0.000000000E+000
   0.18249999889086155E-006   0.000000000E+000
   0.18374999888326471E-006   0.000000000E+000
   0.18499999887566787E-006   0.000000000E+000
   0.18624999886807103E-006   0.000000000E+000
   0.18749999886047419E-006   0.000000000E+000
   0.18874999885287735E-006   0.000000000E+000
   0.18999999884528052E-006   0.000000000E+000
   0.19124999883768368E-006   0.000000000E+000
   0.19249999883008684E-006   0.000000000E+000
   0.19374999882249000E-006   0.000000000E+000
   0.19499999881489316E-006   0.000000000E+000
   0.19624999880729632E-006   0.000000000E+000
   0.19749999879969948E-006   0.000000000E+000
   0.19874999879210264E-006   0.000000000E+000
   0.19999999878450581E-006   0.000000000E+000
   0.20124999877690897E-006   0.000000000E+000
   0.20249999876931213E-006   0.000000000E+000
   0.20374999876171529E-006   0.000000000E+000
   0.20499999875411845E-006   0.000000000E+000
   0.20624999874652161E-006   0.000000000E+000
   0.20749999873892477E-006   0.000000000E+000
   0.20874999873132793E-006   0.000000000E+000
   0.20999999872373110E-006   0.000000000E+000
   0.21124999871613426E-006   0.000000000E+000
   0.21249999870853742E-006   0.000000000E+000
   0.21374999870094058E-006   0.000000000E+000
   0.21499999869334374E-006   0.000000000E+000
   0.21624999868574690E-006   0.000000000E+000
   0.21749999867815006E-006   0.000000000E+000
   0.21874999867055323E-006   0.000000000E+000
   0.21999999866295639E-006   0.000000000E+000
   0.22124999865535955E-006   0.000000000E+000
   0.22249999864776271E-006   0.000000000E+000
   0.22374999864016587E-006   0.000000000E+000
   0.22499999863256903E-006   0.000000000E+000
   0.22624999862497219E-006   0.000000000E+000
   0.22749999861737535E-006   0.000000000E+000
   0.22874999860977852E-006   0.000000000E+000
   0.22999999860218168E-006   0.000000000E+000
   0.23124999859458484E-006   0.000000000E+000
   0.23249999858698800E-006   0.000000000E+000
   0.23374999857939116E-006   0.000000000E+000
   0.23499999857179432E-006   0.000000000E+000
   0.23624999856419748E-006   0.000000000E+000
   0.23749999855660064E-006   0.000000000E+000
   0.23874999854900381E-006   0.000000000E+000
   0.23999999854140697E-006   0.000000000E+000
   0.24124999853381013E-006   0.000000000E+000
   0.24249999852621329E-006   0.000000000E+000
   0.24374999851861645E-006   0.000000000E+000
   0.24499999851101961E-006   0.000000000E+000
   0.24624999850342277E-006   0.000000000E+000
   0.24749999849582593E-006   0.000000000E+000
   0.24874999848822910E-006   0.000000000E+000
   0.24999999848063226E-006   0.000000000E+000
   0.25124999847303542E-006   0.000000000E+000
   0.25249999846543858E-006   0.000000000E+000
   0.25374999845784174E-006   0.000000000E+000
   0.25499999845024490E-006   0.000000000E+000
   0.25624999844264806E-006   0.000000000E+000
   0.25749999843505122E-006   0.000000000E+000
   0.25874999842745439E-006   0.000000000E+000
   0.25999999841985755E-006   0.000000000E+000
   0.26124999841226071E-006   0.000000000E+000
   0.26249999840466387E-006   0.000000000E+000
   0.26374999839706703E-006   0.000000000E+000
   0.26499999838947019E-006   0.000000000E+000
   0.26624999838187335E-006   0.000000000E+000
   0.26749999837427652E-006   0.000000000E+000
   0.26874999836667968E-006   0.000000000E+000
   0.26999999835908284E-006   0.000000000E+000
   0.27124999835148600E-006   0.000000000E+000
   0.27249999834388916E-006   0.000000000E+000
   0.27374999833629232E-006   0.000000000E+000
   0.27499999832869548E-006   0.000000000E+000
   0.27624999832109864E-006   0.000000000E+000
   0.27749999831350181E-006   0.000000000E+000
   0.27874999830590497E-006   0.000000000E+000
   0.27999999829830813E-006   0.000000000E+000
   0.28124999829071129E-006   0.000000000E+000
   0.28249999828311445E-006   0.000000000E+000
   0.28374999827551761E-006   0.000000000E+000
   0.28499999826792077E-006   0.000000000E+000
   0.28624999826032393E-006   0.000000000E+000
   0.28749999825272710E-006   0.000000000E+000
   0.28874999824513026E-006   0.000000000E+000
   0.28999999823753342E-006   0.000000000E+000
   0.29124999822993658E-006   0.000000000E+000
   0.29249999822233974E-006   0.000000000E+000
   0.29374999821474290E-006   0.000000000E+000
   0.29499999820714606E-006   0.000000000E+000
   0.29624999819954922E-006   0.000000000E+000
   0.29749999819195239E-006   0.000000000E+000
   0.29874999818435555E-006   0.000000000E+000
   0.29999999817675871E-006   0.000000000E+000
   0.30124999816916187E-006   0.000000000E+000
   0.30249999816156503E-006   0.000000000E+000
   0.30374999815396819E-006   0.000000000E+000
   0.30499999814637135E-006   0.000000000E+000
   0.30624999813877452E-006   0.000000000E+000
   0.30749999813117768E-006   0.000000000E+000
   0.30874999812358084E-006   0.000000000E+000
   0.30999999811598400E-006   0.000000000E+000
   0.31124999810838716E-006   0.000000000E+000
   0.31249999810079032E-006   0.000000000E+000
   0.31374999809319348E-006   0.000000000E+000
   0.31499999808559664E-006   0.000000000E+000
   0.31624999807799981E-006   0.000000000E+000
   0.31749999807040297E-006   0.000000000E+000
   0.31874999806280613E-006   0.000000000E+000
   0.31999999805520929E-006   0.000000000E+000
   0.32124999804761245E-006   0.000000000E+000
   0.32249999804001561E-006   0.000000000E+000
   0.32374999803241877E-006   0.000000000E+000
   0.32499999802482193E-006   0.000000000E+000
   0.32624999801722510E-006   0.000000000E+000
   0.32749999800962826E-006   0.000000000E+000
   0.32874999800203142E-006   0.000000000E+000
   0.32999999799443458E-006   0.000000000E+000
   0.33124999798683774E-006   0.000000000E+000
   0.33249999797924090E-006   0.000000000E+000
   0.33374999797164406E-006   0.000000000E+000
   0.33499999796404722E-006   0.000000000E+000
   0.33624999795645039E-006   0.000000000E+000
   0.33749999794885355E-006   0.000000000E+000
   0.33874999794125671E-006   0.000000000E+000
   0.33999999793365987E-006   0.000000000E+000
   0.34124999792606303E-006   0.000000000E+000
   0.34249999791846619E-006   0.000000000E+000
   0.34374999791086935E-006   0.000000000E+000
   0.34499999790327252E-006   0.000000000E+000
   0.34624999789567568E-006   0.000000000E+000
   0.34749999788807884E-006   0.000000000E+000
   0.34874999788048200E-006   0.000000000E+000
   0.34999999787288516E-006   0.000000000E+000
   0.35124999786528832E-006   0.000000000E+000
   0.35249999785769148E-006   0.000000000E+000
   0.35374999785009464E-006   0.000000000E+000
   0.35499999784249781E-006   0.000000000E+000
   0.35624999783490097E-006   0.000000000E+000
   0.35749999782730413E-006   0.000000000E+000
   0.35874999781970729E-006   0.000000000E+000
   0.35999999781211045E-006   0.000000000E+000
   0.36124999780451361E-006   0.000000000E+000
   0.36249999779691677E-006   0.000000000E+000
   0.36374999778931993E-006   0.000000000E+000
   0.36499999778172310E-006   0.000000000E+000
   0.36624999777412626E-006   0.000000000E+000
   0.36749999776652942E-006   0.000000000E+000
   0.36874999775893258E-006   0.000000000E+000
   0.36999999775133574E-006   0.000000000E+000
   0.37124999774373890E-006   0.000000000E+000
   0.37249999773614206E-006   0.000000000E+000
   0.37374999772854522E-006   0.000000000E+000
   0.37499999772094839E-006   0.000000000E+000
   0.37624999771335155E-006   0.000000000E+000
   0.37749999770575471E-006   0.000000000E+000
   0.37874999769815787E-006   0.000000000E+000
   0.37999999769056103E-006   0.000000000E+000
   0.38124999768296419E-006   0.000000000E+000
   0.38249999767536735E-006   0.000000000E+000
   0.38374999766777051E-006   0.000000000E+000
   0.38499999766017368E-006   0.000000000E+000
   0.38624999765257684E-006   0.000000000E+000
   0.38749999764498000E-006   0.000000000E+000
   0.38874999763738316E-006   0.000000000E+000
   0.38999999762978632E-006   0.000000000E+000
   0.39124999762218948E-006   0.000000000E+000
   0.39249999761459264E-006   0.000000000E+000
   0.39374999760699581E-006   0.000000000E+000
   0.39499999759939897E-006   0.000000000E+000
   0.39624999759180213E-006   0.000000000E+000
   0.39749999758420529E-006   0.000000000E+000
   0.39874999757660845E-006   0.000000000E+000
   0.39999999756901161E-006   0.000000000E+000
   0.40124999756141477E-006   0.000000000E+000
   0.40249999755381793E-006   0.000000000E+000
   0.40374999754622110E-006   0.000000000E+000
   0.40499999753862426E-006   0.000000000E+000
   0.40624999753102742E-006   0.000000000E+000
   0.40749999752343058E-006   0.000000000E+000
   0.40874999751583374E-006   0.000000000E+000
   0.40999999750823690E-006   0.000000000E+000
   0.41124999750064006E-006   0.000000000E+000
   0.41249999749304322E-006   0.000000000E+000
   0.41374999748544639E-006   0.000000000E+000
   0.41499999747784955E-006   0.000000000E+000
   0.41624999747025271E-006   0.000000000E+000
   0.41749999746265587E-006   0.000000000E+000
   0.41874999745505903E-006   0.000000000E+000
   0.41999999744746219E-006   0.000000000E+000
   0.42124999743986535E-006   0.000000000E+000
   0.42249999743226851E-006   0.000000000E+000
   0.42374999742467168E-006   0.000000000E+000
   0.42499999741707484E-006   0.000000000E+000
   0.42624999740947800E-006   0.000000000E+000
   0.42749999740188116E-006   0.000000000E+000
   0.42874999739428432E-006   0.000000000E+000
   0.42999999738668748E-006   0.000000000E+000
   0.43124999737909064E-006   0.000000000E+000
   0.43249999737149381E-006   0.000000000E+000
   0.43374999736389697E-006   0.000000000E+000
   0.43499999735630013E-006   0.000000000E+000
   0.43624999734870329E-006   0.000000000E+000
   0.43749999734110645E-006   0.000000000E+000
   0.43874999733350961E-006   0.000000000E+000
   0.43999999732591277E-006   0.000000000E+000
   0.44124999731831593E-006   0.000000000E+000
   0.44249999731071910E-006   0.000000000E+000
   0.44374999730312226E-006   0.000000000E+000
   0.44499999729552542E-006   0.000000000E+000
   0.44624999728792858E-006   0.000000000E+000
   0.44749999728033174E-006   0.000000000E+000
   0.44874999727273490E-006   0.000000000E+000
   0.44999999726513806E-006   0.000000000E+000
   0.45124999725754122E-006   0.000000000E+000
   0.45249999724994439E-006   0.000000000E+000
   0.45374999724234755E-006   0.000000000E+000
   0.45499999723475071E-006   0.000000000E+000
   0.45624999722715387E-006   0.000000000E+000
   0.45749999721955703E-006   0.000000000E+000
   0.45874999721196019E-006   0.000000000E+000
   0.45999999720436335E-006   0.000000000E+000
   0.46124999719676651E-006   0.000000000E+000
   0.46249999718916968E-006   0.000000000E+000
   0.46374999718157284E-006   0.000000000E+000
   0.46499999717397600E-006   0.413999843E-037
   0.46624999716637916E-006   0.189955581E-036
   0.46749999715878232E-006   0.580218010E-036
   0.46874999715118548E-006   0.152921778E-035
   0.46999999714358864E-006   0.380494980E-035
   0.47124999713599180E-006   0.921950465E-035
   0.47249999712839497E-006   0.219751451E-034
   0.47374999712079813E-006   0.518504302E-034
   0.47499999711320129E-006   0.121490303E-033
   0.47624999710560445E-006   0.283011492E-033
   0.47749999709800761E-006   0.655728310E-033
   0.47874999709041077E-006   0.151143429E-032
   0.47999999708281393E-006   0.346622391E-032
   0.48124999707521710E-006   0.790978908E-032
   0.48249999706762026E-006   0.179613715E-031
   0.48374999706002342E-006   0.405878921E-031
   0.48499999705242658E-006   0.912740448E-031
   0.48624999704482974E-006   0.204268639E-030
   0.48749999703723290E-006   0.454955528E-030
   0.48874999702963606E-006   0.100845877E-029
   0.48999999702203922E-006   0.222473327E-029
   0.49124999701444239E-006   0.488468872E-029
   0.49249999700684555E-006   0.106743990E-028
   0.49374999699924871E-006   0.232169771E-028
   0.49499999699165187E-006   0.502610750E-028
   0.49624999698405503E-006   0.108300277E-027
   0.49749999697645819E-006   0.232277359E-027
   0.49874999696886135E-006   0.495874046E-027
   0.49999999696126451E-006   0.105373309E-026
   0.50124999695366768E-006   0.222890646E-026
   0.50249999694607084E-006   0.469312843E-026
   0.50374999693847400E-006   0.983670183E-026
   0.50499999693087716E-006   0.205239082E-025
   0.50624999692328032E-006   0.426285950E-025
   0.50749999691568348E-006   0.881412162E-025
   0.50874999690808664E-006   0.181426533E-024
   0.50999999690048980E-006   0.371768697E-024
   0.51124999689289297E-006   0.758405599E-024
   0.51249999688529613E-006   0.154025674E-023
   0.51374999687769929E-006   0.311425207E-023
   0.51499999687010245E-006   0.626887251E-023
   0.51624999686250561E-006   0.125633696E-022
   0.51749999685490877E-006   0.250674153E-022
   0.51874999684731193E-006   0.497972580E-022
   0.51999999683971510E-006   0.984916254E-022
   0.52124999683211826E-006   0.193953040E-021
   0.52249999682452142E-006   0.380279272E-021
   0.52374999681692458E-006   0.742373850E-021
   0.52499999680932774E-006   0.144298467E-020
   0.52624999680173090E-006   0.279270311E-020
   0.52749999679413406E-006   0.538166615E-020
   0.52874999678653722E-006   0.103262441E-019
   0.52999999677894039E-006   0.197290557E-019
   0.53124999677134355E-006   0.375329810E-019
   0.53249999676374671E-006   0.710995793E-019
   0.53374999675614987E-006   0.134113507E-018
   0.53499999674855303E-006   0.251903251E-018
   0.53624999674095619E-006   0.471145327E-018
   0.53749999673335935E-006   0.877484981E-018
   0.53874999672576251E-006   0.162739204E-017
   0.53999999671816568E-006   0.300549520E-017
   0.54124999671056884E-006   0.552732384E-017
   0.54249999670297200E-006   0.101226079E-016
   0.54374999669537516E-006   0.184608564E-016
   0.54499999668777832E-006   0.335271456E-016
   0.54624999668018148E-006   0.606358991E-016
   0.54749999667258464E-006   0.109208037E-015
   0.54874999666498780E-006   0.195872716E-015
   0.54999999665739097E-006   0.349857086E-015
   0.55124999664979413E-006   0.622311189E-015
   0.55249999664219729E-006   0.110236997E-014
   0.55374999663460045E-006   0.194469913E-014
   0.55499999662700361E-006   0.341652942E-014
   0.55624999661940677E-006   0.597761654E-014
   0.55749999661180993E-006   0.104155728E-013
   0.55874999660421309E-006   0.180739280E-013
   0.55999999659661626E-006   0.312347702E-013
   0.56124999658901942E-006   0.537578913E-013
   0.56249999658142258E-006   0.921437744E-013
   0.56374999657382574E-006   0.157293693E-012
   0.56499999656622890E-006   0.267411202E-012
   0.56624999655863206E-006   0.452764399E-012
   0.56749999655103522E-006   0.763467631E-012
   0.56874999654343839E-006   0.128214106E-011
   0.56999999653584155E-006   0.214441529E-011
   0.57124999652824471E-006   0.357199426E-011
   0.57249999652064787E-006   0.592573473E-011
   0.57374999651305103E-006   0.979047746E-011
   0.57499999650545419E-006   0.161100300E-010
   0.57624999649785735E-006   0.264009821E-010
   0.57749999649026051E-006   0.430898858E-010
   0.57874999648266368E-006   0.700426106E-010
   0.57999999647506684E-006   0.113391657E-009
   0.58124999646747000E-006   0.182823312E-009
   0.58249999645987316E-006   0.293571278E-009
   0.58374999645227632E-006   0.469490391E-009
   0.58499999644467948E-006   0.747774398E-009
   0.58624999643708264E-006   0.118616361E-008
   0.58749999642948580E-006   0.187390681E-008
   0.58874999642188897E-006   0.294835623E-008
   0.58999999641429213E-006   0.461997285E-008
   0.59124999640669529E-006   0.720983451E-008
   0.59249999639909845E-006   0.112056311E-007
   0.59374999639150161E-006   0.173448704E-007
   0.59499999638390477E-006   0.267379452E-007
   0.59624999637630793E-006   0.410492724E-007
   0.59749999636871109E-006   0.627626875E-007
   0.59874999636111426E-006   0.955683959E-007
   0.59999999635351742E-006   0.144924400E-006
   0.60124999634592058E-006   0.218867413E-006
   0.60249999633832374E-006   0.329177766E-006
   0.60374999633072690E-006   0.493045718E-006
   0.60499999632313006E-006   0.735441859E-006
   0.60624999631553322E-006   0.109247424E-005
   0.60749999630793639E-006   0.161611683E-005
   0.60874999630033955E-006   0.238083749E-005
   0.60999999629274271E-006   0.349284119E-005
   0.61124999628514587E-006   0.510289465E-005
   0.61249999627754903E-006   0.742402335E-005
   0.61374999626995219E-006   0.107558135E-004
   0.61499999626235535E-006   0.155175949E-004
   0.61624999625475851E-006   0.222935232E-004
   0.61749999624716168E-006   0.318934763E-004
   0.61874999623956484E-006   0.454348919E-004
   0.61999999623196800E-006   0.644520915E-004
   0.62124999622437116E-006   0.910415692E-004
   0.62249999621677432E-006   0.128053885E-003
   0.62374999620917748E-006   0.179345778E-003
   0.62499999620158064E-006   0.250109239E-003
   0.62624999619398380E-006   0.347298774E-003
   0.62749999618638697E-006   0.480182440E-003
   0.62874999617879013E-006   0.661048573E-003
   0.62999999617119329E-006   0.906105677E-003
   0.63124999616359645E-006   0.123662211E-002
   0.63249999615599961E-006   0.168035913E-002
   0.63374999614840277E-006   0.227335957E-002
   0.63499999614080593E-006   0.306216953E-002
   0.63624999613320909E-006   0.410657097E-002
   0.63749999612561226E-006   0.548292650E-002
   0.63874999611801542E-006   0.728823803E-002
   0.63999999611041858E-006   0.964503083E-002
   0.64124999610282174E-006   0.127071962E-001
   0.64249999609522490E-006   0.166669078E-001
   0.64374999608762806E-006   0.217627436E-001
   0.64499999608003122E-006   0.282891616E-001
   0.64624999607243439E-006   0.366073996E-001
   0.64749999606483755E-006   0.471579656E-001
   0.64874999605724071E-006   0.604746863E-001
   0.64999999604964387E-006   0.772005171E-001
   0.65124999604204703E-006   0.981049314E-001
   0.65249999603445019E-006   0.124102950E+000
   0.65374999602685335E-006   0.156275570E+000
   0.65499999601925651E-006   0.195891619E+000
   0.65624999601165968E-006   0.244430333E+000
   0.65749999600406284E-006   0.303604692E+000
   0.65874999599646600E-006   0.375384927E+000
   0.65999999598886916E-006   0.462021500E+000
   0.66124999598127232E-006   0.566067338E+000
   0.66249999597367548E-006   0.690398097E+000
   0.66374999596607864E-006   0.838230371E+000
   0.66499999595848180E-006   0.101313758E+001
   0.66624999595088497E-006   0.121906149E+001
   0.66749999594328813E-006   0.146032119E+001
   0.66874999593569129E-006   0.174161744E+001
   0.66999999592809445E-006   0.206803465E+001
   0.67124999592049761E-006   0.244503736E+001
   0.67249999591290077E-006   0.287846851E+001
   0.67374999590530393E-006   0.337454128E+001
   0.67499999589770709E-006   0.393983793E+001
   0.67624999589011026E-006   0.458130455E+001
   0.67749999588251342E-006   0.530625820E+001
   0.67874999587491658E-006   0.612239552E+001
   0.67999999586731974E-006   0.703781414E+001
   0.68124999585972290E-006   0.806104565E+001
   0.68249999585212606E-006   0.920110893E+001
   0.68374999584452922E-006   0.104675636E+002
   0.68499999583693238E-006   0.118705978E+002
   0.68624999582933555E-006   0.134211178E+002
   0.68749999582173871E-006   0.151308546E+002
   0.68874999581414187E-006   0.170124779E+002
   0.68999999580654503E-006   0.190797157E+002
   0.69124999579894819E-006   0.213474579E+002
   0.69249999579135135E-006   0.238318520E+002
   0.69374999578375451E-006   0.265503845E+002
   0.69499999577615768E-006   0.295219231E+002
   0.69624999576856084E-006   0.327667007E+002
   0.69749999576096400E-006   0.363062820E+002
   0.69874999575336716E-006   0.401634216E+002
   0.69999999574577032E-006   0.443619232E+002
   0.70124999573817348E-006   0.489263916E+002
   0.70249999573057664E-006   0.538819389E+002
   0.70374999572297980E-006   0.592538605E+002
   0.70499999571538297E-006   0.650672379E+002
   0.70624999570778613E-006   0.713465652E+002
   0.70749999570018929E-006   0.781153412E+002
   0.70874999569259245E-006   0.853956985E+002
   0.70999999568499561E-006   0.932080688E+002
   0.71124999567739877E-006   0.101570900E+003
   0.71249999566980193E-006   0.110500443E+003
   0.71374999566220509E-006   0.120010605E+003
   0.71499999565460826E-006   0.130112900E+003
   0.71624999564701142E-006   0.140816498E+003
   0.71749999563941458E-006   0.152128159E+003
   0.71874999563181774E-006   0.164052490E+003
   0.71999999562422090E-006   0.176591888E+003
   0.72124999561662406E-006   0.189746628E+003
   0.72249999560902722E-006   0.203514862E+003
   0.72374999560143038E-006   0.217892517E+003
   0.72499999559383355E-006   0.232873032E+003
   0.72624999558623671E-006   0.248446960E+003
   0.72749999557863987E-006   0.264601685E+003
   0.72874999557104303E-006   0.281320740E+003
   0.72999999556344619E-006   0.298583191E+003
   0.73124999555584935E-006   0.316363220E+003
   0.73249999554825251E-006   0.334629333E+003
   0.73374999554065568E-006   0.353344177E+003
   0.73499999553305884E-006   0.372464050E+003
   0.73624999552546200E-006   0.391938782E+003
   0.73749999551786516E-006   0.411712158E+003
   0.73874999551026832E-006   0.431722168E+003
   0.73999999550267148E-006   0.451901489E+003
   0.74124999549507464E-006   0.472178467E+003
   0.74249999548747780E-006   0.492477966E+003
   0.74374999547988097E-006   0.512722290E+003
   0.74499999547228413E-006   0.532831909E+003
   0.74624999546468729E-006   0.552726685E+003
   0.74749999545709045E-006   0.572326050E+003
   0.74874999544949361E-006   0.591549744E+003
   0.74999999544189677E-006   0.610318115E+003
   0.75124999543429993E-006   0.628551636E+003
   0.75249999542670309E-006   0.646171631E+003
   0.75374999541910626E-006   0.663099731E+003
   0.75499999541150942E-006   0.679257812E+003
   0.75624999540391258E-006   0.694568481E+003
   0.75749999539631574E-006   0.708955078E+003
   0.75874999538871890E-006   0.722342468E+003
   0.75999999538112206E-006   0.734657776E+003
   0.76124999537352522E-006   0.745831848E+003
   0.76249999536592838E-006   0.755800232E+003
   0.76374999535833155E-006   0.764504761E+003
   0.76499999535073471E-006   0.771894897E+003
   0.76624999534313787E-006   0.777928467E+003
   0.76749999533554103E-006   0.782572937E+003
   0.76874999532794419E-006   0.785805298E+003
   0.76999999532034735E-006   0.787612427E+003
   0.77124999531275051E-006   0.787990662E+003
   0.77249999530515367E-006   0.786944946E+003
   0.77374999529755684E-006   0.784487732E+003
   0.77499999528996000E-006   0.780638428E+003
   0.77624999528236316E-006   0.775422729E+003
   0.77749999527476632E-006   0.768871094E+003
   0.77874999526716948E-006   0.761019592E+003
   0.77999999525957264E-006   0.751909058E+003
   0.78124999525197580E-006   0.741585999E+003
   0.78249999524437897E-006   0.730102783E+003
   0.78374999523678213E-006   0.717518250E+003
   0.78499999522918529E-006   0.703898010E+003
   0.78624999522158845E-006   0.689314575E+003
   0.78749999521399161E-006   0.673846802E+003
   0.78874999520639477E-006   0.657579102E+003
   0.78999999519879793E-006   0.640599976E+003
   0.79124999519120109E-006   0.623000671E+003
   0.79249999518360426E-006   0.604873352E+003
   0.79374999517600742E-006   0.586308838E+003
   0.79499999516841058E-006   0.567395752E+003
   0.79624999516081374E-006   0.548218750E+003
   0.79749999515321690E-006   0.528858704E+003
   0.79874999514562006E-006   0.509391937E+003
   0.79999999513802322E-006   0.489891113E+003
   0.80124999513042638E-006   0.470425659E+003
   0.80249999512282955E-006   0.451062469E+003
   0.80374999511523271E-006   0.431866730E+003
   0.80499999510763587E-006   0.412901978E+003
   0.80624999510003903E-006   0.394229706E+003
   0.80749999509244219E-006   0.375908783E+003
   0.80874999508484535E-006   0.357994324E+003
   0.80999999507724851E-006   0.340536438E+003
   0.81124999506965167E-006   0.323578735E+003
   0.81249999506205484E-006   0.307157471E+003
   0.81374999505445800E-006   0.291300781E+003
   0.81499999504686116E-006   0.276028992E+003
   0.81624999503926432E-006   0.261355225E+003
   0.81749999503166748E-006   0.247286545E+003
   0.81874999502407064E-006   0.233825653E+003
   0.81999999501647380E-006   0.220972351E+003
   0.82124999500887697E-006   0.208724945E+003
   0.82249999500128013E-006   0.197081055E+003
   0.82374999499368329E-006   0.186037750E+003
   0.82499999498608645E-006   0.175591309E+003
   0.82624999497848961E-006   0.165736374E+003
   0.82749999497089277E-006   0.156464691E+003
   0.82874999496329593E-006   0.147764206E+003
   0.82999999495569909E-006   0.139618362E+003
   0.83124999494810226E-006   0.132005981E+003
   0.83249999494050542E-006   0.124901978E+003
   0.83374999493290858E-006   0.118278305E+003
   0.83499999492531174E-006   0.112105682E+003
   0.83624999491771490E-006   0.106355347E+003
   0.83749999491011806E-006   0.101000542E+003
   0.83874999490252122E-006   0.960176086E+002
   0.83999999489492438E-006   0.913862000E+002
   0.84124999488732755E-006   0.870889587E+002
   0.84249999487973071E-006   0.831104431E+002
   0.84374999487213387E-006   0.794357147E+002
   0.84499999486453703E-006   0.760489655E+002
   0.84624999485694019E-006   0.729324036E+002
   0.84749999484934335E-006   0.700658340E+002
   0.84874999484174651E-006   0.674269791E+002
   0.84999999483414967E-006   0.649924088E+002
   0.85124999482655284E-006   0.627390747E+002
   0.85249999481895600E-006   0.606458778E+002
   0.85374999481135916E-006   0.586951180E+002
   0.85499999480376232E-006   0.568732758E+002
   0.85624999479616548E-006   0.551710587E+002
   0.85749999478856864E-006   0.535826225E+002
   0.85874999478097180E-006   0.521042023E+002
   0.85999999477337497E-006   0.507324257E+002
   0.86124999476577813E-006   0.494627228E+002
   0.86249999475818129E-006   0.482882004E+002
   0.86374999475058445E-006   0.471992607E+002
   0.86499999474298761E-006   0.461841049E+002
   0.86624999473539077E-006   0.452299042E+002
   0.86749999472779393E-006   0.443244057E+002
   0.86874999472019709E-006   0.434575691E+002
   0.86999999471260026E-006   0.426227837E+002
   0.87124999470500342E-006   0.418173523E+002
   0.87249999469740658E-006   0.410421410E+002
   0.87374999468980974E-006   0.403003464E+002
   0.87499999468221290E-006   0.395958557E+002
   0.87624999467461606E-006   0.389314575E+002
   0.87749999466701922E-006   0.383074188E+002
   0.87874999465942238E-006   0.377207413E+002
   0.87999999465182555E-006   0.371653519E+002
   0.88124999464422871E-006   0.366331596E+002
   0.88249999463663187E-006   0.361157227E+002
   0.88374999462903503E-006   0.356060181E+002
   0.88499999462143819E-006   0.350998802E+002
   0.88624999461384135E-006   0.345968132E+002
   0.88749999460624451E-006   0.340998116E+002
   0.88874999459864767E-006   0.336143036E+002
   0.88999999459105084E-006   0.331464424E+002
   0.89124999458345400E-006   0.327012482E+002
   0.89249999457585716E-006   0.322810631E+002
   0.89374999456826032E-006   0.318847504E+002
   0.89499999456066348E-006   0.315078087E+002
   0.89624999455306664E-006   0.311434135E+002
   0.89749999454546980E-006   0.307841187E+002
   0.89874999453787296E-006   0.304237728E+002
   0.89999999453027613E-006   0.300590897E+002
   0.90124999452267929E-006   0.296904144E+002
   0.90249999451508245E-006   0.293215332E+002
   0.90374999450748561E-006   0.289585342E+002
   0.90499999449988877E-006   0.286080856E+002
   0.90624999449229193E-006   0.282754726E+002
   0.90749999448469509E-006   0.279630375E+002
   0.90874999447709826E-006   0.276694489E+002
   0.90999999446950142E-006   0.273900070E+002
   0.91124999446190458E-006   0.271178894E+002
   0.91249999445430774E-006   0.268460045E+002
   0.91374999444671090E-006   0.265689201E+002
   0.91499999443911406E-006   0.262843571E+002
   0.91624999443151722E-006   0.259938011E+002
   0.91749999442392038E-006   0.257020283E+002
   0.91874999441632355E-006   0.254156799E+002
   0.91999999440872671E-006   0.251413116E+002
   0.92124999440112987E-006   0.248834915E+002
   0.92249999439353303E-006   0.246434326E+002
   0.92374999438593619E-006   0.244185867E+002
   0.92499999437833935E-006   0.242033348E+002
   0.92624999437074251E-006   0.239905872E+002
   0.92749999436314567E-006   0.237738075E+002
   0.92874999435554884E-006   0.235488930E+002
   0.92999999434795200E-006   0.233153286E+002
   0.93124999434035516E-006   0.230763016E+002
   0.93249999433275832E-006   0.228377571E+002
   0.93374999432516148E-006   0.226066093E+002
   0.93499999431756464E-006   0.223886719E+002
   0.93624999430996780E-006   0.221868916E+002
   0.93749999430237096E-006   0.220004482E+002
   0.93874999429477413E-006   0.218249817E+002
   0.93999999428717729E-006   0.216538582E+002
   0.94124999427958045E-006   0.214801102E+002
   0.94249999427198361E-006   0.212985306E+002
   0.94374999426438677E-006   0.211071968E+002
   0.94499999425678993E-006   0.209080505E+002
   0.94624999424919309E-006   0.207062836E+002
   0.94749999424159626E-006   0.205087433E+002
   0.94874999423399942E-006   0.203218327E+002
   0.94999999422640258E-006   0.201495399E+002
   0.95124999421880574E-006   0.199921970E+002
   0.95249999421120890E-006   0.198463554E+002
   0.95374999420361206E-006   0.197058258E+002
   0.95499999419601522E-006   0.195635624E+002
   0.95624999418841838E-006   0.194138184E+002
   0.95749999418082155E-006   0.192539120E+002
   0.95874999417322471E-006   0.190850239E+002
   0.95999999416562787E-006   0.189118309E+002
   0.96124999415803103E-006   0.187410431E+002
   0.96249999415043419E-006   0.185792809E+002
   0.96374999414283735E-006   0.184309921E+002
   0.96499999413524051E-006   0.182970562E+002
   0.96624999412764367E-006   0.181744881E+002
   0.96749999412004684E-006   0.180573711E+002
   0.96874999411245000E-006   0.179386883E+002
   0.96999999410485316E-006   0.178125458E+002
   0.97124999409725632E-006   0.176760101E+002
   0.97249999408965948E-006   0.175300426E+002
   0.97374999408206264E-006   0.173791618E+002
   0.97499999407446580E-006   0.172300129E+002
   0.97624999406686896E-006   0.170892220E+002
   0.97749999405927213E-006   0.169612789E+002
   0.97874999405167529E-006   0.168470917E+002
   0.97999999404407845E-006   0.167436638E+002
   0.98124999403648161E-006   0.166450520E+002
   0.98249999402888477E-006   0.165442867E+002
   0.98374999402128793E-006   0.164356079E+002
   0.98499999401369109E-006   0.163163071E+002
   0.98624999400609425E-006   0.161876144E+002
   0.98749999399849742E-006   0.160542812E+002
   0.98874999399090058E-006   0.159230404E+002
   0.98999999398330374E-006   0.158003788E+002
   0.99124999397570690E-006   0.156904144E+002
   0.99249999396811006E-006   0.155935411E+002
   0.99374999396051322E-006   0.155062952E+002
   0.99499999395291638E-006   0.154224825E+002
   0.99624999394531955E-006   0.153352032E+002
   0.99749999393772271E-006   0.152391310E+002
   0.99874999393012587E-006   0.151322727E+002
   0.99999999392252903E-006   0.150166283E+002
