t              AirBox.fdtd_Point probe A_Ex_25_50_13.dat       incid
   0.00000000000000000E+000   0.000000000E+000   0.000000000E+000
   0.30813331053369808E-010   0.000000000E+000   0.000000000E+000
   0.61626662106739616E-010   0.000000000E+000   0.000000000E+000
   0.92439993160109424E-010   0.000000000E+000   0.000000000E+000
   0.12325332421347923E-009   0.000000000E+000   0.000000000E+000
   0.15406665526684904E-009   0.000000000E+000   0.000000000E+000
   0.18487998632021885E-009   0.440502135E-009   0.000000000E+000
   0.21569331737358866E-009   0.348758977E-008   0.000000000E+000
   0.24650664842695846E-009   0.152427564E-007   0.000000000E+000
   0.27731997948032827E-009   0.490494827E-007   0.000000000E+000
   0.30813331053369808E-009   0.132396607E-006   0.543364429E-007
   0.33894664158706789E-009   0.323388605E-006   0.130312955E-006
   0.36975997264043770E-009   0.745452326E-006   0.323846933E-006
   0.40057330369380750E-009   0.165031281E-005   0.760842454E-006
   0.43138663474717731E-009   0.352813595E-005   0.168002134E-005
   0.46219996580054712E-009   0.733522666E-005   0.345463172E-005
   0.49301329685391693E-009   0.149535663E-004   0.736915536E-005
   0.52382662790728673E-009   0.299863132E-004   0.160410909E-004
   0.55463995896065654E-009   0.589481169E-004   0.332269665E-004
   0.58545329001402635E-009   0.113011629E-003   0.653352618E-004
   0.61626662106739616E-009   0.211149105E-003   0.121569610E-003
   0.64707995212076597E-009   0.385749736E-003   0.230606995E-003
   0.67789328317413577E-009   0.690969231E-003   0.440437172E-003
   0.70870661422750558E-009   0.121284404E-002   0.805525691E-003
   0.73951994528087539E-009   0.208076043E-002   0.141093775E-002
   0.77033327633424520E-009   0.348466286E-002   0.236807764E-002
   0.80114660738761501E-009   0.570230279E-002   0.399364904E-002
   0.83195993844098481E-009   0.913238060E-002   0.670463685E-002
   0.86277326949435462E-009   0.143202990E-001   0.108426828E-001
   0.89358660054772443E-009   0.219669603E-001   0.169194546E-001
   0.92439993160109424E-009   0.329320617E-001   0.255346466E-001
   0.95521326265446405E-009   0.482437536E-001   0.382758677E-001
   0.98602659370783385E-009   0.690979362E-001   0.565969534E-001
   0.10168399247612037E-008   0.968052670E-001   0.810456946E-001
   0.10476532558145735E-008   0.132660702E+000   0.112656519E+000
   0.10784665868679433E-008   0.177761674E+000   0.152419046E+000
   0.11092799179213131E-008   0.232824087E+000   0.203027517E+000
   0.11400932489746829E-008   0.298022985E+000   0.264987230E+000
   0.11709065800280527E-008   0.372852594E+000   0.336443633E+000
   0.12017199110814225E-008   0.455993414E+000   0.416465849E+000
   0.12325332421347923E-008   0.545186102E+000   0.503646970E+000
   0.12633465731881621E-008   0.637157559E+000   0.596037149E+000
   0.12941599042415319E-008   0.727696121E+000   0.688264132E+000
   0.13249732352949017E-008   0.811960995E+000   0.775755405E+000
   0.13557865663482715E-008   0.885003328E+000   0.854680955E+000
   0.13865998974016414E-008   0.942327142E+000   0.921269536E+000
   0.14174132284550112E-008   0.980306685E+000   0.968485117E+000
   0.14482265595083810E-008   0.996417463E+000   0.991896391E+000
   0.14790398905617508E-008   0.989385605E+000   0.993554115E+000
   0.15098532216151206E-008   0.959365666E+000   0.973572791E+000
   0.15406665526684904E-008   0.908117414E+000   0.932850718E+000
   0.15714798837218602E-008   0.839013457E+000   0.871012032E+000
   0.16022932147752300E-008   0.756708860E+000   0.793296158E+000
   0.16331065458285998E-008   0.666468501E+000   0.706839740E+000
   0.16639198768819696E-008   0.573374867E+000   0.615463376E+000
   0.16947332079353394E-008   0.481747836E+000   0.522866011E+000
   0.17255465389887092E-008   0.394973874E+000   0.433583945E+000
   0.17563598700420791E-008   0.315650403E+000   0.352153987E+000
   0.17871732010954489E-008   0.245747730E+000   0.279322058E+000
   0.18179865321488187E-008   0.186552390E+000   0.215887427E+000
   0.18487998632021885E-008   0.138430938E+000   0.162220582E+000
   0.18796131942555583E-008   0.100689173E+000   0.119465530E+000
   0.19104265253089281E-008   0.717821941E-001   0.867801160E-001
   0.19412398563622979E-008   0.498648509E-001   0.613083057E-001
   0.19720531874156677E-008   0.333833322E-001   0.420108363E-001
   0.20028665184690375E-008   0.213476159E-001   0.278575365E-001
   0.20336798495224073E-008   0.131541081E-001   0.182191674E-001
   0.20644931805757771E-008   0.816873461E-002   0.118726734E-001
   0.20953065116291469E-008   0.545484060E-002   0.747349299E-002
   0.21261198426825167E-008   0.389137818E-002   0.453438563E-002
   0.21569331737358866E-008   0.258712750E-002   0.264776987E-002
   0.21877465047892564E-008   0.123673293E-002   0.153786724E-002
   0.22185598358426262E-008   0.101812533E-003   0.901897030E-003
   0.22493731668959960E-008  -0.393369352E-003   0.505901524E-003
   0.22801864979493658E-008  -0.140732300E-003   0.271402154E-003
   0.23109998290027356E-008   0.476991612E-003   0.139283598E-003
   0.23418131600561054E-008   0.848592492E-003   0.718446026E-004
   0.23726264911094752E-008   0.607703289E-003   0.380426864E-004
   0.24034398221628450E-008  -0.829076162E-004   0.190140527E-004
   0.24342531532162148E-008  -0.678278564E-003   0.900645773E-005
   0.24650664842695846E-008  -0.710637483E-003   0.405493711E-005
   0.24958798153229544E-008  -0.179447583E-003   0.185749309E-005
   0.25266931463763243E-008   0.452147448E-003   0.891057255E-006
   0.25575064774296941E-008   0.647638692E-003   0.396717127E-006
   0.25883198084830639E-008   0.243220013E-003   0.165677008E-006
   0.26191331395364337E-008  -0.423371268E-003   0.653293029E-007
   0.26499464705898035E-008  -0.801791786E-003   0.265743694E-007
   0.26807598016431733E-008  -0.586402137E-003   0.115891421E-007
   0.27115731326965431E-008   0.387562322E-004   0.459402560E-008
   0.27423864637499129E-008   0.560635119E-003   0.168907677E-008
   0.27731997948032827E-008   0.560551067E-003   0.582448645E-009
   0.28040131258566525E-008   0.518804882E-004   0.210357565E-009
   0.28348264569100223E-008  -0.536299311E-003   0.836936839E-010
   0.28656397879633921E-008  -0.711035333E-003   0.295206845E-010
   0.28964531190167619E-008  -0.319204235E-003   0.954202169E-011
   0.29272664500701318E-008   0.322609558E-003   0.287352347E-011
   0.29580797811235016E-008   0.683863531E-003   0.921128408E-012
   0.29888931121768714E-008   0.461295363E-003   0.335580820E-012
   0.30197064432302412E-008  -0.158948300E-003   0.105238829E-012
   0.30505197742836110E-008  -0.649617985E-003   0.000000000E+000
   0.30813331053369808E-008  -0.588956696E-003   0.000000000E+000
   0.31121464363903506E-008  -0.261783716E-004   0.000000000E+000
   0.31429597674437204E-008   0.556580606E-003   0.000000000E+000
   0.31737730984970902E-008   0.659155892E-003   0.000000000E+000
   0.32045864295504600E-008   0.194666238E-003   0.000000000E+000
   0.32353997606038298E-008  -0.438128802E-003   0.000000000E+000
   0.32662130916571996E-008  -0.700671808E-003   0.000000000E+000
   0.32970264227105694E-008  -0.376558077E-003   0.000000000E+000
   0.33278397537639393E-008   0.245747593E-003   0.000000000E+000
   0.33586530848173091E-008   0.622055610E-003   0.000000000E+000
   0.33894664158706789E-008   0.420387572E-003   0.000000000E+000
   0.34202797469240487E-008  -0.191607716E-003   0.000000000E+000
   0.34510930779774185E-008  -0.691115391E-003   0.000000000E+000
   0.34819064090307883E-008  -0.658145815E-003   0.000000000E+000
   0.35127197400841581E-008  -0.145453843E-003   0.000000000E+000
   0.35435330711375279E-008   0.374859723E-003   0.000000000E+000
   0.35743464021908977E-008   0.441515498E-003   0.000000000E+000
   0.36051597332442675E-008   0.132126443E-004   0.000000000E+000
   0.36359730642976373E-008  -0.516360975E-003   0.000000000E+000
   0.36667863953510071E-008  -0.689254084E-003   0.000000000E+000
   0.36975997264043770E-008  -0.377051503E-003   0.000000000E+000
   0.37284130574577468E-008   0.147898128E-003   0.000000000E+000
   0.37592263885111166E-008   0.478834234E-003   0.000000000E+000
   0.37900397195644864E-008   0.407917978E-003   0.000000000E+000
   0.38208530506178562E-008   0.597032486E-004   0.000000000E+000
   0.38516663816712260E-008  -0.234409643E-003   0.000000000E+000
   0.38824797127245958E-008  -0.195698536E-003   0.000000000E+000
   0.39132930437779656E-008   0.190832259E-003   0.000000000E+000
   0.39441063748313354E-008   0.656823628E-003   0.000000000E+000
   0.39749197058847052E-008   0.852585770E-003   0.000000000E+000
   0.40057330369380750E-008   0.633753953E-003   0.000000000E+000
   0.40365463679914448E-008   0.191252708E-003   0.000000000E+000
   0.40673596990448146E-008  -0.110182562E-003   0.000000000E+000
   0.40981730300981845E-008  -0.508053490E-004   0.000000000E+000
   0.41289863611515543E-008   0.262352929E-003   0.000000000E+000
   0.41597996922049241E-008   0.509026751E-003   0.000000000E+000
   0.41906130232582939E-008   0.437256705E-003   0.000000000E+000
   0.42214263543116637E-008   0.574506994E-004   0.000000000E+000
   0.42522396853650335E-008  -0.383313774E-003   0.000000000E+000
   0.42830530164184033E-008  -0.589176489E-003   0.000000000E+000
   0.43138663474717731E-008  -0.427317747E-003   0.000000000E+000
   0.43446796785251429E-008  -0.369313057E-004   0.000000000E+000
   0.43754930095785127E-008   0.252499944E-003   0.000000000E+000
   0.44063063406318825E-008   0.178522154E-003   0.000000000E+000
   0.44371196716852523E-008  -0.208011115E-003   0.000000000E+000
   0.44679330027386222E-008  -0.556744752E-003   0.000000000E+000
   0.44987463337919920E-008  -0.529584533E-003   0.000000000E+000
   0.45295596648453618E-008  -0.126573810E-003   0.000000000E+000
   0.45603729958987316E-008   0.309021096E-003   0.000000000E+000
   0.45911863269521014E-008   0.415573362E-003   0.000000000E+000
   0.46219996580054712E-008   0.135489623E-003   0.000000000E+000
   0.46528129890588410E-008  -0.265657873E-003   0.000000000E+000
   0.46836263201122108E-008  -0.452378008E-003   0.000000000E+000
   0.47144396511655806E-008  -0.283927482E-003   0.000000000E+000
   0.47452529822189504E-008   0.103521568E-003   0.000000000E+000
   0.47760663132723202E-008   0.407306245E-003   0.000000000E+000
   0.48068796443256900E-008   0.375703210E-003   0.000000000E+000
   0.48376929753790598E-008   0.124884536E-004   0.000000000E+000
   0.48685063064324297E-008  -0.388018962E-003   0.000000000E+000
   0.48993196374857995E-008  -0.465485908E-003   0.000000000E+000
   0.49301329685391693E-008  -0.128911459E-003   0.000000000E+000
   0.49609462995925391E-008   0.327275920E-003   0.000000000E+000
   0.49917596306459089E-008   0.486773381E-003   0.000000000E+000
   0.50225729616992787E-008   0.210203434E-003   0.000000000E+000
   0.50533862927526485E-008  -0.240513589E-003   0.000000000E+000
   0.50841996238060183E-008  -0.466344878E-003   0.000000000E+000
   0.51150129548593881E-008  -0.292696146E-003   0.000000000E+000
   0.51458262859127579E-008   0.113197544E-003   0.000000000E+000
   0.51766396169661277E-008   0.416593422E-003   0.000000000E+000
   0.52074529480194975E-008   0.380813464E-003   0.000000000E+000
   0.52382662790728673E-008   0.314491626E-004   0.000000000E+000
   0.52690796101262372E-008  -0.357129902E-003   0.000000000E+000
   0.52998929411796070E-008  -0.453696091E-003   0.000000000E+000
   0.53307062722329768E-008  -0.146772392E-003   0.000000000E+000
   0.53615196032863466E-008   0.316944614E-003   0.000000000E+000
   0.53923329343397164E-008   0.518352841E-003   0.000000000E+000
   0.54231462653930862E-008   0.258190179E-003   0.000000000E+000
   0.54539595964464560E-008  -0.231827755E-003   0.000000000E+000
   0.54847729274998258E-008  -0.502306037E-003   0.000000000E+000
   0.55155862585531956E-008  -0.315633311E-003   0.000000000E+000
   0.55463995896065654E-008   0.146729930E-003   0.000000000E+000
   0.55772129206599352E-008   0.478601636E-003   0.000000000E+000
   0.56080262517133050E-008   0.412121357E-003   0.000000000E+000
   0.56388395827666749E-008   0.143820071E-004   0.000000000E+000
   0.56696529138200447E-008  -0.393904455E-003   0.000000000E+000
   0.57004662448734145E-008  -0.485591125E-003   0.000000000E+000
   0.57312795759267843E-008  -0.171542924E-003   0.000000000E+000
   0.57620929069801541E-008   0.308431743E-003   0.000000000E+000
   0.57929062380335239E-008   0.547670876E-003   0.000000000E+000
   0.58237195690868937E-008   0.315613055E-003   0.000000000E+000
   0.58545329001402635E-008  -0.207171950E-003   0.000000000E+000
   0.58853462311936333E-008  -0.564034912E-003   0.000000000E+000
   0.59161595622470031E-008  -0.437336013E-003   0.000000000E+000
   0.59469728933003729E-008   0.590057170E-004   0.000000000E+000
   0.59777862243537427E-008   0.495391316E-003   0.000000000E+000
   0.60085995554071125E-008   0.514503510E-003   0.000000000E+000
   0.60394128864604824E-008   0.115831033E-003   0.000000000E+000
   0.60702262175138522E-008  -0.376043958E-003   0.000000000E+000
   0.61010395485672220E-008  -0.573523401E-003   0.000000000E+000
   0.61318528796205918E-008  -0.309201539E-003   0.000000000E+000
   0.61626662106739616E-008   0.227884680E-003   0.000000000E+000
   0.61934795417273314E-008   0.603297609E-003   0.000000000E+000
   0.62242928727807012E-008   0.474122702E-003   0.000000000E+000
   0.62551062038340710E-008  -0.849353964E-004   0.000000000E+000
   0.62859195348874408E-008  -0.596462458E-003   0.000000000E+000
   0.63167328659408106E-008  -0.596717175E-003   0.000000000E+000
   0.63475461969941804E-008  -0.788238249E-004   0.000000000E+000
   0.63783595280475502E-008   0.491928076E-003   0.000000000E+000
   0.64091728591009200E-008   0.614092918E-003   0.000000000E+000
   0.64399861901542899E-008   0.199116679E-003   0.000000000E+000
   0.64707995212076597E-008  -0.380690530E-003   0.000000000E+000
   0.65016128522610295E-008  -0.636899902E-003   0.000000000E+000
   0.65324261833143993E-008  -0.367141736E-003   0.000000000E+000
   0.65632395143677691E-008   0.197205867E-003   0.000000000E+000
   0.65940528454211389E-008   0.582917302E-003   0.000000000E+000
   0.66248661764745087E-008   0.461802527E-003   0.000000000E+000
   0.66556795075278785E-008  -0.617045444E-004   0.000000000E+000
   0.66864928385812483E-008  -0.524970703E-003   0.000000000E+000
   0.67173061696346181E-008  -0.518111279E-003   0.000000000E+000
   0.67481195006879879E-008  -0.632291485E-004   0.000000000E+000
   0.67789328317413577E-008   0.415253511E-003   0.000000000E+000
   0.68097461627947276E-008   0.502245559E-003   0.000000000E+000
   0.68405594938480974E-008   0.165743782E-003   0.000000000E+000
   0.68713728249014672E-008  -0.263674767E-003   0.000000000E+000
   0.69021861559548370E-008  -0.432355155E-003   0.000000000E+000
   0.69329994870082068E-008  -0.252457306E-003   0.000000000E+000
   0.69638128180615766E-008   0.938958256E-004   0.000000000E+000
   0.69946261491149464E-008   0.344471569E-003   0.000000000E+000
   0.70254394801683162E-008   0.333446806E-003   0.000000000E+000
   0.70562528112216860E-008   0.728328596E-004   0.000000000E+000
   0.70870661422750558E-008  -0.249536010E-003   0.000000000E+000
   0.71178794733284256E-008  -0.378142053E-003   0.000000000E+000
   0.71486928043817954E-008  -0.193214539E-003   0.000000000E+000
   0.71795061354351652E-008   0.156988011E-003   0.000000000E+000
   0.72103194664885351E-008   0.371295493E-003   0.000000000E+000
   0.72411327975419049E-008   0.273303973E-003   0.000000000E+000
   0.72719461285952747E-008  -0.386747997E-004   0.000000000E+000
   0.73027594596486445E-008  -0.305880414E-003   0.000000000E+000
   0.73335727907020143E-008  -0.329751056E-003   0.000000000E+000
   0.73643861217553841E-008  -0.972346170E-004   0.000000000E+000
   0.73951994528087539E-008   0.224379037E-003   0.000000000E+000
   0.74260127838621237E-008   0.384522020E-003   0.000000000E+000
   0.74568261149154935E-008   0.226236400E-003   0.000000000E+000
   0.74876394459688633E-008  -0.147809551E-003   0.000000000E+000
   0.75184527770222331E-008  -0.413394591E-003   0.000000000E+000
   0.75492661080756029E-008  -0.311850221E-003   0.000000000E+000
   0.75800794391289728E-008   0.794697553E-004   0.000000000E+000
   0.76108927701823426E-008   0.402181613E-003   0.000000000E+000
   0.76417061012357124E-008   0.361104729E-003   0.000000000E+000
   0.76725194322890822E-008   0.163464574E-005   0.000000000E+000
   0.77033327633424520E-008  -0.348618516E-003   0.000000000E+000
   0.77341460943958218E-008  -0.386774656E-003   0.000000000E+000
   0.77649594254491916E-008  -0.906994683E-004   0.000000000E+000
   0.77957727565025614E-008   0.279439235E-003   0.000000000E+000
   0.78265860875559312E-008   0.405774423E-003   0.000000000E+000
   0.78573994186093010E-008   0.177543756E-003   0.000000000E+000
   0.78882127496626708E-008  -0.209000980E-003   0.000000000E+000
   0.79190260807160406E-008  -0.409754168E-003   0.000000000E+000
   0.79498394117694104E-008  -0.239137575E-003   0.000000000E+000
   0.79806527428227803E-008   0.148342297E-003   0.000000000E+000
   0.80114660738761501E-008   0.393931521E-003   0.000000000E+000
   0.80422794049295199E-008   0.275051454E-003   0.000000000E+000
   0.80730927359828897E-008  -0.855391845E-004   0.000000000E+000
   0.81039060670362595E-008  -0.349635637E-003   0.000000000E+000
   0.81347193980896293E-008  -0.289487187E-003   0.000000000E+000
   0.81655327291429991E-008   0.173805165E-004   0.000000000E+000
   0.81963460601963689E-008   0.288285286E-003   0.000000000E+000
   0.82271593912497387E-008   0.298372674E-003   0.000000000E+000
   0.82579727223031085E-008   0.579351326E-004   0.000000000E+000
   0.82887860533564783E-008  -0.220361340E-003   0.000000000E+000
   0.83195993844098481E-008  -0.303793931E-003   0.000000000E+000
   0.83504127154632179E-008  -0.124346232E-003   0.000000000E+000
   0.83812260465165878E-008   0.163642457E-003   0.000000000E+000
   0.84120393775699576E-008   0.305273395E-003   0.000000000E+000
   0.84428527086233274E-008   0.169690844E-003   0.000000000E+000
   0.84736660396766972E-008  -0.117877236E-003   0.000000000E+000
   0.85044793707300670E-008  -0.287015166E-003   0.000000000E+000
   0.85352927017834368E-008  -0.186626188E-003   0.000000000E+000
   0.85661060328368066E-008   0.718579686E-004   0.000000000E+000
   0.85969193638901764E-008   0.243104776E-003   0.000000000E+000
   0.86277326949435462E-008   0.192100983E-003   0.000000000E+000
   0.86585460259969160E-008  -0.807046308E-005   0.000000000E+000
   0.86893593570502858E-008  -0.181868585E-003   0.000000000E+000
   0.87201726881036556E-008  -0.203322837E-003   0.000000000E+000
   0.87509860191570255E-008  -0.647085253E-004   0.000000000E+000
   0.87817993502103953E-008   0.131135777E-003   0.000000000E+000
   0.88126126812637651E-008   0.226576754E-003   0.000000000E+000
   0.88434260123171349E-008   0.123424339E-003   0.000000000E+000
   0.88742393433705047E-008  -0.103774175E-003   0.000000000E+000
   0.89050526744238745E-008  -0.242027105E-003   0.000000000E+000
   0.89358660054772443E-008  -0.147669052E-003   0.000000000E+000
   0.89666793365306141E-008   0.876132690E-004   0.000000000E+000
   0.89974926675839839E-008   0.227851007E-003   0.000000000E+000
   0.90283059986373537E-008   0.147761166E-003   0.000000000E+000
   0.90591193296907235E-008  -0.514411659E-004   0.000000000E+000
   0.90899326607440933E-008  -0.179928844E-003   0.000000000E+000
   0.91207459917974631E-008  -0.150550957E-003   0.000000000E+000
   0.91515593228508330E-008  -0.141447526E-004   0.000000000E+000
   0.91823726539042028E-008   0.125405393E-003   0.000000000E+000
   0.92131859849575726E-008   0.176099624E-003   0.000000000E+000
   0.92439993160109424E-008   0.892577445E-004   0.000000000E+000
   0.92748126470643122E-008  -0.899088263E-004   0.000000000E+000
   0.93056259781176820E-008  -0.211565915E-003   0.000000000E+000
   0.93364393091710518E-008  -0.142499644E-003   0.000000000E+000
   0.93672526402244216E-008   0.729937310E-004   0.000000000E+000
   0.93980659712777914E-008   0.227822835E-003   0.000000000E+000
   0.94288793023311612E-008   0.166666752E-003   0.000000000E+000
   0.94596926333845310E-008  -0.461896852E-004   0.000000000E+000
   0.94905059644379008E-008  -0.205254008E-003   0.000000000E+000
   0.95213192954912707E-008  -0.178936883E-003   0.000000000E+000
   0.95521326265446405E-008  -0.112962880E-004   0.000000000E+000
   0.95829459575980103E-008   0.155365604E-003   0.000000000E+000
   0.96137592886513801E-008   0.201381219E-003   0.000000000E+000
   0.96445726197047499E-008   0.919965605E-004   0.000000000E+000
   0.96753859507581197E-008  -0.103413789E-003   0.000000000E+000
   0.97061992818114895E-008  -0.232519029E-003   0.000000000E+000
   0.97370126128648593E-008  -0.166018173E-003   0.000000000E+000
   0.97678259439182291E-008   0.626357360E-004   0.000000000E+000
   0.97986392749715989E-008   0.250827579E-003   0.000000000E+000
   0.98294526060249687E-008   0.213813677E-003   0.000000000E+000
   0.98602659370783385E-008  -0.204242388E-004   0.000000000E+000
   0.98910792681317083E-008  -0.234343053E-003   0.000000000E+000
   0.99218925991850782E-008  -0.238194596E-003   0.000000000E+000
   0.99527059302384480E-008  -0.411152141E-004   0.000000000E+000
   0.99835192612918178E-008   0.182243370E-003   0.000000000E+000
   0.10014332592345188E-007   0.254115817E-003   0.000000000E+000
   0.10045145923398557E-007   0.122901984E-003   0.000000000E+000
   0.10075959254451927E-007  -0.112098744E-003   0.000000000E+000
   0.10106772585505297E-007  -0.267540338E-003   0.000000000E+000
   0.10137585916558667E-007  -0.205562857E-003   0.000000000E+000
   0.10168399247612037E-007   0.414623937E-004   0.000000000E+000
   0.10199212578665406E-007   0.269282173E-003   0.000000000E+000
   0.10230025909718776E-007   0.269414479E-003   0.000000000E+000
   0.10260839240772146E-007   0.290190364E-004   0.000000000E+000
   0.10291652571825516E-007  -0.243881790E-003   0.000000000E+000
   0.10322465902878886E-007  -0.308324350E-003   0.000000000E+000
   0.10353279233932255E-007  -0.107795204E-003   0.000000000E+000
   0.10384092564985625E-007   0.186379330E-003   0.000000000E+000
   0.10414905896038995E-007   0.327607122E-003   0.000000000E+000
   0.10445719227092365E-007   0.196800553E-003   0.000000000E+000
   0.10476532558145735E-007  -0.104225372E-003   0.000000000E+000
   0.10507345889199105E-007  -0.330129056E-003   0.000000000E+000
   0.10538159220252474E-007  -0.284651527E-003   0.000000000E+000
   0.10568972551305844E-007   0.107563974E-004   0.000000000E+000
   0.10599785882359214E-007   0.315007928E-003   0.000000000E+000
   0.10630599213412584E-007   0.359704718E-003   0.000000000E+000
   0.10661412544465954E-007   0.889297226E-004   0.000000000E+000
   0.10692225875519323E-007  -0.272068690E-003   0.000000000E+000
   0.10723039206572693E-007  -0.403595681E-003   0.000000000E+000
   0.10753852537626063E-007  -0.178676113E-003   0.000000000E+000
   0.10784665868679433E-007   0.214249783E-003   0.000000000E+000
   0.10815479199732803E-007   0.433748035E-003   0.000000000E+000
   0.10846292530786172E-007   0.287404488E-003   0.000000000E+000
   0.10877105861839542E-007  -0.993777649E-004   0.000000000E+000
   0.10907919192892912E-007  -0.392747548E-003   0.000000000E+000
   0.10938732523946282E-007  -0.335797755E-003   0.000000000E+000
   0.10969545854999652E-007   0.332631171E-004   0.000000000E+000
   0.11000359186053021E-007   0.408957974E-003   0.000000000E+000
   0.11031172517106391E-007   0.471905252E-003   0.000000000E+000
   0.11061985848159761E-007   0.163476827E-003   0.000000000E+000
   0.11092799179213131E-007  -0.252891827E-003   0.000000000E+000
   0.11123612510266501E-007  -0.411362504E-003   0.000000000E+000
   0.11154425841319870E-007  -0.164771831E-003   0.000000000E+000
   0.11185239172373240E-007   0.277911662E-003   0.000000000E+000
   0.11216052503426610E-007   0.528409786E-003   0.000000000E+000
   0.11246865834479980E-007   0.357870129E-003   0.000000000E+000
   0.11277679165533350E-007  -0.102184160E-003   0.000000000E+000
   0.11308492496586720E-007  -0.473439955E-003   0.000000000E+000
   0.11339305827640089E-007  -0.458973140E-003   0.000000000E+000
   0.11370119158693459E-007  -0.100617646E-003   0.000000000E+000
   0.11400932489746829E-007   0.257758074E-003   0.000000000E+000
   0.11431745820800199E-007   0.269696553E-003   0.000000000E+000
   0.11462559151853569E-007  -0.111979723E-003   0.000000000E+000
   0.11493372482906938E-007  -0.593399105E-003   0.000000000E+000
   0.11524185813960308E-007  -0.791394094E-003   0.000000000E+000
   0.11554999145013678E-007  -0.556808256E-003   0.000000000E+000
   0.11585812476067048E-007  -0.929615053E-004   0.000000000E+000
   0.11616625807120418E-007   0.222972099E-003   0.000000000E+000
   0.11647439138173787E-007   0.158197203E-003   0.000000000E+000
   0.11678252469227157E-007  -0.181937226E-003   0.000000000E+000
   0.11709065800280527E-007  -0.441914599E-003   0.000000000E+000
   0.11739879131333897E-007  -0.316554040E-003   0.000000000E+000
   0.11770692462387267E-007   0.181037176E-003   0.000000000E+000
   0.11801505793440636E-007   0.715155271E-003   0.000000000E+000
   0.11832319124494006E-007   0.903860782E-003   0.000000000E+000
   0.11863132455547376E-007   0.642667175E-003   0.000000000E+000
   0.11893945786600746E-007   0.188137055E-003   0.000000000E+000
   0.11924759117654116E-007  -0.721573015E-004   0.000000000E+000
   0.11955572448707485E-007   0.474194821E-004   0.000000000E+000
   0.11986385779760855E-007   0.385242165E-003   0.000000000E+000
   0.12017199110814225E-007   0.582389242E-003   0.000000000E+000
   0.12048012441867595E-007   0.386455155E-003   0.000000000E+000
   0.12078825772920965E-007  -0.135241542E-003   0.000000000E+000
   0.12109639103974335E-007  -0.633879390E-003   0.000000000E+000
   0.12140452435027704E-007  -0.746604521E-003   0.000000000E+000
   0.12171265766081074E-007  -0.396799122E-003   0.000000000E+000
   0.12202079097134444E-007   0.122787023E-003   0.000000000E+000
   0.12232892428187814E-007   0.383989740E-003   0.000000000E+000
   0.12263705759241184E-007   0.194322565E-003   0.000000000E+000
   0.12294519090294553E-007  -0.230441990E-003   0.000000000E+000
   0.12325332421347923E-007  -0.464759127E-003   0.000000000E+000
   0.12356145752401293E-007  -0.262977090E-003   0.000000000E+000
   0.12386959083454663E-007   0.222445233E-003   0.000000000E+000
   0.12417772414508033E-007   0.582051231E-003   0.000000000E+000
   0.12448585745561402E-007   0.502336596E-003   0.000000000E+000
   0.12479399076614772E-007   0.219673093E-004   0.000000000E+000
   0.12510212407668142E-007  -0.500549097E-003   0.000000000E+000
   0.12541025738721512E-007  -0.666392734E-003   0.000000000E+000
   0.12571839069774882E-007  -0.353646727E-003   0.000000000E+000
   0.12602652400828251E-007   0.169636245E-003   0.000000000E+000
   0.12633465731881621E-007   0.452134991E-003   0.000000000E+000
   0.12664279062934991E-007   0.247493037E-003   0.000000000E+000
   0.12695092393988361E-007  -0.251977821E-003   0.000000000E+000
   0.12725905725041731E-007  -0.576722086E-003   0.000000000E+000
   0.12756719056095100E-007  -0.409766886E-003   0.000000000E+000
   0.12787532387148470E-007   0.120334007E-003   0.000000000E+000
   0.12818345718201840E-007   0.561436813E-003   0.000000000E+000
   0.12849159049255210E-007   0.545002054E-003   0.000000000E+000
   0.12879972380308580E-007   0.952044211E-004   0.000000000E+000
   0.12910785711361950E-007  -0.411285582E-003   0.000000000E+000
   0.12941599042415319E-007  -0.562357774E-003   0.000000000E+000
   0.12972412373468689E-007  -0.236336811E-003   0.000000000E+000
   0.13003225704522059E-007   0.300718326E-003   0.000000000E+000
   0.13034039035575429E-007   0.599678431E-003   0.000000000E+000
   0.13064852366628799E-007   0.399813231E-003   0.000000000E+000
   0.13095665697682168E-007  -0.128214364E-003   0.000000000E+000
   0.13126479028735538E-007  -0.510408310E-003   0.000000000E+000
   0.13157292359788908E-007  -0.393433787E-003   0.000000000E+000
   0.13188105690842278E-007   0.123577134E-003   0.000000000E+000
   0.13218919021895648E-007   0.578829669E-003   0.000000000E+000
   0.13249732352949017E-007   0.573732250E-003   0.000000000E+000
   0.13280545684002387E-007   0.121434889E-003   0.000000000E+000
   0.13311359015055757E-007  -0.390168658E-003   0.000000000E+000
   0.13342172346109127E-007  -0.545473944E-003   0.000000000E+000
   0.13372985677162497E-007  -0.236153079E-003   0.000000000E+000
   0.13403799008215866E-007   0.268689066E-003   0.000000000E+000
   0.13434612339269236E-007   0.541347894E-003   0.000000000E+000
   0.13465425670322606E-007   0.337229576E-003   0.000000000E+000
   0.13496239001375976E-007  -0.191356346E-003   0.000000000E+000
   0.13527052332429346E-007  -0.600403640E-003   0.000000000E+000
   0.13557865663482715E-007  -0.531562371E-003   0.000000000E+000
   0.13588678994536085E-007  -0.421873992E-004   0.000000000E+000
   0.13619492325589455E-007   0.437261217E-003   0.000000000E+000
   0.13650305656642825E-007   0.496829802E-003   0.000000000E+000
   0.13681118987696195E-007   0.113303337E-003   0.000000000E+000
   0.13711932318749565E-007  -0.353665382E-003   0.000000000E+000
   0.13742745649802934E-007  -0.498717534E-003   0.000000000E+000
   0.13773558980856304E-007  -0.210000173E-003   0.000000000E+000
   0.13804372311909674E-007   0.263340218E-003   0.000000000E+000
   0.13835185642963044E-007   0.527338358E-003   0.000000000E+000
   0.13865998974016414E-007   0.358442252E-003   0.000000000E+000
   0.13896812305069783E-007  -0.110671506E-003   0.000000000E+000
   0.13927625636123153E-007  -0.484209158E-003   0.000000000E+000
   0.13958438967176523E-007  -0.432590721E-003   0.000000000E+000
   0.13989252298229893E-007   0.634265598E-005   0.000000000E+000
   0.14020065629283263E-007   0.444952864E-003   0.000000000E+000
   0.14050878960336632E-007   0.493028318E-003   0.000000000E+000
   0.14081692291390002E-007   0.110645517E-003   0.000000000E+000
   0.14112505622443372E-007  -0.368260313E-003   0.000000000E+000
   0.14143318953496742E-007  -0.542421651E-003   0.000000000E+000
   0.14174132284550112E-007  -0.278260413E-003   0.000000000E+000
   0.14204945615603481E-007   0.203314004E-003   0.000000000E+000
   0.14235758946656851E-007   0.517378212E-003   0.000000000E+000
   0.14266572277710221E-007   0.414621987E-003   0.000000000E+000
   0.14297385608763591E-007  -0.225005206E-004   0.000000000E+000
   0.14328198939816961E-007  -0.434315443E-003   0.000000000E+000
   0.14359012270870330E-007  -0.474728906E-003   0.000000000E+000
   0.14389825601923700E-007  -0.114526891E-003   0.000000000E+000
   0.14420638932977070E-007   0.326270907E-003   0.000000000E+000
   0.14451452264030440E-007   0.468743499E-003   0.000000000E+000
   0.14482265595083810E-007   0.213916326E-003   0.000000000E+000
   0.14513078926137180E-007  -0.193289103E-003   0.000000000E+000
   0.14543892257190549E-007  -0.407192332E-003   0.000000000E+000
   0.14574705588243919E-007  -0.274302816E-003   0.000000000E+000
   0.14605518919297289E-007   0.711561006E-004   0.000000000E+000
   0.14636332250350659E-007   0.338698854E-003   0.000000000E+000
   0.14667145581404029E-007   0.309893163E-003   0.000000000E+000
   0.14697958912457398E-007   0.931927934E-005   0.000000000E+000
   0.14728772243510768E-007  -0.302070606E-003   0.000000000E+000
   0.14759585574564138E-007  -0.338664307E-003   0.000000000E+000
   0.14790398905617508E-007  -0.563747599E-004   0.000000000E+000
   0.14821212236670878E-007   0.285864982E-003   0.000000000E+000
   0.14852025567724247E-007   0.365038897E-003   0.000000000E+000
   0.14882838898777617E-007   0.107071683E-003   0.000000000E+000
   0.14913652229830987E-007  -0.249147823E-003   0.000000000E+000
   0.14944465560884357E-007  -0.388748624E-003   0.000000000E+000
   0.14975278891937727E-007  -0.199904229E-003   0.000000000E+000
   0.15006092222991096E-007   0.157563481E-003   0.000000000E+000
   0.15036905554044466E-007   0.400017598E-003   0.000000000E+000
   0.15067718885097836E-007   0.330528826E-003   0.000000000E+000
   0.15098532216151206E-007  -0.180502830E-004   0.000000000E+000
   0.15129345547204576E-007  -0.383295264E-003   0.000000000E+000
   0.15160158878257946E-007  -0.453777291E-003   0.000000000E+000
   0.15190972209311315E-007  -0.139555894E-003   0.000000000E+000
   0.15221785540364685E-007   0.310133822E-003   0.000000000E+000
   0.15252598871418055E-007   0.507178716E-003   0.000000000E+000
   0.15283412202471425E-007   0.281608925E-003   0.000000000E+000
   0.15314225533524795E-007  -0.165268750E-003   0.000000000E+000
   0.15345038864578164E-007  -0.461085147E-003   0.000000000E+000
   0.15375852195631534E-007  -0.389756227E-003   0.000000000E+000
   0.15406665526684904E-007  -0.340049155E-004   0.000000000E+000
   0.15437478857738274E-007   0.332012976E-003   0.000000000E+000
   0.15468292188791644E-007   0.447213533E-003   0.000000000E+000
   0.15499105519845013E-007   0.226898555E-003   0.000000000E+000
   0.15529918850898383E-007  -0.172411266E-003   0.000000000E+000
   0.15560732181951753E-007  -0.439627969E-003   0.000000000E+000
   0.15591545513005123E-007  -0.348076719E-003   0.000000000E+000
   0.15622358844058493E-007   0.279941887E-004   0.000000000E+000
   0.15653172175111862E-007   0.359616679E-003   0.000000000E+000
   0.15683985506165232E-007   0.368412875E-003   0.000000000E+000
   0.15714798837218602E-007   0.813693623E-004   0.000000000E+000
   0.15745612168271972E-007  -0.228543300E-003   0.000000000E+000
   0.15776425499325342E-007  -0.318311126E-003   0.000000000E+000
   0.15807238830378711E-007  -0.160852971E-003   0.000000000E+000
   0.15838052161432081E-007   0.928016962E-004   0.000000000E+000
   0.15868865492485451E-007   0.254807586E-003   0.000000000E+000
   0.15899678823538821E-007   0.212234183E-003   0.000000000E+000
   0.15930492154592191E-007  -0.567804091E-005   0.000000000E+000
   0.15961305485645561E-007  -0.221786031E-003   0.000000000E+000
   0.15992118816698930E-007  -0.233914368E-003   0.000000000E+000
   0.16022932147752300E-007  -0.162790529E-004   0.000000000E+000
   0.16053745478805670E-007   0.220319736E-003   0.000000000E+000
   0.16084558809859040E-007   0.231407452E-003   0.000000000E+000
   0.16115372140912410E-007   0.387156615E-005   0.000000000E+000
   0.16146185471965779E-007  -0.227813813E-003   0.000000000E+000
   0.16176998803019149E-007  -0.233955987E-003   0.000000000E+000
   0.16207812134072519E-007  -0.159331103E-004   0.000000000E+000
   0.16238625465125889E-007   0.221815149E-003   0.000000000E+000
   0.16269438796179259E-007   0.272771227E-003   0.000000000E+000
   0.16300252127232628E-007   0.876854901E-004   0.000000000E+000
   0.16331065458285998E-007  -0.199295246E-003   0.000000000E+000
   0.16361878789339368E-007  -0.354245480E-003   0.000000000E+000
   0.16392692120392738E-007  -0.210382335E-003   0.000000000E+000
   0.16423505451446108E-007   0.158351002E-003   0.000000000E+000
   0.16454318782499477E-007   0.437829964E-003   0.000000000E+000
   0.16485132113552847E-007   0.339780527E-003   0.000000000E+000
   0.16515945444606217E-007  -0.876401027E-004   0.000000000E+000
   0.16546758775659587E-007  -0.463485485E-003   0.000000000E+000
   0.16577572106712957E-007  -0.437275914E-003   0.000000000E+000
   0.16608385437766326E-007  -0.331345655E-004   0.000000000E+000
   0.16639198768819696E-007   0.389504363E-003   0.000000000E+000
   0.16670012099873066E-007   0.484680844E-003   0.000000000E+000
   0.16700825430926436E-007   0.201206072E-003   0.000000000E+000
   0.16731638761979806E-007  -0.226554432E-003   0.000000000E+000
   0.16762452093033176E-007  -0.482501753E-003   0.000000000E+000
   0.16793265424086545E-007  -0.378657482E-003   0.000000000E+000
   0.16824078755139915E-007   0.224539835E-004   0.000000000E+000
   0.16854892086193285E-007   0.425100792E-003   0.000000000E+000
   0.16885705417246655E-007   0.500323134E-003   0.000000000E+000
   0.16916518748300025E-007   0.167900289E-003   0.000000000E+000
   0.16947332079353394E-007  -0.302677625E-003   0.000000000E+000
   0.16978145410406764E-007  -0.518762099E-003   0.000000000E+000
   0.17008958741460134E-007  -0.316547666E-003   0.000000000E+000
   0.17039772072513504E-007   0.114384777E-003   0.000000000E+000
   0.17070585403566874E-007   0.429812499E-003   0.000000000E+000
   0.17101398734620243E-007   0.415301678E-003   0.000000000E+000
   0.17132212065673613E-007   0.106196298E-003   0.000000000E+000
   0.17163025396726983E-007  -0.275629165E-003   0.000000000E+000
   0.17193838727780353E-007  -0.462153868E-003   0.000000000E+000
   0.17224652058833723E-007  -0.301552238E-003   0.000000000E+000
   0.17255465389887092E-007   0.107895728E-003   0.000000000E+000
   0.17286278720940462E-007   0.444380508E-003   0.000000000E+000
   0.17317092051993832E-007   0.414826849E-003   0.000000000E+000
   0.17347905383047202E-007   0.371916685E-004   0.000000000E+000
   0.17378718714100572E-007  -0.355798635E-003   0.000000000E+000
   0.17409532045153941E-007  -0.428873405E-003   0.000000000E+000
   0.17440345376207311E-007  -0.151023152E-003   0.000000000E+000
   0.17471158707260681E-007   0.211747043E-003   0.000000000E+000
   0.17501972038314051E-007   0.366808730E-003   0.000000000E+000
   0.17532785369367421E-007   0.230096935E-003   0.000000000E+000
   0.17563598700420791E-007  -0.579954503E-004   0.000000000E+000
   0.17594412031474160E-007  -0.274192425E-003   0.000000000E+000
   0.17625225362527530E-007  -0.268686330E-003   0.000000000E+000
   0.17656038693580900E-007  -0.577035535E-004   0.000000000E+000
   0.17686852024634270E-007   0.185232842E-003   0.000000000E+000
   0.17717665355687640E-007   0.258257176E-003   0.000000000E+000
   0.17748478686741009E-007   0.107215077E-003   0.000000000E+000
   0.17779292017794379E-007  -0.117429518E-003   0.000000000E+000
   0.17810105348847749E-007  -0.206118420E-003   0.000000000E+000
   0.17840918679901119E-007  -0.986422165E-004   0.000000000E+000
   0.17871732010954489E-007   0.712253750E-004   0.000000000E+000
   0.17902545342007858E-007   0.135355629E-003   0.000000000E+000
   0.17933358673061228E-007   0.614752353E-004   0.000000000E+000
   0.17964172004114598E-007  -0.470386003E-004   0.000000000E+000
   0.17994985335167968E-007  -0.829974306E-004   0.000000000E+000
   0.18025798666221338E-007  -0.314280296E-004   0.000000000E+000
   0.18056611997274707E-007   0.455539448E-004   0.000000000E+000
   0.18087425328328077E-007   0.751177431E-004   0.000000000E+000
   0.18118238659381447E-007   0.253680046E-004   0.000000000E+000
   0.18149051990434817E-007  -0.679694131E-004   0.000000000E+000
   0.18179865321488187E-007  -0.114193841E-003   0.000000000E+000
   0.18210678652541556E-007  -0.444980178E-004   0.000000000E+000
   0.18241491983594926E-007   0.980458062E-004   0.000000000E+000
   0.18272305314648296E-007   0.172776403E-003   0.000000000E+000
   0.18303118645701666E-007   0.822964721E-004   0.000000000E+000
   0.18333931976755036E-007  -0.107845997E-003   0.000000000E+000
   0.18364745307808406E-007  -0.220001559E-003   0.000000000E+000
   0.18395558638861775E-007  -0.139983589E-003   0.000000000E+000
   0.18426371969915145E-007   0.710644963E-004   0.000000000E+000
   0.18457185300968515E-007   0.235171217E-003   0.000000000E+000
   0.18487998632021885E-007   0.212848128E-003   0.000000000E+000
   0.18518811963075255E-007   0.132829155E-004   0.000000000E+000
   0.18549625294128624E-007  -0.213787149E-003   0.000000000E+000
   0.18580438625181994E-007  -0.286287628E-003   0.000000000E+000
   0.18611251956235364E-007  -0.128407832E-003   0.000000000E+000
   0.18642065287288734E-007   0.153626097E-003   0.000000000E+000
   0.18672878618342104E-007   0.333674194E-003   0.000000000E+000
   0.18703691949395473E-007   0.245913630E-003   0.000000000E+000
   0.18734505280448843E-007  -0.584291702E-004   0.000000000E+000
   0.18765318611502213E-007  -0.333167991E-003   0.000000000E+000
   0.18796131942555583E-007  -0.341831241E-003   0.000000000E+000
   0.18826945273608953E-007  -0.665912521E-004   0.000000000E+000
   0.18857758604662322E-007   0.271459576E-003   0.000000000E+000
   0.18888571935715692E-007   0.397287135E-003   0.000000000E+000
   0.18919385266769062E-007   0.206161785E-003   0.000000000E+000
   0.18950198597822432E-007  -0.155624090E-003   0.000000000E+000
   0.18981011928875802E-007  -0.404973282E-003   0.000000000E+000
   0.19011825259929171E-007  -0.338595593E-003   0.000000000E+000
   0.19042638590982541E-007   0.461976742E-005   0.000000000E+000
   0.19073451922035911E-007   0.359487633E-003   0.000000000E+000
   0.19104265253089281E-007   0.434695394E-003   0.000000000E+000
   0.19135078584142651E-007   0.154306152E-003   0.000000000E+000
   0.19165891915196021E-007  -0.262928283E-003   0.000000000E+000
   0.19196705246249390E-007  -0.473707041E-003   0.000000000E+000
   0.19227518577302760E-007  -0.298342085E-003   0.000000000E+000
   0.19258331908356130E-007   0.122658152E-003   0.000000000E+000
   0.19289145239409500E-007   0.444432779E-003   0.000000000E+000
   0.19319958570462870E-007   0.405845145E-003   0.000000000E+000
   0.19350771901516239E-007   0.418244454E-004   0.000000000E+000
   0.19381585232569609E-007  -0.352618372E-003   0.000000000E+000
   0.19412398563622979E-007  -0.464231649E-003   0.000000000E+000
   0.19443211894676349E-007  -0.207409321E-003   0.000000000E+000
   0.19474025225729719E-007   0.213657069E-003   0.000000000E+000
   0.19504838556783088E-007   0.465499063E-003   0.000000000E+000
   0.19535651887836458E-007   0.345473207E-003   0.000000000E+000
   0.19566465218889828E-007  -0.541150803E-004   0.000000000E+000
   0.19597278549943198E-007  -0.411513727E-003   0.000000000E+000
   0.19628091880996568E-007  -0.433451263E-003   0.000000000E+000
   0.19658905212049937E-007  -0.101594022E-003   0.000000000E+000
   0.19689718543103307E-007   0.307480979E-003   0.000000000E+000
   0.19720531874156677E-007   0.456324487E-003   0.000000000E+000
   0.19751345205210047E-007   0.231860307E-003   0.000000000E+000
   0.19782158536263417E-007  -0.168915067E-003   0.000000000E+000
   0.19812971867316787E-007  -0.417272502E-003   0.000000000E+000
   0.19843785198370156E-007  -0.325563218E-003   0.000000000E+000
   0.19874598529423526E-007   0.161488715E-004   0.000000000E+000
   0.19905411860476896E-007   0.330290000E-003   0.000000000E+000
   0.19936225191530266E-007   0.374550116E-003   0.000000000E+000
   0.19967038522583636E-007   0.123147154E-003   0.000000000E+000
   0.19997851853637005E-007  -0.219121925E-003   0.000000000E+000
   0.20028665184690375E-007  -0.377521064E-003   0.000000000E+000
   0.20059478515743745E-007  -0.226942982E-003   0.000000000E+000
   0.20090291846797115E-007   0.102840582E-003   0.000000000E+000
   0.20121105177850485E-007   0.334571290E-003   0.000000000E+000
   0.20151918508903854E-007   0.281215238E-003   0.000000000E+000
   0.20182731839957224E-007   0.331722549E-005   0.000000000E+000
   0.20213545171010594E-007  -0.256046158E-003   0.000000000E+000
   0.20244358502063964E-007  -0.289702963E-003   0.000000000E+000
   0.20275171833117334E-007  -0.927027431E-004   0.000000000E+000
   0.20305985164170703E-007   0.158093113E-003   0.000000000E+000
   0.20336798495224073E-007   0.264280854E-003   0.000000000E+000
   0.20367611826277443E-007   0.157458795E-003   0.000000000E+000
   0.20398425157330813E-007  -0.644827378E-004   0.000000000E+000
   0.20429238488384183E-007  -0.222039758E-003   0.000000000E+000
   0.20460051819437552E-007  -0.192843800E-003   0.000000000E+000
   0.20490865150490922E-007  -0.802117574E-005   0.000000000E+000
   0.20521678481544292E-007   0.172011351E-003   0.000000000E+000
   0.20552491812597662E-007   0.194971159E-003   0.000000000E+000
   0.20583305143651032E-007   0.517041481E-004   0.000000000E+000
   0.20614118474704402E-007  -0.120672921E-003   0.000000000E+000
   0.20644931805757771E-007  -0.171904772E-003   0.000000000E+000
   0.20675745136811141E-007  -0.737433438E-004   0.000000000E+000
   0.20706558467864511E-007   0.712787296E-004   0.000000000E+000
   0.20737371798917881E-007   0.137391355E-003   0.000000000E+000
   0.20768185129971251E-007   0.826748146E-004   0.000000000E+000
   0.20798998461024620E-007  -0.328129681E-004   0.000000000E+000
   0.20829811792077990E-007  -0.109091838E-003   0.000000000E+000
   0.20860625123131360E-007  -0.863191526E-004   0.000000000E+000
   0.20891438454184730E-007   0.109763860E-004   0.000000000E+000
   0.20922251785238100E-007   0.936154902E-004   0.000000000E+000
   0.20953065116291469E-007   0.844278620E-004   0.000000000E+000
   0.20983878447344839E-007  -0.713351619E-005   0.000000000E+000
   0.21014691778398209E-007  -0.895365883E-004   0.000000000E+000
   0.21045505109451579E-007  -0.800793205E-004   0.000000000E+000
   0.21076318440504949E-007   0.974918657E-005   0.000000000E+000
   0.21107131771558318E-007   0.880684456E-004   0.000000000E+000
   0.21137945102611688E-007   0.785770681E-004   0.000000000E+000
   0.21168758433665058E-007  -0.682640530E-005   0.000000000E+000
   0.21199571764718428E-007  -0.871732336E-004   0.000000000E+000
   0.21230385095771798E-007  -0.898709259E-004   0.000000000E+000
   0.21261198426825167E-007  -0.101828846E-004   0.000000000E+000
   0.21292011757878537E-007   0.867111594E-004   0.000000000E+000
   0.21322825088931907E-007   0.114526745E-003   0.000000000E+000
   0.21353638419985277E-007   0.369810441E-004   0.000000000E+000
   0.21384451751038647E-007  -0.880856096E-004   0.000000000E+000
   0.21415265082092017E-007  -0.145013284E-003   0.000000000E+000
   0.21446078413145386E-007  -0.678889846E-004   0.000000000E+000
   0.21476891744198756E-007   0.820427449E-004   0.000000000E+000
   0.21507705075252126E-007   0.165006277E-003   0.000000000E+000
   0.21538518406305496E-007   0.995217488E-004   0.000000000E+000
   0.21569331737358866E-007  -0.571401251E-004   0.000000000E+000
   0.21600145068412235E-007  -0.167101796E-003   0.000000000E+000
   0.21630958399465605E-007  -0.138204967E-003   0.000000000E+000
   0.21661771730518975E-007   0.565293885E-005   0.000000000E+000
   0.21692585061572345E-007   0.152423891E-003   0.000000000E+000
   0.21723398392625715E-007   0.184496035E-003   0.000000000E+000
   0.21754211723679084E-007   0.628615526E-004   0.000000000E+000
   0.21785025054732454E-007  -0.129179272E-003   0.000000000E+000
   0.21815838385785824E-007  -0.229797079E-003   0.000000000E+000
   0.21846651716839194E-007  -0.132532325E-003   0.000000000E+000
   0.21877465047892564E-007   0.957369048E-004   0.000000000E+000
   0.21908278378945933E-007   0.252674101E-003   0.000000000E+000
   0.21939091709999303E-007   0.188466220E-003   0.000000000E+000
   0.21969905041052673E-007  -0.436434493E-004   0.000000000E+000
   0.22000718372106043E-007  -0.238064968E-003   0.000000000E+000
   0.22031531703159413E-007  -0.231401471E-003   0.000000000E+000
   0.22062345034212782E-007  -0.377184042E-004   0.000000000E+000
   0.22093158365266152E-007   0.184795048E-003   0.000000000E+000
   0.22123971696319522E-007   0.266336079E-003   0.000000000E+000
   0.22154785027372892E-007   0.140393793E-003   0.000000000E+000
   0.22185598358426262E-007  -0.110292865E-003   0.000000000E+000
   0.22216411689479632E-007  -0.293360557E-003   0.000000000E+000
   0.22247225020533001E-007  -0.241317248E-003   0.000000000E+000
   0.22278038351586371E-007   0.294129277E-004   0.000000000E+000
   0.22308851682639741E-007   0.294942816E-003   0.000000000E+000
   0.22339665013693111E-007   0.311298674E-003   0.000000000E+000
   0.22370478344746481E-007   0.529763929E-004   0.000000000E+000
   0.22401291675799850E-007  -0.252226775E-003   0.000000000E+000
   0.22432105006853220E-007  -0.339162303E-003   0.000000000E+000
   0.22462918337906590E-007  -0.145161204E-003   0.000000000E+000
   0.22493731668959960E-007   0.158115377E-003   0.000000000E+000
   0.22524545000013330E-007   0.330670038E-003   0.000000000E+000
   0.22555358331066699E-007   0.246768410E-003   0.000000000E+000
   0.22586171662120069E-007  -0.322771957E-004   0.000000000E+000
   0.22616984993173439E-007  -0.301185471E-003   0.000000000E+000
   0.22647798324226809E-007  -0.341911073E-003   0.000000000E+000
   0.22678611655280179E-007  -0.954454881E-004   0.000000000E+000
   0.22709424986333548E-007   0.252384867E-003   0.000000000E+000
   0.22740238317386918E-007   0.399147713E-003   0.000000000E+000
   0.22771051648440288E-007   0.200782684E-003   0.000000000E+000
   0.22801864979493658E-007  -0.175185487E-003   0.000000000E+000
   0.22832678310547028E-007  -0.398215663E-003   0.000000000E+000
   0.22863491641600397E-007  -0.282290159E-003   0.000000000E+000
   0.22894304972653767E-007   0.594200974E-004   0.000000000E+000
   0.22925118303707137E-007   0.340243627E-003   0.000000000E+000
   0.22955931634760507E-007   0.346315355E-003   0.000000000E+000
   0.22986744965813877E-007   0.829892233E-004   0.000000000E+000
   0.23017558296867247E-007  -0.249031553E-003   0.000000000E+000
   0.23048371627920616E-007  -0.394244853E-003   0.000000000E+000
   0.23079184958973986E-007  -0.223426119E-003   0.000000000E+000
   0.23109998290027356E-007   0.145496830E-003   0.000000000E+000
   0.23140811621080726E-007   0.409061497E-003   0.000000000E+000
   0.23171624952134096E-007   0.328667404E-003   0.000000000E+000
   0.23202438283187465E-007  -0.381490099E-004   0.000000000E+000
   0.23233251614240835E-007  -0.372749142E-003   0.000000000E+000
   0.23264064945294205E-007  -0.386411499E-003   0.000000000E+000
   0.23294878276347575E-007  -0.792618375E-004   0.000000000E+000
   0.23325691607400945E-007   0.280171429E-003   0.000000000E+000
   0.23356504938454314E-007   0.402525300E-003   0.000000000E+000
   0.23387318269507684E-007   0.204365424E-003   0.000000000E+000
   0.23418131600561054E-007  -0.152288922E-003   0.000000000E+000
   0.23448944931614424E-007  -0.391235197E-003   0.000000000E+000
   0.23479758262667794E-007  -0.320388644E-003   0.000000000E+000
   0.23510571593721163E-007   0.172335713E-004   0.000000000E+000
   0.23541384924774533E-007   0.352928735E-003   0.000000000E+000
   0.23572198255827903E-007   0.398401782E-003   0.000000000E+000
   0.23603011586881273E-007   0.103709259E-003   0.000000000E+000
   0.23633824917934643E-007  -0.280389591E-003   0.000000000E+000
   0.23664638248988012E-007  -0.422474230E-003   0.000000000E+000
   0.23695451580041382E-007  -0.208735422E-003   0.000000000E+000
   0.23726264911094752E-007   0.168304032E-003   0.000000000E+000
   0.23757078242148122E-007   0.394958246E-003   0.000000000E+000
   0.23787891573201492E-007   0.299075880E-003   0.000000000E+000
   0.23818704904254862E-007  -0.319396786E-004   0.000000000E+000
   0.23849518235308231E-007  -0.334977522E-003   0.000000000E+000
   0.23880331566361601E-007  -0.370037917E-003   0.000000000E+000
   0.23911144897414971E-007  -0.102573918E-003   0.000000000E+000
   0.23941958228468341E-007   0.255410210E-003   0.000000000E+000
   0.23972771559521711E-007   0.403489918E-003   0.000000000E+000
   0.24003584890575080E-007   0.210058046E-003   0.000000000E+000
   0.24034398221628450E-007  -0.160087759E-003   0.000000000E+000
   0.24065211552681820E-007  -0.387659995E-003   0.000000000E+000
   0.24096024883735190E-007  -0.285265764E-003   0.000000000E+000
   0.24126838214788560E-007   0.463866163E-004   0.000000000E+000
   0.24157651545841929E-007   0.325413246E-003   0.000000000E+000
   0.24188464876895299E-007   0.332833064E-003   0.000000000E+000
   0.24219278207948669E-007   0.751327316E-004   0.000000000E+000
   0.24250091539002039E-007  -0.238316221E-003   0.000000000E+000
   0.24280904870055409E-007  -0.358200690E-003   0.000000000E+000
   0.24311718201108778E-007  -0.184482982E-003   0.000000000E+000
   0.24342531532162148E-007   0.145197002E-003   0.000000000E+000
   0.24373344863215518E-007   0.353816547E-003   0.000000000E+000
   0.24404158194268888E-007   0.259557331E-003   0.000000000E+000
   0.24434971525322258E-007  -0.547661621E-004   0.000000000E+000
   0.24465784856375627E-007  -0.312551187E-003   0.000000000E+000
   0.24496598187428997E-007  -0.296807528E-003   0.000000000E+000
   0.24527411518482367E-007  -0.376179814E-004   0.000000000E+000
   0.24558224849535737E-007   0.236267806E-003   0.000000000E+000
   0.24589038180589107E-007   0.305983791E-003   0.000000000E+000
   0.24619851511642477E-007   0.129779772E-003   0.000000000E+000
   0.24650664842695846E-007  -0.145298283E-003   0.000000000E+000
   0.24681478173749216E-007  -0.301226275E-003   0.000000000E+000
   0.24712291504802586E-007  -0.209986421E-003   0.000000000E+000
   0.24743104835855956E-007   0.598492188E-004   0.000000000E+000
   0.24773918166909326E-007   0.281802146E-003   0.000000000E+000
   0.24804731497962695E-007   0.259076944E-003   0.000000000E+000
   0.24835544829016065E-007   0.100789475E-004   0.000000000E+000
   0.24866358160069435E-007  -0.240178197E-003   0.000000000E+000
   0.24897171491122805E-007  -0.271982513E-003   0.000000000E+000
   0.24927984822176175E-007  -0.727885490E-004   0.000000000E+000
   0.24958798153229544E-007   0.171000764E-003   0.000000000E+000
   0.24989611484282914E-007   0.258257583E-003   0.000000000E+000
   0.25020424815336284E-007   0.135562121E-003   0.000000000E+000
   0.25051238146389654E-007  -0.876593258E-004   0.000000000E+000
   0.25082051477443024E-007  -0.237037355E-003   0.000000000E+000
   0.25112864808496393E-007  -0.195542729E-003   0.000000000E+000
   0.25143678139549763E-007   0.102835911E-004   0.000000000E+000
   0.25174491470603133E-007   0.213938896E-003   0.000000000E+000
   0.25205304801656503E-007   0.234563282E-003   0.000000000E+000
   0.25236118132709873E-007   0.459650764E-004   0.000000000E+000
   0.25266931463763243E-007  -0.182040749E-003   0.000000000E+000
   0.25297744794816612E-007  -0.240879017E-003   0.000000000E+000
   0.25328558125869982E-007  -0.864176982E-004   0.000000000E+000
   0.25359371456923352E-007   0.128903077E-003   0.000000000E+000
   0.25390184787976722E-007   0.217122724E-003   0.000000000E+000
   0.25420998119030092E-007   0.122792844E-003   0.000000000E+000
   0.25451811450083461E-007  -0.586612732E-004   0.000000000E+000
   0.25482624781136831E-007  -0.183019845E-003   0.000000000E+000
   0.25513438112190201E-007  -0.161735632E-003   0.000000000E+000
   0.25544251443243571E-007  -0.114815775E-004   0.000000000E+000
   0.25575064774296941E-007   0.152724926E-003   0.000000000E+000
   0.25605878105350310E-007   0.191232786E-003   0.000000000E+000
   0.25636691436403680E-007   0.602460932E-004   0.000000000E+000
   0.25667504767457050E-007  -0.127572028E-003   0.000000000E+000
   0.25698318098510420E-007  -0.196847497E-003   0.000000000E+000
   0.25729131429563790E-007  -0.847192787E-004   0.000000000E+000
   0.25759944760617159E-007   0.947851877E-004   0.000000000E+000
   0.25790758091670529E-007   0.173442313E-003   0.000000000E+000
   0.25821571422723899E-007   0.957394877E-004   0.000000000E+000
   0.25852384753777269E-007  -0.496739740E-004   0.000000000E+000
   0.25883198084830639E-007  -0.136760587E-003   0.000000000E+000
   0.25914011415884008E-007  -0.109080065E-003   0.000000000E+000
   0.25944824746937378E-007  -0.249492587E-007   0.000000000E+000
   0.25975638077990748E-007   0.105749627E-003   0.000000000E+000
   0.26006451409044118E-007   0.125112681E-003   0.000000000E+000
   0.26037264740097488E-007   0.353268988E-004   0.000000000E+000
   0.26068078071150858E-007  -0.910581439E-004   0.000000000E+000
   0.26098891402204227E-007  -0.135030859E-003   0.000000000E+000
   0.26129704733257597E-007  -0.485973433E-004   0.000000000E+000
   0.26160518064310967E-007   0.839295826E-004   0.000000000E+000
   0.26191331395364337E-007   0.129036489E-003   0.000000000E+000
   0.26222144726417707E-007   0.466412312E-004   0.000000000E+000
   0.26252958057471076E-007  -0.730147221E-004   0.000000000E+000
   0.26283771388524446E-007  -0.113657268E-003   0.000000000E+000
   0.26314584719577816E-007  -0.484147895E-004   0.000000000E+000
   0.26345398050631186E-007   0.529013050E-004   0.000000000E+000
   0.26376211381684556E-007   0.102318547E-003   0.000000000E+000
   0.26407024712737925E-007   0.632600277E-004   0.000000000E+000
   0.26437838043791295E-007  -0.322989872E-004   0.000000000E+000
   0.26468651374844665E-007  -0.106638290E-003   0.000000000E+000
   0.26499464705898035E-007  -0.892212192E-004   0.000000000E+000
   0.26530278036951405E-007   0.175635214E-004   0.000000000E+000
   0.26561091368004774E-007   0.120712582E-003   0.000000000E+000
   0.26591904699058144E-007   0.114302929E-003   0.000000000E+000
   0.26622718030111514E-007  -0.759543036E-005   0.000000000E+000
   0.26653531361164884E-007  -0.131324297E-003   0.000000000E+000
   0.26684344692218254E-007  -0.134525544E-003   0.000000000E+000
   0.26715158023271623E-007  -0.109245011E-004   0.000000000E+000
   0.26745971354324993E-007   0.125360413E-003   0.000000000E+000
   0.26776784685378363E-007   0.151912012E-003   0.000000000E+000
   0.26807598016431733E-007   0.460325609E-004   0.000000000E+000
   0.26838411347485103E-007  -0.103621678E-003   0.000000000E+000
   0.26869224678538473E-007  -0.172409389E-003   0.000000000E+000
   0.26900038009591842E-007  -0.967319938E-004   0.000000000E+000
   0.26930851340645212E-007   0.706892461E-004   0.000000000E+000
   0.26961664671698582E-007   0.190752951E-003   0.000000000E+000
   0.26992478002751952E-007   0.149533967E-003   0.000000000E+000
   0.27023291333805322E-007  -0.311346521E-004   0.000000000E+000
   0.27054104664858691E-007  -0.196631518E-003   0.000000000E+000
   0.27084917995912061E-007  -0.194589971E-003   0.000000000E+000
   0.27115731326965431E-007  -0.193777523E-004   0.000000000E+000
   0.27146544658018801E-007   0.178312242E-003   0.000000000E+000
   0.27177357989072171E-007   0.226578268E-003   0.000000000E+000
   0.27208171320125540E-007   0.819999841E-004   0.000000000E+000
   0.27238984651178910E-007  -0.136608491E-003   0.000000000E+000
   0.27269797982232280E-007  -0.247505435E-003   0.000000000E+000
   0.27300611313285650E-007  -0.152822176E-003   0.000000000E+000
   0.27331424644339020E-007   0.776880333E-004   0.000000000E+000
   0.27362237975392389E-007   0.253414502E-003   0.000000000E+000
   0.27393051306445759E-007   0.217482637E-003   0.000000000E+000
   0.27423864637499129E-007  -0.105497893E-004   0.000000000E+000
   0.27454677968552499E-007  -0.238379376E-003   0.000000000E+000
   0.27485491299605869E-007  -0.265447627E-003   0.000000000E+000
   0.27516304630659238E-007  -0.637460325E-004   0.000000000E+000
   0.27547117961712608E-007   0.195217261E-003   0.000000000E+000
   0.27577931292765978E-007   0.291113625E-003   0.000000000E+000
   0.27608744623819348E-007   0.142621269E-003   0.000000000E+000
   0.27639557954872718E-007  -0.128246451E-003   0.000000000E+000
   0.27670371285926088E-007  -0.297827675E-003   0.000000000E+000
   0.27701184616979457E-007  -0.221158203E-003   0.000000000E+000
   0.27731997948032827E-007   0.466077181E-004   0.000000000E+000
   0.27762811279086197E-007   0.284847396E-003   0.000000000E+000
   0.27793624610139567E-007   0.285542395E-003   0.000000000E+000
   0.27824437941192937E-007   0.377781398E-004   0.000000000E+000
   0.27855251272246306E-007  -0.249618897E-003   0.000000000E+000
   0.27886064603299676E-007  -0.325841043E-003   0.000000000E+000
   0.27916877934353046E-007  -0.122116238E-003   0.000000000E+000
   0.27947691265406416E-007   0.186638732E-003   0.000000000E+000
   0.27978504596459786E-007   0.337412988E-003   0.000000000E+000
   0.28009317927513155E-007   0.204559939E-003   0.000000000E+000
   0.28040131258566525E-007  -0.100622390E-003   0.000000000E+000
   0.28070944589619895E-007  -0.326030742E-003   0.000000000E+000
   0.28101757920673265E-007  -0.282518566E-003   0.000000000E+000
   0.28132571251726635E-007   0.167032704E-005   0.000000000E+000
   0.28163384582780004E-007   0.294374942E-003   0.000000000E+000
   0.28194197913833374E-007   0.343625870E-003   0.000000000E+000
   0.28225011244886744E-007   0.960651960E-004   0.000000000E+000
   0.28255824575940114E-007  -0.242218986E-003   0.000000000E+000
   0.28286637906993484E-007  -0.377075165E-003   0.000000000E+000
   0.28317451238046853E-007  -0.187667290E-003   0.000000000E+000
   0.28348264569100223E-007   0.163757883E-003   0.000000000E+000
   0.28379077900153593E-007   0.376177370E-003   0.000000000E+000
   0.28409891231206963E-007   0.271115889E-003   0.000000000E+000
   0.28440704562260333E-007  -0.617537589E-004   0.000000000E+000
   0.28471517893313703E-007  -0.346124347E-003   0.000000000E+000
   0.28502331224367072E-007  -0.345602224E-003   0.000000000E+000
   0.28533144555420442E-007  -0.543431670E-004   0.000000000E+000
   0.28563957886473812E-007   0.291852048E-003   0.000000000E+000
   0.28594771217527182E-007   0.400175748E-003   0.000000000E+000
   0.28625584548580552E-007   0.167632898E-003   0.000000000E+000
   0.28656397879633921E-007  -0.216691362E-003   0.000000000E+000
   0.28687211210687291E-007  -0.422876095E-003   0.000000000E+000
   0.28718024541740661E-007  -0.268351927E-003   0.000000000E+000
   0.28748837872794031E-007   0.117024698E-003   0.000000000E+000
   0.28779651203847401E-007   0.404178485E-003   0.000000000E+000
   0.28810464534900770E-007   0.350972172E-003   0.000000000E+000
   0.28841277865954140E-007   0.399889541E-005   0.000000000E+000
   0.28872091197007510E-007  -0.348122645E-003   0.000000000E+000
   0.28902904528060880E-007  -0.414441747E-003   0.000000000E+000
   0.28933717859114250E-007  -0.136215735E-003   0.000000000E+000
   0.28964531190167619E-007   0.262509478E-003   0.000000000E+000
   0.28995344521220989E-007   0.449811632E-003   0.000000000E+000
   0.29026157852274359E-007   0.259668566E-003   0.000000000E+000
   0.29056971183327729E-007  -0.156712136E-003   0.000000000E+000
   0.29087784514381099E-007  -0.447040278E-003   0.000000000E+000
   0.29118597845434468E-007  -0.359779224E-003   0.000000000E+000
   0.29149411176487838E-007   0.330511539E-004   0.000000000E+000
   0.29180224507541208E-007   0.397566851E-003   0.000000000E+000
   0.29211037838594578E-007   0.427723629E-003   0.000000000E+000
   0.29241851169647948E-007   0.102083955E-003   0.000000000E+000
   0.29272664500701318E-007  -0.307244598E-003   0.000000000E+000
   0.29303477831754687E-007  -0.463595381E-003   0.000000000E+000
   0.29334291162808057E-007  -0.237564367E-003   0.000000000E+000
   0.29365104493861427E-007   0.188635444E-003   0.000000000E+000
   0.29395917824914797E-007   0.463601551E-003   0.000000000E+000
   0.29426731155968167E-007   0.352717994E-003   0.000000000E+000
   0.29457544487021536E-007  -0.581561180E-004   0.000000000E+000
   0.29488357818074906E-007  -0.423799676E-003   0.000000000E+000
   0.29519171149128276E-007  -0.431984110E-003   0.000000000E+000
   0.29549984480181646E-007  -0.759753457E-004   0.000000000E+000
   0.29580797811235016E-007   0.340177299E-003   0.000000000E+000
   0.29611611142288385E-007   0.467260455E-003   0.000000000E+000
   0.29642424473341755E-007   0.205726479E-003   0.000000000E+000
   0.29673237804395125E-007  -0.221844617E-003   0.000000000E+000
   0.29704051135448495E-007  -0.463217322E-003   0.000000000E+000
   0.29734864466501865E-007  -0.322494685E-003   0.000000000E+000
   0.29765677797555234E-007   0.849714561E-004   0.000000000E+000
   0.29796491128608604E-007   0.423812016E-003   0.000000000E+000
   0.29827304459661974E-007   0.409675034E-003   0.000000000E+000
   0.29858117790715344E-007   0.499873422E-004   0.000000000E+000
   0.29888931121768714E-007  -0.352630654E-003   0.000000000E+000
   0.29919744452822084E-007  -0.455185829E-003   0.000000000E+000
   0.29950557783875453E-007  -0.172615546E-003   0.000000000E+000
   0.29981371114928823E-007   0.249699282E-003   0.000000000E+000
   0.30012184445982193E-007   0.454100547E-003   0.000000000E+000
   0.30042997777035563E-007   0.277064159E-003   0.000000000E+000
   0.30073811108088933E-007  -0.124314771E-003   0.000000000E+000
   0.30104624439142302E-007  -0.415700342E-003   0.000000000E+000
   0.30135437770195672E-007  -0.361102313E-003   0.000000000E+000
   0.30166251101249042E-007  -0.863434980E-005   0.000000000E+000
   0.30197064432302412E-007   0.350102142E-003   0.000000000E+000
   0.30227877763355782E-007   0.415324466E-003   0.000000000E+000
   0.30258691094409151E-007   0.129491236E-003   0.000000000E+000
   0.30289504425462521E-007  -0.265943527E-003   0.000000000E+000
   0.30320317756515891E-007  -0.432257948E-003   0.000000000E+000
   0.30351131087569261E-007  -0.228808552E-003   0.000000000E+000
   0.30381944418622631E-007   0.164088706E-003   0.000000000E+000
   0.30412757749676000E-007   0.408417458E-003   0.000000000E+000
   0.30443571080729370E-007   0.304007961E-003   0.000000000E+000
   0.30474384411782740E-007  -0.500375172E-004   0.000000000E+000
   0.30505197742836110E-007  -0.353645184E-003   0.000000000E+000
   0.30536011073889480E-007  -0.358983991E-003   0.000000000E+000
   0.30566824404942849E-007  -0.666366541E-004   0.000000000E+000
   0.30597637735996219E-007   0.279747037E-003   0.000000000E+000
   0.30628451067049589E-007   0.390492147E-003   0.000000000E+000
   0.30659264398102959E-007   0.169548948E-003   0.000000000E+000
   0.30690077729156329E-007  -0.197088186E-003   0.000000000E+000
   0.30720891060209699E-007  -0.393650989E-003   0.000000000E+000
   0.30751704391263068E-007  -0.250081735E-003   0.000000000E+000
   0.30782517722316438E-007   0.105655665E-003   0.000000000E+000
   0.30813331053369808E-007   0.363291503E-003   0.000000000E+000
   0.30844144384423178E-007   0.306279748E-003   0.000000000E+000
   0.30874957715476548E-007  -0.662711682E-005   0.000000000E+000
   0.30905771046529917E-007  -0.305851980E-003   0.000000000E+000
   0.30936584377583287E-007  -0.344421918E-003   0.000000000E+000
   0.30967397708636657E-007  -0.959697645E-004   0.000000000E+000
   0.30998211039690027E-007   0.231430429E-003   0.000000000E+000
   0.31029024370743397E-007   0.364718755E-003   0.000000000E+000
   0.31059837701796766E-007   0.188699923E-003   0.000000000E+000
   0.31090651032850136E-007  -0.151330722E-003   0.000000000E+000
   0.31121464363903506E-007  -0.363677391E-003   0.000000000E+000
   0.31152277694956876E-007  -0.261642796E-003   0.000000000E+000
   0.31183091026010246E-007   0.665666594E-004   0.000000000E+000
   0.31213904357063615E-007   0.333502598E-003   0.000000000E+000
   0.31244717688116985E-007   0.309745956E-003   0.000000000E+000
   0.31275531019170355E-007   0.233127794E-004   0.000000000E+000
   0.31306344350223725E-007  -0.275975734E-003   0.000000000E+000
   0.31337157681277095E-007  -0.338200887E-003   0.000000000E+000
   0.31367971012330464E-007  -0.118020223E-003   0.000000000E+000
   0.31398784343383834E-007   0.198571157E-003   0.000000000E+000
   0.31429597674437204E-007   0.349271490E-003   0.000000000E+000
   0.31460411005490574E-007   0.206639234E-003   0.000000000E+000
   0.31491224336543944E-007  -0.114156399E-003   0.000000000E+000
   0.31522037667597314E-007  -0.342253392E-003   0.000000000E+000
   0.31552850998650683E-007  -0.277887390E-003   0.000000000E+000
   0.31583664329704053E-007   0.277460495E-004   0.000000000E+000
   0.31614477660757423E-007   0.309559109E-003   0.000000000E+000
   0.31645290991810793E-007   0.322323001E-003   0.000000000E+000
   0.31676104322864163E-007   0.586822571E-004   0.000000000E+000
   0.31706917653917532E-007  -0.249908539E-003   0.000000000E+000
   0.31737730984970902E-007  -0.341720501E-003   0.000000000E+000
   0.31768544316024272E-007  -0.146350721E-003   0.000000000E+000
   0.31799357647077642E-007   0.167506034E-003   0.000000000E+000
   0.31830170978131012E-007   0.339286285E-003   0.000000000E+000
   0.31860984309184381E-007   0.227967248E-003   0.000000000E+000
   0.31891797640237751E-007  -0.754759822E-004   0.000000000E+000
   0.31922610971291121E-007  -0.318856124E-003   0.000000000E+000
   0.31953424302344491E-007  -0.294108671E-003   0.000000000E+000
   0.31984237633397861E-007  -0.170254498E-004   0.000000000E+000
   0.32015050964451230E-007   0.277137762E-003   0.000000000E+000
   0.32045864295504600E-007   0.333600503E-003   0.000000000E+000
   0.32076677626557970E-007   0.103115104E-003   0.000000000E+000
   0.32107490957611340E-007  -0.213654886E-003   0.000000000E+000
   0.32138304288664710E-007  -0.344478001E-003   0.000000000E+000
   0.32169117619718079E-007  -0.182302203E-003   0.000000000E+000
   0.32199930950771449E-007   0.129735912E-003   0.000000000E+000
   0.32230744281824819E-007   0.328065304E-003   0.000000000E+000
   0.32261557612878189E-007   0.250389799E-003   0.000000000E+000
   0.32292370943931559E-007  -0.353474752E-004   0.000000000E+000
   0.32323184274984929E-007  -0.290873868E-003   0.000000000E+000
   0.32353997606038298E-007  -0.303109613E-003   0.000000000E+000
   0.32384810937091668E-007  -0.601557258E-004   0.000000000E+000
   0.32415624268145038E-007   0.235170097E-003   0.000000000E+000
   0.32446437599198408E-007   0.332283787E-003   0.000000000E+000
   0.32477250930251778E-007   0.146419028E-003   0.000000000E+000
   0.32508064261305147E-007  -0.164944169E-003   0.000000000E+000
   0.32538877592358517E-007  -0.335216348E-003   0.000000000E+000
   0.32569690923411887E-007  -0.219063280E-003   0.000000000E+000
   0.32600504254465257E-007   0.821729773E-004   0.000000000E+000
   0.32631317585518627E-007   0.310077099E-003   0.000000000E+000
   0.32662130916571996E-007   0.272832811E-003   0.000000000E+000
   0.32692944247625366E-007   0.658832141E-005   0.000000000E+000
   0.32723757578678736E-007  -0.261117733E-003   0.000000000E+000
   0.32754570909732106E-007  -0.306918024E-003   0.000000000E+000
   0.32785384240785476E-007  -0.964642240E-004   0.000000000E+000
   0.32816197571838845E-007   0.192257416E-003   0.000000000E+000
   0.32847010902892215E-007   0.319000101E-003   0.000000000E+000
   0.32877824233945585E-007   0.178676913E-003   0.000000000E+000
   0.32908637564998955E-007  -0.112353096E-003   0.000000000E+000
   0.32939450896052325E-007  -0.310456322E-003   0.000000000E+000
   0.32970264227105694E-007  -0.246590760E-003   0.000000000E+000
   0.33001077558159064E-007   0.279194792E-004   0.000000000E+000
   0.33031890889212434E-007   0.279429485E-003   0.000000000E+000
   0.33062704220265804E-007   0.291119039E-003   0.000000000E+000
   0.33093517551319174E-007   0.534684659E-004   0.000000000E+000
   0.33124330882372544E-007  -0.226689022E-003   0.000000000E+000
   0.33155144213425913E-007  -0.309526717E-003   0.000000000E+000
   0.33185957544479283E-007  -0.130474829E-003   0.000000000E+000
   0.33216770875532653E-007   0.152413588E-003   0.000000000E+000
   0.33247584206586023E-007   0.302097294E-003   0.000000000E+000
   0.33278397537639393E-007   0.200094044E-003   0.000000000E+000
   0.33309210868692762E-007  -0.653374882E-004   0.000000000E+000
   0.33340024199746132E-007  -0.276410836E-003   0.000000000E+000
   0.33370837530799502E-007  -0.259130757E-003   0.000000000E+000
   0.33401650861852872E-007  -0.236954947E-004   0.000000000E+000
   0.33432464192906242E-007   0.235950283E-003   0.000000000E+000
   0.33463277523959611E-007   0.296995742E-003   0.000000000E+000
   0.33494090855012981E-007   0.101856334E-003   0.000000000E+000
   0.33524904186066351E-007  -0.181966461E-003   0.000000000E+000
   0.33555717517119721E-007  -0.306456088E-003   0.000000000E+000
   0.33586530848173091E-007  -0.166313504E-003   0.000000000E+000
   0.33617344179226460E-007   0.110359528E-003   0.000000000E+000
   0.33648157510279830E-007   0.284937792E-003   0.000000000E+000
   0.33678970841333200E-007   0.218051602E-003   0.000000000E+000
   0.33709784172386570E-007  -0.247613352E-004   0.000000000E+000
   0.33740597503439940E-007  -0.242167094E-003   0.000000000E+000
   0.33771410834493309E-007  -0.260708155E-003   0.000000000E+000
   0.33802224165546679E-007  -0.652538729E-004   0.000000000E+000
   0.33833037496600049E-007   0.188011385E-003   0.000000000E+000
   0.33863850827653419E-007   0.288091309E-003   0.000000000E+000
   0.33894664158706789E-007   0.142859659E-003   0.000000000E+000
   0.33925477489760159E-007  -0.129352338E-003   0.000000000E+000
   0.33956290820813528E-007  -0.291438279E-003   0.000000000E+000
   0.33987104151866898E-007  -0.199807910E-003   0.000000000E+000
   0.34017917482920268E-007   0.620095379E-004   0.000000000E+000
   0.34048730813973638E-007   0.262937334E-003   0.000000000E+000
   0.34079544145027008E-007   0.235988497E-003   0.000000000E+000
   0.34110357476080377E-007   0.157996546E-004   0.000000000E+000
   0.34141170807133747E-007  -0.209241378E-003   0.000000000E+000
   0.34171984138187117E-007  -0.259803754E-003   0.000000000E+000
   0.34202797469240487E-007  -0.999133918E-004   0.000000000E+000
   0.34233610800293857E-007   0.142698889E-003   0.000000000E+000
   0.34264424131347226E-007   0.271658646E-003   0.000000000E+000
   0.34295237462400596E-007   0.174112458E-003   0.000000000E+000
   0.34326050793453966E-007  -0.761057745E-004   0.000000000E+000
   0.34356864124507336E-007  -0.265749812E-003   0.000000000E+000
   0.34387677455560706E-007  -0.225960001E-003   0.000000000E+000
   0.34418490786614075E-007   0.928385998E-005   0.000000000E+000
   0.34449304117667445E-007   0.231657512E-003   0.000000000E+000
   0.34480117448720815E-007   0.250996178E-003   0.000000000E+000
   0.34510930779774185E-007   0.610391580E-004   0.000000000E+000
   0.34541744110827555E-007  -0.171306092E-003   0.000000000E+000
   0.34572557441880925E-007  -0.257956563E-003   0.000000000E+000
   0.34603370772934294E-007  -0.135838331E-003   0.000000000E+000
   0.34634184103987664E-007   0.957402954E-004   0.000000000E+000
   0.34664997435041034E-007   0.252253987E-003   0.000000000E+000
   0.34695810766094404E-007   0.202145719E-003   0.000000000E+000
   0.34726624097147774E-007  -0.215792097E-004   0.000000000E+000
   0.34757437428201143E-007  -0.232820166E-003   0.000000000E+000
   0.34788250759254513E-007  -0.245791452E-003   0.000000000E+000
   0.34819064090307883E-007  -0.463951292E-004   0.000000000E+000
   0.34849877421361253E-007   0.189527054E-003   0.000000000E+000
   0.34880690752414623E-007   0.258342916E-003   0.000000000E+000
   0.34911504083467992E-007   0.110273177E-003   0.000000000E+000
   0.34942317414521362E-007  -0.121327554E-003   0.000000000E+000
   0.34973130745574732E-007  -0.247438875E-003   0.000000000E+000
   0.35003944076628102E-007  -0.174089218E-003   0.000000000E+000
   0.35034757407681472E-007   0.377590331E-004   0.000000000E+000
   0.35065570738734841E-007   0.222133560E-003   0.000000000E+000
   0.35096384069788211E-007   0.228191042E-003   0.000000000E+000
   0.35127197400841581E-007   0.416912371E-004   0.000000000E+000
   0.35158010731894951E-007  -0.186542922E-003   0.000000000E+000
   0.35188824062948321E-007  -0.258116081E-003   0.000000000E+000
   0.35219637394001690E-007  -0.107236017E-003   0.000000000E+000
   0.35250450725055060E-007   0.132514499E-003   0.000000000E+000
   0.35281264056108430E-007   0.252413301E-003   0.000000000E+000
   0.35312077387161800E-007   0.159063042E-003   0.000000000E+000
   0.35342890718215170E-007  -0.569991826E-004   0.000000000E+000
   0.35373704049268540E-007  -0.217976965E-003   0.000000000E+000
   0.35404517380321909E-007  -0.204594413E-003   0.000000000E+000
   0.35435330711375279E-007  -0.321423868E-004   0.000000000E+000
   0.35466144042428649E-007   0.168581755E-003   0.000000000E+000
   0.35496957373482019E-007   0.239280198E-003   0.000000000E+000
   0.35527770704535389E-007   0.112664144E-003   0.000000000E+000
   0.35558584035588758E-007  -0.115749412E-003   0.000000000E+000
   0.35589397366642128E-007  -0.250229496E-003   0.000000000E+000
   0.35620210697695498E-007  -0.168948260E-003   0.000000000E+000
   0.35651024028748868E-007   0.552920101E-004   0.000000000E+000
   0.35681837359802238E-007   0.223290554E-003   0.000000000E+000
   0.35712650690855607E-007   0.198370792E-003   0.000000000E+000
   0.35743464021908977E-007   0.181987270E-004   0.000000000E+000
   0.35774277352962347E-007  -0.163493314E-003   0.000000000E+000
   0.35805090684015717E-007  -0.212928382E-003   0.000000000E+000
   0.35835904015069087E-007  -0.101649704E-003   0.000000000E+000
   0.35866717346122456E-007   0.890064475E-004   0.000000000E+000
   0.35897530677175826E-007   0.217319117E-003   0.000000000E+000
   0.35928344008229196E-007   0.173484979E-003   0.000000000E+000
   0.35959157339282566E-007  -0.209421123E-004   0.000000000E+000
   0.35989970670335936E-007  -0.205015021E-003   0.000000000E+000
   0.36020784001389305E-007  -0.213105814E-003   0.000000000E+000
   0.36051597332442675E-007  -0.375767122E-004   0.000000000E+000
   0.36082410663496045E-007   0.160936266E-003   0.000000000E+000
   0.36113223994549415E-007   0.213182328E-003   0.000000000E+000
   0.36144037325602785E-007   0.933876436E-004   0.000000000E+000
   0.36174850656656155E-007  -0.855125836E-004   0.000000000E+000
   0.36205663987709524E-007  -0.188655773E-003   0.000000000E+000
   0.36236477318762894E-007  -0.152103181E-003   0.000000000E+000
   0.36267290649816264E-007  -0.348639151E-005   0.000000000E+000
   0.36298103980869634E-007   0.155468719E-003   0.000000000E+000
   0.36328917311923004E-007   0.199847476E-003   0.000000000E+000
   0.36359730642976373E-007   0.777399691E-004   0.000000000E+000
   0.36390543974029743E-007  -0.118872209E-003   0.000000000E+000
   0.36421357305083113E-007  -0.216128974E-003   0.000000000E+000
   0.36452170636136483E-007  -0.124912796E-003   0.000000000E+000
   0.36482983967189853E-007   0.671737944E-004   0.000000000E+000
   0.36513797298243222E-007   0.188419857E-003   0.000000000E+000
   0.36544610629296592E-007   0.150161562E-003   0.000000000E+000
   0.36575423960349962E-007   0.508937228E-005   0.000000000E+000
   0.36606237291403332E-007  -0.130067812E-003   0.000000000E+000
   0.36637050622456702E-007  -0.168259430E-003   0.000000000E+000
   0.36667863953510071E-007  -0.872957389E-004   0.000000000E+000
   0.36698677284563441E-007   0.646546905E-004   0.000000000E+000
   0.36729490615616811E-007   0.178606730E-003   0.000000000E+000
   0.36760303946670181E-007   0.151327797E-003   0.000000000E+000
   0.36791117277723551E-007  -0.101362239E-004   0.000000000E+000
   0.36821930608776920E-007  -0.167917213E-003   0.000000000E+000
   0.36852743939830290E-007  -0.178375980E-003   0.000000000E+000
   0.36883557270883660E-007  -0.377343385E-004   0.000000000E+000
   0.36914370601937030E-007   0.121186240E-003   0.000000000E+000
   0.36945183932990400E-007   0.169151317E-003   0.000000000E+000
   0.36975997264043770E-007   0.885046320E-004   0.000000000E+000
   0.37006810595097139E-007  -0.461113523E-004   0.000000000E+000
   0.37037623926150509E-007  -0.143853045E-003   0.000000000E+000
   0.37068437257203879E-007  -0.142692559E-003   0.000000000E+000
   0.37099250588257249E-007  -0.333269054E-004   0.000000000E+000
   0.37130063919310619E-007   0.115185736E-003   0.000000000E+000
   0.37160877250363988E-007   0.180094707E-003   0.000000000E+000
   0.37191690581417358E-007   0.912300020E-004   0.000000000E+000
   0.37222503912470728E-007  -0.810984493E-004   0.000000000E+000
   0.37253317243524098E-007  -0.181301992E-003   0.000000000E+000
   0.37284130574577468E-007  -0.124033410E-003   0.000000000E+000
   0.37314943905630837E-007   0.278704392E-004   0.000000000E+000
   0.37345757236684207E-007   0.142411838E-003   0.000000000E+000
   0.37376570567737577E-007   0.142475168E-003   0.000000000E+000
   0.37407383898790947E-007   0.437833442E-004   0.000000000E+000
   0.37438197229844317E-007  -0.840811917E-004   0.000000000E+000
   0.37469010560897686E-007  -0.157902105E-003   0.000000000E+000
   0.37499823891951056E-007  -0.115874740E-003   0.000000000E+000
   0.37530637223004426E-007   0.278574662E-004   0.000000000E+000
   0.37561450554057796E-007   0.161819946E-003   0.000000000E+000
   0.37592263885111166E-007   0.161141987E-003   0.000000000E+000
   0.37623077216164535E-007   0.178102200E-004   0.000000000E+000
   0.37653890547217905E-007  -0.138729767E-003   0.000000000E+000
   0.37684703878271275E-007  -0.170739484E-003   0.000000000E+000
   0.37715517209324645E-007  -0.637480116E-004   0.000000000E+000
   0.37746330540378015E-007   0.811182690E-004   0.000000000E+000
   0.37777143871431385E-007   0.154819805E-003   0.000000000E+000
   0.37807957202484754E-007   0.115998249E-003   0.000000000E+000
   0.37838770533538124E-007  -0.629568240E-005   0.000000000E+000
   0.37869583864591494E-007  -0.132887100E-003   0.000000000E+000
   0.37900397195644864E-007  -0.166004436E-003   0.000000000E+000
   0.37931210526698234E-007  -0.608599512E-004   0.000000000E+000
   0.37962023857751603E-007   0.108049819E-003   0.000000000E+000
   0.37992837188804973E-007   0.190038612E-003   0.000000000E+000
   0.38023650519858343E-007   0.104306026E-003   0.000000000E+000
   0.38054463850911713E-007  -0.704306512E-004   0.000000000E+000
   0.38085277181965083E-007  -0.176072703E-003   0.000000000E+000
   0.38116090513018452E-007  -0.131719396E-003   0.000000000E+000
   0.38146903844071822E-007   0.890625233E-005   0.000000000E+000
   0.38177717175125192E-007   0.131738707E-003   0.000000000E+000
   0.38208530506178562E-007   0.155359827E-003   0.000000000E+000
   0.38239343837231932E-007   0.659378784E-004   0.000000000E+000
   0.38270157168285301E-007  -0.812490689E-004   0.000000000E+000
   0.38300970499338671E-007  -0.177690061E-003   0.000000000E+000
   0.38331783830392041E-007  -0.130707675E-003   0.000000000E+000
   0.38362597161445411E-007   0.376621902E-004   0.000000000E+000
   0.38393410492498781E-007   0.181447540E-003   0.000000000E+000
   0.38424223823552150E-007   0.164310448E-003   0.000000000E+000
   0.38455037154605520E-007   0.257170177E-005   0.000000000E+000
   0.38485850485658890E-007  -0.152309454E-003   0.000000000E+000
   0.38516663816712260E-007  -0.170069659E-003   0.000000000E+000
   0.38547477147765630E-007  -0.539705943E-004   0.000000000E+000
   0.38578290478819000E-007   0.922500476E-004   0.000000000E+000
   0.38609103809872369E-007   0.164018187E-003   0.000000000E+000
   0.38639917140925739E-007   0.115546354E-003   0.000000000E+000
   0.38670730471979109E-007  -0.251291349E-004   0.000000000E+000
   0.38701543803032479E-007  -0.159455914E-003   0.000000000E+000
   0.38732357134085849E-007  -0.170240295E-003   0.000000000E+000
   0.38763170465139218E-007  -0.288467854E-004   0.000000000E+000
   0.38793983796192588E-007   0.148078005E-003   0.000000000E+000
   0.38824797127245958E-007   0.194616834E-003   0.000000000E+000
   0.38855610458299328E-007   0.655979820E-004   0.000000000E+000
   0.38886423789352698E-007  -0.114980212E-003   0.000000000E+000
   0.38917237120406067E-007  -0.185431534E-003   0.000000000E+000
   0.38948050451459437E-007  -0.100314755E-003   0.000000000E+000
   0.38978863782512807E-007   0.539738321E-004   0.000000000E+000
   0.39009677113566177E-007   0.157272632E-003   0.000000000E+000
   0.39040490444619547E-007   0.141624711E-003   0.000000000E+000
   0.39071303775672916E-007   0.174017769E-004   0.000000000E+000
   0.39102117106726286E-007  -0.130765562E-003   0.000000000E+000
   0.39132930437779656E-007  -0.182565054E-003   0.000000000E+000
   0.39163743768833026E-007  -0.767284073E-004   0.000000000E+000
   0.39194557099886396E-007   0.107621774E-003   0.000000000E+000
   0.39225370430939765E-007   0.201486459E-003   0.000000000E+000
   0.39256183761993135E-007   0.112049813E-003   0.000000000E+000
   0.39286997093046505E-007  -0.761144547E-004   0.000000000E+000
   0.39317810424099875E-007  -0.188314414E-003   0.000000000E+000
   0.39348623755153245E-007  -0.134258094E-003   0.000000000E+000
   0.39379437086206615E-007   0.233050378E-004   0.000000000E+000
   0.39410250417259984E-007   0.150580978E-003   0.000000000E+000
   0.39441063748313354E-007   0.156985348E-003   0.000000000E+000
   0.39471877079366724E-007   0.431735607E-004   0.000000000E+000
   0.39502690410420094E-007  -0.109698485E-003   0.000000000E+000
   0.39533503741473464E-007  -0.183444557E-003   0.000000000E+000
   0.39564317072526833E-007  -0.104467697E-003   0.000000000E+000
   0.39595130403580203E-007   0.752371052E-004   0.000000000E+000
   0.39625943734633573E-007   0.197859743E-003   0.000000000E+000
   0.39656757065686943E-007   0.143412268E-003   0.000000000E+000
   0.39687570396740313E-007  -0.421406439E-004   0.000000000E+000
   0.39718383727793682E-007  -0.186763253E-003   0.000000000E+000
   0.39749197058847052E-007  -0.163310498E-003   0.000000000E+000
   0.39780010389900422E-007  -0.387712498E-005   0.000000000E+000
   0.39810823720953792E-007   0.149161453E-003   0.000000000E+000
   0.39841637052007162E-007   0.175971698E-003   0.000000000E+000
   0.39872450383060531E-007   0.631736621E-004   0.000000000E+000
   0.39903263714113901E-007  -0.101394486E-003   0.000000000E+000
   0.39934077045167271E-007  -0.190203922E-003   0.000000000E+000
   0.39964890376220641E-007  -0.123697449E-003   0.000000000E+000
