t              AirBox.fdtd_Point probe A_Ey_25_50_13.dat       incid
   0.00000000000000000E+000   0.000000000E+000   0.000000000E+000
   0.30813331053369808E-010   0.000000000E+000   0.000000000E+000
   0.61626662106739616E-010   0.000000000E+000   0.000000000E+000
   0.92439993160109424E-010   0.000000000E+000   0.000000000E+000
   0.12325332421347923E-009   0.000000000E+000   0.000000000E+000
   0.15406665526684904E-009   0.000000000E+000   0.000000000E+000
   0.18487998632021885E-009   0.000000000E+000   0.000000000E+000
   0.21569331737358866E-009   0.000000000E+000   0.000000000E+000
   0.24650664842695846E-009   0.000000000E+000   0.000000000E+000
   0.27731997948032827E-009   0.000000000E+000   0.000000000E+000
   0.30813331053369808E-009   0.000000000E+000   0.000000000E+000
   0.33894664158706789E-009   0.000000000E+000   0.000000000E+000
   0.36975997264043770E-009   0.000000000E+000   0.000000000E+000
   0.40057330369380750E-009   0.000000000E+000   0.000000000E+000
   0.43138663474717731E-009   0.000000000E+000   0.000000000E+000
   0.46219996580054712E-009   0.000000000E+000   0.000000000E+000
   0.49301329685391693E-009   0.000000000E+000   0.000000000E+000
   0.52382662790728673E-009   0.000000000E+000   0.000000000E+000
   0.55463995896065654E-009   0.000000000E+000   0.000000000E+000
   0.58545329001402635E-009   0.000000000E+000   0.000000000E+000
   0.61626662106739616E-009   0.000000000E+000   0.000000000E+000
   0.64707995212076597E-009   0.000000000E+000   0.000000000E+000
   0.67789328317413577E-009   0.000000000E+000   0.000000000E+000
   0.70870661422750558E-009   0.000000000E+000   0.000000000E+000
   0.73951994528087539E-009   0.000000000E+000   0.000000000E+000
   0.77033327633424520E-009   0.000000000E+000   0.000000000E+000
   0.80114660738761501E-009   0.000000000E+000   0.000000000E+000
   0.83195993844098481E-009   0.000000000E+000   0.000000000E+000
   0.86277326949435462E-009   0.000000000E+000   0.000000000E+000
   0.89358660054772443E-009   0.000000000E+000   0.000000000E+000
   0.92439993160109424E-009   0.000000000E+000   0.000000000E+000
   0.95521326265446405E-009   0.000000000E+000   0.000000000E+000
   0.98602659370783385E-009   0.000000000E+000   0.000000000E+000
   0.10168399247612037E-008   0.000000000E+000   0.000000000E+000
   0.10476532558145735E-008   0.000000000E+000   0.000000000E+000
   0.10784665868679433E-008   0.000000000E+000   0.000000000E+000
   0.11092799179213131E-008   0.000000000E+000   0.000000000E+000
   0.11400932489746829E-008   0.000000000E+000   0.000000000E+000
   0.11709065800280527E-008   0.000000000E+000   0.000000000E+000
   0.12017199110814225E-008   0.000000000E+000   0.000000000E+000
   0.12325332421347923E-008   0.000000000E+000   0.000000000E+000
   0.12633465731881621E-008   0.000000000E+000   0.000000000E+000
   0.12941599042415319E-008   0.000000000E+000   0.000000000E+000
   0.13249732352949017E-008   0.000000000E+000   0.000000000E+000
   0.13557865663482715E-008   0.000000000E+000   0.000000000E+000
   0.13865998974016414E-008   0.000000000E+000   0.000000000E+000
   0.14174132284550112E-008   0.000000000E+000   0.000000000E+000
   0.14482265595083810E-008   0.000000000E+000   0.000000000E+000
   0.14790398905617508E-008   0.000000000E+000   0.000000000E+000
   0.15098532216151206E-008   0.000000000E+000   0.000000000E+000
   0.15406665526684904E-008   0.000000000E+000   0.000000000E+000
   0.15714798837218602E-008   0.000000000E+000   0.000000000E+000
   0.16022932147752300E-008   0.000000000E+000   0.000000000E+000
   0.16331065458285998E-008   0.000000000E+000   0.000000000E+000
   0.16639198768819696E-008   0.000000000E+000   0.000000000E+000
   0.16947332079353394E-008   0.000000000E+000   0.000000000E+000
   0.17255465389887092E-008   0.000000000E+000   0.000000000E+000
   0.17563598700420791E-008  -0.404577189E-035   0.000000000E+000
   0.17871732010954489E-008  -0.173716426E-034   0.000000000E+000
   0.18179865321488187E-008  -0.354228163E-034   0.000000000E+000
   0.18487998632021885E-008  -0.775289378E-034   0.000000000E+000
   0.18796131942555583E-008  -0.262277264E-033   0.000000000E+000
   0.19104265253089281E-008  -0.907559424E-033   0.000000000E+000
   0.19412398563622979E-008  -0.257453356E-032   0.000000000E+000
   0.19720531874156677E-008  -0.606230208E-032   0.000000000E+000
   0.20028665184690375E-008  -0.118518762E-031   0.000000000E+000
   0.20336798495224073E-008  -0.192569676E-031   0.000000000E+000
   0.20644931805757771E-008  -0.289655914E-031   0.000000000E+000
   0.20953065116291469E-008  -0.492569808E-031   0.000000000E+000
   0.21261198426825167E-008  -0.924640565E-031   0.000000000E+000
   0.21569331737358866E-008  -0.160160917E-030   0.000000000E+000
   0.21877465047892564E-008  -0.270600163E-030   0.000000000E+000
   0.22185598358426262E-008  -0.569396016E-030   0.000000000E+000
   0.22493731668959960E-008  -0.137266604E-029   0.000000000E+000
   0.22801864979493658E-008  -0.285603186E-029   0.000000000E+000
   0.23109998290027356E-008  -0.448813899E-029   0.000000000E+000
   0.23418131600561054E-008  -0.753336282E-011   0.000000000E+000
   0.23726264911094752E-008  -0.101610404E-010   0.000000000E+000
   0.24034398221628450E-008  -0.283896170E-012   0.000000000E+000
   0.24342531532162148E-008   0.837178590E-010   0.000000000E+000
   0.24650664842695846E-008   0.187981908E-009   0.000000000E+000
   0.24958798153229544E-008   0.239024078E-009   0.000000000E+000
   0.25266931463763243E-008   0.219178869E-009   0.000000000E+000
   0.25575064774296941E-008   0.275024697E-009   0.000000000E+000
   0.25883198084830639E-008   0.417061219E-009   0.000000000E+000
   0.26191331395364337E-008   0.424118796E-009   0.000000000E+000
   0.26499464705898035E-008   0.138761669E-009   0.000000000E+000
   0.26807598016431733E-008  -0.262028704E-009   0.000000000E+000
   0.27115731326965431E-008  -0.502455411E-009   0.000000000E+000
   0.27423864637499129E-008  -0.590645366E-009   0.000000000E+000
   0.27731997948032827E-008  -0.653297860E-009   0.000000000E+000
   0.28040131258566525E-008  -0.629839569E-009   0.000000000E+000
   0.28348264569100223E-008  -0.442508308E-009   0.000000000E+000
   0.28656397879633921E-008  -0.348591600E-009   0.000000000E+000
   0.28964531190167619E-008  -0.555795410E-009   0.000000000E+000
   0.29272664500701318E-008  -0.452726384E-009   0.000000000E+000
   0.29580797811235016E-008   0.889497809E-009   0.000000000E+000
   0.29888931121768714E-008   0.287897639E-008   0.000000000E+000
   0.30197064432302412E-008   0.339457484E-008   0.000000000E+000
   0.30505197742836110E-008   0.255996735E-008   0.000000000E+000
   0.30813331053369808E-008   0.480970819E-008   0.000000000E+000
   0.31121464363903506E-008   0.135149572E-007   0.000000000E+000
   0.31429597674437204E-008   0.251270862E-007   0.000000000E+000
   0.31737730984970902E-008   0.345348639E-007   0.000000000E+000
   0.32045864295504600E-008   0.463601140E-007   0.000000000E+000
   0.32353997606038298E-008   0.738665875E-007   0.000000000E+000
   0.32662130916571996E-008   0.124173781E-006   0.000000000E+000
   0.32970264227105694E-008   0.192678883E-006   0.000000000E+000
   0.33278397537639393E-008   0.277071962E-006   0.000000000E+000
   0.33586530848173091E-008   0.389545107E-006   0.000000000E+000
   0.33894664158706789E-008   0.548258015E-006   0.000000000E+000
   0.34202797469240487E-008   0.762367051E-006   0.000000000E+000
   0.34510930779774185E-008   0.103349771E-005   0.000000000E+000
   0.34819064090307883E-008   0.136746212E-005   0.000000000E+000
   0.35127197400841581E-008   0.177346794E-005   0.000000000E+000
   0.35435330711375279E-008   0.225012695E-005   0.000000000E+000
   0.35743464021908977E-008   0.277914887E-005   0.000000000E+000
   0.36051597332442675E-008   0.333343360E-005   0.000000000E+000
   0.36359730642976373E-008   0.388271656E-005   0.000000000E+000
   0.36667863953510071E-008   0.438590814E-005   0.000000000E+000
   0.36975997264043770E-008   0.478130960E-005   0.000000000E+000
   0.37284130574577468E-008   0.498747886E-005   0.000000000E+000
   0.37592263885111166E-008   0.491638139E-005   0.000000000E+000
   0.37900397195644864E-008   0.449410300E-005   0.000000000E+000
   0.38208530506178562E-008   0.367645066E-005   0.000000000E+000
   0.38516663816712260E-008   0.244395505E-005   0.000000000E+000
   0.38824797127245958E-008   0.790299396E-006   0.000000000E+000
   0.39132930437779656E-008  -0.125731970E-005   0.000000000E+000
   0.39441063748313354E-008  -0.359370824E-005   0.000000000E+000
   0.39749197058847052E-008  -0.603487842E-005   0.000000000E+000
   0.40057330369380750E-008  -0.837794141E-005   0.000000000E+000
   0.40365463679914448E-008  -0.104401461E-004   0.000000000E+000
   0.40673596990448146E-008  -0.120308096E-004   0.000000000E+000
   0.40981730300981845E-008  -0.129371538E-004   0.000000000E+000
   0.41289863611515543E-008  -0.129931550E-004   0.000000000E+000
   0.41597996922049241E-008  -0.121573767E-004   0.000000000E+000
   0.41906130232582939E-008  -0.105049012E-004   0.000000000E+000
   0.42214263543116637E-008  -0.817375985E-005   0.000000000E+000
   0.42522396853650335E-008  -0.535436902E-005   0.000000000E+000
   0.42830530164184033E-008  -0.230500837E-005   0.000000000E+000
   0.43138663474717731E-008   0.675448973E-006   0.000000000E+000
   0.43446796785251429E-008   0.330935336E-005   0.000000000E+000
   0.43754930095785127E-008   0.538089716E-005   0.000000000E+000
   0.44063063406318825E-008   0.675022602E-005   0.000000000E+000
   0.44371196716852523E-008   0.736913125E-005   0.000000000E+000
   0.44679330027386222E-008   0.729376052E-005   0.000000000E+000
   0.44987463337919920E-008   0.666903634E-005   0.000000000E+000
   0.45295596648453618E-008   0.568668338E-005   0.000000000E+000
   0.45603729958987316E-008   0.454356677E-005   0.000000000E+000
   0.45911863269521014E-008   0.341350733E-005   0.000000000E+000
   0.46219996580054712E-008   0.242166789E-005   0.000000000E+000
   0.46528129890588410E-008   0.162032825E-005   0.000000000E+000
   0.46836263201122108E-008   0.995406594E-006   0.000000000E+000
   0.47144396511655806E-008   0.515251486E-006   0.000000000E+000
   0.47452529822189504E-008   0.169487777E-006   0.000000000E+000
   0.47760663132723202E-008  -0.440008989E-007   0.000000000E+000
   0.48068796443256900E-008  -0.138152899E-006   0.000000000E+000
   0.48376929753790598E-008  -0.120039246E-006   0.000000000E+000
   0.48685063064324297E-008   0.340416761E-008   0.000000000E+000
   0.48993196374857995E-008   0.168483439E-006   0.000000000E+000
   0.49301329685391693E-008   0.254870088E-006   0.000000000E+000
   0.49609462995925391E-008   0.193948665E-006   0.000000000E+000
   0.49917596306459089E-008   0.349450460E-007   0.000000000E+000
   0.50225729616992787E-008  -0.132023757E-006   0.000000000E+000
   0.50533862927526485E-008  -0.254807475E-006   0.000000000E+000
   0.50841996238060183E-008  -0.286916276E-006   0.000000000E+000
   0.51150129548593881E-008  -0.169096410E-006   0.000000000E+000
   0.51458262859127579E-008   0.838084588E-007   0.000000000E+000
   0.51766396169661277E-008   0.332870371E-006   0.000000000E+000
   0.52074529480194975E-008   0.408360734E-006   0.000000000E+000
   0.52382662790728673E-008   0.234693985E-006   0.000000000E+000
   0.52690796101262372E-008  -0.120060079E-006   0.000000000E+000
   0.52998929411796070E-008  -0.454405665E-006   0.000000000E+000
   0.53307062722329768E-008  -0.523625886E-006   0.000000000E+000
   0.53615196032863466E-008  -0.235813530E-006   0.000000000E+000
   0.53923329343397164E-008   0.210838891E-006   0.000000000E+000
   0.54231462653930862E-008   0.465956589E-006   0.000000000E+000
   0.54539595964464560E-008   0.354861015E-006   0.000000000E+000
   0.54847729274998258E-008   0.313120836E-007   0.000000000E+000
   0.55155862585531956E-008  -0.241259812E-006   0.000000000E+000
   0.55463995896065654E-008  -0.398164303E-006   0.000000000E+000
   0.55772129206599352E-008  -0.534419030E-006   0.000000000E+000
   0.56080262517133050E-008  -0.601541956E-006   0.000000000E+000
   0.56388395827666749E-008  -0.412783720E-006   0.000000000E+000
   0.56696529138200447E-008  -0.401848297E-007   0.000000000E+000
   0.57004662448734145E-008   0.974162617E-007   0.000000000E+000
   0.57312795759267843E-008  -0.279488773E-006   0.000000000E+000
   0.57620929069801541E-008  -0.998392807E-006   0.000000000E+000
   0.57929062380335239E-008  -0.169154100E-005   0.000000000E+000
   0.58237195690868937E-008  -0.201959347E-005   0.000000000E+000
   0.58545329001402635E-008  -0.170753310E-005   0.000000000E+000
   0.58853462311936333E-008  -0.935344190E-006   0.000000000E+000
   0.59161595622470031E-008  -0.544333147E-006   0.000000000E+000
   0.59469728933003729E-008  -0.105497543E-005   0.000000000E+000
   0.59777862243537427E-008  -0.173428293E-005   0.000000000E+000
   0.60085995554071125E-008  -0.162792628E-005   0.000000000E+000
   0.60394128864604824E-008  -0.101100261E-005   0.000000000E+000
   0.60702262175138522E-008  -0.538728727E-006   0.000000000E+000
   0.61010395485672220E-008   0.201796809E-006   0.000000000E+000
   0.61318528796205918E-008   0.160986497E-005   0.000000000E+000
   0.61626662106739616E-008   0.267672385E-005   0.000000000E+000
   0.61934795417273314E-008   0.268940903E-005   0.000000000E+000
   0.62242928727807012E-008   0.282345718E-005   0.000000000E+000
   0.62551062038340710E-008   0.380565689E-005   0.000000000E+000
   0.62859195348874408E-008   0.414776378E-005   0.000000000E+000
   0.63167328659408106E-008   0.322636538E-005   0.000000000E+000
   0.63475461969941804E-008   0.311170174E-005   0.000000000E+000
   0.63783595280475502E-008   0.441762040E-005   0.000000000E+000
   0.64091728591009200E-008   0.423737129E-005   0.000000000E+000
   0.64399861901542899E-008   0.146727416E-005   0.000000000E+000
   0.64707995212076597E-008  -0.639070777E-006   0.000000000E+000
   0.65016128522610295E-008  -0.529359056E-006   0.000000000E+000
   0.65324261833143993E-008  -0.977010131E-006   0.000000000E+000
   0.65632395143677691E-008  -0.257752572E-005   0.000000000E+000
   0.65940528454211389E-008  -0.213043859E-005   0.000000000E+000
   0.66248661764745087E-008  -0.277490585E-006   0.000000000E+000
   0.66556795075278785E-008  -0.155986243E-005   0.000000000E+000
   0.66864928385812483E-008  -0.462967046E-005   0.000000000E+000
   0.67173061696346181E-008  -0.341779514E-005   0.000000000E+000
   0.67481195006879879E-008   0.596097834E-006   0.000000000E+000
   0.67789328317413577E-008   0.289740740E-006   0.000000000E+000
   0.68097461627947276E-008  -0.281260759E-005   0.000000000E+000
   0.68405594938480974E-008  -0.126965756E-005   0.000000000E+000
   0.68713728249014672E-008   0.259394415E-005   0.000000000E+000
   0.69021861559548370E-008   0.872233272E-006   0.000000000E+000
   0.69329994870082068E-008  -0.309881898E-005   0.000000000E+000
   0.69638128180615766E-008  -0.932883268E-006   0.000000000E+000
   0.69946261491149464E-008   0.301453201E-005   0.000000000E+000
   0.70254394801683162E-008   0.240176632E-006   0.000000000E+000
   0.70562528112216860E-008  -0.345091030E-005   0.000000000E+000
   0.70870661422750558E-008   0.559021373E-006   0.000000000E+000
   0.71178794733284256E-008   0.466109032E-005   0.000000000E+000
   0.71486928043817954E-008  -0.317783815E-006   0.000000000E+000
   0.71795061354351652E-008  -0.534298806E-005   0.000000000E+000
   0.72103194664885351E-008  -0.553000518E-006   0.000000000E+000
   0.72411327975419049E-008   0.452775203E-005   0.000000000E+000
   0.72719461285952747E-008   0.265510607E-006   0.000000000E+000
   0.73027594596486445E-008  -0.353329165E-005   0.000000000E+000
   0.73335727907020143E-008   0.143950888E-005   0.000000000E+000
   0.73643861217553841E-008   0.420775268E-005   0.000000000E+000
   0.73951994528087539E-008  -0.240796544E-005   0.000000000E+000
   0.74260127838621237E-008  -0.576415459E-005   0.000000000E+000
   0.74568261149154935E-008   0.138233236E-005   0.000000000E+000
   0.74876394459688633E-008   0.581518725E-005   0.000000000E+000
   0.75184527770222331E-008  -0.101208116E-006   0.000000000E+000
   0.75492661080756029E-008  -0.415561453E-005   0.000000000E+000
   0.75800794391289728E-008   0.597002781E-006   0.000000000E+000
   0.76108927701823426E-008   0.318118327E-005   0.000000000E+000
   0.76417061012357124E-008  -0.187164096E-005   0.000000000E+000
   0.76725194322890822E-008  -0.400062254E-005   0.000000000E+000
   0.77033327633424520E-008   0.160084392E-005   0.000000000E+000
   0.77341460943958218E-008   0.483681833E-005   0.000000000E+000
   0.77649594254491916E-008   0.277817435E-006   0.000000000E+000
   0.77957727565025614E-008  -0.389471870E-005   0.000000000E+000
   0.78265860875559312E-008  -0.167451208E-005   0.000000000E+000
   0.78573994186093010E-008   0.188428544E-005   0.000000000E+000
   0.78882127496626708E-008   0.141953763E-005   0.000000000E+000
   0.79190260807160406E-008  -0.743390615E-006   0.000000000E+000
   0.79498394117694104E-008  -0.574352214E-006   0.000000000E+000
   0.79806527428227803E-008   0.989788305E-006   0.000000000E+000
   0.80114660738761501E-008   0.591552805E-006   0.000000000E+000
   0.80422794049295199E-008  -0.145668855E-005   0.000000000E+000
   0.80730927359828897E-008  -0.138748726E-005   0.000000000E+000
   0.81039060670362595E-008   0.124727956E-005   0.000000000E+000
   0.81347193980896293E-008   0.184639975E-005   0.000000000E+000
   0.81655327291429991E-008  -0.956852773E-006   0.000000000E+000
   0.81963460601963689E-008  -0.179034896E-005   0.000000000E+000
   0.82271593912497387E-008   0.139015674E-005   0.000000000E+000
   0.82579727223031085E-008   0.229648913E-005   0.000000000E+000
   0.82887860533564783E-008  -0.180543339E-005   0.000000000E+000
   0.83195993844098481E-008  -0.364140033E-005   0.000000000E+000
   0.83504127154632179E-008   0.818556146E-006   0.000000000E+000
   0.83812260465165878E-008   0.425485950E-005   0.000000000E+000
   0.84120393775699576E-008   0.117774516E-005   0.000000000E+000
   0.84428527086233274E-008  -0.273299429E-005   0.000000000E+000
   0.84736660396766972E-008  -0.186685634E-005   0.000000000E+000
   0.85044793707300670E-008   0.376344815E-006   0.000000000E+000
   0.85352927017834368E-008   0.149293214E-006   0.000000000E+000
   0.85661060328368066E-008  -0.722039033E-007   0.000000000E+000
   0.85969193638901764E-008   0.163298591E-005   0.000000000E+000
   0.86277326949435462E-008   0.206958953E-005   0.000000000E+000
   0.86585460259969160E-008  -0.723730182E-006   0.000000000E+000
   0.86893593570502858E-008  -0.328493252E-005   0.000000000E+000
   0.87201726881036556E-008  -0.198193243E-005   0.000000000E+000
   0.87509860191570255E-008   0.158687317E-005   0.000000000E+000
   0.87817993502103953E-008   0.289944478E-005   0.000000000E+000
   0.88126126812637651E-008   0.771434770E-006   0.000000000E+000
   0.88434260123171349E-008  -0.119129663E-005   0.000000000E+000
   0.88742393433705047E-008  -0.491384242E-006   0.000000000E+000
   0.89050526744238745E-008   0.164085350E-006   0.000000000E+000
   0.89358660054772443E-008  -0.157689544E-005   0.000000000E+000
   0.89666793365306141E-008  -0.217764500E-005   0.000000000E+000
   0.89974926675839839E-008   0.147320839E-005   0.000000000E+000
   0.90283059986373537E-008   0.468419057E-005   0.000000000E+000
   0.90591193296907235E-008   0.183609245E-005   0.000000000E+000
   0.90899326607440933E-008  -0.365892856E-005   0.000000000E+000
   0.91207459917974631E-008  -0.448932087E-005   0.000000000E+000
   0.91515593228508330E-008  -0.477836693E-006   0.000000000E+000
   0.91823726539042028E-008   0.289860691E-005   0.000000000E+000
   0.92131859849575726E-008   0.304192713E-005   0.000000000E+000
   0.92439993160109424E-008   0.121136259E-005   0.000000000E+000
   0.92748126470643122E-008  -0.125382394E-005   0.000000000E+000
   0.93056259781176820E-008  -0.304225205E-005   0.000000000E+000
   0.93364393091710518E-008  -0.232821571E-005   0.000000000E+000
   0.93672526402244216E-008   0.773318561E-006   0.000000000E+000
   0.93980659712777914E-008   0.331800220E-005   0.000000000E+000
   0.94288793023311612E-008   0.262077174E-005   0.000000000E+000
   0.94596926333845310E-008  -0.781689096E-006   0.000000000E+000
   0.94905059644379008E-008  -0.345778972E-005   0.000000000E+000
   0.95213192954912707E-008  -0.240054942E-005   0.000000000E+000
   0.95521326265446405E-008   0.132426021E-005   0.000000000E+000
   0.95829459575980103E-008   0.329808358E-005   0.000000000E+000
   0.96137592886513801E-008   0.128754868E-005   0.000000000E+000
   0.96445726197047499E-008  -0.182531130E-005   0.000000000E+000
   0.96753859507581197E-008  -0.221851633E-005   0.000000000E+000
   0.97061992818114895E-008  -0.654767973E-007   0.000000000E+000
   0.97370126128648593E-008   0.152960001E-005   0.000000000E+000
   0.97678259439182291E-008   0.890050728E-006   0.000000000E+000
   0.97986392749715989E-008  -0.620355536E-006   0.000000000E+000
   0.98294526060249687E-008  -0.857439318E-006   0.000000000E+000
   0.98602659370783385E-008   0.234634854E-006   0.000000000E+000
   0.98910792681317083E-008   0.794383141E-006   0.000000000E+000
   0.99218925991850782E-008   0.268848908E-007   0.000000000E+000
   0.99527059302384480E-008  -0.707283959E-006   0.000000000E+000
   0.99835192612918178E-008  -0.436652726E-006   0.000000000E+000
   0.10014332592345188E-007   0.951534389E-007   0.000000000E+000
   0.10045145923398557E-007   0.405398566E-006   0.000000000E+000
   0.10075959254451927E-007   0.798905944E-006   0.000000000E+000
   0.10106772585505297E-007   0.592310130E-006   0.000000000E+000
   0.10137585916558667E-007  -0.884478368E-006   0.000000000E+000
   0.10168399247612037E-007  -0.182556198E-005   0.000000000E+000
   0.10199212578665406E-007  -0.296723670E-006   0.000000000E+000
   0.10230025909718776E-007   0.186268687E-005   0.000000000E+000
   0.10260839240772146E-007   0.157407680E-005   0.000000000E+000
   0.10291652571825516E-007  -0.475731440E-006   0.000000000E+000
   0.10322465902878886E-007  -0.143658417E-005   0.000000000E+000
   0.10353279233932255E-007  -0.922761956E-006   0.000000000E+000
   0.10384092564985625E-007  -0.156668818E-006   0.000000000E+000
   0.10414905896038995E-007   0.899816825E-006   0.000000000E+000
   0.10445719227092365E-007   0.183988629E-005   0.000000000E+000
   0.10476532558145735E-007   0.588432044E-006   0.000000000E+000
   0.10507345889199105E-007  -0.233813716E-005   0.000000000E+000
   0.10538159220252474E-007  -0.249702089E-005   0.000000000E+000
   0.10568972551305844E-007   0.134033962E-005   0.000000000E+000
   0.10599785882359214E-007   0.360065587E-005   0.000000000E+000
   0.10630599213412584E-007   0.504814352E-006   0.000000000E+000
   0.10661412544465954E-007  -0.315597686E-005   0.000000000E+000
   0.10692225875519323E-007  -0.189599928E-005   0.000000000E+000
   0.10723039206572693E-007   0.146774619E-005   0.000000000E+000
   0.10753852537626063E-007   0.164486369E-005   0.000000000E+000
   0.10784665868679433E-007  -0.441823431E-007   0.000000000E+000
   0.10815479199732803E-007   0.551395445E-007   0.000000000E+000
   0.10846292530786172E-007   0.372527694E-006   0.000000000E+000
   0.10877105861839542E-007  -0.141342286E-005   0.000000000E+000
   0.10907919192892912E-007  -0.217716047E-005   0.000000000E+000
   0.10938732523946282E-007   0.769379312E-006   0.000000000E+000
   0.10969545854999652E-007   0.334874630E-005   0.000000000E+000
   0.11000359186053021E-007   0.132054492E-005   0.000000000E+000
   0.11031172517106391E-007  -0.231084073E-005   0.000000000E+000
   0.11061985848159761E-007  -0.257496117E-005   0.000000000E+000
   0.11092799179213131E-007  -0.709460437E-007   0.000000000E+000
   0.11123612510266501E-007   0.163020445E-005   0.000000000E+000
   0.11154425841319870E-007   0.150085816E-005   0.000000000E+000
   0.11185239172373240E-007   0.459225589E-006   0.000000000E+000
   0.11216052503426610E-007  -0.854108521E-006   0.000000000E+000
   0.11246865834479980E-007  -0.154714826E-005   0.000000000E+000
   0.11277679165533350E-007  -0.749595813E-006   0.000000000E+000
   0.11308492496586720E-007   0.742307009E-006   0.000000000E+000
   0.11339305827640089E-007   0.130397939E-005   0.000000000E+000
   0.11370119158693459E-007   0.691328239E-006   0.000000000E+000
   0.11400932489746829E-007  -0.211373560E-006   0.000000000E+000
   0.11431745820800199E-007  -0.877881234E-006   0.000000000E+000
   0.11462559151853569E-007  -0.108259314E-005   0.000000000E+000
   0.11493372482906938E-007  -0.461293723E-006   0.000000000E+000
   0.11524185813960308E-007   0.800953273E-006   0.000000000E+000
   0.11554999145013678E-007   0.156863234E-005   0.000000000E+000
   0.11585812476067048E-007   0.825811412E-006   0.000000000E+000
   0.11616625807120418E-007  -0.961072828E-006   0.000000000E+000
   0.11647439138173787E-007  -0.195533812E-005   0.000000000E+000
   0.11678252469227157E-007  -0.898947178E-006   0.000000000E+000
   0.11709065800280527E-007   0.110087910E-005   0.000000000E+000
   0.11739879131333897E-007   0.167510757E-005   0.000000000E+000
   0.11770692462387267E-007   0.299764451E-006   0.000000000E+000
   0.11801505793440636E-007  -0.107695416E-005   0.000000000E+000
   0.11832319124494006E-007  -0.103419598E-005   0.000000000E+000
   0.11863132455547376E-007  -0.497115877E-006   0.000000000E+000
   0.11893945786600746E-007  -0.507563527E-006   0.000000000E+000
   0.11924759117654116E-007  -0.276289455E-006   0.000000000E+000
   0.11955572448707485E-007   0.726898293E-006   0.000000000E+000
   0.11986385779760855E-007   0.845500608E-006   0.000000000E+000
   0.12017199110814225E-007  -0.102644503E-005   0.000000000E+000
   0.12048012441867595E-007  -0.267222185E-005   0.000000000E+000
   0.12078825772920965E-007  -0.160796606E-005   0.000000000E+000
   0.12109639103974335E-007   0.768248015E-006   0.000000000E+000
   0.12140452435027704E-007   0.136604274E-005   0.000000000E+000
   0.12171265766081074E-007   0.878642368E-007   0.000000000E+000
   0.12202079097134444E-007  -0.925808649E-006   0.000000000E+000
   0.12232892428187814E-007  -0.965468871E-006   0.000000000E+000
   0.12263705759241184E-007  -0.603691831E-006   0.000000000E+000
   0.12294519090294553E-007   0.298809766E-006   0.000000000E+000
   0.12325332421347923E-007   0.178603182E-005   0.000000000E+000
   0.12356145752401293E-007   0.264792175E-005   0.000000000E+000
   0.12386959083454663E-007   0.193421192E-005   0.000000000E+000
   0.12417772414508033E-007   0.352772418E-006   0.000000000E+000
   0.12448585745561402E-007  -0.546978981E-006   0.000000000E+000
   0.12479399076614772E-007   0.317617435E-006   0.000000000E+000
   0.12510212407668142E-007   0.251186111E-005   0.000000000E+000
   0.12541025738721512E-007   0.373161993E-005   0.000000000E+000
   0.12571839069774882E-007   0.205783431E-005   0.000000000E+000
   0.12602652400828251E-007  -0.112195562E-005   0.000000000E+000
   0.12633465731881621E-007  -0.249519553E-005   0.000000000E+000
   0.12664279062934991E-007  -0.105117522E-005   0.000000000E+000
   0.12695092393988361E-007   0.106912614E-005   0.000000000E+000
   0.12725905725041731E-007   0.142490353E-005   0.000000000E+000
   0.12756719056095100E-007  -0.444751777E-006   0.000000000E+000
   0.12787532387148470E-007  -0.267779956E-005   0.000000000E+000
   0.12818345718201840E-007  -0.270623173E-005   0.000000000E+000
   0.12849159049255210E-007  -0.492577328E-006   0.000000000E+000
   0.12879972380308580E-007   0.974787554E-006   0.000000000E+000
   0.12910785711361950E-007   0.763801609E-007   0.000000000E+000
   0.12941599042415319E-007  -0.109052110E-005   0.000000000E+000
   0.12972412373468689E-007  -0.719744207E-006   0.000000000E+000
   0.13003225704522059E-007  -0.500466513E-007   0.000000000E+000
   0.13034039035575429E-007  -0.782801308E-007   0.000000000E+000
   0.13064852366628799E-007   0.310029264E-006   0.000000000E+000
   0.13095665697682168E-007   0.112822670E-005   0.000000000E+000
   0.13126479028735538E-007   0.532416550E-006   0.000000000E+000
   0.13157292359788908E-007  -0.127363933E-005   0.000000000E+000
   0.13188105690842278E-007  -0.145427714E-005   0.000000000E+000
   0.13218919021895648E-007   0.868580969E-006   0.000000000E+000
   0.13249732352949017E-007   0.274588092E-005   0.000000000E+000
   0.13280545684002387E-007   0.145864226E-005   0.000000000E+000
   0.13311359015055757E-007  -0.153032090E-005   0.000000000E+000
   0.13342172346109127E-007  -0.223954112E-005   0.000000000E+000
   0.13372985677162497E-007   0.466520760E-006   0.000000000E+000
   0.13403799008215866E-007   0.297166821E-005   0.000000000E+000
   0.13434612339269236E-007   0.194164045E-005   0.000000000E+000
   0.13465425670322606E-007  -0.712738483E-006   0.000000000E+000
   0.13496239001375976E-007  -0.114032878E-005   0.000000000E+000
   0.13527052332429346E-007   0.211890892E-006   0.000000000E+000
   0.13557865663482715E-007   0.211525546E-006   0.000000000E+000
   0.13588678994536085E-007  -0.928372344E-006   0.000000000E+000
   0.13619492325589455E-007  -0.545004639E-006   0.000000000E+000
   0.13650305656642825E-007   0.840449786E-006   0.000000000E+000
   0.13681118987696195E-007   0.174074444E-006   0.000000000E+000
   0.13711932318749565E-007  -0.239785595E-005   0.000000000E+000
   0.13742745649802934E-007  -0.327517796E-005   0.000000000E+000
   0.13773558980856304E-007  -0.114292152E-005   0.000000000E+000
   0.13804372311909674E-007   0.913659733E-006   0.000000000E+000
   0.13835185642963044E-007   0.144299918E-006   0.000000000E+000
   0.13865998974016414E-007  -0.180561324E-005   0.000000000E+000
   0.13896812305069783E-007  -0.163924608E-005   0.000000000E+000
   0.13927625636123153E-007   0.397533881E-006   0.000000000E+000
   0.13958438967176523E-007   0.111885549E-005   0.000000000E+000
   0.13989252298229893E-007  -0.143378088E-006   0.000000000E+000
   0.14020065629283263E-007  -0.505174398E-006   0.000000000E+000
   0.14050878960336632E-007   0.113742124E-005   0.000000000E+000
   0.14081692291390002E-007   0.194122595E-005   0.000000000E+000
   0.14112505622443372E-007   0.269249540E-006   0.000000000E+000
   0.14143318953496742E-007  -0.111060160E-005   0.000000000E+000
   0.14174132284550112E-007   0.232040861E-006   0.000000000E+000
   0.14204945615603481E-007   0.208986103E-005   0.000000000E+000
   0.14235758946656851E-007   0.133614822E-005   0.000000000E+000
   0.14266572277710221E-007  -0.920225375E-006   0.000000000E+000
   0.14297385608763591E-007  -0.137449069E-005   0.000000000E+000
   0.14328198939816961E-007   0.195539997E-006   0.000000000E+000
   0.14359012270870330E-007   0.112240650E-005   0.000000000E+000
   0.14389825601923700E-007   0.372996283E-006   0.000000000E+000
   0.14420638932977070E-007  -0.353257747E-006   0.000000000E+000
   0.14451452264030440E-007  -0.167839573E-007   0.000000000E+000
   0.14482265595083810E-007   0.200339954E-006   0.000000000E+000
   0.14513078926137180E-007  -0.484406712E-006   0.000000000E+000
   0.14543892257190549E-007  -0.772919748E-006   0.000000000E+000
   0.14574705588243919E-007   0.311994654E-006   0.000000000E+000
   0.14605518919297289E-007   0.130124522E-005   0.000000000E+000
   0.14636332250350659E-007   0.481124459E-006   0.000000000E+000
   0.14667145581404029E-007  -0.112673524E-005   0.000000000E+000
   0.14697958912457398E-007  -0.117644481E-005   0.000000000E+000
   0.14728772243510768E-007   0.346214165E-006   0.000000000E+000
   0.14759585574564138E-007   0.118704838E-005   0.000000000E+000
   0.14790398905617508E-007   0.384810960E-006   0.000000000E+000
   0.14821212236670878E-007  -0.563688729E-006   0.000000000E+000
   0.14852025567724247E-007  -0.462765570E-006   0.000000000E+000
   0.14882838898777617E-007  -0.567141001E-007   0.000000000E+000
   0.14913652229830987E-007  -0.107328631E-006   0.000000000E+000
   0.14944465560884357E-007   0.230728858E-008   0.000000000E+000
   0.14975278891937727E-007   0.606316007E-006   0.000000000E+000
   0.15006092222991096E-007   0.657817964E-006   0.000000000E+000
   0.15036905554044466E-007  -0.367656639E-006   0.000000000E+000
   0.15067718885097836E-007  -0.113549709E-005   0.000000000E+000
   0.15098532216151206E-007  -0.433387470E-006   0.000000000E+000
   0.15129345547204576E-007   0.814596035E-006   0.000000000E+000
   0.15160158878257946E-007   0.924271831E-006   0.000000000E+000
   0.15190972209311315E-007  -0.555411361E-007   0.000000000E+000
   0.15221785540364685E-007  -0.638665369E-006   0.000000000E+000
   0.15252598871418055E-007  -0.267145850E-006   0.000000000E+000
   0.15283412202471425E-007   0.942962970E-007   0.000000000E+000
   0.15314225533524795E-007  -0.119637974E-006   0.000000000E+000
   0.15345038864578164E-007  -0.113822935E-006   0.000000000E+000
   0.15375852195631534E-007   0.525856819E-006   0.000000000E+000
   0.15406665526684904E-007   0.699871634E-006   0.000000000E+000
   0.15437478857738274E-007  -0.274301101E-006   0.000000000E+000
   0.15468292188791644E-007  -0.109159066E-005   0.000000000E+000
   0.15499105519845013E-007  -0.454398219E-006   0.000000000E+000
   0.15529918850898383E-007   0.734108653E-006   0.000000000E+000
   0.15560732181951753E-007   0.854859081E-006   0.000000000E+000
   0.15591545513005123E-007   0.126706823E-007   0.000000000E+000
   0.15622358844058493E-007  -0.541235522E-006   0.000000000E+000
   0.15653172175111862E-007  -0.380623476E-006   0.000000000E+000
   0.15683985506165232E-007  -0.421896686E-007   0.000000000E+000
   0.15714798837218602E-007   0.916264753E-007   0.000000000E+000
   0.15745612168271972E-007   0.164249954E-006   0.000000000E+000
   0.15776425499325342E-007   0.331306182E-006   0.000000000E+000
   0.15807238830378711E-007   0.305909879E-006   0.000000000E+000
   0.15838052161432081E-007  -0.246621397E-006   0.000000000E+000
   0.15868865492485451E-007  -0.811314294E-006   0.000000000E+000
   0.15899678823538821E-007  -0.396042651E-006   0.000000000E+000
   0.15930492154592191E-007   0.734896958E-006   0.000000000E+000
   0.15961305485645561E-007   0.996658628E-006   0.000000000E+000
   0.15992118816698930E-007  -0.994716629E-007   0.000000000E+000
   0.16022932147752300E-007  -0.101128433E-005   0.000000000E+000
   0.16053745478805670E-007  -0.534678065E-006   0.000000000E+000
   0.16084558809859040E-007   0.474522039E-006   0.000000000E+000
   0.16115372140912410E-007   0.662158357E-006   0.000000000E+000
   0.16146185471965779E-007   0.802215823E-007   0.000000000E+000
   0.16176998803019149E-007  -0.334694448E-006   0.000000000E+000
   0.16207812134072519E-007  -0.232365267E-006   0.000000000E+000
   0.16238625465125889E-007  -0.299221341E-007   0.000000000E+000
   0.16269438796179259E-007  -0.134663587E-007   0.000000000E+000
   0.16300252127232628E-007   0.697863669E-007   0.000000000E+000
   0.16331065458285998E-007   0.322031781E-006   0.000000000E+000
   0.16361878789339368E-007   0.229906291E-006   0.000000000E+000
   0.16392692120392738E-007  -0.385994724E-006   0.000000000E+000
   0.16423505451446108E-007  -0.636862012E-006   0.000000000E+000
   0.16454318782499477E-007   0.854753353E-007   0.000000000E+000
   0.16485132113552847E-007   0.807976903E-006   0.000000000E+000
   0.16515945444606217E-007   0.406761984E-006   0.000000000E+000
   0.16546758775659587E-007  -0.531196179E-006   0.000000000E+000
   0.16577572106712957E-007  -0.705760101E-006   0.000000000E+000
   0.16608385437766326E-007  -0.713632744E-007   0.000000000E+000
   0.16639198768819696E-007   0.463713263E-006   0.000000000E+000
   0.16670012099873066E-007   0.471069455E-006   0.000000000E+000
   0.16700825430926436E-007   0.158009925E-006   0.000000000E+000
   0.16731638761979806E-007  -0.228477347E-006   0.000000000E+000
   0.16762452093033176E-007  -0.502174544E-006   0.000000000E+000
   0.16793265424086545E-007  -0.439585449E-006   0.000000000E+000
   0.16824078755139915E-007   0.593228719E-007   0.000000000E+000
   0.16854892086193285E-007   0.696447330E-006   0.000000000E+000
   0.16885705417246655E-007   0.773311797E-006   0.000000000E+000
   0.16916518748300025E-007  -0.636727009E-007   0.000000000E+000
   0.16947332079353394E-007  -0.100867328E-005   0.000000000E+000
   0.16978145410406764E-007  -0.872446776E-006   0.000000000E+000
   0.17008958741460134E-007   0.220389779E-006   0.000000000E+000
   0.17039772072513504E-007   0.980292839E-006   0.000000000E+000
   0.17070585403566874E-007   0.754516520E-006   0.000000000E+000
   0.17101398734620243E-007  -0.285575652E-008   0.000000000E+000
   0.17132212065673613E-007  -0.731013870E-006   0.000000000E+000
   0.17163025396726983E-007  -0.100193438E-005   0.000000000E+000
   0.17193838727780353E-007  -0.371469241E-006   0.000000000E+000
   0.17224652058833723E-007   0.820127298E-006   0.000000000E+000
   0.17255465389887092E-007   0.127905639E-005   0.000000000E+000
   0.17286278720940462E-007   0.384242185E-006   0.000000000E+000
   0.17317092051993832E-007  -0.869962264E-006   0.000000000E+000
   0.17347905383047202E-007  -0.121314724E-005   0.000000000E+000
   0.17378718714100572E-007  -0.475728200E-006   0.000000000E+000
   0.17409532045153941E-007   0.652588085E-006   0.000000000E+000
   0.17440345376207311E-007   0.127105898E-005   0.000000000E+000
   0.17471158707260681E-007   0.701061765E-006   0.000000000E+000
   0.17501972038314051E-007  -0.700768794E-006   0.000000000E+000
   0.17532785369367421E-007  -0.140825637E-005   0.000000000E+000
   0.17563598700420791E-007  -0.501050920E-006   0.000000000E+000
   0.17594412031474160E-007   0.853922018E-006   0.000000000E+000
   0.17625225362527530E-007   0.970426981E-006   0.000000000E+000
   0.17656038693580900E-007   0.102759770E-006   0.000000000E+000
   0.17686852024634270E-007  -0.325554652E-006   0.000000000E+000
   0.17717665355687640E-007  -0.268342859E-006   0.000000000E+000
   0.17748478686741009E-007  -0.560252943E-006   0.000000000E+000
   0.17779292017794379E-007  -0.563877109E-006   0.000000000E+000
   0.17810105348847749E-007   0.665543610E-006   0.000000000E+000
   0.17840918679901119E-007   0.152930932E-005   0.000000000E+000
   0.17871732010954489E-007   0.476447894E-007   0.000000000E+000
   0.17902545342007858E-007  -0.183062502E-005   0.000000000E+000
   0.17933358673061228E-007  -0.837555376E-006   0.000000000E+000
   0.17964172004114598E-007   0.150319431E-005   0.000000000E+000
   0.17994985335167968E-007   0.111952738E-005   0.000000000E+000
   0.18025798666221338E-007  -0.114455554E-005   0.000000000E+000
   0.18056611997274707E-007  -0.102106083E-005   0.000000000E+000
   0.18087425328328077E-007   0.108060885E-005   0.000000000E+000
   0.18118238659381447E-007   0.951249149E-006   0.000000000E+000
   0.18149051990434817E-007  -0.115342436E-005   0.000000000E+000
   0.18179865321488187E-007  -0.105368701E-005   0.000000000E+000
   0.18210678652541556E-007   0.110048484E-005   0.000000000E+000
   0.18241491983594926E-007   0.114385364E-005   0.000000000E+000
   0.18272305314648296E-007  -0.958769192E-006   0.000000000E+000
   0.18303118645701666E-007  -0.114396107E-005   0.000000000E+000
   0.18333931976755036E-007   0.864403773E-006   0.000000000E+000
   0.18364745307808406E-007   0.119105334E-005   0.000000000E+000
   0.18395558638861775E-007  -0.753504310E-006   0.000000000E+000
   0.18426371969915145E-007  -0.137150209E-005   0.000000000E+000
   0.18457185300968515E-007   0.382329404E-006   0.000000000E+000
   0.18487998632021885E-007   0.142775616E-005   0.000000000E+000
   0.18518811963075255E-007   0.221823825E-006   0.000000000E+000
   0.18549625294128624E-007  -0.105096831E-005   0.000000000E+000
   0.18580438625181994E-007  -0.647868490E-006   0.000000000E+000
   0.18611251956235364E-007   0.331220974E-006   0.000000000E+000
   0.18642065287288734E-007   0.492046695E-006   0.000000000E+000
   0.18672878618342104E-007   0.161832816E-006   0.000000000E+000
   0.18703691949395473E-007   0.638476081E-007   0.000000000E+000
   0.18734505280448843E-007  -0.238966891E-008   0.000000000E+000
   0.18765318611502213E-007  -0.366029269E-006   0.000000000E+000
   0.18796131942555583E-007  -0.571952341E-006   0.000000000E+000
   0.18826945273608953E-007  -0.386114607E-007   0.000000000E+000
   0.18857758604662322E-007   0.813819156E-006   0.000000000E+000
   0.18888571935715692E-007   0.815764508E-006   0.000000000E+000
   0.18919385266769062E-007  -0.312621808E-006   0.000000000E+000
   0.18950198597822432E-007  -0.119099184E-005   0.000000000E+000
   0.18981011928875802E-007  -0.537177698E-006   0.000000000E+000
   0.19011825259929171E-007   0.782987399E-006   0.000000000E+000
   0.19042638590982541E-007   0.920890955E-006   0.000000000E+000
   0.19073451922035911E-007  -0.770215252E-007   0.000000000E+000
   0.19104265253089281E-007  -0.541515817E-006   0.000000000E+000
   0.19135078584142651E-007  -0.138148977E-006   0.000000000E+000
   0.19165891915196021E-007  -0.737917389E-007   0.000000000E+000
   0.19196705246249390E-007  -0.374222907E-006   0.000000000E+000
   0.19227518577302760E-007   0.142863314E-006   0.000000000E+000
   0.19258331908356130E-007   0.101818136E-005   0.000000000E+000
   0.19289145239409500E-007   0.475059096E-006   0.000000000E+000
   0.19319958570462870E-007  -0.107419964E-005   0.000000000E+000
   0.19350771901516239E-007  -0.118858657E-005   0.000000000E+000
   0.19381585232569609E-007   0.444568286E-006   0.000000000E+000
   0.19412398563622979E-007   0.132868081E-005   0.000000000E+000
   0.19443211894676349E-007   0.279512392E-006   0.000000000E+000
   0.19474025225729719E-007  -0.876111585E-006   0.000000000E+000
   0.19504838556783088E-007  -0.546840852E-006   0.000000000E+000
   0.19535651887836458E-007   0.349075037E-006   0.000000000E+000
   0.19566465218889828E-007   0.370818043E-006   0.000000000E+000
   0.19597278549943198E-007  -0.191689367E-006   0.000000000E+000
   0.19628091880996568E-007  -0.210634880E-006   0.000000000E+000
   0.19658905212049937E-007   0.309615643E-006   0.000000000E+000
   0.19689718543103307E-007   0.351638761E-006   0.000000000E+000
   0.19720531874156677E-007  -0.330528195E-006   0.000000000E+000
   0.19751345205210047E-007  -0.660032129E-006   0.000000000E+000
   0.19782158536263417E-007   0.553231416E-007   0.000000000E+000
   0.19812971867316787E-007   0.805472723E-006   0.000000000E+000
   0.19843785198370156E-007   0.352269751E-006   0.000000000E+000
   0.19874598529423526E-007  -0.676896605E-006   0.000000000E+000
   0.19905411860476896E-007  -0.666692756E-006   0.000000000E+000
   0.19936225191530266E-007   0.380437370E-006   0.000000000E+000
   0.19967038522583636E-007   0.806518756E-006   0.000000000E+000
   0.19997851853637005E-007  -0.546065166E-007   0.000000000E+000
   0.20028665184690375E-007  -0.823702976E-006   0.000000000E+000
   0.20059478515743745E-007  -0.277759170E-006   0.000000000E+000
   0.20090291846797115E-007   0.709960148E-006   0.000000000E+000
   0.20121105177850485E-007   0.564695142E-006   0.000000000E+000
   0.20151918508903854E-007  -0.460196816E-006   0.000000000E+000
   0.20182731839957224E-007  -0.704927686E-006   0.000000000E+000
   0.20213545171010594E-007   0.161896196E-006   0.000000000E+000
   0.20244358502063964E-007   0.646818876E-006   0.000000000E+000
   0.20275171833117334E-007   0.106597895E-007   0.000000000E+000
   0.20305985164170703E-007  -0.541426289E-006   0.000000000E+000
   0.20336798495224073E-007  -0.508719040E-007   0.000000000E+000
   0.20367611826277443E-007   0.553583277E-006   0.000000000E+000
   0.20398425157330813E-007   0.142644780E-006   0.000000000E+000
   0.20429238488384183E-007  -0.647168463E-006   0.000000000E+000
   0.20460051819437552E-007  -0.455010820E-006   0.000000000E+000
   0.20490865150490922E-007   0.559199805E-006   0.000000000E+000
   0.20521678481544292E-007   0.848336185E-006   0.000000000E+000
   0.20552491812597662E-007  -0.157609065E-006   0.000000000E+000
   0.20583305143651032E-007  -0.101574528E-005   0.000000000E+000
   0.20614118474704402E-007  -0.376490846E-006   0.000000000E+000
   0.20644931805757771E-007   0.809010032E-006   0.000000000E+000
   0.20675745136811141E-007   0.695023004E-006   0.000000000E+000
   0.20706558467864511E-007  -0.445070327E-006   0.000000000E+000
   0.20737371798917881E-007  -0.697215455E-006   0.000000000E+000
   0.20768185129971251E-007   0.217806189E-006   0.000000000E+000
   0.20798998461024620E-007   0.584635188E-006   0.000000000E+000
   0.20829811792077990E-007  -0.191129516E-006   0.000000000E+000
   0.20860625123131360E-007  -0.612062877E-006   0.000000000E+000
   0.20891438454184730E-007   0.143218585E-006   0.000000000E+000
   0.20922251785238100E-007   0.757167811E-006   0.000000000E+000
   0.20953065116291469E-007   0.945067313E-007   0.000000000E+000
   0.20983878447344839E-007  -0.814429086E-006   0.000000000E+000
   0.21014691778398209E-007  -0.461087438E-006   0.000000000E+000
   0.21045505109451579E-007   0.638151846E-006   0.000000000E+000
   0.21076318440504949E-007   0.735184926E-006   0.000000000E+000
   0.21107131771558318E-007  -0.319789251E-006   0.000000000E+000
   0.21137945102611688E-007  -0.817172008E-006   0.000000000E+000
   0.21168758433665058E-007   0.136082008E-007   0.000000000E+000
   0.21199571764718428E-007   0.754658345E-006   0.000000000E+000
   0.21230385095771798E-007   0.202014462E-006   0.000000000E+000
   0.21261198426825167E-007  -0.649713797E-006   0.000000000E+000
   0.21292011757878537E-007  -0.365989166E-006   0.000000000E+000
   0.21322825088931907E-007   0.516478167E-006   0.000000000E+000
   0.21353638419985277E-007   0.487493992E-006   0.000000000E+000
   0.21384451751038647E-007  -0.364079256E-006   0.000000000E+000
   0.21415265082092017E-007  -0.560997137E-006   0.000000000E+000
   0.21446078413145386E-007   0.218336822E-006   0.000000000E+000
   0.21476891744198756E-007   0.594903554E-006   0.000000000E+000
   0.21507705075252126E-007  -0.114099976E-006   0.000000000E+000
   0.21538518406305496E-007  -0.656657903E-006   0.000000000E+000
   0.21569331737358866E-007  -0.159832325E-007   0.000000000E+000
   0.21600145068412235E-007   0.729293731E-006   0.000000000E+000
   0.21630958399465605E-007   0.241963960E-006   0.000000000E+000
   0.21661771730518975E-007  -0.700585588E-006   0.000000000E+000
   0.21692585061572345E-007  -0.529343424E-006   0.000000000E+000
   0.21723398392625715E-007   0.453255325E-006   0.000000000E+000
   0.21754211723679084E-007   0.683419955E-006   0.000000000E+000
   0.21785025054732454E-007  -0.813188308E-007   0.000000000E+000
   0.21815838385785824E-007  -0.586821329E-006   0.000000000E+000
   0.21846651716839194E-007  -0.183750814E-006   0.000000000E+000
   0.21877465047892564E-007   0.346818894E-006   0.000000000E+000
   0.21908278378945933E-007   0.193417179E-006   0.000000000E+000
   0.21939091709999303E-007  -0.243613073E-006   0.000000000E+000
   0.21969905041052673E-007  -0.108087818E-006   0.000000000E+000
   0.22000718372106043E-007   0.375787181E-006   0.000000000E+000
   0.22031531703159413E-007   0.201650039E-006   0.000000000E+000
   0.22062345034212782E-007  -0.535375875E-006   0.000000000E+000
   0.22093158365266152E-007  -0.543696160E-006   0.000000000E+000
   0.22123971696319522E-007   0.398016198E-006   0.000000000E+000
   0.22154785027372892E-007   0.832845217E-006   0.000000000E+000
   0.22185598358426262E-007   0.434699245E-007   0.000000000E+000
   0.22216411689479632E-007  -0.744460465E-006   0.000000000E+000
   0.22247225020533001E-007  -0.442726474E-006   0.000000000E+000
   0.22278038351586371E-007   0.305754469E-006   0.000000000E+000
   0.22308851682639741E-007   0.446453839E-006   0.000000000E+000
   0.22339665013693111E-007   0.575388412E-007   0.000000000E+000
   0.22370478344746481E-007  -0.154388843E-006   0.000000000E+000
   0.22401291675799850E-007  -0.267296087E-007   0.000000000E+000
   0.22432105006853220E-007   0.198558858E-008   0.000000000E+000
   0.22462918337906590E-007  -0.246376288E-006   0.000000000E+000
   0.22493731668959960E-007  -0.268435144E-006   0.000000000E+000
   0.22524545000013330E-007   0.274404385E-006   0.000000000E+000
   0.22555358331066699E-007   0.677706794E-006   0.000000000E+000
   0.22586171662120069E-007   0.137788447E-006   0.000000000E+000
   0.22616984993173439E-007  -0.726291489E-006   0.000000000E+000
   0.22647798324226809E-007  -0.643486942E-006   0.000000000E+000
   0.22678611655280179E-007   0.266986888E-006   0.000000000E+000
   0.22709424986333548E-007   0.712570397E-006   0.000000000E+000
   0.22740238317386918E-007   0.254194219E-006   0.000000000E+000
   0.22771051648440288E-007  -0.301539501E-006   0.000000000E+000
   0.22801864979493658E-007  -0.342131273E-006   0.000000000E+000
   0.22832678310547028E-007  -0.105902359E-006   0.000000000E+000
   0.22863491641600397E-007   0.172900343E-007   0.000000000E+000
   0.22894304972653767E-007   0.500255872E-007   0.000000000E+000
   0.22925118303707137E-007   0.189227734E-006   0.000000000E+000
   0.22955931634760507E-007   0.319507251E-006   0.000000000E+000
   0.22986744965813877E-007   0.726286373E-007   0.000000000E+000
   0.23017558296867247E-007  -0.463023554E-006   0.000000000E+000
   0.23048371627920616E-007  -0.558630688E-006   0.000000000E+000
   0.23079184958973986E-007   0.952455252E-007   0.000000000E+000
   0.23109998290027356E-007   0.696763436E-006   0.000000000E+000
   0.23140811621080726E-007   0.430487717E-006   0.000000000E+000
   0.23171624952134096E-007  -0.313211217E-006   0.000000000E+000
   0.23202438283187465E-007  -0.579391894E-006   0.000000000E+000
   0.23233251614240835E-007  -0.190453250E-006   0.000000000E+000
   0.23264064945294205E-007   0.245758287E-006   0.000000000E+000
   0.23294878276347575E-007   0.297490914E-006   0.000000000E+000
   0.23325691607400945E-007   0.113540992E-006   0.000000000E+000
   0.23356504938454314E-007  -0.105623741E-007   0.000000000E+000
   0.23387318269507684E-007  -0.766581820E-007   0.000000000E+000
   0.23418131600561054E-007  -0.216957162E-006   0.000000000E+000
   0.23448944931614424E-007  -0.272761667E-006   0.000000000E+000
   0.23479758262667794E-007   0.246310492E-007   0.000000000E+000
   0.23510571593721163E-007   0.443738912E-006   0.000000000E+000
   0.23541384924774533E-007   0.394679205E-006   0.000000000E+000
   0.23572198255827903E-007  -0.171237389E-006   0.000000000E+000
   0.23603011586881273E-007  -0.569753979E-006   0.000000000E+000
   0.23633824917934643E-007  -0.302028809E-006   0.000000000E+000
   0.23664638248988012E-007   0.286310296E-006   0.000000000E+000
   0.23695451580041382E-007   0.493041568E-006   0.000000000E+000
   0.23726264911094752E-007   0.142616898E-006   0.000000000E+000
   0.23757078242148122E-007  -0.269231265E-006   0.000000000E+000
   0.23787891573201492E-007  -0.286854799E-006   0.000000000E+000
   0.23818704904254862E-007  -0.545338423E-007   0.000000000E+000
   0.23849518235308231E-007   0.634094803E-007   0.000000000E+000
   0.23880331566361601E-007   0.821797030E-007   0.000000000E+000
   0.23911144897414971E-007   0.169740858E-006   0.000000000E+000
   0.23941958228468341E-007   0.169582137E-006   0.000000000E+000
   0.23972771559521711E-007  -0.937072571E-007   0.000000000E+000
   0.24003584890575080E-007  -0.346903676E-006   0.000000000E+000
   0.24034398221628450E-007  -0.223117624E-006   0.000000000E+000
   0.24065211552681820E-007   0.171048740E-006   0.000000000E+000
   0.24096024883735190E-007   0.394711151E-006   0.000000000E+000
   0.24126838214788560E-007   0.198005864E-006   0.000000000E+000
   0.24157651545841929E-007  -0.218763034E-006   0.000000000E+000
   0.24188464876895299E-007  -0.389826482E-006   0.000000000E+000
   0.24219278207948669E-007  -0.118509405E-006   0.000000000E+000
   0.24250091539002039E-007   0.231704661E-006   0.000000000E+000
   0.24280904870055409E-007   0.246540623E-006   0.000000000E+000
   0.24311718201108778E-007   0.370354769E-007   0.000000000E+000
   0.24342531532162148E-007  -0.784201362E-007   0.000000000E+000
   0.24373344863215518E-007  -0.102501900E-006   0.000000000E+000
   0.24404158194268888E-007  -0.139599521E-006   0.000000000E+000
   0.24434971525322258E-007  -0.801149298E-007   0.000000000E+000
   0.24465784856375627E-007   0.115834510E-006   0.000000000E+000
   0.24496598187428997E-007   0.228235763E-006   0.000000000E+000
   0.24527411518482367E-007   0.107921693E-006   0.000000000E+000
   0.24558224849535737E-007  -0.124493056E-006   0.000000000E+000
   0.24589038180589107E-007  -0.255476778E-006   0.000000000E+000
   0.24619851511642477E-007  -0.148947549E-006   0.000000000E+000
   0.24650664842695846E-007   0.130813476E-006   0.000000000E+000
   0.24681478173749216E-007   0.288010256E-006   0.000000000E+000
   0.24712291504802586E-007   0.122507245E-006   0.000000000E+000
   0.24743104835855956E-007  -0.161068883E-006   0.000000000E+000
   0.24773918166909326E-007  -0.234602709E-006   0.000000000E+000
   0.24804731497962695E-007  -0.784051082E-007   0.000000000E+000
   0.24835544829016065E-007   0.992165354E-007   0.000000000E+000
   0.24866358160069435E-007   0.158916251E-006   0.000000000E+000
   0.24897171491122805E-007   0.881293971E-007   0.000000000E+000
   0.24927984822176175E-007  -0.400209075E-007   0.000000000E+000
   0.24958798153229544E-007  -0.111447719E-006   0.000000000E+000
   0.24989611484282914E-007  -0.926525274E-007   0.000000000E+000
   0.25020424815336284E-007  -0.381421010E-007   0.000000000E+000
   0.25051238146389654E-007   0.418099937E-007   0.000000000E+000
   0.25082051477443024E-007   0.138965646E-006   0.000000000E+000
   0.25112864808496393E-007   0.130310212E-006   0.000000000E+000
   0.25143678139549763E-007  -0.508622406E-007   0.000000000E+000
   0.25174491470603133E-007  -0.217158131E-006   0.000000000E+000
   0.25205304801656503E-007  -0.144602481E-006   0.000000000E+000
   0.25236118132709873E-007   0.964625286E-007   0.000000000E+000
   0.25266931463763243E-007   0.221401919E-006   0.000000000E+000
   0.25297744794816612E-007   0.942122114E-007   0.000000000E+000
   0.25328558125869982E-007  -0.116429391E-006   0.000000000E+000
   0.25359371456923352E-007  -0.162982971E-006   0.000000000E+000
   0.25390184787976722E-007  -0.343042785E-007   0.000000000E+000
   0.25420998119030092E-007   0.665875177E-007   0.000000000E+000
   0.25451811450083461E-007   0.473960498E-007   0.000000000E+000
   0.25482624781136831E-007   0.240971119E-007   0.000000000E+000
   0.25513438112190201E-007   0.513746912E-007   0.000000000E+000
   0.25544251443243571E-007   0.163848668E-007   0.000000000E+000
   0.25575064774296941E-007  -0.105382860E-006   0.000000000E+000
   0.25605878105350310E-007  -0.140984540E-006   0.000000000E+000
   0.25636691436403680E-007   0.846245030E-008   0.000000000E+000
   0.25667504767457050E-007   0.174400441E-006   0.000000000E+000
   0.25698318098510420E-007   0.134306120E-006   0.000000000E+000
   0.25729131429563790E-007  -0.723944567E-007   0.000000000E+000
   0.25759944760617159E-007  -0.180056603E-006   0.000000000E+000
   0.25790758091670529E-007  -0.603805148E-007   0.000000000E+000
   0.25821571422723899E-007   0.981722934E-007   0.000000000E+000
   0.25852384753777269E-007   0.854004014E-007   0.000000000E+000
   0.25883198084830639E-007  -0.192552676E-007   0.000000000E+000
   0.25914011415884008E-007  -0.281272214E-007   0.000000000E+000
   0.25944824746937378E-007   0.248979575E-007   0.000000000E+000
   0.25975638077990748E-007  -0.752488205E-008   0.000000000E+000
   0.26006451409044118E-007  -0.828212947E-007   0.000000000E+000
   0.26037264740097488E-007  -0.441092780E-007   0.000000000E+000
   0.26068078071150858E-007   0.828150135E-007   0.000000000E+000
   0.26098891402204227E-007   0.109837181E-006   0.000000000E+000
   0.26129704733257597E-007  -0.151963562E-007   0.000000000E+000
   0.26160518064310967E-007  -0.119588961E-006   0.000000000E+000
   0.26191331395364337E-007  -0.605484587E-007   0.000000000E+000
   0.26222144726417707E-007   0.650109087E-007   0.000000000E+000
   0.26252958057471076E-007   0.746217097E-007   0.000000000E+000
   0.26283771388524446E-007  -0.201318855E-007   0.000000000E+000
   0.26314584719577816E-007  -0.538499982E-007   0.000000000E+000
   0.26345398050631186E-007   0.980258008E-008   0.000000000E+000
   0.26376211381684556E-007   0.370427102E-007   0.000000000E+000
   0.26407024712737925E-007  -0.232274786E-007   0.000000000E+000
   0.26437838043791295E-007  -0.519417860E-007   0.000000000E+000
   0.26468651374844665E-007   0.169658456E-007   0.000000000E+000
   0.26499464705898035E-007   0.684206043E-007   0.000000000E+000
   0.26530278036951405E-007   0.359403174E-008   0.000000000E+000
   0.26561091368004774E-007  -0.775787612E-007   0.000000000E+000
   0.26591904699058144E-007  -0.364610315E-007   0.000000000E+000
   0.26622718030111514E-007   0.634250128E-007   0.000000000E+000
   0.26653531361164884E-007   0.591031650E-007   0.000000000E+000
   0.26684344692218254E-007  -0.367958322E-007   0.000000000E+000
   0.26715158023271623E-007  -0.702408300E-007   0.000000000E+000
   0.26745971354324993E-007  -0.559961677E-008   0.000000000E+000
   0.26776784685378363E-007   0.493593326E-007   0.000000000E+000
   0.26807598016431733E-007   0.320187077E-007   0.000000000E+000
   0.26838411347485103E-007  -0.179720736E-007   0.000000000E+000
   0.26869224678538473E-007  -0.374620726E-007   0.000000000E+000
   0.26900038009591842E-007  -0.322598481E-008   0.000000000E+000
   0.26930851340645212E-007   0.282426704E-007   0.000000000E+000
   0.26961664671698582E-007  -0.105373310E-007   0.000000000E+000
   0.26992478002751952E-007  -0.494536287E-007   0.000000000E+000
   0.27023291333805322E-007   0.191853040E-007   0.000000000E+000
   0.27054104664858691E-007   0.909650595E-007   0.000000000E+000
   0.27084917995912061E-007   0.448749660E-008   0.000000000E+000
   0.27115731326965431E-007  -0.115838880E-006   0.000000000E+000
   0.27146544658018801E-007  -0.590087197E-007   0.000000000E+000
   0.27177357989072171E-007   0.748444720E-007   0.000000000E+000
   0.27208171320125540E-007   0.766375834E-007   0.000000000E+000
   0.27238984651178910E-007  -0.538344835E-008   0.000000000E+000
   0.27269797982232280E-007  -0.388890591E-007   0.000000000E+000
   0.27300611313285650E-007  -0.387788859E-007   0.000000000E+000
   0.27331424644339020E-007  -0.219417569E-007   0.000000000E+000
   0.27362237975392389E-007   0.275986221E-007   0.000000000E+000
   0.27393051306445759E-007   0.322991163E-007   0.000000000E+000
   0.27423864637499129E-007  -0.225856951E-007   0.000000000E+000
   0.27454677968552499E-007  -0.369495368E-008   0.000000000E+000
   0.27485491299605869E-007   0.621505336E-007   0.000000000E+000
   0.27516304630659238E-007  -0.914852905E-008   0.000000000E+000
   0.27547117961712608E-007  -0.129105757E-006   0.000000000E+000
   0.27577931292765978E-007  -0.455278695E-007   0.000000000E+000
   0.27608744623819348E-007   0.134901057E-006   0.000000000E+000
   0.27639557954872718E-007   0.112513703E-006   0.000000000E+000
   0.27670371285926088E-007  -0.612710380E-007   0.000000000E+000
   0.27701184616979457E-007  -0.123161300E-006   0.000000000E+000
   0.27731997948032827E-007  -0.396534361E-007   0.000000000E+000
   0.27762811279086197E-007   0.546886341E-007   0.000000000E+000
   0.27793624610139567E-007   0.777500304E-007   0.000000000E+000
   0.27824437941192937E-007   0.984857706E-008   0.000000000E+000
   0.27855251272246306E-007  -0.641169606E-007   0.000000000E+000
   0.27886064603299676E-007  -0.159946865E-007   0.000000000E+000
   0.27916877934353046E-007   0.620578220E-007   0.000000000E+000
   0.27947691265406416E-007  -0.191380067E-007   0.000000000E+000
   0.27978504596459786E-007  -0.124124028E-006   0.000000000E+000
   0.28009317927513155E-007   0.813415113E-009   0.000000000E+000
   0.28040131258566525E-007   0.184329039E-006   0.000000000E+000
   0.28070944589619895E-007   0.874651178E-007   0.000000000E+000
   0.28101757920673265E-007  -0.163541614E-006   0.000000000E+000
   0.28132571251726635E-007  -0.181162804E-006   0.000000000E+000
   0.28163384582780004E-007   0.444131700E-007   0.000000000E+000
   0.28194197913833374E-007   0.181757088E-006   0.000000000E+000
   0.28225011244886744E-007   0.698346412E-007   0.000000000E+000
   0.28255824575940114E-007  -0.109787237E-006   0.000000000E+000
   0.28286637906993484E-007  -0.108045363E-006   0.000000000E+000
   0.28317451238046853E-007   0.504269408E-007   0.000000000E+000
   0.28348264569100223E-007   0.882271110E-007   0.000000000E+000
   0.28379077900153593E-007  -0.693431019E-007   0.000000000E+000
   0.28409891231206963E-007  -0.114480017E-006   0.000000000E+000
   0.28440704562260333E-007   0.953927639E-007   0.000000000E+000
   0.28471517893313703E-007   0.201282802E-006   0.000000000E+000
   0.28502331224367072E-007  -0.415630836E-007   0.000000000E+000
   0.28533144555420442E-007  -0.269276711E-006   0.000000000E+000
   0.28563957886473812E-007  -0.101195326E-006   0.000000000E+000
   0.28594771217527182E-007   0.213797648E-006   0.000000000E+000
   0.28625584548580552E-007   0.211104322E-006   0.000000000E+000
   0.28656397879633921E-007  -0.727196721E-007   0.000000000E+000
   0.28687211210687291E-007  -0.212508738E-006   0.000000000E+000
   0.28718024541740661E-007  -0.425920632E-007   0.000000000E+000
   0.28748837872794031E-007   0.141399283E-006   0.000000000E+000
   0.28779651203847401E-007   0.570261562E-007   0.000000000E+000
   0.28810464534900770E-007  -0.121593928E-006   0.000000000E+000
   0.28841277865954140E-007  -0.504050277E-007   0.000000000E+000
   0.28872091197007510E-007   0.168532893E-006   0.000000000E+000
   0.28902904528060880E-007   0.113955551E-006   0.000000000E+000
   0.28933717859114250E-007  -0.193451640E-006   0.000000000E+000
   0.28964531190167619E-007  -0.244825912E-006   0.000000000E+000
   0.28995344521220989E-007   0.951319237E-007   0.000000000E+000
   0.29026157852274359E-007   0.310062546E-006   0.000000000E+000
   0.29056971183327729E-007   0.692039634E-007   0.000000000E+000
   0.29087784514381099E-007  -0.244201573E-006   0.000000000E+000
   0.29118597845434468E-007  -0.175664553E-006   0.000000000E+000
   0.29149411176487838E-007   0.107964695E-006   0.000000000E+000
   0.29180224507541208E-007   0.158421287E-006   0.000000000E+000
   0.29211037838594578E-007  -0.397801614E-007   0.000000000E+000
   0.29241851169647948E-007  -0.115442226E-006   0.000000000E+000
   0.29272664500701318E-007   0.504446191E-007   0.000000000E+000
   0.29303477831754687E-007   0.142091068E-006   0.000000000E+000
   0.29334291162808057E-007  -0.459347831E-007   0.000000000E+000
   0.29365104493861427E-007  -0.227249828E-006   0.000000000E+000
   0.29395917824914797E-007  -0.647755769E-007   0.000000000E+000
   0.29426731155968167E-007   0.239096295E-006   0.000000000E+000
   0.29457544487021536E-007   0.210323037E-006   0.000000000E+000
   0.29488357818074906E-007  -0.130844370E-006   0.000000000E+000
   0.29519171149128276E-007  -0.270589879E-006   0.000000000E+000
   0.29549984480181646E-007  -0.196934593E-007   0.000000000E+000
   0.29580797811235016E-007   0.201081747E-006   0.000000000E+000
   0.29611611142288385E-007   0.780503342E-007   0.000000000E+000
   0.29642424473341755E-007  -0.114525534E-006   0.000000000E+000
   0.29673237804395125E-007  -0.492604784E-007   0.000000000E+000
   0.29704051135448495E-007   0.102311446E-006   0.000000000E+000
   0.29734864466501865E-007   0.321239639E-007   0.000000000E+000
   0.29765677797555234E-007  -0.145927558E-006   0.000000000E+000
   0.29796491128608604E-007  -0.107581897E-006   0.000000000E+000
   0.29827304459661974E-007   0.122982073E-006   0.000000000E+000
   0.29858117790715344E-007   0.201139244E-006   0.000000000E+000
   0.29888931121768714E-007  -0.590095794E-008   0.000000000E+000
   0.29919744452822084E-007  -0.210537223E-006   0.000000000E+000
   0.29950557783875453E-007  -0.123716944E-006   0.000000000E+000
   0.29981371114928823E-007   0.114004749E-006   0.000000000E+000
   0.30012184445982193E-007   0.150689829E-006   0.000000000E+000
   0.30042997777035563E-007  -0.252967283E-007   0.000000000E+000
   0.30073811108088933E-007  -0.980420012E-007   0.000000000E+000
   0.30104624439142302E-007   0.175662791E-007   0.000000000E+000
   0.30135437770195672E-007   0.600443713E-007   0.000000000E+000
   0.30166251101249042E-007  -0.624760759E-007   0.000000000E+000
   0.30197064432302412E-007  -0.102037404E-006   0.000000000E+000
   0.30227877763355782E-007   0.507541671E-007   0.000000000E+000
   0.30258691094409151E-007   0.152511703E-006   0.000000000E+000
   0.30289504425462521E-007   0.312273727E-007   0.000000000E+000
   0.30320317756515891E-007  -0.133525049E-006   0.000000000E+000
   0.30351131087569261E-007  -0.113464360E-006   0.000000000E+000
   0.30381944418622631E-007   0.389974204E-007   0.000000000E+000
   0.30412757749676000E-007   0.109337840E-006   0.000000000E+000
   0.30443571080729370E-007   0.318461133E-007   0.000000000E+000
   0.30474384411782740E-007  -0.524695949E-007   0.000000000E+000
   0.30505197742836110E-007  -0.308648325E-007   0.000000000E+000
   0.30536011073889480E-007   0.178474693E-007   0.000000000E+000
   0.30566824404942849E-007  -0.123375941E-007   0.000000000E+000
   0.30597637735996219E-007  -0.508157250E-007   0.000000000E+000
   0.30628451067049589E-007   0.110353504E-007   0.000000000E+000
   0.30659264398102959E-007   0.889909302E-007   0.000000000E+000
   0.30690077729156329E-007   0.379737628E-007   0.000000000E+000
   0.30720891060209699E-007  -0.791705261E-007   0.000000000E+000
   0.30751704391263068E-007  -0.861446239E-007   0.000000000E+000
   0.30782517722316438E-007   0.175390795E-007   0.000000000E+000
   0.30813331053369808E-007   0.737065236E-007   0.000000000E+000
   0.30844144384423178E-007   0.239600482E-007   0.000000000E+000
   0.30874957715476548E-007  -0.308198125E-007   0.000000000E+000
   0.30905771046529917E-007  -0.187855278E-007   0.000000000E+000
   0.30936584377583287E-007   0.459868765E-008   0.000000000E+000
   0.30967397708636657E-007  -0.158329918E-007   0.000000000E+000
   0.30998211039690027E-007  -0.280469408E-007   0.000000000E+000
   0.31029024370743397E-007   0.197913188E-007   0.000000000E+000
   0.31059837701796766E-007   0.583759245E-007   0.000000000E+000
   0.31090651032850136E-007   0.854134541E-008   0.000000000E+000
   0.31121464363903506E-007  -0.632975485E-007   0.000000000E+000
   0.31152277694956876E-007  -0.458327989E-007   0.000000000E+000
   0.31183091026010246E-007   0.292846920E-007   0.000000000E+000
   0.31213904357063615E-007   0.479240647E-007   0.000000000E+000
   0.31244717688116985E-007   0.344108742E-009   0.000000000E+000
   0.31275531019170355E-007  -0.279944459E-007   0.000000000E+000
   0.31306344350223725E-007  -0.706962666E-008   0.000000000E+000
   0.31337157681277095E-007   0.849367332E-008   0.000000000E+000
   0.31367971012330464E-007  -0.128773205E-007   0.000000000E+000
   0.31398784343383834E-007  -0.234675372E-007   0.000000000E+000
   0.31429597674437204E-007   0.184413569E-007   0.000000000E+000
   0.31460411005490574E-007   0.531341229E-007   0.000000000E+000
   0.31491224336543944E-007   0.118268417E-008   0.000000000E+000
   0.31522037667597314E-007  -0.749515507E-007   0.000000000E+000
   0.31552850998650683E-007  -0.433033343E-007   0.000000000E+000
   0.31583664329704053E-007   0.586979816E-007   0.000000000E+000
   0.31614477660757423E-007   0.644306510E-007   0.000000000E+000
   0.31645290991810793E-007  -0.291069284E-007   0.000000000E+000
   0.31676104322864163E-007  -0.572733931E-007   0.000000000E+000
   0.31706917653917532E-007   0.981362192E-008   0.000000000E+000
   0.31737730984970902E-007   0.318611697E-007   0.000000000E+000
   0.31768544316024272E-007  -0.231788633E-007   0.000000000E+000
   0.31799357647077642E-007  -0.331671828E-007   0.000000000E+000
   0.31830170978131012E-007   0.325259961E-007   0.000000000E+000
   0.31860984309184381E-007   0.570215875E-007   0.000000000E+000
   0.31891797640237751E-007  -0.135297924E-007   0.000000000E+000
   0.31922610971291121E-007  -0.792174362E-007   0.000000000E+000
   0.31953424302344491E-007  -0.401635987E-007   0.000000000E+000
   0.31984237633397861E-007   0.566929899E-007   0.000000000E+000
   0.32015050964451230E-007   0.762181713E-007   0.000000000E+000
   0.32045864295504600E-007  -0.120049179E-007   0.000000000E+000
   0.32076677626557970E-007  -0.748663851E-007   0.000000000E+000
   0.32107490957611340E-007  -0.196410035E-007   0.000000000E+000
   0.32138304288664710E-007   0.469864041E-007   0.000000000E+000
   0.32169117619718079E-007   0.784552157E-008   0.000000000E+000
   0.32199930950771449E-007  -0.469669672E-007   0.000000000E+000
   0.32230744281824819E-007   0.516180521E-008   0.000000000E+000
   0.32261557612878189E-007   0.719585671E-007   0.000000000E+000
   0.32292370943931559E-007   0.126683979E-007   0.000000000E+000
   0.32323184274984929E-007  -0.896804693E-007   0.000000000E+000
   0.32353997606038298E-007  -0.650401688E-007   0.000000000E+000
   0.32384810937091668E-007   0.539839391E-007   0.000000000E+000
   0.32415624268145038E-007   0.927655606E-007   0.000000000E+000
   0.32446437599198408E-007   0.482680207E-008   0.000000000E+000
   0.32477250930251778E-007  -0.784600971E-007   0.000000000E+000
   0.32508064261305147E-007  -0.449552360E-007   0.000000000E+000
   0.32538877592358517E-007   0.424693596E-007   0.000000000E+000
   0.32569690923411887E-007   0.400014208E-007   0.000000000E+000
   0.32600504254465257E-007  -0.413690096E-007   0.000000000E+000
   0.32631317585518627E-007  -0.378893503E-007   0.000000000E+000
   0.32662130916571996E-007   0.644076081E-007   0.000000000E+000
   0.32692944247625366E-007   0.655492585E-007   0.000000000E+000
   0.32723757578678736E-007  -0.752399671E-007   0.000000000E+000
   0.32754570909732106E-007  -0.115940452E-006   0.000000000E+000
   0.32785384240785476E-007   0.356333487E-007   0.000000000E+000
   0.32816197571838845E-007   0.129769646E-006   0.000000000E+000
   0.32847010902892215E-007   0.166523151E-007   0.000000000E+000
   0.32877824233945585E-007  -0.100519991E-006   0.000000000E+000
   0.32908637564998955E-007  -0.457023468E-007   0.000000000E+000
   0.32939450896052325E-007   0.542864917E-007   0.000000000E+000
   0.32970264227105694E-007   0.373093698E-007   0.000000000E+000
   0.33001077558159064E-007  -0.397264159E-007   0.000000000E+000
   0.33031890889212434E-007  -0.395036395E-007   0.000000000E+000
   0.33062704220265804E-007   0.390458368E-007   0.000000000E+000
   0.33093517551319174E-007   0.672268499E-007   0.000000000E+000
   0.33124330882372544E-007  -0.239469600E-007   0.000000000E+000
   0.33155144213425913E-007  -0.107440457E-006   0.000000000E+000
   0.33185957544479283E-007  -0.284938153E-007   0.000000000E+000
   0.33216770875532653E-007   0.110268147E-006   0.000000000E+000
   0.33247584206586023E-007   0.777634170E-007   0.000000000E+000
   0.33278397537639393E-007  -0.794424722E-007   0.000000000E+000
   0.33309210868692762E-007  -0.991840139E-007   0.000000000E+000
   0.33340024199746132E-007   0.364760595E-007   0.000000000E+000
   0.33370837530799502E-007   0.857166782E-007   0.000000000E+000
   0.33401650861852872E-007  -0.172331269E-007   0.000000000E+000
   0.33432464192906242E-007  -0.779373437E-007   0.000000000E+000
   0.33463277523959611E-007   0.271879230E-008   0.000000000E+000
   0.33494090855012981E-007   0.824422202E-007   0.000000000E+000
   0.33524904186066351E-007   0.229203678E-007   0.000000000E+000
   0.33555717517119721E-007  -0.923743144E-007   0.000000000E+000
   0.33586530848173091E-007  -0.735962971E-007   0.000000000E+000
   0.33617344179226460E-007   0.733543573E-007   0.000000000E+000
   0.33648157510279830E-007   0.114728103E-006   0.000000000E+000
   0.33678970841333200E-007  -0.345952671E-007   0.000000000E+000
   0.33709784172386570E-007  -0.130372939E-006   0.000000000E+000
   0.33740597503439940E-007  -0.972254099E-008   0.000000000E+000
   0.33771410834493309E-007   0.111119022E-006   0.000000000E+000
   0.33802224165546679E-007   0.294276745E-007   0.000000000E+000
   0.33833037496600049E-007  -0.883459634E-007   0.000000000E+000
   0.33863850827653419E-007  -0.381340257E-007   0.000000000E+000
   0.33894664158706789E-007   0.686555524E-007   0.000000000E+000
   0.33925477489760159E-007   0.459862477E-007   0.000000000E+000
   0.33956290820813528E-007  -0.555169493E-007   0.000000000E+000
   0.33987104151866898E-007  -0.721780253E-007   0.000000000E+000
   0.34017917482920268E-007   0.217997425E-007   0.000000000E+000
   0.34048730813973638E-007   0.929450295E-007   0.000000000E+000
   0.34079544145027008E-007   0.259148791E-007   0.000000000E+000
   0.34110357476080377E-007  -0.954877706E-007   0.000000000E+000
   0.34141170807133747E-007  -0.765934587E-007   0.000000000E+000
   0.34171984138187117E-007   0.660565647E-007   0.000000000E+000
   0.34202797469240487E-007   0.954355102E-007   0.000000000E+000
   0.34233610800293857E-007  -0.357285757E-007   0.000000000E+000
   0.34264424131347226E-007  -0.908007820E-007   0.000000000E+000
   0.34295237462400596E-007   0.173784187E-007   0.000000000E+000
   0.34326050793453966E-007   0.771991679E-007   0.000000000E+000
   0.34356864124507336E-007  -0.166273821E-007   0.000000000E+000
   0.34387677455560706E-007  -0.836571985E-007   0.000000000E+000
   0.34418490786614075E-007  -0.155530699E-008   0.000000000E+000
   0.34449304117667445E-007   0.887728504E-007   0.000000000E+000
   0.34480117448720815E-007   0.380697927E-007   0.000000000E+000
   0.34510930779774185E-007  -0.744880992E-007   0.000000000E+000
   0.34541744110827555E-007  -0.784845398E-007   0.000000000E+000
   0.34572557441880925E-007   0.274911329E-007   0.000000000E+000
   0.34603370772934294E-007   0.813047762E-007   0.000000000E+000
   0.34634184103987664E-007   0.109102984E-007   0.000000000E+000
   0.34664997435041034E-007  -0.590700964E-007   0.000000000E+000
   0.34695810766094404E-007  -0.221171597E-007   0.000000000E+000
   0.34726624097147774E-007   0.380686238E-007   0.000000000E+000
   0.34757437428201143E-007   0.984598536E-008   0.000000000E+000
   0.34788250759254513E-007  -0.495175598E-007   0.000000000E+000
   0.34819064090307883E-007  -0.225333974E-007   0.000000000E+000
   0.34849877421361253E-007   0.597343330E-007   0.000000000E+000
   0.34880690752414623E-007   0.601911836E-007   0.000000000E+000
   0.34911504083467992E-007  -0.414915320E-007   0.000000000E+000
   0.34942317414521362E-007  -0.959843689E-007   0.000000000E+000
   0.34973130745574732E-007  -0.104322879E-007   0.000000000E+000
   0.35003944076628102E-007   0.851496864E-007   0.000000000E+000
   0.35034757407681472E-007   0.408789731E-007   0.000000000E+000
   0.35065570738734841E-007  -0.538177574E-007   0.000000000E+000
   0.35096384069788211E-007  -0.337827899E-007   0.000000000E+000
   0.35127197400841581E-007   0.391258013E-007   0.000000000E+000
   0.35158010731894951E-007   0.101886375E-007   0.000000000E+000
   0.35188824062948321E-007  -0.624522016E-007   0.000000000E+000
   0.35219637394001690E-007  -0.265066511E-007   0.000000000E+000
   0.35250450725055060E-007   0.705077383E-007   0.000000000E+000
   0.35281264056108430E-007   0.685573411E-007   0.000000000E+000
   0.35312077387161800E-007  -0.344298527E-007   0.000000000E+000
   0.35342890718215170E-007  -0.940775422E-007   0.000000000E+000
   0.35373704049268540E-007  -0.326905294E-007   0.000000000E+000
   0.35404517380321909E-007   0.646424638E-007   0.000000000E+000
   0.35435330711375279E-007   0.634056221E-007   0.000000000E+000
   0.35466144042428649E-007  -0.265179523E-007   0.000000000E+000
   0.35496957373482019E-007  -0.530332755E-007   0.000000000E+000
   0.35527770704535389E-007   0.209154365E-007   0.000000000E+000
   0.35558584035588758E-007   0.389991257E-007   0.000000000E+000
   0.35589397366642128E-007  -0.504566415E-007   0.000000000E+000
   0.35620210697695498E-007  -0.720013134E-007   0.000000000E+000
   0.35651024028748868E-007   0.471255674E-007   0.000000000E+000
   0.35681837359802238E-007   0.115013599E-006   0.000000000E+000
   0.35712650690855607E-007   0.673988865E-008   0.000000000E+000
   0.35743464021908977E-007  -0.117128629E-006   0.000000000E+000
   0.35774277352962347E-007  -0.760893784E-007   0.000000000E+000
   0.35805090684015717E-007   0.584601167E-007   0.000000000E+000
   0.35835904015069087E-007   0.920414180E-007   0.000000000E+000
   0.35866717346122456E-007  -0.573400882E-008   0.000000000E+000
   0.35897530677175826E-007  -0.699933267E-007   0.000000000E+000
   0.35928344008229196E-007  -0.402253875E-008   0.000000000E+000
   0.35959157339282566E-007   0.586123647E-007   0.000000000E+000
   0.35989970670335936E-007  -0.129760735E-007   0.000000000E+000
   0.36020784001389305E-007  -0.933246653E-007   0.000000000E+000
   0.36051597332442675E-007  -0.127160575E-007   0.000000000E+000
   0.36082410663496045E-007   0.117478976E-006   0.000000000E+000
   0.36113223994549415E-007   0.772536026E-007   0.000000000E+000
   0.36144037325602785E-007  -0.854256967E-007   0.000000000E+000
   0.36174850656656155E-007  -0.130385587E-006   0.000000000E+000
   0.36205663987709524E-007   0.153325175E-008   0.000000000E+000
   0.36236477318762894E-007   0.115958542E-006   0.000000000E+000
   0.36267290649816264E-007   0.562413760E-007   0.000000000E+000
   0.36298103980869634E-007  -0.732158156E-007   0.000000000E+000
   0.36328917311923004E-007  -0.650790497E-007   0.000000000E+000
   0.36359730642976373E-007   0.542066658E-007   0.000000000E+000
   0.36390543974029743E-007   0.556494086E-007   0.000000000E+000
   0.36421357305083113E-007  -0.771971997E-007   0.000000000E+000
   0.36452170636136483E-007  -0.881390747E-007   0.000000000E+000
   0.36482983967189853E-007   0.770781270E-007   0.000000000E+000
   0.36513797298243222E-007   0.137421253E-006   0.000000000E+000
   0.36544610629296592E-007  -0.243892657E-007   0.000000000E+000
   0.36575423960349962E-007  -0.151263762E-006   0.000000000E+000
   0.36606237291403332E-007  -0.572498280E-007   0.000000000E+000
   0.36637050622456702E-007   0.956028501E-007   0.000000000E+000
   0.36667863953510071E-007   0.945093248E-007   0.000000000E+000
   0.36698677284563441E-007  -0.277294774E-007   0.000000000E+000
   0.36729490615616811E-007  -0.862022631E-007   0.000000000E+000
   0.36760303946670181E-007  -0.623563778E-008   0.000000000E+000
   0.36791117277723551E-007   0.718578335E-007   0.000000000E+000
   0.36821930608776920E-007   0.246026133E-008   0.000000000E+000
   0.36852743939830290E-007  -0.980550539E-007   0.000000000E+000
   0.36883557270883660E-007  -0.226561383E-007   0.000000000E+000
   0.36914370601937030E-007   0.126626958E-006   0.000000000E+000
   0.36945183932990400E-007   0.769395569E-007   0.000000000E+000
   0.36975997264043770E-007  -0.113994943E-006   0.000000000E+000
   0.37006810595097139E-007  -0.133314359E-006   0.000000000E+000
   0.37037623926150509E-007   0.454366500E-007   0.000000000E+000
   0.37068437257203879E-007   0.133997162E-006   0.000000000E+000
   0.37099250588257249E-007   0.182552711E-007   0.000000000E+000
   0.37130063919310619E-007  -0.977543593E-007   0.000000000E+000
   0.37160877250363988E-007  -0.463827021E-007   0.000000000E+000
   0.37191690581417358E-007   0.656052208E-007   0.000000000E+000
   0.37222503912470728E-007   0.466699355E-007   0.000000000E+000
   0.37253317243524098E-007  -0.712918933E-007   0.000000000E+000
   0.37284130574577468E-007  -0.718315292E-007   0.000000000E+000
   0.37314943905630837E-007   0.738265200E-007   0.000000000E+000
   0.37345757236684207E-007   0.116246184E-006   0.000000000E+000
   0.37376570567737577E-007  -0.442411618E-007   0.000000000E+000
   0.37407383898790947E-007  -0.148180732E-006   0.000000000E+000
   0.37438197229844317E-007  -0.192096223E-007   0.000000000E+000
   0.37469010560897686E-007   0.126074099E-006   0.000000000E+000
   0.37499823891951056E-007   0.626890966E-007   0.000000000E+000
   0.37530637223004426E-007  -0.787396743E-007   0.000000000E+000
   0.37561450554057796E-007  -0.738659764E-007   0.000000000E+000
   0.37592263885111166E-007   0.386140044E-007   0.000000000E+000
   0.37623077216164535E-007   0.668488838E-007   0.000000000E+000
   0.37653890547217905E-007  -0.270940248E-007   0.000000000E+000
   0.37684703878271275E-007  -0.837612788E-007   0.000000000E+000
   0.37715517209324645E-007   0.654274857E-008   0.000000000E+000
   0.37746330540378015E-007   0.109764535E-006   0.000000000E+000
   0.37777143871431385E-007   0.358088244E-007   0.000000000E+000
   0.37807957202484754E-007  -0.120569652E-006   0.000000000E+000
   0.37838770533538124E-007  -0.937993008E-007   0.000000000E+000
   0.37869583864591494E-007   0.893929979E-007   0.000000000E+000
   0.37900397195644864E-007   0.123636113E-006   0.000000000E+000
   0.37931210526698234E-007  -0.468578349E-007   0.000000000E+000
   0.37962023857751603E-007  -0.126070120E-006   0.000000000E+000
   0.37992837188804973E-007   0.120536043E-007   0.000000000E+000
   0.38023650519858343E-007   0.113611350E-006   0.000000000E+000
   0.38054463850911713E-007   0.377588094E-008   0.000000000E+000
   0.38085277181965083E-007  -0.115483090E-006   0.000000000E+000
   0.38116090513018452E-007  -0.308749648E-007   0.000000000E+000
   0.38146903844071822E-007   0.113154094E-006   0.000000000E+000
   0.38177717175125192E-007   0.680199008E-007   0.000000000E+000
   0.38208530506178562E-007  -0.949970911E-007   0.000000000E+000
   0.38239343837231932E-007  -0.107993849E-006   0.000000000E+000
   0.38270157168285301E-007   0.475597304E-007   0.000000000E+000
   0.38300970499338671E-007   0.120123431E-006   0.000000000E+000
   0.38331783830392041E-007   0.138555123E-008   0.000000000E+000
   0.38362597161445411E-007  -0.113537965E-006   0.000000000E+000
   0.38393410492498781E-007  -0.453390356E-007   0.000000000E+000
   0.38424223823552150E-007   0.934223436E-007   0.000000000E+000
   0.38455037154605520E-007   0.758309255E-007   0.000000000E+000
   0.38485850485658890E-007  -0.781241027E-007   0.000000000E+000
   0.38516663816712260E-007  -0.111116478E-006   0.000000000E+000
   0.38547477147765630E-007   0.524468931E-007   0.000000000E+000
   0.38578290478819000E-007   0.139853398E-006   0.000000000E+000
   0.38609103809872369E-007  -0.198007228E-007   0.000000000E+000
   0.38639917140925739E-007  -0.160297020E-006   0.000000000E+000
   0.38670730471979109E-007  -0.252106815E-007   0.000000000E+000
   0.38701543803032479E-007   0.154821521E-006   0.000000000E+000
   0.38732357134085849E-007   0.625749337E-007   0.000000000E+000
   0.38763170465139218E-007  -0.135081990E-006   0.000000000E+000
   0.38793983796192588E-007  -0.959927533E-007   0.000000000E+000
   0.38824797127245958E-007   0.970713145E-007   0.000000000E+000
   0.38855610458299328E-007   0.115119235E-006   0.000000000E+000
   0.38886423789352698E-007  -0.541481313E-007   0.000000000E+000
   0.38917237120406067E-007  -0.128900581E-006   0.000000000E+000
   0.38948050451459437E-007   0.176228809E-009   0.000000000E+000
   0.38978863782512807E-007   0.125468276E-006   0.000000000E+000
   0.39009677113566177E-007   0.487829936E-007   0.000000000E+000
   0.39040490444619547E-007  -0.114753391E-006   0.000000000E+000
   0.39071303775672916E-007  -0.964823386E-007   0.000000000E+000
   0.39102117106726286E-007   0.894317509E-007   0.000000000E+000
   0.39132930437779656E-007   0.130674451E-006   0.000000000E+000
   0.39163743768833026E-007  -0.595811684E-007   0.000000000E+000
   0.39194557099886396E-007  -0.158767165E-006   0.000000000E+000
   0.39225370430939765E-007   0.141576919E-007   0.000000000E+000
   0.39256183761993135E-007   0.164961392E-006   0.000000000E+000
   0.39286997093046505E-007   0.333447190E-007   0.000000000E+000
   0.39317810424099875E-007  -0.153833554E-006   0.000000000E+000
   0.39348623755153245E-007  -0.821403461E-007   0.000000000E+000
   0.39379437086206615E-007   0.119010465E-006   0.000000000E+000
   0.39410250417259984E-007   0.113362447E-006   0.000000000E+000
   0.39441063748313354E-007  -0.807119704E-007   0.000000000E+000
   0.39471877079366724E-007  -0.136667808E-006   0.000000000E+000
   0.39502690410420094E-007   0.360991379E-007   0.000000000E+000
   0.39533503741473464E-007   0.146646244E-006   0.000000000E+000
   0.39564317072526833E-007   0.665332323E-008   0.000000000E+000
   0.39595130403580203E-007  -0.151479000E-006   0.000000000E+000
   0.39625943734633573E-007  -0.592946563E-007   0.000000000E+000
   0.39656757065686943E-007   0.133253224E-006   0.000000000E+000
   0.39687570396740313E-007   0.104699176E-006   0.000000000E+000
   0.39718383727793682E-007  -0.986850566E-007   0.000000000E+000
   0.39749197058847052E-007  -0.140110913E-006   0.000000000E+000
   0.39780010389900422E-007   0.467802153E-007   0.000000000E+000
   0.39810823720953792E-007   0.150281778E-006   0.000000000E+000
   0.39841637052007162E-007  -0.310805603E-009   0.000000000E+000
   0.39872450383060531E-007  -0.150269670E-006   0.000000000E+000
   0.39903263714113901E-007  -0.452123814E-007   0.000000000E+000
   0.39934077045167271E-007   0.136414599E-006   0.000000000E+000
   0.39964890376220641E-007   0.821621455E-007   0.000000000E+000
