t              AirBox.fdtd_Point probe B_Ez_50_50_13.dat       incid
   0.00000000000000000E+000   0.000000000E+000   0.000000000E+000
   0.30813331053369808E-010   0.000000000E+000   0.000000000E+000
   0.61626662106739616E-010   0.000000000E+000   0.000000000E+000
   0.92439993160109424E-010   0.000000000E+000   0.000000000E+000
   0.12325332421347923E-009   0.000000000E+000   0.000000000E+000
   0.15406665526684904E-009   0.000000000E+000   0.000000000E+000
   0.18487998632021885E-009   0.000000000E+000   0.000000000E+000
   0.21569331737358866E-009   0.000000000E+000   0.000000000E+000
   0.24650664842695846E-009   0.000000000E+000   0.000000000E+000
   0.27731997948032827E-009   0.000000000E+000   0.000000000E+000
   0.30813331053369808E-009   0.000000000E+000   0.000000000E+000
   0.33894664158706789E-009   0.000000000E+000  -0.210102457E-014
   0.36975997264043770E-009   0.000000000E+000  -0.542206076E-014
   0.40057330369380750E-009   0.000000000E+000  -0.133781510E-013
   0.43138663474717731E-009   0.000000000E+000  -0.311337666E-013
   0.46219996580054712E-009   0.000000000E+000  -0.678536274E-013
   0.49301329685391693E-009   0.000000000E+000  -0.136884346E-012
   0.52382662790728673E-009   0.000000000E+000  -0.307993756E-012
   0.55463995896065654E-009   0.000000000E+000  -0.666797889E-012
   0.58545329001402635E-009   0.000000000E+000  -0.137186811E-011
   0.61626662106739616E-009   0.000000000E+000  -0.267441212E-011
   0.64707995212076597E-009   0.000000000E+000  -0.492061600E-011
   0.67789328317413577E-009   0.000000000E+000  -0.968679217E-011
   0.70870661422750558E-009   0.000000000E+000  -0.184320666E-010
   0.73951994528087539E-009   0.000000000E+000  -0.335669131E-010
   0.77033327633424520E-009   0.000000000E+000  -0.585070117E-010
   0.80114660738761501E-009   0.000000000E+000  -0.976471889E-010
   0.83195993844098481E-009   0.000000000E+000  -0.168703301E-009
   0.86277326949435462E-009   0.000000000E+000  -0.282636387E-009
   0.89358660054772443E-009   0.000000000E+000  -0.456127164E-009
   0.92439993160109424E-009   0.000000000E+000  -0.710350001E-009
   0.95521326265446405E-009   0.000000000E+000  -0.107018894E-008
   0.98602659370783385E-009   0.000000000E+000  -0.162712632E-008
   0.10168399247612037E-008   0.000000000E+000  -0.240461784E-008
   0.10476532558145735E-008   0.000000000E+000  -0.344251405E-008
   0.10784665868679433E-008   0.000000000E+000  -0.478605422E-008
   0.11092799179213131E-008   0.000000000E+000  -0.647986687E-008
   0.11400932489746829E-008   0.000000000E+000  -0.869203287E-008
   0.11709065800280527E-008   0.000000000E+000  -0.113531566E-007
   0.12017199110814225E-008   0.000000000E+000  -0.144313672E-007
   0.12325332421347923E-008   0.000000000E+000  -0.178923472E-007
   0.12633465731881621E-008   0.000000000E+000  -0.216817906E-007
   0.12941599042415319E-008   0.000000000E+000  -0.257202917E-007
   0.13249732352949017E-008   0.000000000E+000  -0.297523357E-007
   0.13557865663482715E-008   0.000000000E+000  -0.336039676E-007
   0.13865998974016414E-008   0.000000000E+000  -0.371089826E-007
   0.14174132284550112E-008   0.000000000E+000  -0.400996214E-007
   0.14482265595083810E-008   0.000000000E+000  -0.421634887E-007
   0.14790398905617508E-008   0.000000000E+000  -0.432847251E-007
   0.15098532216151206E-008   0.000000000E+000  -0.434629328E-007
   0.15406665526684904E-008  -0.642466351E-035  -0.426916493E-007
   0.15714798837218602E-008  -0.105310851E-033  -0.409993071E-007
   0.16022932147752300E-008  -0.117133604E-032  -0.382962426E-007
   0.16331065458285998E-008  -0.107433895E-031  -0.349641027E-007
   0.16639198768819696E-008  -0.853483895E-031  -0.312226760E-007
   0.16947332079353394E-008  -0.601068912E-030  -0.272387073E-007
   0.17255465389887092E-008  -0.381317992E-029  -0.231773054E-007
   0.17563598700420791E-008  -0.220618510E-028  -0.192746761E-007
   0.17871732010954489E-008  -0.117558848E-027  -0.156833178E-007
   0.18179865321488187E-008  -0.581561606E-027  -0.124567876E-007
   0.18487998632021885E-008  -0.268863325E-026  -0.963681579E-008
   0.18796131942555583E-008  -0.116807928E-025  -0.724514315E-008
   0.19104265253089281E-008  -0.479150786E-025  -0.537625322E-008
   0.19412398563622979E-008  -0.186340015E-024  -0.390680732E-008
   0.19720531874156677E-008  -0.689488590E-024  -0.275977508E-008
   0.20028665184690375E-008  -0.243505781E-023  -0.189019578E-008
   0.20336798495224073E-008  -0.823154898E-023  -0.125246269E-008
   0.20644931805757771E-008  -0.267025819E-022  -0.831156199E-009
   0.20953065116291469E-008  -0.833172169E-022  -0.540506306E-009
   0.21261198426825167E-008  -0.250583976E-021  -0.339476475E-009
   0.21569331737358866E-008  -0.727890313E-021  -0.205509415E-009
   0.21877465047892564E-008  -0.204583293E-020  -0.119741758E-009
   0.22185598358426262E-008  -0.557329013E-020  -0.712263651E-010
   0.22493731668959960E-008  -0.147397656E-019  -0.415322221E-010
   0.22801864979493658E-008  -0.379023786E-019  -0.231814394E-010
   0.23109998290027356E-008  -0.948989743E-019  -0.123831171E-010
   0.23418131600561054E-008  -0.231666355E-018  -0.633157112E-011
   0.23726264911094752E-008  -0.552108421E-018  -0.338371844E-011
   0.24034398221628450E-008  -0.128607374E-017  -0.177243441E-011
   0.24342531532162148E-008  -0.293139574E-017  -0.878572117E-012
   0.24650664842695846E-008  -0.654488503E-017  -0.413456135E-012
   0.24958798153229544E-008  -0.143259294E-016  -0.185174372E-012
   0.25266931463763243E-008  -0.307764392E-016  -0.891210391E-013
   0.25575064774296941E-008  -0.649587185E-016  -0.420085753E-013
   0.25883198084830639E-008  -0.405509272E-010  -0.184773224E-013
   0.26191331395364337E-008  -0.170654241E-009  -0.764820776E-014
   0.26499464705898035E-008  -0.424115049E-009  -0.299544604E-014
   0.26807598016431733E-008  -0.966167590E-009  -0.130141382E-014
   0.27115731326965431E-008  -0.222898056E-008  -0.552901392E-015
   0.27423864637499129E-008  -0.475322359E-008  -0.215588546E-015
   0.27731997948032827E-008  -0.931114563E-008  -0.783706977E-016
   0.28040131258566525E-008  -0.171774204E-007  -0.268021126E-016
   0.28348264569100223E-008  -0.305995229E-007  -0.105373769E-016
   0.28656397879633921E-008  -0.530109716E-007  -0.404065901E-017
   0.28964531190167619E-008  -0.889342786E-007  -0.139523418E-017
   0.29272664500701318E-008  -0.145029034E-006  -0.444785769E-018
   0.29580797811235016E-008  -0.230883415E-006  -0.132649100E-018
   0.29888931121768714E-008  -0.359804289E-006  -0.473072089E-019
   0.30197064432302412E-008  -0.549141873E-006  -0.163941656E-019
   0.30505197742836110E-008  -0.820713524E-006  -0.500724979E-020
   0.30813331053369808E-008  -0.120167397E-005   0.000000000E+000
   0.31121464363903506E-008  -0.172499517E-005   0.000000000E+000
   0.31429597674437204E-008  -0.242824149E-005   0.000000000E+000
   0.31737730984970902E-008  -0.335123377E-005   0.000000000E+000
   0.32045864295504600E-008  -0.453336861E-005   0.000000000E+000
   0.32353997606038298E-008  -0.600922976E-005   0.000000000E+000
   0.32662130916571996E-008  -0.779972834E-005   0.000000000E+000
   0.32970264227105694E-008  -0.989746422E-005   0.000000000E+000
   0.33278397537639393E-008  -0.122494912E-004   0.000000000E+000
   0.33586530848173091E-008  -0.147419523E-004   0.000000000E+000
   0.33894664158706789E-008  -0.171915653E-004   0.000000000E+000
   0.34202797469240487E-008  -0.193438955E-004   0.000000000E+000
   0.34510930779774185E-008  -0.208778420E-004   0.000000000E+000
   0.34819064090307883E-008  -0.214154225E-004   0.000000000E+000
   0.35127197400841581E-008  -0.205405795E-004   0.000000000E+000
   0.35435330711375279E-008  -0.178334540E-004   0.000000000E+000
   0.35743464021908977E-008  -0.129244809E-004   0.000000000E+000
   0.36051597332442675E-008  -0.556780151E-005   0.000000000E+000
   0.36359730642976373E-008   0.427442910E-005   0.000000000E+000
   0.36667863953510071E-008   0.163520854E-004   0.000000000E+000
   0.36975997264043770E-008   0.300755128E-004   0.000000000E+000
   0.37284130574577468E-008   0.445143341E-004   0.000000000E+000
   0.37592263885111166E-008   0.584502050E-004   0.000000000E+000
   0.37900397195644864E-008   0.704691556E-004   0.000000000E+000
   0.38208530506178562E-008   0.790839840E-004   0.000000000E+000
   0.38516663816712260E-008   0.828968186E-004   0.000000000E+000
   0.38824797127245958E-008   0.808077457E-004   0.000000000E+000
   0.39132930437779656E-008   0.722382829E-004   0.000000000E+000
   0.39441063748313354E-008   0.573077596E-004   0.000000000E+000
   0.39749197058847052E-008   0.369127738E-004   0.000000000E+000
   0.40057330369380750E-008   0.126914892E-004   0.000000000E+000
   0.40365463679914448E-008  -0.131257239E-004   0.000000000E+000
   0.40673596990448146E-008  -0.379746089E-004   0.000000000E+000
   0.40981730300981845E-008  -0.593005025E-004   0.000000000E+000
   0.41289863611515543E-008  -0.749280298E-004   0.000000000E+000
   0.41597996922049241E-008  -0.833845334E-004   0.000000000E+000
   0.41906130232582939E-008  -0.841260553E-004   0.000000000E+000
   0.42214263543116637E-008  -0.776266897E-004   0.000000000E+000
   0.42522396853650335E-008  -0.652835297E-004   0.000000000E+000
   0.42830530164184033E-008  -0.491249521E-004   0.000000000E+000
   0.43138663474717731E-008  -0.314141362E-004   0.000000000E+000
   0.43446796785251429E-008  -0.142939061E-004   0.000000000E+000
   0.43754930095785127E-008   0.465215635E-006   0.000000000E+000
   0.44063063406318825E-008   0.116517940E-004   0.000000000E+000
   0.44371196716852523E-008   0.187386249E-004   0.000000000E+000
   0.44679330027386222E-008   0.218721616E-004   0.000000000E+000
   0.44987463337919920E-008   0.217104644E-004   0.000000000E+000
   0.45295596648453618E-008   0.192173866E-004   0.000000000E+000
   0.45603729958987316E-008   0.154998088E-004   0.000000000E+000
   0.45911863269521014E-008   0.116541742E-004   0.000000000E+000
   0.46219996580054712E-008   0.857841405E-005   0.000000000E+000
   0.46528129890588410E-008   0.679293362E-005   0.000000000E+000
   0.46836263201122108E-008   0.632302317E-005   0.000000000E+000
   0.47144396511655806E-008   0.665950802E-005   0.000000000E+000
   0.47452529822189504E-008   0.687049578E-005   0.000000000E+000
   0.47760663132723202E-008   0.596530617E-005   0.000000000E+000
   0.48068796443256900E-008   0.341554119E-005   0.000000000E+000
   0.48376929753790598E-008  -0.501416480E-006   0.000000000E+000
   0.48685063064324297E-008  -0.479895243E-005   0.000000000E+000
   0.48993196374857995E-008  -0.824690596E-005   0.000000000E+000
   0.49301329685391693E-008  -0.992761579E-005   0.000000000E+000
   0.49609462995925391E-008  -0.964739866E-005   0.000000000E+000
   0.49917596306459089E-008  -0.805618038E-005   0.000000000E+000
   0.50225729616992787E-008  -0.638269148E-005   0.000000000E+000
   0.50533862927526485E-008  -0.583060728E-005   0.000000000E+000
   0.50841996238060183E-008  -0.687000647E-005   0.000000000E+000
   0.51150129548593881E-008  -0.875508340E-005   0.000000000E+000
   0.51458262859127579E-008  -0.963594721E-005   0.000000000E+000
   0.51766396169661277E-008  -0.754266603E-005   0.000000000E+000
   0.52074529480194975E-008  -0.194176391E-005   0.000000000E+000
   0.52382662790728673E-008   0.533805360E-005   0.000000000E+000
   0.52690796101262372E-008   0.110149376E-004   0.000000000E+000
   0.52998929411796070E-008   0.126749210E-004   0.000000000E+000
   0.53307062722329768E-008   0.103986158E-004   0.000000000E+000
   0.53615196032863466E-008   0.618074273E-005   0.000000000E+000
   0.53923329343397164E-008   0.210302051E-005   0.000000000E+000
   0.54231462653930862E-008  -0.563130243E-006   0.000000000E+000
   0.54539595964464560E-008  -0.839921768E-006   0.000000000E+000
   0.54847729274998258E-008   0.213557723E-005   0.000000000E+000
   0.55155862585531956E-008   0.771490431E-005   0.000000000E+000
   0.55463995896065654E-008   0.124026392E-004   0.000000000E+000
   0.55772129206599352E-008   0.114403874E-004   0.000000000E+000
   0.56080262517133050E-008   0.320907111E-005   0.000000000E+000
   0.56388395827666749E-008  -0.784937220E-005   0.000000000E+000
   0.56696529138200447E-008  -0.138651121E-004   0.000000000E+000
   0.57004662448734145E-008  -0.101424648E-004   0.000000000E+000
   0.57312795759267843E-008   0.697586074E-006   0.000000000E+000
   0.57620929069801541E-008   0.111622112E-004   0.000000000E+000
   0.57929062380335239E-008   0.149332700E-004   0.000000000E+000
   0.58237195690868937E-008   0.103534603E-004   0.000000000E+000
   0.58545329001402635E-008  -0.389910383E-006   0.000000000E+000
   0.58853462311936333E-008  -0.127657213E-004   0.000000000E+000
   0.59161595622470031E-008  -0.199160149E-004   0.000000000E+000
   0.59469728933003729E-008  -0.145865706E-004   0.000000000E+000
   0.59777862243537427E-008   0.407646985E-005   0.000000000E+000
   0.60085995554071125E-008   0.245849387E-004   0.000000000E+000
   0.60394128864604824E-008   0.285590377E-004   0.000000000E+000
   0.60702262175138522E-008   0.784504664E-005   0.000000000E+000
   0.61010395485672220E-008  -0.230989754E-004   0.000000000E+000
   0.61318528796205918E-008  -0.366320819E-004   0.000000000E+000
   0.61626662106739616E-008  -0.182193144E-004   0.000000000E+000
   0.61934795417273314E-008   0.169136074E-004   0.000000000E+000
   0.62242928727807012E-008   0.366010645E-004   0.000000000E+000
   0.62551062038340710E-008   0.229876714E-004   0.000000000E+000
   0.62859195348874408E-008  -0.979355900E-005   0.000000000E+000
   0.63167328659408106E-008  -0.301239379E-004   0.000000000E+000
   0.63475461969941804E-008  -0.206199511E-004   0.000000000E+000
   0.63783595280475502E-008   0.560105400E-005   0.000000000E+000
   0.64091728591009200E-008   0.204306634E-004   0.000000000E+000
   0.64399861901542899E-008   0.111581867E-004   0.000000000E+000
   0.64707995212076597E-008  -0.713257396E-005   0.000000000E+000
   0.65016128522610295E-008  -0.109484699E-004   0.000000000E+000
   0.65324261833143993E-008   0.277748859E-005   0.000000000E+000
   0.65632395143677691E-008   0.134039747E-004   0.000000000E+000
   0.65940528454211389E-008   0.385738622E-005   0.000000000E+000
   0.66248661764745087E-008  -0.159975316E-004   0.000000000E+000
   0.66556795075278785E-008  -0.209062000E-004   0.000000000E+000
   0.66864928385812483E-008  -0.195989014E-005   0.000000000E+000
   0.67173061696346181E-008   0.225182612E-004   0.000000000E+000
   0.67481195006879879E-008   0.281875764E-004   0.000000000E+000
   0.67789328317413577E-008   0.871278280E-005   0.000000000E+000
   0.68097461627947276E-008  -0.213112944E-004   0.000000000E+000
   0.68405594938480974E-008  -0.377035685E-004   0.000000000E+000
   0.68713728249014672E-008  -0.218948862E-004   0.000000000E+000
   0.69021861559548370E-008   0.197571771E-004   0.000000000E+000
   0.69329994870082068E-008   0.490682287E-004   0.000000000E+000
   0.69638128180615766E-008   0.292067307E-004   0.000000000E+000
   0.69946261491149464E-008  -0.247927783E-004   0.000000000E+000
   0.70254394801683162E-008  -0.516275686E-004   0.000000000E+000
   0.70562528112216860E-008  -0.190247738E-004   0.000000000E+000
   0.70870661422750558E-008   0.296245453E-004   0.000000000E+000
   0.71178794733284256E-008   0.333986391E-004   0.000000000E+000
   0.71486928043817954E-008  -0.190503488E-005   0.000000000E+000
   0.71795061354351652E-008  -0.197400186E-004   0.000000000E+000
   0.72103194664885351E-008  -0.166180871E-005   0.000000000E+000
   0.72411327975419049E-008   0.123925374E-004   0.000000000E+000
   0.72719461285952747E-008  -0.260268826E-005   0.000000000E+000
   0.73027594596486445E-008  -0.177921029E-004   0.000000000E+000
   0.73335727907020143E-008  -0.579370499E-005   0.000000000E+000
   0.73643861217553841E-008   0.132321620E-004   0.000000000E+000
   0.73951994528087539E-008   0.118995331E-004   0.000000000E+000
   0.74260127838621237E-008   0.169651412E-005   0.000000000E+000
   0.74568261149154935E-008   0.277780509E-005   0.000000000E+000
   0.74876394459688633E-008   0.227729220E-005   0.000000000E+000
   0.75184527770222331E-008  -0.161000225E-004   0.000000000E+000
   0.75492661080756029E-008  -0.287755502E-004   0.000000000E+000
   0.75800794391289728E-008  -0.470749728E-005   0.000000000E+000
   0.76108927701823426E-008   0.359840997E-004   0.000000000E+000
   0.76417061012357124E-008   0.415605027E-004   0.000000000E+000
   0.76725194322890822E-008   0.116015508E-005   0.000000000E+000
   0.77033327633424520E-008  -0.406401305E-004   0.000000000E+000
   0.77341460943958218E-008  -0.418775744E-004   0.000000000E+000
   0.77649594254491916E-008  -0.635423930E-005   0.000000000E+000
   0.77957727565025614E-008   0.316063451E-004   0.000000000E+000
   0.78265860875559312E-008   0.417891351E-004   0.000000000E+000
   0.78573994186093010E-008   0.173205863E-004   0.000000000E+000
   0.78882127496626708E-008  -0.213190997E-004   0.000000000E+000
   0.79190260807160406E-008  -0.403289268E-004   0.000000000E+000
   0.79498394117694104E-008  -0.235247226E-004   0.000000000E+000
   0.79806527428227803E-008   0.110425372E-004   0.000000000E+000
   0.80114660738761501E-008   0.317766753E-004   0.000000000E+000
   0.80422794049295199E-008   0.251711936E-004   0.000000000E+000
   0.80730927359828897E-008   0.183519660E-005   0.000000000E+000
   0.81039060670362595E-008  -0.193695505E-004   0.000000000E+000
   0.81347193980896293E-008  -0.252315731E-004   0.000000000E+000
   0.81655327291429991E-008  -0.134241327E-004   0.000000000E+000
   0.81963460601963689E-008   0.738288145E-005   0.000000000E+000
   0.82271593912497387E-008   0.228572044E-004   0.000000000E+000
   0.82579727223031085E-008   0.214488809E-004   0.000000000E+000
   0.82887860533564783E-008   0.195483335E-005   0.000000000E+000
   0.83195993844098481E-008  -0.212354662E-004   0.000000000E+000
   0.83504127154632179E-008  -0.248240867E-004   0.000000000E+000
   0.83812260465165878E-008  -0.205099423E-005   0.000000000E+000
   0.84120393775699576E-008   0.214188385E-004   0.000000000E+000
   0.84428527086233274E-008   0.163246659E-004   0.000000000E+000
   0.84736660396766972E-008  -0.752145388E-005   0.000000000E+000
   0.85044793707300670E-008  -0.137998368E-004   0.000000000E+000
   0.85352927017834368E-008   0.396601990E-005   0.000000000E+000
   0.85661060328368066E-008   0.125992410E-004   0.000000000E+000
   0.85969193638901764E-008  -0.466048550E-005   0.000000000E+000
   0.86277326949435462E-008  -0.191718173E-004   0.000000000E+000
   0.86585460259969160E-008  -0.463840934E-005   0.000000000E+000
   0.86893593570502858E-008   0.186045327E-004   0.000000000E+000
   0.87201726881036556E-008   0.163865443E-004   0.000000000E+000
   0.87509860191570255E-008  -0.539122993E-005   0.000000000E+000
   0.87817993502103953E-008  -0.134970824E-004   0.000000000E+000
   0.88126126812637651E-008  -0.178054233E-005   0.000000000E+000
   0.88434260123171349E-008   0.311014492E-005   0.000000000E+000
   0.88742393433705047E-008  -0.866883966E-005   0.000000000E+000
   0.89050526744238745E-008  -0.102128934E-004   0.000000000E+000
   0.89358660054772443E-008   0.149798825E-004   0.000000000E+000
   0.89666793365306141E-008   0.342136191E-004   0.000000000E+000
   0.89974926675839839E-008   0.815615022E-005   0.000000000E+000
   0.90283059986373537E-008  -0.405239771E-004   0.000000000E+000
   0.90591193296907235E-008  -0.455983172E-004   0.000000000E+000
   0.90899326607440933E-008   0.824374001E-005   0.000000000E+000
   0.91207459917974631E-008   0.545648509E-004   0.000000000E+000
   0.91515593228508330E-008   0.344967630E-004   0.000000000E+000
   0.91823726539042028E-008  -0.218249697E-004   0.000000000E+000
   0.92131859849575726E-008  -0.425240651E-004   0.000000000E+000
   0.92439993160109424E-008  -0.143733341E-004   0.000000000E+000
   0.92748126470643122E-008   0.135449172E-004   0.000000000E+000
   0.93056259781176820E-008   0.127762250E-004   0.000000000E+000
   0.93364393091710518E-008   0.693975426E-005   0.000000000E+000
   0.93672526402244216E-008   0.144555743E-004   0.000000000E+000
   0.93980659712777914E-008   0.119747792E-004   0.000000000E+000
   0.94288793023311612E-008  -0.182353615E-004   0.000000000E+000
   0.94596926333845310E-008  -0.422973390E-004   0.000000000E+000
   0.94905059644379008E-008  -0.174653051E-004   0.000000000E+000
   0.95213192954912707E-008   0.360212653E-004   0.000000000E+000
   0.95521326265446405E-008   0.513904306E-004   0.000000000E+000
   0.95829459575980103E-008   0.686542262E-005   0.000000000E+000
   0.96137592886513801E-008  -0.415225331E-004   0.000000000E+000
   0.96445726197047499E-008  -0.372888826E-004   0.000000000E+000
   0.96753859507581197E-008   0.281971006E-005   0.000000000E+000
   0.97061992818114895E-008   0.240516292E-004   0.000000000E+000
   0.97370126128648593E-008   0.140635784E-004   0.000000000E+000
   0.97678259439182291E-008   0.447586535E-005   0.000000000E+000
   0.97986392749715989E-008   0.686494514E-005   0.000000000E+000
   0.98294526060249687E-008  -0.186179204E-005   0.000000000E+000
   0.98602659370783385E-008  -0.258000000E-004   0.000000000E+000
   0.98910792681317083E-008  -0.296415074E-004   0.000000000E+000
   0.99218925991850782E-008   0.582367102E-005   0.000000000E+000
   0.99527059302384480E-008   0.427180858E-004   0.000000000E+000
   0.99835192612918178E-008   0.327846865E-004   0.000000000E+000
   0.10014332592345188E-007  -0.139421390E-004   0.000000000E+000
   0.10045145923398557E-007  -0.414217502E-004   0.000000000E+000
   0.10075959254451927E-007  -0.225746371E-004   0.000000000E+000
   0.10106772585505297E-007   0.116406918E-004   0.000000000E+000
   0.10137585916558667E-007   0.231273953E-004   0.000000000E+000
   0.10168399247612037E-007   0.139967005E-004   0.000000000E+000
   0.10199212578665406E-007   0.564781203E-005   0.000000000E+000
   0.10230025909718776E-007  -0.147148967E-005   0.000000000E+000
   0.10260839240772146E-007  -0.172951259E-004   0.000000000E+000
   0.10291652571825516E-007  -0.280134773E-004   0.000000000E+000
   0.10322465902878886E-007  -0.926373104E-005   0.000000000E+000
   0.10353279233932255E-007   0.281383109E-004   0.000000000E+000
   0.10384092564985625E-007   0.401503348E-004   0.000000000E+000
   0.10414905896038995E-007   0.773128704E-005   0.000000000E+000
   0.10445719227092365E-007  -0.332695781E-004   0.000000000E+000
   0.10476532558145735E-007  -0.370125053E-004   0.000000000E+000
   0.10507345889199105E-007  -0.423005258E-005   0.000000000E+000
   0.10538159220252474E-007   0.254522256E-004   0.000000000E+000
   0.10568972551305844E-007   0.261556906E-004   0.000000000E+000
   0.10599785882359214E-007   0.824329436E-005   0.000000000E+000
   0.10630599213412584E-007  -0.828649354E-005   0.000000000E+000
   0.10661412544465954E-007  -0.181161813E-004   0.000000000E+000
   0.10692225875519323E-007  -0.207271114E-004   0.000000000E+000
   0.10723039206572693E-007  -0.832004207E-005   0.000000000E+000
   0.10753852537626063E-007   0.180967072E-004   0.000000000E+000
   0.10784665868679433E-007   0.339518883E-004   0.000000000E+000
   0.10815479199732803E-007   0.157775085E-004   0.000000000E+000
   0.10846292530786172E-007  -0.222749750E-004   0.000000000E+000
   0.10877105861839542E-007  -0.383874103E-004   0.000000000E+000
   0.10907919192892912E-007  -0.140925840E-004   0.000000000E+000
   0.10938732523946282E-007   0.222284034E-004   0.000000000E+000
   0.10969545854999652E-007   0.315621910E-004   0.000000000E+000
   0.11000359186053021E-007   0.101134974E-004   0.000000000E+000
   0.11031172517106391E-007  -0.137229199E-004   0.000000000E+000
   0.11061985848159761E-007  -0.187837613E-004   0.000000000E+000
   0.11092799179213131E-007  -0.102184540E-004   0.000000000E+000
   0.11123612510266501E-007  -0.759454451E-006   0.000000000E+000
   0.11154425841319870E-007   0.779875063E-005   0.000000000E+000
   0.11185239172373240E-007   0.157755676E-004   0.000000000E+000
   0.11216052503426610E-007   0.137799943E-004   0.000000000E+000
   0.11246865834479980E-007  -0.386766624E-005   0.000000000E+000
   0.11277679165533350E-007  -0.216227327E-004   0.000000000E+000
   0.11308492496586720E-007  -0.173924727E-004   0.000000000E+000
   0.11339305827640089E-007   0.580776396E-005   0.000000000E+000
   0.11370119158693459E-007   0.204393582E-004   0.000000000E+000
   0.11400932489746829E-007   0.109520779E-004   0.000000000E+000
   0.11431745820800199E-007  -0.640559938E-005   0.000000000E+000
   0.11462559151853569E-007  -0.924196866E-005   0.000000000E+000
   0.11493372482906938E-007  -0.357076715E-006   0.000000000E+000
   0.11524185813960308E-007   0.168236124E-005   0.000000000E+000
   0.11554999145013678E-007  -0.536205607E-005   0.000000000E+000
   0.11585812476067048E-007  -0.482318592E-005   0.000000000E+000
   0.11616625807120418E-007   0.881360484E-005   0.000000000E+000
   0.11647439138173787E-007   0.174274246E-004   0.000000000E+000
   0.11678252469227157E-007   0.624948643E-005   0.000000000E+000
   0.11709065800280527E-007  -0.122920328E-004   0.000000000E+000
   0.11739879131333897E-007  -0.160013897E-004   0.000000000E+000
   0.11770692462387267E-007  -0.362436822E-005   0.000000000E+000
   0.11801505793440636E-007   0.812103735E-005   0.000000000E+000
   0.11832319124494006E-007   0.111050631E-004   0.000000000E+000
   0.11863132455547376E-007   0.106875214E-004   0.000000000E+000
   0.11893945786600746E-007   0.690169600E-005   0.000000000E+000
   0.11924759117654116E-007  -0.767470010E-005   0.000000000E+000
   0.11955572448707485E-007  -0.262574140E-004   0.000000000E+000
   0.11986385779760855E-007  -0.250095381E-004   0.000000000E+000
   0.12017199110814225E-007   0.394856215E-005   0.000000000E+000
   0.12048012441867595E-007   0.313467535E-004   0.000000000E+000
   0.12078825772920965E-007   0.223975912E-004   0.000000000E+000
   0.12109639103974335E-007  -0.164680423E-004   0.000000000E+000
   0.12140452435027704E-007  -0.428979329E-004   0.000000000E+000
   0.12171265766081074E-007  -0.307592927E-004   0.000000000E+000
   0.12202079097134444E-007   0.265856943E-005   0.000000000E+000
   0.12232892428187814E-007   0.255788127E-004   0.000000000E+000
   0.12263705759241184E-007   0.271105055E-004   0.000000000E+000
   0.12294519090294553E-007   0.137380794E-004   0.000000000E+000
   0.12325332421347923E-007  -0.845310387E-005   0.000000000E+000
   0.12356145752401293E-007  -0.286780596E-004   0.000000000E+000
   0.12386959083454663E-007  -0.241921134E-004   0.000000000E+000
   0.12417772414508033E-007   0.144093083E-004   0.000000000E+000
   0.12448585745561402E-007   0.548521348E-004   0.000000000E+000
   0.12479399076614772E-007   0.491712963E-004   0.000000000E+000
   0.12510212407668142E-007  -0.438906500E-005   0.000000000E+000
   0.12541025738721512E-007  -0.500034585E-004   0.000000000E+000
   0.12571839069774882E-007  -0.398467491E-004   0.000000000E+000
   0.12602652400828251E-007   0.824613016E-005   0.000000000E+000
   0.12633465731881621E-007   0.385978274E-004   0.000000000E+000
   0.12664279062934991E-007   0.274927661E-004   0.000000000E+000
   0.12695092393988361E-007  -0.138333417E-005   0.000000000E+000
   0.12725905725041731E-007  -0.216140161E-004   0.000000000E+000
   0.12756719056095100E-007  -0.299863786E-004   0.000000000E+000
   0.12787532387148470E-007  -0.253369890E-004   0.000000000E+000
   0.12818345718201840E-007   0.166250356E-005   0.000000000E+000
   0.12849159049255210E-007   0.393213995E-004   0.000000000E+000
   0.12879972380308580E-007   0.460773445E-004   0.000000000E+000
   0.12910785711361950E-007   0.175119931E-005   0.000000000E+000
   0.12941599042415319E-007  -0.501329596E-004   0.000000000E+000
   0.12972412373468689E-007  -0.475630695E-004   0.000000000E+000
   0.13003225704522059E-007   0.738651579E-005   0.000000000E+000
   0.13034039035575429E-007   0.480666677E-004   0.000000000E+000
   0.13064852366628799E-007   0.309616953E-004   0.000000000E+000
   0.13095665697682168E-007  -0.127974272E-004   0.000000000E+000
   0.13126479028735538E-007  -0.305008198E-004   0.000000000E+000
   0.13157292359788908E-007  -0.176634530E-004   0.000000000E+000
   0.13188105690842278E-007  -0.422584617E-005   0.000000000E+000
   0.13218919021895648E-007   0.214959346E-005   0.000000000E+000
   0.13249732352949017E-007   0.158704206E-004   0.000000000E+000
   0.13280545684002387E-007   0.280967452E-004   0.000000000E+000
   0.13311359015055757E-007   0.103709917E-004   0.000000000E+000
   0.13342172346109127E-007  -0.295570007E-004   0.000000000E+000
   0.13372985677162497E-007  -0.408605483E-004   0.000000000E+000
   0.13403799008215866E-007  -0.108210952E-005   0.000000000E+000
   0.13434612339269236E-007   0.418447526E-004   0.000000000E+000
   0.13465425670322606E-007   0.323175482E-004   0.000000000E+000
   0.13496239001375976E-007  -0.137996867E-004   0.000000000E+000
   0.13527052332429346E-007  -0.340168408E-004   0.000000000E+000
   0.13557865663482715E-007  -0.966744847E-005   0.000000000E+000
   0.13588678994536085E-007   0.157683244E-004   0.000000000E+000
   0.13619492325589455E-007   0.103570101E-004   0.000000000E+000
   0.13650305656642825E-007  -0.334255037E-005   0.000000000E+000
   0.13681118987696195E-007   0.202029651E-005   0.000000000E+000
   0.13711932318749565E-007   0.976055526E-005   0.000000000E+000
   0.13742745649802934E-007  -0.514243402E-005   0.000000000E+000
   0.13773558980856304E-007  -0.232888451E-004   0.000000000E+000
   0.13804372311909674E-007  -0.922473646E-005   0.000000000E+000
   0.13835185642963044E-007   0.235496664E-004   0.000000000E+000
   0.13865998974016414E-007   0.257544434E-004   0.000000000E+000
   0.13896812305069783E-007  -0.947011540E-005   0.000000000E+000
   0.13927625636123153E-007  -0.308867711E-004   0.000000000E+000
   0.13958438967176523E-007  -0.727319457E-005   0.000000000E+000
   0.13989252298229893E-007   0.237489821E-004   0.000000000E+000
   0.14020065629283263E-007   0.156000024E-004   0.000000000E+000
   0.14050878960336632E-007  -0.145833310E-004   0.000000000E+000
   0.14081692291390002E-007  -0.169801642E-004   0.000000000E+000
   0.14112505622443372E-007   0.930837268E-005   0.000000000E+000
   0.14143318953496742E-007   0.182696785E-004   0.000000000E+000
   0.14174132284550112E-007  -0.411414112E-005   0.000000000E+000
   0.14204945615603481E-007  -0.179865965E-004   0.000000000E+000
   0.14235758946656851E-007   0.179590643E-006   0.000000000E+000
   0.14266572277710221E-007   0.169719005E-004   0.000000000E+000
   0.14297385608763591E-007   0.118996286E-005   0.000000000E+000
   0.14328198939816961E-007  -0.195312423E-004   0.000000000E+000
   0.14359012270870330E-007  -0.508728408E-005   0.000000000E+000
   0.14389825601923700E-007   0.243468312E-004   0.000000000E+000
   0.14420638932977070E-007   0.169126652E-004   0.000000000E+000
   0.14451452264030440E-007  -0.223920069E-004   0.000000000E+000
   0.14482265595083810E-007  -0.325356377E-004   0.000000000E+000
   0.14513078926137180E-007   0.667919448E-005   0.000000000E+000
   0.14543892257190549E-007   0.380024067E-004   0.000000000E+000
   0.14574705588243919E-007   0.145568265E-004   0.000000000E+000
   0.14605518919297289E-007  -0.269105840E-004   0.000000000E+000
   0.14636332250350659E-007  -0.252536811E-004   0.000000000E+000
   0.14667145581404029E-007   0.101409496E-004   0.000000000E+000
   0.14697958912457398E-007   0.210704129E-004   0.000000000E+000
   0.14728772243510768E-007  -0.270318560E-005   0.000000000E+000
   0.14759585574564138E-007  -0.134070306E-004   0.000000000E+000
   0.14790398905617508E-007   0.712226392E-005   0.000000000E+000
   0.14821212236670878E-007   0.159836909E-004   0.000000000E+000
   0.14852025567724247E-007  -0.114327995E-004   0.000000000E+000
   0.14882838898777617E-007  -0.303351153E-004   0.000000000E+000
   0.14913652229830987E-007   0.842901500E-006   0.000000000E+000
   0.14944465560884357E-007   0.418287782E-004   0.000000000E+000
   0.14975278891937727E-007   0.255099239E-004   0.000000000E+000
   0.15006092222991096E-007  -0.324324865E-004   0.000000000E+000
   0.15036905554044466E-007  -0.487881334E-004   0.000000000E+000
   0.15067718885097836E-007   0.188472040E-005   0.000000000E+000
   0.15098532216151206E-007   0.471937965E-004   0.000000000E+000
   0.15129345547204576E-007   0.264027803E-004   0.000000000E+000
   0.15160158878257946E-007  -0.222040289E-004   0.000000000E+000
   0.15190972209311315E-007  -0.287432813E-004   0.000000000E+000
   0.15221785540364685E-007   0.148450272E-005   0.000000000E+000
   0.15252598871418055E-007   0.111240224E-004   0.000000000E+000
   0.15283412202471425E-007  -0.706931314E-005   0.000000000E+000
   0.15314225533524795E-007  -0.513981013E-005   0.000000000E+000
   0.15345038864578164E-007   0.249736768E-004   0.000000000E+000
   0.15375852195631534E-007   0.274633003E-004   0.000000000E+000
   0.15406665526684904E-007  -0.203793152E-004   0.000000000E+000
   0.15437478857738274E-007  -0.543025526E-004   0.000000000E+000
   0.15468292188791644E-007  -0.159431584E-004   0.000000000E+000
   0.15499105519845013E-007   0.491387764E-004   0.000000000E+000
   0.15529918850898383E-007   0.514486928E-004   0.000000000E+000
   0.15560732181951753E-007  -0.105795152E-004   0.000000000E+000
   0.15591545513005123E-007  -0.507013501E-004   0.000000000E+000
   0.15622358844058493E-007  -0.234736490E-004   0.000000000E+000
   0.15653172175111862E-007   0.196229103E-004   0.000000000E+000
   0.15683985506165232E-007   0.218332752E-004   0.000000000E+000
   0.15714798837218602E-007   0.205853212E-005   0.000000000E+000
   0.15745612168271972E-007   0.270122064E-005   0.000000000E+000
   0.15776425499325342E-007   0.103199245E-004   0.000000000E+000
   0.15807238830378711E-007  -0.107347942E-004   0.000000000E+000
   0.15838052161432081E-007  -0.378263467E-004   0.000000000E+000
   0.15868865492485451E-007  -0.159625379E-004   0.000000000E+000
   0.15899678823538821E-007   0.417801421E-004   0.000000000E+000
   0.15930492154592191E-007   0.540239344E-004   0.000000000E+000
   0.15961305485645561E-007  -0.808854384E-005   0.000000000E+000
   0.15992118816698930E-007  -0.652993622E-004   0.000000000E+000
   0.16022932147752300E-007  -0.384261111E-004   0.000000000E+000
   0.16053745478805670E-007   0.366104177E-004   0.000000000E+000
   0.16084558809859040E-007   0.602812106E-004   0.000000000E+000
   0.16115372140912410E-007   0.885616100E-005   0.000000000E+000
   0.16146185471965779E-007  -0.429860411E-004   0.000000000E+000
   0.16176998803019149E-007  -0.351343224E-004   0.000000000E+000
   0.16207812134072519E-007   0.595497113E-005   0.000000000E+000
   0.16238625465125889E-007   0.257098891E-004   0.000000000E+000
   0.16269438796179259E-007   0.171684442E-004   0.000000000E+000
   0.16300252127232628E-007   0.435250695E-005   0.000000000E+000
   0.16331065458285998E-007  -0.814923351E-005   0.000000000E+000
   0.16361878789339368E-007  -0.240888221E-004   0.000000000E+000
   0.16392692120392738E-007  -0.222767067E-004   0.000000000E+000
   0.16423505451446108E-007   0.135284117E-004   0.000000000E+000
   0.16454318782499477E-007   0.457820206E-004   0.000000000E+000
   0.16485132113552847E-007   0.213534058E-004   0.000000000E+000
   0.16515945444606217E-007  -0.401243087E-004   0.000000000E+000
   0.16546758775659587E-007  -0.553791324E-004   0.000000000E+000
   0.16577572106712957E-007   0.499953603E-005   0.000000000E+000
   0.16608385437766326E-007   0.632950978E-004   0.000000000E+000
   0.16639198768819696E-007   0.387740802E-004   0.000000000E+000
   0.16670012099873066E-007  -0.367141402E-004   0.000000000E+000
   0.16700825430926436E-007  -0.627372065E-004   0.000000000E+000
   0.16731638761979806E-007  -0.936698416E-005   0.000000000E+000
   0.16762452093033176E-007   0.492782419E-004   0.000000000E+000
   0.16793265424086545E-007   0.434748363E-004   0.000000000E+000
   0.16824078755139915E-007  -0.716677823E-005   0.000000000E+000
   0.16854892086193285E-007  -0.391172398E-004   0.000000000E+000
   0.16885705417246655E-007  -0.292745699E-004   0.000000000E+000
   0.16916518748300025E-007  -0.779855327E-007   0.000000000E+000
   0.16947332079353394E-007   0.259750395E-004   0.000000000E+000
   0.16978145410406764E-007   0.364525877E-004   0.000000000E+000
   0.17008958741460134E-007   0.162630440E-004   0.000000000E+000
   0.17039772072513504E-007  -0.302439566E-004   0.000000000E+000
   0.17070585403566874E-007  -0.560311237E-004   0.000000000E+000
   0.17101398734620243E-007  -0.183586271E-004   0.000000000E+000
   0.17132212065673613E-007   0.498828485E-004   0.000000000E+000
   0.17163025396726983E-007   0.644648026E-004   0.000000000E+000
   0.17193838727780353E-007   0.893967808E-006   0.000000000E+000
   0.17224652058833723E-007  -0.636787954E-004   0.000000000E+000
   0.17255465389887092E-007  -0.497348301E-004   0.000000000E+000
   0.17286278720940462E-007   0.193899396E-004   0.000000000E+000
   0.17317092051993832E-007   0.547964228E-004   0.000000000E+000
   0.17347905383047202E-007   0.230245132E-004   0.000000000E+000
   0.17378718714100572E-007  -0.223768802E-004   0.000000000E+000
   0.17409532045153941E-007  -0.280491859E-004   0.000000000E+000
   0.17440345376207311E-007  -0.622408334E-005   0.000000000E+000
   0.17471158707260681E-007   0.550713412E-005   0.000000000E+000
   0.17501972038314051E-007   0.473222008E-005   0.000000000E+000
   0.17532785369367421E-007   0.965644904E-005   0.000000000E+000
   0.17563598700420791E-007   0.138091946E-004   0.000000000E+000
   0.17594412031474160E-007  -0.148493928E-005   0.000000000E+000
   0.17625225362527530E-007  -0.225325221E-004   0.000000000E+000
   0.17656038693580900E-007  -0.156967326E-004   0.000000000E+000
   0.17686852024634270E-007   0.147892551E-004   0.000000000E+000
   0.17717665355687640E-007   0.244342846E-004   0.000000000E+000
   0.17748478686741009E-007  -0.305244248E-005   0.000000000E+000
   0.17779292017794379E-007  -0.254174174E-004   0.000000000E+000
   0.17810105348847749E-007  -0.614723831E-005   0.000000000E+000
   0.17840918679901119E-007   0.254922816E-004   0.000000000E+000
   0.17871732010954489E-007   0.182772237E-004   0.000000000E+000
   0.17902545342007858E-007  -0.196180990E-004   0.000000000E+000
   0.17933358673061228E-007  -0.317314407E-004   0.000000000E+000
   0.17964172004114598E-007   0.205716788E-006   0.000000000E+000
   0.17994985335167968E-007   0.307205191E-004   0.000000000E+000
   0.18025798666221338E-007   0.211855149E-004   0.000000000E+000
   0.18056611997274707E-007  -0.863961941E-005   0.000000000E+000
   0.18087425328328077E-007  -0.206369878E-004   0.000000000E+000
   0.18118238659381447E-007  -0.127218345E-004   0.000000000E+000
   0.18149051990434817E-007  -0.402721071E-005   0.000000000E+000
   0.18179865321488187E-007   0.501333670E-005   0.000000000E+000
   0.18210678652541556E-007   0.211908391E-004   0.000000000E+000
   0.18241491983594926E-007   0.261967398E-004   0.000000000E+000
   0.18272305314648296E-007  -0.197031477E-005   0.000000000E+000
   0.18303118645701666E-007  -0.406286636E-004   0.000000000E+000
   0.18333931976755036E-007  -0.382788421E-004   0.000000000E+000
   0.18364745307808406E-007   0.120643053E-004   0.000000000E+000
   0.18395558638861775E-007   0.526062613E-004   0.000000000E+000
   0.18426371969915145E-007   0.338989557E-004   0.000000000E+000
   0.18457185300968515E-007  -0.201179864E-004   0.000000000E+000
   0.18487998632021885E-007  -0.467324207E-004   0.000000000E+000
   0.18518811963075255E-007  -0.243895938E-004   0.000000000E+000
   0.18549625294128624E-007   0.129847485E-004   0.000000000E+000
   0.18580438625181994E-007   0.303279867E-004   0.000000000E+000
   0.18611251956235364E-007   0.250038702E-004   0.000000000E+000
   0.18642065287288734E-007   0.661295962E-005   0.000000000E+000
   0.18672878618342104E-007  -0.198952275E-004   0.000000000E+000
   0.18703691949395473E-007  -0.385137319E-004   0.000000000E+000
   0.18734505280448843E-007  -0.228089575E-004   0.000000000E+000
   0.18765318611502213E-007   0.236075448E-004   0.000000000E+000
   0.18796131942555583E-007   0.517292465E-004   0.000000000E+000
   0.18826945273608953E-007   0.232730927E-004   0.000000000E+000
   0.18857758604662322E-007  -0.322655069E-004   0.000000000E+000
   0.18888571935715692E-007  -0.499584858E-004   0.000000000E+000
   0.18919385266769062E-007  -0.129932341E-004   0.000000000E+000
   0.18950198597822432E-007   0.301022046E-004   0.000000000E+000
   0.18981011928875802E-007   0.339504440E-004   0.000000000E+000
   0.19011825259929171E-007   0.782233110E-005   0.000000000E+000
   0.19042638590982541E-007  -0.134447273E-004   0.000000000E+000
   0.19073451922035911E-007  -0.184973942E-004   0.000000000E+000
   0.19104265253089281E-007  -0.160686668E-004   0.000000000E+000
   0.19135078584142651E-007  -0.575485956E-005   0.000000000E+000
   0.19165891915196021E-007   0.158419352E-004   0.000000000E+000
   0.19196705246249390E-007   0.302502795E-004   0.000000000E+000
   0.19227518577302760E-007   0.129472282E-004   0.000000000E+000
   0.19258331908356130E-007  -0.237533932E-004   0.000000000E+000
   0.19289145239409500E-007  -0.355349694E-004   0.000000000E+000
   0.19319958570462870E-007  -0.554674989E-005   0.000000000E+000
   0.19350771901516239E-007   0.284479902E-004   0.000000000E+000
   0.19381585232569609E-007   0.252276859E-004   0.000000000E+000
   0.19412398563622979E-007  -0.451215055E-005   0.000000000E+000
   0.19443211894676349E-007  -0.196113506E-004   0.000000000E+000
   0.19474025225729719E-007  -0.859474767E-005   0.000000000E+000
   0.19504838556783088E-007   0.368546080E-005   0.000000000E+000
   0.19535651887836458E-007   0.250529501E-005   0.000000000E+000
   0.19566465218889828E-007   0.114581701E-005   0.000000000E+000
   0.19597278549943198E-007   0.769318922E-005   0.000000000E+000
   0.19628091880996568E-007   0.729777503E-005   0.000000000E+000
   0.19658905212049937E-007  -0.737843357E-005   0.000000000E+000
   0.19689718543103307E-007  -0.157318573E-004   0.000000000E+000
   0.19720531874156677E-007  -0.147721130E-005   0.000000000E+000
   0.19751345205210047E-007   0.158424664E-004   0.000000000E+000
   0.19782158536263417E-007   0.903385262E-005   0.000000000E+000
   0.19812971867316787E-007  -0.114607465E-004   0.000000000E+000
   0.19843785198370156E-007  -0.124849666E-004   0.000000000E+000
   0.19874598529423526E-007   0.767511847E-005   0.000000000E+000
   0.19905411860476896E-007   0.154548507E-004   0.000000000E+000
   0.19936225191530266E-007  -0.292247205E-005   0.000000000E+000
   0.19967038522583636E-007  -0.179332565E-004   0.000000000E+000
   0.19997851853637005E-007  -0.488545720E-005   0.000000000E+000
   0.20028665184690375E-007   0.154152185E-004   0.000000000E+000
   0.20059478515743745E-007   0.111805148E-004   0.000000000E+000
   0.20090291846797115E-007  -0.836069557E-005   0.000000000E+000
   0.20121105177850485E-007  -0.105073887E-004   0.000000000E+000
   0.20151918508903854E-007   0.474550325E-005   0.000000000E+000
   0.20182731839957224E-007   0.679493724E-005   0.000000000E+000
   0.20213545171010594E-007  -0.900010673E-005   0.000000000E+000
   0.20244358502063964E-007  -0.105847303E-004   0.000000000E+000
   0.20275171833117334E-007   0.127269450E-004   0.000000000E+000
   0.20305985164170703E-007   0.238359135E-004   0.000000000E+000
   0.20336798495224073E-007  -0.329007526E-005   0.000000000E+000
   0.20367611826277443E-007  -0.333193057E-004   0.000000000E+000
   0.20398425157330813E-007  -0.183950378E-004   0.000000000E+000
   0.20429238488384183E-007   0.246835716E-004   0.000000000E+000
   0.20460051819437552E-007   0.347985588E-004   0.000000000E+000
   0.20490865150490922E-007  -0.170038038E-005   0.000000000E+000
   0.20521678481544292E-007  -0.310404430E-004   0.000000000E+000
   0.20552491812597662E-007  -0.152242083E-004   0.000000000E+000
   0.20583305143651032E-007   0.140065349E-004   0.000000000E+000
   0.20614118474704402E-007   0.126749146E-004   0.000000000E+000
   0.20644931805757771E-007  -0.569127769E-005   0.000000000E+000
   0.20675745136811141E-007  -0.185820272E-005   0.000000000E+000
   0.20706558467864511E-007   0.157703398E-004   0.000000000E+000
   0.20737371798917881E-007   0.573308080E-005   0.000000000E+000
   0.20768185129971251E-007  -0.273120786E-004   0.000000000E+000
   0.20798998461024620E-007  -0.288649353E-004   0.000000000E+000
   0.20829811792077990E-007   0.163785771E-004   0.000000000E+000
   0.20860625123131360E-007   0.479743394E-004   0.000000000E+000
   0.20891438454184730E-007   0.161648059E-004   0.000000000E+000
   0.20922251785238100E-007  -0.386666507E-004   0.000000000E+000
   0.20953065116291469E-007  -0.417901792E-004   0.000000000E+000
   0.20983878447344839E-007   0.691573587E-005   0.000000000E+000
   0.21014691778398209E-007   0.373853691E-004   0.000000000E+000
   0.21045505109451579E-007   0.157992999E-004   0.000000000E+000
   0.21076318440504949E-007  -0.142020035E-004   0.000000000E+000
   0.21107131771558318E-007  -0.106195612E-004   0.000000000E+000
   0.21137945102611688E-007   0.418039053E-005   0.000000000E+000
   0.21168758433665058E-007  -0.519154128E-005   0.000000000E+000
   0.21199571764718428E-007  -0.191906838E-004   0.000000000E+000
   0.21230385095771798E-007   0.786927558E-006   0.000000000E+000
   0.21261198426825167E-007   0.352955940E-004   0.000000000E+000
   0.21292011757878537E-007   0.273434543E-004   0.000000000E+000
   0.21322825088931907E-007  -0.236499200E-004   0.000000000E+000
   0.21353638419985277E-007  -0.493212137E-004   0.000000000E+000
   0.21384451751038647E-007  -0.113856004E-004   0.000000000E+000
   0.21415265082092017E-007   0.392079746E-004   0.000000000E+000
   0.21446078413145386E-007   0.363171057E-004   0.000000000E+000
   0.21476891744198756E-007  -0.788224861E-005   0.000000000E+000
   0.21507705075252126E-007  -0.298190607E-004   0.000000000E+000
   0.21538518406305496E-007  -0.108428103E-004   0.000000000E+000
   0.21569331737358866E-007   0.801803435E-005   0.000000000E+000
   0.21600145068412235E-007   0.222414019E-005   0.000000000E+000
   0.21630958399465605E-007  -0.237432960E-005   0.000000000E+000
   0.21661771730518975E-007   0.129710797E-004   0.000000000E+000
   0.21692585061572345E-007   0.197266891E-004   0.000000000E+000
   0.21723398392625715E-007  -0.703961632E-005   0.000000000E+000
   0.21754211723679084E-007  -0.353470095E-004   0.000000000E+000
   0.21785025054732454E-007  -0.192510706E-004   0.000000000E+000
   0.21815838385785824E-007   0.255233244E-004   0.000000000E+000
   0.21846651716839194E-007   0.384872983E-004   0.000000000E+000
   0.21877465047892564E-007   0.287845251E-005   0.000000000E+000
   0.21908278378945933E-007  -0.310758223E-004   0.000000000E+000
   0.21939091709999303E-007  -0.218601708E-004   0.000000000E+000
   0.21969905041052673E-007   0.808723416E-005   0.000000000E+000
   0.22000718372106043E-007   0.163519653E-004   0.000000000E+000
   0.22031531703159413E-007   0.390362038E-005   0.000000000E+000
   0.22062345034212782E-007  -0.442974397E-006   0.000000000E+000
   0.22093158365266152E-007   0.500878286E-005   0.000000000E+000
   0.22123971696319522E-007  -0.197771624E-005   0.000000000E+000
   0.22154785027372892E-007  -0.182877866E-004   0.000000000E+000
   0.22185598358426262E-007  -0.137611823E-004   0.000000000E+000
   0.22216411689479632E-007   0.149154148E-004   0.000000000E+000
   0.22247225020533001E-007   0.290270364E-004   0.000000000E+000
   0.22278038351586371E-007   0.510806603E-005   0.000000000E+000
   0.22308851682639741E-007  -0.255596951E-004   0.000000000E+000
   0.22339665013693111E-007  -0.218726655E-004   0.000000000E+000
   0.22370478344746481E-007   0.705893581E-005   0.000000000E+000
   0.22401291675799850E-007   0.199577644E-004   0.000000000E+000
   0.22432105006853220E-007   0.631260627E-005   0.000000000E+000
   0.22462918337906590E-007  -0.616441321E-005   0.000000000E+000
   0.22493731668959960E-007  -0.255044893E-005   0.000000000E+000
   0.22524545000013330E-007  -0.499171620E-007   0.000000000E+000
   0.22555358331066699E-007  -0.869729956E-005   0.000000000E+000
   0.22586171662120069E-007  -0.944851763E-005   0.000000000E+000
   0.22616984993173439E-007   0.914076645E-005   0.000000000E+000
   0.22647798324226809E-007   0.223111001E-004   0.000000000E+000
   0.22678611655280179E-007   0.540133260E-005   0.000000000E+000
   0.22709424986333548E-007  -0.218044624E-004   0.000000000E+000
   0.22740238317386918E-007  -0.206009045E-004   0.000000000E+000
   0.22771051648440288E-007   0.725739847E-005   0.000000000E+000
   0.22801864979493658E-007   0.218241621E-004   0.000000000E+000
   0.22832678310547028E-007   0.615791942E-005   0.000000000E+000
   0.22863491641600397E-007  -0.114984923E-004   0.000000000E+000
   0.22894304972653767E-007  -0.679630739E-005   0.000000000E+000
   0.22925118303707137E-007   0.440101758E-005   0.000000000E+000
   0.22955931634760507E-007  -0.189188995E-006   0.000000000E+000
   0.22986744965813877E-007  -0.863599962E-005   0.000000000E+000
   0.23017558296867247E-007   0.112456382E-005   0.000000000E+000
   0.23048371627920616E-007   0.167435792E-004   0.000000000E+000
   0.23079184958973986E-007   0.866983919E-005   0.000000000E+000
   0.23109998290027356E-007  -0.165336460E-004   0.000000000E+000
   0.23140811621080726E-007  -0.204436546E-004   0.000000000E+000
   0.23171624952134096E-007   0.580578308E-005   0.000000000E+000
   0.23202438283187465E-007   0.237249060E-004   0.000000000E+000
   0.23233251614240835E-007   0.677302523E-005   0.000000000E+000
   0.23264064945294205E-007  -0.177572601E-004   0.000000000E+000
   0.23294878276347575E-007  -0.128866031E-004   0.000000000E+000
   0.23325691607400945E-007   0.983855716E-005   0.000000000E+000
   0.23356504938454314E-007   0.124747949E-004   0.000000000E+000
   0.23387318269507684E-007  -0.600019666E-005   0.000000000E+000
   0.23418131600561054E-007  -0.111269519E-004   0.000000000E+000
   0.23448944931614424E-007   0.587586419E-005   0.000000000E+000
   0.23479758262667794E-007   0.131003235E-004   0.000000000E+000
   0.23510571593721163E-007  -0.507368350E-005   0.000000000E+000
   0.23541384924774533E-007  -0.179937433E-004   0.000000000E+000
   0.23572198255827903E-007  -0.250403900E-006   0.000000000E+000
   0.23603011586881273E-007   0.216556873E-004   0.000000000E+000
   0.23633824917934643E-007   0.102331524E-004   0.000000000E+000
   0.23664638248988012E-007  -0.192822517E-004   0.000000000E+000
   0.23695451580041382E-007  -0.203882973E-004   0.000000000E+000
   0.23726264911094752E-007   0.962995000E-005   0.000000000E+000
   0.23757078242148122E-007   0.242340629E-004   0.000000000E+000
   0.23787891573201492E-007   0.218841342E-005   0.000000000E+000
   0.23818704904254862E-007  -0.197094978E-004   0.000000000E+000
   0.23849518235308231E-007  -0.839831500E-005   0.000000000E+000
   0.23880331566361601E-007   0.128622751E-004   0.000000000E+000
   0.23911144897414971E-007   0.733471825E-005   0.000000000E+000
   0.23941958228468341E-007  -0.119636261E-004   0.000000000E+000
   0.23972771559521711E-007  -0.684388078E-005   0.000000000E+000
   0.24003584890575080E-007   0.165487836E-004   0.000000000E+000
   0.24034398221628450E-007   0.150262367E-004   0.000000000E+000
   0.24065211552681820E-007  -0.160679574E-004   0.000000000E+000
   0.24096024883735190E-007  -0.281767025E-004   0.000000000E+000
   0.24126838214788560E-007   0.281128814E-005   0.000000000E+000
   0.24157651545841929E-007   0.327730559E-004   0.000000000E+000
   0.24188464876895299E-007   0.160947111E-004   0.000000000E+000
   0.24219278207948669E-007  -0.219990961E-004   0.000000000E+000
   0.24250091539002039E-007  -0.252298451E-004   0.000000000E+000
   0.24280904870055409E-007   0.588838157E-005   0.000000000E+000
   0.24311718201108778E-007   0.198414236E-004   0.000000000E+000
   0.24342531532162148E-007   0.919571903E-007   0.000000000E+000
   0.24373344863215518E-007  -0.126092418E-004   0.000000000E+000
   0.24404158194268888E-007   0.494895176E-005   0.000000000E+000
   0.24434971525322258E-007   0.172708442E-004   0.000000000E+000
   0.24465784856375627E-007  -0.561521665E-005   0.000000000E+000
   0.24496598187428997E-007  -0.295776226E-004   0.000000000E+000
   0.24527411518482367E-007  -0.928617010E-005   0.000000000E+000
   0.24558224849535737E-007   0.314591489E-004   0.000000000E+000
   0.24589038180589107E-007   0.303227971E-004   0.000000000E+000
   0.24619851511642477E-007  -0.145427221E-004   0.000000000E+000
   0.24650664842695846E-007  -0.379048361E-004   0.000000000E+000
   0.24681478173749216E-007  -0.783285577E-005   0.000000000E+000
   0.24712291504802586E-007   0.268845470E-004   0.000000000E+000
   0.24743104835855956E-007   0.167107501E-004   0.000000000E+000
   0.24773918166909326E-007  -0.130558547E-004   0.000000000E+000
   0.24804731497962695E-007  -0.113001070E-004   0.000000000E+000
   0.24835544829016065E-007   0.123628151E-004   0.000000000E+000
   0.24866358160069435E-007   0.896690653E-005   0.000000000E+000
   0.24897171491122805E-007  -0.201121202E-004   0.000000000E+000
   0.24927984822176175E-007  -0.213933727E-004   0.000000000E+000
   0.24958798153229544E-007   0.175212826E-004   0.000000000E+000
   0.24989611484282914E-007   0.381998252E-004   0.000000000E+000
   0.25020424815336284E-007   0.288667070E-005   0.000000000E+000
   0.25051238146389654E-007  -0.396767646E-004   0.000000000E+000
   0.25082051477443024E-007  -0.264437549E-004   0.000000000E+000
   0.25112864808496393E-007   0.218263121E-004   0.000000000E+000
   0.25143678139549763E-007   0.338896934E-004   0.000000000E+000
   0.25174491470603133E-007  -0.148336767E-005   0.000000000E+000
   0.25205304801656503E-007  -0.245633273E-004   0.000000000E+000
   0.25236118132709873E-007  -0.465073572E-005   0.000000000E+000
   0.25266931463763243E-007   0.157524337E-004   0.000000000E+000
   0.25297744794816612E-007  -0.201709554E-006   0.000000000E+000
   0.25328558125869982E-007  -0.200692302E-004   0.000000000E+000
   0.25359371456923352E-007  -0.130896296E-005   0.000000000E+000
   0.25390184787976722E-007   0.297579427E-004   0.000000000E+000
   0.25420998119030092E-007   0.175012119E-004   0.000000000E+000
   0.25451811450083461E-007  -0.271013905E-004   0.000000000E+000
   0.25482624781136831E-007  -0.365021733E-004   0.000000000E+000
   0.25513438112190201E-007   0.702263060E-005   0.000000000E+000
   0.25544251443243571E-007   0.402066726E-004   0.000000000E+000
   0.25575064774296941E-007   0.159152132E-004   0.000000000E+000
   0.25605878105350310E-007  -0.258534728E-004   0.000000000E+000
   0.25636691436403680E-007  -0.242758288E-004   0.000000000E+000
   0.25667504767457050E-007   0.904656554E-005   0.000000000E+000
   0.25698318098510420E-007   0.176498052E-004   0.000000000E+000
   0.25729131429563790E-007  -0.507197547E-005   0.000000000E+000
   0.25759944760617159E-007  -0.120639952E-004   0.000000000E+000
   0.25790758091670529E-007   0.109065522E-004   0.000000000E+000
   0.25821571422723899E-007   0.196088677E-004   0.000000000E+000
   0.25852384753777269E-007  -0.967281449E-005   0.000000000E+000
   0.25883198084830639E-007  -0.328919305E-004   0.000000000E+000
   0.25914011415884008E-007  -0.760094190E-005   0.000000000E+000
   0.25944824746937378E-007   0.334706274E-004   0.000000000E+000
   0.25975638077990748E-007   0.291158576E-004   0.000000000E+000
   0.26006451409044118E-007  -0.150332526E-004   0.000000000E+000
   0.26037264740097488E-007  -0.351823765E-004   0.000000000E+000
   0.26068078071150858E-007  -0.718026604E-005   0.000000000E+000
   0.26098891402204227E-007   0.221841219E-004   0.000000000E+000
   0.26129704733257597E-007   0.136896888E-004   0.000000000E+000
   0.26160518064310967E-007  -0.783941323E-005   0.000000000E+000
   0.26191331395364337E-007  -0.470739724E-005   0.000000000E+000
   0.26222144726417707E-007   0.938976973E-005   0.000000000E+000
   0.26252958057471076E-007  -0.450872903E-007   0.000000000E+000
   0.26283771388524446E-007  -0.213435505E-004   0.000000000E+000
   0.26314584719577816E-007  -0.129934951E-004   0.000000000E+000
   0.26345398050631186E-007   0.220100228E-004   0.000000000E+000
   0.26376211381684556E-007   0.322484557E-004   0.000000000E+000
   0.26407024712737925E-007  -0.221054142E-005   0.000000000E+000
   0.26437838043791295E-007  -0.347070963E-004   0.000000000E+000
   0.26468651374844665E-007  -0.210161106E-004   0.000000000E+000
   0.26499464705898035E-007   0.158858766E-004   0.000000000E+000
   0.26530278036951405E-007   0.250023750E-004   0.000000000E+000
   0.26561091368004774E-007   0.320886102E-005   0.000000000E+000
   0.26591904699058144E-007  -0.106285024E-004   0.000000000E+000
   0.26622718030111514E-007  -0.275750699E-005   0.000000000E+000
   0.26653531361164884E-007   0.114021623E-005   0.000000000E+000
   0.26684344692218254E-007  -0.102075737E-004   0.000000000E+000
   0.26715158023271623E-007  -0.113163260E-004   0.000000000E+000
   0.26745971354324993E-007   0.115172406E-004   0.000000000E+000
   0.26776784685378363E-007   0.276073606E-004   0.000000000E+000
   0.26807598016431733E-007   0.732548506E-005   0.000000000E+000
   0.26838411347485103E-007  -0.262118665E-004   0.000000000E+000
   0.26869224678538473E-007  -0.271796252E-004   0.000000000E+000
   0.26900038009591842E-007   0.501640716E-005   0.000000000E+000
   0.26930851340645212E-007   0.261866699E-004   0.000000000E+000
   0.26961664671698582E-007   0.132327623E-004   0.000000000E+000
   0.26992478002751952E-007  -0.830146746E-005   0.000000000E+000
   0.27023291333805322E-007  -0.106395873E-004   0.000000000E+000
   0.27054104664858691E-007  -0.259113585E-005   0.000000000E+000
   0.27084917995912061E-007  -0.327890893E-005   0.000000000E+000
   0.27115731326965431E-007  -0.574500336E-005   0.000000000E+000
   0.27146544658018801E-007   0.550625282E-005   0.000000000E+000
   0.27177357989072171E-007   0.188447084E-004   0.000000000E+000
   0.27208171320125540E-007   0.969146186E-005   0.000000000E+000
   0.27238984651178910E-007  -0.159855481E-004   0.000000000E+000
   0.27269797982232280E-007  -0.241430425E-004   0.000000000E+000
   0.27300611313285650E-007  -0.248114884E-005   0.000000000E+000
   0.27331424644339020E-007   0.203309210E-004   0.000000000E+000
   0.27362237975392389E-007   0.164754965E-004   0.000000000E+000
   0.27393051306445759E-007  -0.359704063E-005   0.000000000E+000
   0.27423864637499129E-007  -0.125215411E-004   0.000000000E+000
   0.27454677968552499E-007  -0.614581177E-005   0.000000000E+000
   0.27485491299605869E-007  -0.380592610E-006   0.000000000E+000
   0.27516304630659238E-007  -0.277902359E-007   0.000000000E+000
   0.27547117961712608E-007   0.404348430E-005   0.000000000E+000
   0.27577931292765978E-007   0.105479885E-004   0.000000000E+000
   0.27608744623819348E-007   0.584171812E-005   0.000000000E+000
   0.27639557954872718E-007  -0.982063375E-005   0.000000000E+000
   0.27670371285926088E-007  -0.161641219E-004   0.000000000E+000
   0.27701184616979457E-007  -0.251472284E-005   0.000000000E+000
   0.27731997948032827E-007   0.140261191E-004   0.000000000E+000
   0.27762811279086197E-007   0.127041640E-004   0.000000000E+000
   0.27793624610139567E-007  -0.201674538E-005   0.000000000E+000
   0.27824437941192937E-007  -0.103846878E-004   0.000000000E+000
   0.27855251272246306E-007  -0.632210322E-005   0.000000000E+000
   0.27886064603299676E-007   0.338864083E-007   0.000000000E+000
   0.27916877934353046E-007   0.279670667E-005   0.000000000E+000
   0.27947691265406416E-007   0.545354442E-005   0.000000000E+000
   0.27978504596459786E-007   0.688371892E-005   0.000000000E+000
   0.28009317927513155E-007   0.281159373E-006   0.000000000E+000
   0.28040131258566525E-007  -0.105773806E-004   0.000000000E+000
   0.28070944589619895E-007  -0.106692223E-004   0.000000000E+000
   0.28101757920673265E-007   0.335476216E-005   0.000000000E+000
   0.28132571251726635E-007   0.140735092E-004   0.000000000E+000
   0.28163384582780004E-007   0.734162904E-005   0.000000000E+000
   0.28194197913833374E-007  -0.684417728E-005   0.000000000E+000
   0.28225011244886744E-007  -0.101775049E-004   0.000000000E+000
   0.28255824575940114E-007  -0.251086203E-005   0.000000000E+000
   0.28286637906993484E-007   0.286316163E-005   0.000000000E+000
   0.28317451238046853E-007   0.275873367E-005   0.000000000E+000
   0.28348264569100223E-007   0.454475139E-005   0.000000000E+000
   0.28379077900153593E-007   0.659943908E-005   0.000000000E+000
   0.28409891231206963E-007  -0.925056611E-006   0.000000000E+000
   0.28440704562260333E-007  -0.135738665E-004   0.000000000E+000
   0.28471517893313703E-007  -0.120144960E-004   0.000000000E+000
   0.28502331224367072E-007   0.731981891E-005   0.000000000E+000
   0.28533144555420442E-007   0.202146621E-004   0.000000000E+000
   0.28563957886473812E-007   0.780746905E-005   0.000000000E+000
   0.28594771217527182E-007  -0.137851284E-004   0.000000000E+000
   0.28625584548580552E-007  -0.161624484E-004   0.000000000E+000
   0.28656397879633921E-007   0.575619197E-007   0.000000000E+000
   0.28687211210687291E-007   0.990646822E-005   0.000000000E+000
   0.28718024541740661E-007   0.454922611E-005   0.000000000E+000
   0.28748837872794031E-007   0.175538844E-006   0.000000000E+000
   0.28779651203847401E-007   0.432905335E-005   0.000000000E+000
   0.28810464534900770E-007   0.212581972E-005   0.000000000E+000
   0.28841277865954140E-007  -0.121786488E-004   0.000000000E+000
   0.28872091197007510E-007  -0.166738610E-004   0.000000000E+000
   0.28902904528060880E-007   0.382409235E-005   0.000000000E+000
   0.28933717859114250E-007   0.254282531E-004   0.000000000E+000
   0.28964531190167619E-007   0.156704991E-004   0.000000000E+000
   0.28995344521220989E-007  -0.152671018E-004   0.000000000E+000
   0.29026157852274359E-007  -0.259184053E-004   0.000000000E+000
   0.29056971183327729E-007  -0.409415225E-005   0.000000000E+000
   0.29087784514381099E-007   0.171361498E-004   0.000000000E+000
   0.29118597845434468E-007   0.117593936E-004   0.000000000E+000
   0.29149411176487838E-007  -0.327788166E-005   0.000000000E+000
   0.29180224507541208E-007  -0.291618949E-005   0.000000000E+000
   0.29211037838594578E-007   0.371320743E-005   0.000000000E+000
   0.29241851169647948E-007  -0.470594568E-005   0.000000000E+000
   0.29272664500701318E-007  -0.170781859E-004   0.000000000E+000
   0.29303477831754687E-007  -0.530437228E-005   0.000000000E+000
   0.29334291162808057E-007   0.224636096E-004   0.000000000E+000
   0.29365104493861427E-007   0.251417132E-004   0.000000000E+000
   0.29395917824914797E-007  -0.734510286E-005   0.000000000E+000
   0.29426731155968167E-007  -0.321120751E-004   0.000000000E+000
   0.29457544487021536E-007  -0.150055312E-004   0.000000000E+000
   0.29488357818074906E-007   0.182467011E-004   0.000000000E+000
   0.29519171149128276E-007   0.222477938E-004   0.000000000E+000
   0.29549984480181646E-007  -0.772548447E-006   0.000000000E+000
   0.29580797811235016E-007  -0.118858061E-004   0.000000000E+000
   0.29611611142288385E-007  -0.824844392E-006   0.000000000E+000
   0.29642424473341755E-007   0.361476168E-005   0.000000000E+000
   0.29673237804395125E-007  -0.969975372E-005   0.000000000E+000
   0.29704051135448495E-007  -0.122769015E-004   0.000000000E+000
   0.29734864466501865E-007   0.112122871E-004   0.000000000E+000
   0.29765677797555234E-007   0.277645177E-004   0.000000000E+000
   0.29796491128608604E-007   0.575519152E-005   0.000000000E+000
   0.29827304459661974E-007  -0.286463546E-004   0.000000000E+000
   0.29858117790715344E-007  -0.259649023E-004   0.000000000E+000
   0.29888931121768714E-007   0.106371153E-004   0.000000000E+000
   0.29919744452822084E-007   0.292589484E-004   0.000000000E+000
   0.29950557783875453E-007   0.795925371E-005   0.000000000E+000
   0.29981371114928823E-007  -0.162976339E-004   0.000000000E+000
   0.30012184445982193E-007  -0.103238490E-004   0.000000000E+000
   0.30042997777035563E-007   0.627487861E-005   0.000000000E+000
   0.30073811108088933E-007   0.197035843E-005   0.000000000E+000
   0.30104624439142302E-007  -0.110362944E-004   0.000000000E+000
   0.30135437770195672E-007  -0.161741355E-005   0.000000000E+000
   0.30166251101249042E-007   0.203186319E-004   0.000000000E+000
   0.30197064432302412E-007   0.155431080E-004   0.000000000E+000
   0.30227877763355782E-007  -0.166175087E-004   0.000000000E+000
   0.30258691094409151E-007  -0.296649450E-004   0.000000000E+000
   0.30289504425462521E-007  -0.147593710E-005   0.000000000E+000
   0.30320317756515891E-007   0.282460223E-004   0.000000000E+000
   0.30351131087569261E-007   0.177937654E-004   0.000000000E+000
   0.30381944418622631E-007  -0.136537856E-004   0.000000000E+000
   0.30412757749676000E-007  -0.193676569E-004   0.000000000E+000
   0.30443571080729370E-007   0.206336517E-005   0.000000000E+000
   0.30474384411782740E-007   0.114865561E-004   0.000000000E+000
   0.30505197742836110E-007  -0.266121060E-005   0.000000000E+000
   0.30536011073889480E-007  -0.899833685E-005   0.000000000E+000
   0.30566824404942849E-007   0.749699575E-005   0.000000000E+000
   0.30597637735996219E-007   0.168086299E-004   0.000000000E+000
   0.30628451067049589E-007  -0.345013905E-005   0.000000000E+000
   0.30659264398102959E-007  -0.246537566E-004   0.000000000E+000
   0.30690077729156329E-007  -0.107108526E-004   0.000000000E+000
   0.30720891060209699E-007   0.208648198E-004   0.000000000E+000
   0.30751704391263068E-007   0.231900212E-004   0.000000000E+000
   0.30782517722316438E-007  -0.673147406E-005   0.000000000E+000
   0.30813331053369808E-007  -0.237681488E-004   0.000000000E+000
   0.30844144384423178E-007  -0.572581484E-005   0.000000000E+000
   0.30874957715476548E-007   0.152327666E-004   0.000000000E+000
   0.30905771046529917E-007   0.812436519E-005   0.000000000E+000
   0.30936584377583287E-007  -0.887044007E-005   0.000000000E+000
   0.30967397708636657E-007  -0.458752629E-005   0.000000000E+000
   0.30998211039690027E-007   0.106756470E-004   0.000000000E+000
   0.31029024370743397E-007   0.544756540E-005   0.000000000E+000
   0.31059837701796766E-007  -0.149182688E-004   0.000000000E+000
   0.31090651032850136E-007  -0.143651214E-004   0.000000000E+000
   0.31121464363903506E-007   0.116563715E-004   0.000000000E+000
   0.31152277694956876E-007   0.237918466E-004   0.000000000E+000
   0.31183091026010246E-007   0.976615411E-006   0.000000000E+000
   0.31213904357063615E-007  -0.237480781E-004   0.000000000E+000
   0.31244717688116985E-007  -0.140462553E-004   0.000000000E+000
   0.31275531019170355E-007   0.135145956E-004   0.000000000E+000
   0.31306344350223725E-007   0.176779595E-004   0.000000000E+000
   0.31337157681277095E-007  -0.280956738E-005   0.000000000E+000
   0.31367971012330464E-007  -0.123960272E-004   0.000000000E+000
   0.31398784343383834E-007   0.558595275E-006   0.000000000E+000
   0.31429597674437204E-007   0.834017555E-005   0.000000000E+000
   0.31460411005490574E-007  -0.430002092E-005   0.000000000E+000
   0.31491224336543944E-007  -0.127495914E-004   0.000000000E+000
   0.31522037667597314E-007   0.319545688E-005   0.000000000E+000
   0.31552850998650683E-007   0.203579566E-004   0.000000000E+000
   0.31583664329704053E-007   0.794900006E-005   0.000000000E+000
   0.31614477660757423E-007  -0.193632568E-004   0.000000000E+000
   0.31645290991810793E-007  -0.208985603E-004   0.000000000E+000
   0.31676104322864163E-007   0.653699681E-005   0.000000000E+000
   0.31706917653917532E-007   0.231222566E-004   0.000000000E+000
   0.31737730984970902E-007   0.739378993E-005   0.000000000E+000
   0.31768544316024272E-007  -0.135869395E-004   0.000000000E+000
   0.31799357647077642E-007  -0.103439870E-004   0.000000000E+000
   0.31830170978131012E-007   0.467259997E-005   0.000000000E+000
   0.31860984309184381E-007   0.414140823E-005   0.000000000E+000
   0.31891797640237751E-007  -0.656421935E-005   0.000000000E+000
   0.31922610971291121E-007  -0.232448974E-005   0.000000000E+000
   0.31953424302344491E-007   0.136168328E-004   0.000000000E+000
   0.31984237633397861E-007   0.119641700E-004   0.000000000E+000
   0.32015050964451230E-007  -0.115012845E-004   0.000000000E+000
   0.32045864295504600E-007  -0.232637649E-004   0.000000000E+000
   0.32076677626557970E-007  -0.327341695E-005   0.000000000E+000
   0.32107490957611340E-007   0.216377030E-004   0.000000000E+000
   0.32138304288664710E-007   0.172891050E-004   0.000000000E+000
   0.32169117619718079E-007  -0.735324102E-005   0.000000000E+000
   0.32199930950771449E-007  -0.170063831E-004   0.000000000E+000
   0.32230744281824819E-007  -0.393419668E-005   0.000000000E+000
   0.32261557612878189E-007   0.659813213E-005   0.000000000E+000
   0.32292370943931559E-007   0.144018668E-005   0.000000000E+000
   0.32323184274984929E-007  -0.253604458E-005   0.000000000E+000
   0.32353997606038298E-007   0.637676703E-005   0.000000000E+000
   0.32384810937091668E-007   0.112173602E-004   0.000000000E+000
   0.32415624268145038E-007  -0.345663284E-005   0.000000000E+000
   0.32446437599198408E-007  -0.199278857E-004   0.000000000E+000
   0.32477250930251778E-007  -0.114614477E-004   0.000000000E+000
   0.32508064261305147E-007   0.139524482E-004   0.000000000E+000
   0.32538877592358517E-007   0.221619375E-004   0.000000000E+000
   0.32569690923411887E-007   0.285057831E-005   0.000000000E+000
   0.32600504254465257E-007  -0.164674366E-004   0.000000000E+000
   0.32631317585518627E-007  -0.124982835E-004   0.000000000E+000
   0.32662130916571996E-007   0.276703031E-005   0.000000000E+000
   0.32692944247625366E-007   0.672498436E-005   0.000000000E+000
   0.32723757578678736E-007   0.120841423E-005   0.000000000E+000
   0.32754570909732106E-007   0.212016630E-005   0.000000000E+000
   0.32785384240785476E-007   0.752373353E-005   0.000000000E+000
   0.32816197571838845E-007   0.159068532E-005   0.000000000E+000
   0.32847010902892215E-007  -0.134114434E-004   0.000000000E+000
   0.32877824233945585E-007  -0.149809257E-004   0.000000000E+000
   0.32908637564998955E-007   0.412500231E-005   0.000000000E+000
   0.32939450896052325E-007   0.203687450E-004   0.000000000E+000
   0.32970264227105694E-007   0.119365086E-004   0.000000000E+000
   0.33001077558159064E-007  -0.960488615E-005   0.000000000E+000
   0.33031890889212434E-007  -0.167462622E-004   0.000000000E+000
   0.33062704220265804E-007  -0.462644584E-005   0.000000000E+000
   0.33093517551319174E-007   0.698788426E-005   0.000000000E+000
   0.33124330882372544E-007   0.602771115E-005   0.000000000E+000
   0.33155144213425913E-007   0.181042242E-005   0.000000000E+000
   0.33185957544479283E-007   0.326507052E-005   0.000000000E+000
   0.33216770875532653E-007   0.294456686E-005   0.000000000E+000
   0.33247584206586023E-007  -0.635317656E-005   0.000000000E+000
   0.33278397537639393E-007  -0.136107938E-004   0.000000000E+000
   0.33309210868692762E-007  -0.447844377E-005   0.000000000E+000
   0.33340024199746132E-007   0.132409214E-004   0.000000000E+000
   0.33370837530799502E-007   0.167615799E-004   0.000000000E+000
   0.33401650861852872E-007   0.536183506E-006   0.000000000E+000
   0.33432464192906242E-007  -0.150647247E-004   0.000000000E+000
   0.33463277523959611E-007  -0.120491495E-004   0.000000000E+000
   0.33494090855012981E-007   0.218262903E-005   0.000000000E+000
   0.33524904186066351E-007   0.903091859E-005   0.000000000E+000
   0.33555717517119721E-007   0.498827649E-005   0.000000000E+000
   0.33586530848173091E-007   0.899741735E-006   0.000000000E+000
   0.33617344179226460E-007   0.103800994E-005   0.000000000E+000
   0.33648157510279830E-007  -0.161051503E-005   0.000000000E+000
   0.33678970841333200E-007  -0.848073796E-005   0.000000000E+000
   0.33709784172386570E-007  -0.869855921E-005   0.000000000E+000
   0.33740597503439940E-007   0.345448643E-005   0.000000000E+000
   0.33771410834493309E-007   0.150798051E-004   0.000000000E+000
   0.33802224165546679E-007   0.100926227E-004   0.000000000E+000
   0.33833037496600049E-007  -0.708062908E-005   0.000000000E+000
   0.33863850827653419E-007  -0.157390168E-004   0.000000000E+000
   0.33894664158706789E-007  -0.650204038E-005   0.000000000E+000
   0.33925477489760159E-007   0.734476907E-005   0.000000000E+000
   0.33956290820813528E-007   0.982380152E-005   0.000000000E+000
   0.33987104151866898E-007   0.272687475E-005   0.000000000E+000
   0.34017917482920268E-007  -0.185746194E-005   0.000000000E+000
   0.34048730813973638E-007  -0.133872504E-005   0.000000000E+000
   0.34079544145027008E-007  -0.294951269E-005   0.000000000E+000
   0.34110357476080377E-007  -0.712207702E-005   0.000000000E+000
   0.34141170807133747E-007  -0.433300829E-005   0.000000000E+000
   0.34171984138187117E-007   0.747245667E-005   0.000000000E+000
   0.34202797469240487E-007   0.142385015E-004   0.000000000E+000
   0.34233610800293857E-007   0.422565336E-005   0.000000000E+000
   0.34264424131347226E-007  -0.123507152E-004   0.000000000E+000
   0.34295237462400596E-007  -0.147483534E-004   0.000000000E+000
   0.34326050793453966E-007  -0.294372512E-006   0.000000000E+000
   0.34356864124507336E-007   0.120207269E-004   0.000000000E+000
   0.34387677455560706E-007   0.858859767E-005   0.000000000E+000
   0.34418490786614075E-007  -0.173998160E-005   0.000000000E+000
   0.34449304117667445E-007  -0.446656531E-005   0.000000000E+000
   0.34480117448720815E-007  -0.118125058E-005   0.000000000E+000
   0.34510930779774185E-007  -0.232899947E-005   0.000000000E+000
   0.34541744110827555E-007  -0.617345358E-005   0.000000000E+000
   0.34572557441880925E-007  -0.129396130E-005   0.000000000E+000
   0.34603370772934294E-007   0.108115819E-004   0.000000000E+000
   0.34634184103987664E-007   0.127205512E-004   0.000000000E+000
   0.34664997435041034E-007  -0.264960363E-005   0.000000000E+000
   0.34695810766094404E-007  -0.170756466E-004   0.000000000E+000
   0.34726624097147774E-007  -0.108602435E-004   0.000000000E+000
   0.34757437428201143E-007   0.800533417E-005   0.000000000E+000
   0.34788250759254513E-007   0.147619221E-004   0.000000000E+000
   0.34819064090307883E-007   0.345703211E-005   0.000000000E+000
   0.34849877421361253E-007  -0.710994118E-005   0.000000000E+000
   0.34880690752414623E-007  -0.435446145E-005   0.000000000E+000
   0.34911504083467992E-007   0.103827688E-005   0.000000000E+000
   0.34942317414521362E-007  -0.245962224E-005   0.000000000E+000
   0.34973130745574732E-007  -0.592118067E-005   0.000000000E+000
   0.35003944076628102E-007   0.295360314E-005   0.000000000E+000
   0.35034757407681472E-007   0.141313431E-004   0.000000000E+000
   0.35065570738734841E-007   0.779783477E-005   0.000000000E+000
   0.35096384069788211E-007  -0.119019387E-004   0.000000000E+000
   0.35127197400841581E-007  -0.183142856E-004   0.000000000E+000
   0.35158010731894951E-007  -0.128200190E-005   0.000000000E+000
   0.35188824062948321E-007   0.162652741E-004   0.000000000E+000
   0.35219637394001690E-007   0.116494193E-004   0.000000000E+000
   0.35250450725055060E-007  -0.519192508E-005   0.000000000E+000
   0.35281264056108430E-007  -0.975368857E-005   0.000000000E+000
   0.35312077387161800E-007  -0.733206434E-006   0.000000000E+000
   0.35342890718215170E-007   0.272171633E-005   0.000000000E+000
   0.35373704049268540E-007  -0.385798648E-005   0.000000000E+000
   0.35404517380321909E-007  -0.369910231E-005   0.000000000E+000
   0.35435330711375279E-007   0.863542027E-005   0.000000000E+000
   0.35466144042428649E-007   0.133475496E-004   0.000000000E+000
   0.35496957373482019E-007  -0.241011367E-005   0.000000000E+000
   0.35527770704535389E-007  -0.189227412E-004   0.000000000E+000
   0.35558584035588758E-007  -0.111429363E-004   0.000000000E+000
   0.35589397366642128E-007   0.116544743E-004   0.000000000E+000
   0.35620210697695498E-007   0.180991738E-004   0.000000000E+000
   0.35651024028748868E-007   0.135913615E-005   0.000000000E+000
   0.35681837359802238E-007  -0.126740579E-004   0.000000000E+000
   0.35712650690855607E-007  -0.670116833E-005   0.000000000E+000
   0.35743464021908977E-007   0.429947477E-005   0.000000000E+000
   0.35774277352962347E-007   0.214137708E-005   0.000000000E+000
   0.35805090684015717E-007  -0.448291894E-005   0.000000000E+000
   0.35835904015069087E-007   0.125269435E-005   0.000000000E+000
   0.35866717346122456E-007   0.114607265E-004   0.000000000E+000
   0.35897530677175826E-007   0.528154442E-005   0.000000000E+000
   0.35928344008229196E-007  -0.131142915E-004   0.000000000E+000
   0.35959157339282566E-007  -0.162742908E-004   0.000000000E+000
   0.35989970670335936E-007   0.349423135E-005   0.000000000E+000
   0.36020784001389305E-007   0.192050920E-004   0.000000000E+000
   0.36051597332442675E-007   0.909718256E-005   0.000000000E+000
   0.36082410663496045E-007  -0.108506956E-004   0.000000000E+000
   0.36113223994549415E-007  -0.128289175E-004   0.000000000E+000
   0.36144037325602785E-007   0.111978170E-005   0.000000000E+000
   0.36174850656656155E-007   0.716877639E-005   0.000000000E+000
   0.36205663987709524E-007  -0.781114977E-007   0.000000000E+000
   0.36236477318762894E-007  -0.277494746E-005   0.000000000E+000
   0.36267290649816264E-007   0.535857635E-005   0.000000000E+000
   0.36298103980869634E-007   0.716750492E-005   0.000000000E+000
   0.36328917311923004E-007  -0.604952675E-005   0.000000000E+000
   0.36359730642976373E-007  -0.151577333E-004   0.000000000E+000
   0.36390543974029743E-007  -0.277842537E-005   0.000000000E+000
   0.36421357305083113E-007   0.157737559E-004   0.000000000E+000
   0.36452170636136483E-007   0.135684604E-004   0.000000000E+000
   0.36482983967189853E-007  -0.639928112E-005   0.000000000E+000
   0.36513797298243222E-007  -0.157536306E-004   0.000000000E+000
   0.36544610629296592E-007  -0.393741720E-005   0.000000000E+000
   0.36575423960349962E-007   0.871280554E-005   0.000000000E+000
   0.36606237291403332E-007   0.568473297E-005   0.000000000E+000
   0.36637050622456702E-007  -0.224278392E-005   0.000000000E+000
   0.36667863953510071E-007  -0.297352472E-006   0.000000000E+000
   0.36698677284563441E-007   0.422637868E-005   0.000000000E+000
   0.36729490615616811E-007  -0.205209699E-005   0.000000000E+000
   0.36760303946670181E-007  -0.110018009E-004   0.000000000E+000
   0.36791117277723551E-007  -0.464877894E-005   0.000000000E+000
   0.36821930608776920E-007   0.119900014E-004   0.000000000E+000
   0.36852743939830290E-007   0.144741825E-004   0.000000000E+000
   0.36883557270883660E-007  -0.300380270E-005   0.000000000E+000
   0.36914370601937030E-007  -0.165492129E-004   0.000000000E+000
   0.36945183932990400E-007  -0.810991060E-005   0.000000000E+000
   0.36975997264043770E-007   0.837323478E-005   0.000000000E+000
   0.37006810595097139E-007   0.105163408E-004   0.000000000E+000
   0.37037623926150509E-007   0.612539225E-006   0.000000000E+000
   0.37068437257203879E-007  -0.368564088E-005   0.000000000E+000
   0.37099250588257249E-007  -0.272353418E-006   0.000000000E+000
   0.37130063919310619E-007  -0.156944475E-005   0.000000000E+000
   0.37160877250363988E-007  -0.748793991E-005   0.000000000E+000
   0.37191690581417358E-007  -0.366803488E-005   0.000000000E+000
   0.37222503912470728E-007   0.104252631E-004   0.000000000E+000
   0.37253317243524098E-007   0.145305612E-004   0.000000000E+000
   0.37284130574577468E-007  -0.130999706E-005   0.000000000E+000
   0.37314943905630837E-007  -0.174981433E-004   0.000000000E+000
   0.37345757236684207E-007  -0.119068409E-004   0.000000000E+000
   0.37376570567737577E-007   0.740406176E-005   0.000000000E+000
   0.37407383898790947E-007   0.149169664E-004   0.000000000E+000
   0.37438197229844317E-007   0.480088420E-005   0.000000000E+000
   0.37469010560897686E-007  -0.534125593E-005   0.000000000E+000
   0.37499823891951056E-007  -0.506226115E-005   0.000000000E+000
   0.37530637223004426E-007  -0.314753606E-005   0.000000000E+000
   0.37561450554057796E-007  -0.535295021E-005   0.000000000E+000
   0.37592263885111166E-007  -0.214311285E-005   0.000000000E+000
   0.37623077216164535E-007   0.102716749E-004   0.000000000E+000
   0.37653890547217905E-007   0.154673107E-004   0.000000000E+000
   0.37684703878271275E-007   0.521919901E-006   0.000000000E+000
   0.37715517209324645E-007  -0.187355981E-004   0.000000000E+000
   0.37746330540378015E-007  -0.165531274E-004   0.000000000E+000
   0.37777143871431385E-007   0.512441329E-005   0.000000000E+000
   0.37807957202484754E-007   0.188257072E-004   0.000000000E+000
   0.37838770533538124E-007   0.104028341E-004   0.000000000E+000
   0.37869583864591494E-007  -0.493915377E-005   0.000000000E+000
   0.37900397195644864E-007  -0.958904002E-005   0.000000000E+000
   0.37931210526698234E-007  -0.641245470E-005   0.000000000E+000
   0.37962023857751603E-007  -0.459614239E-005   0.000000000E+000
   0.37992837188804973E-007  -0.519528385E-006   0.000000000E+000
   0.38023650519858343E-007   0.106175794E-004   0.000000000E+000
   0.38054463850911713E-007   0.166351983E-004   0.000000000E+000
   0.38085277181965083E-007   0.309687221E-005   0.000000000E+000
   0.38116090513018452E-007  -0.188121921E-004   0.000000000E+000
   0.38146903844071822E-007  -0.213346011E-004   0.000000000E+000
   0.38177717175125192E-007   0.844704118E-006   0.000000000E+000
   0.38208530506178562E-007   0.209801983E-004   0.000000000E+000
   0.38239343837231932E-007   0.166792488E-004   0.000000000E+000
   0.38270157168285301E-007  -0.216716762E-005   0.000000000E+000
   0.38300970499338671E-007  -0.127723933E-004   0.000000000E+000
   0.38331783830392041E-007  -0.105950121E-004   0.000000000E+000
   0.38362597161445411E-007  -0.548713479E-005   0.000000000E+000
   0.38393410492498781E-007   0.573938905E-006   0.000000000E+000
   0.38424223823552150E-007   0.113270034E-004   0.000000000E+000
   0.38455037154605520E-007   0.179341405E-004   0.000000000E+000
   0.38485850485658890E-007   0.585800080E-005   0.000000000E+000
   0.38516663816712260E-007  -0.178000319E-004   0.000000000E+000
   0.38547477147765630E-007  -0.251052770E-004   0.000000000E+000
   0.38578290478819000E-007  -0.431945955E-005   0.000000000E+000
   0.38609103809872369E-007   0.209282462E-004   0.000000000E+000
   0.38639917140925739E-007   0.221122500E-004   0.000000000E+000
   0.38670730471979109E-007   0.213268686E-005   0.000000000E+000
   0.38701543803032479E-007  -0.140321845E-004   0.000000000E+000
   0.38732357134085849E-007  -0.144861760E-004   0.000000000E+000
   0.38763170465139218E-007  -0.744310773E-005   0.000000000E+000
   0.38793983796192588E-007   0.662600087E-006   0.000000000E+000
   0.38824797127245958E-007   0.116687715E-004   0.000000000E+000
   0.38855610458299328E-007   0.192631833E-004   0.000000000E+000
   0.38886423789352698E-007   0.901298972E-005   0.000000000E+000
   0.38917237120406067E-007  -0.159055562E-004   0.000000000E+000
   0.38948050451459437E-007  -0.280545992E-004   0.000000000E+000
   0.38978863782512807E-007  -0.974054456E-005   0.000000000E+000
   0.39009677113566177E-007   0.195015800E-004   0.000000000E+000
   0.39040490444619547E-007   0.264725859E-004   0.000000000E+000
   0.39071303775672916E-007   0.684144652E-005   0.000000000E+000
   0.39102117106726286E-007  -0.140165539E-004   0.000000000E+000
   0.39132930437779656E-007  -0.176369686E-004   0.000000000E+000
   0.39163743768833026E-007  -0.953620292E-005   0.000000000E+000
   0.39194557099886396E-007   0.249603545E-006   0.000000000E+000
   0.39225370430939765E-007   0.113118904E-004   0.000000000E+000
   0.39256183761993135E-007   0.198408070E-004   0.000000000E+000
   0.39286997093046505E-007   0.122098154E-004   0.000000000E+000
   0.39317810424099875E-007  -0.127408439E-004   0.000000000E+000
   0.39348623755153245E-007  -0.297448969E-004   0.000000000E+000
   0.39379437086206615E-007  -0.154836453E-004   0.000000000E+000
   0.39410250417259984E-007   0.165340462E-004   0.000000000E+000
   0.39441063748313354E-007   0.299298154E-004   0.000000000E+000
   0.39471877079366724E-007   0.121090779E-004   0.000000000E+000
   0.39502690410420094E-007  -0.130177741E-004   0.000000000E+000
   0.39533503741473464E-007  -0.204939770E-004   0.000000000E+000
   0.39564317072526833E-007  -0.117924692E-004   0.000000000E+000
   0.39595130403580203E-007  -0.129829459E-006   0.000000000E+000
   0.39625943734633573E-007   0.108707145E-004   0.000000000E+000
   0.39656757065686943E-007   0.196002693E-004   0.000000000E+000
   0.39687570396740313E-007   0.145637223E-004   0.000000000E+000
   0.39718383727793682E-007  -0.897919199E-005   0.000000000E+000
   0.39749197058847052E-007  -0.296351645E-004   0.000000000E+000
   0.39780010389900422E-007  -0.204491989E-004   0.000000000E+000
   0.39810823720953792E-007   0.121426965E-004   0.000000000E+000
   0.39841637052007162E-007   0.315244615E-004   0.000000000E+000
   0.39872450383060531E-007   0.173655444E-004   0.000000000E+000
   0.39903263714113901E-007  -0.105006784E-004   0.000000000E+000
   0.39934077045167271E-007  -0.224094911E-004   0.000000000E+000
   0.39964890376220641E-007  -0.144426522E-004   0.000000000E+000
