t              AirBox.fdtd_Point probe B_Ey_50_50_13.dat       incid
   0.00000000000000000E+000   0.000000000E+000   0.000000000E+000
   0.30813331053369808E-010   0.000000000E+000   0.000000000E+000
   0.61626662106739616E-010   0.000000000E+000   0.000000000E+000
   0.92439993160109424E-010   0.000000000E+000   0.000000000E+000
   0.12325332421347923E-009   0.000000000E+000   0.000000000E+000
   0.15406665526684904E-009   0.000000000E+000   0.000000000E+000
   0.18487998632021885E-009   0.000000000E+000   0.000000000E+000
   0.21569331737358866E-009   0.000000000E+000   0.000000000E+000
   0.24650664842695846E-009   0.000000000E+000   0.000000000E+000
   0.27731997948032827E-009   0.000000000E+000   0.000000000E+000
   0.30813331053369808E-009   0.000000000E+000   0.000000000E+000
   0.33894664158706789E-009   0.000000000E+000   0.000000000E+000
   0.36975997264043770E-009   0.000000000E+000   0.000000000E+000
   0.40057330369380750E-009   0.000000000E+000   0.000000000E+000
   0.43138663474717731E-009   0.000000000E+000   0.000000000E+000
   0.46219996580054712E-009   0.000000000E+000   0.000000000E+000
   0.49301329685391693E-009   0.000000000E+000   0.000000000E+000
   0.52382662790728673E-009   0.000000000E+000   0.000000000E+000
   0.55463995896065654E-009   0.000000000E+000   0.000000000E+000
   0.58545329001402635E-009   0.000000000E+000   0.000000000E+000
   0.61626662106739616E-009   0.000000000E+000   0.000000000E+000
   0.64707995212076597E-009   0.000000000E+000   0.000000000E+000
   0.67789328317413577E-009   0.000000000E+000   0.000000000E+000
   0.70870661422750558E-009   0.000000000E+000   0.000000000E+000
   0.73951994528087539E-009   0.000000000E+000   0.000000000E+000
   0.77033327633424520E-009   0.000000000E+000   0.000000000E+000
   0.80114660738761501E-009   0.000000000E+000   0.000000000E+000
   0.83195993844098481E-009   0.000000000E+000   0.000000000E+000
   0.86277326949435462E-009   0.000000000E+000   0.000000000E+000
   0.89358660054772443E-009   0.000000000E+000   0.000000000E+000
   0.92439993160109424E-009   0.000000000E+000   0.000000000E+000
   0.95521326265446405E-009   0.000000000E+000   0.000000000E+000
   0.98602659370783385E-009   0.000000000E+000   0.000000000E+000
   0.10168399247612037E-008   0.000000000E+000   0.000000000E+000
   0.10476532558145735E-008   0.000000000E+000   0.000000000E+000
   0.10784665868679433E-008   0.000000000E+000   0.000000000E+000
   0.11092799179213131E-008   0.000000000E+000   0.000000000E+000
   0.11400932489746829E-008   0.000000000E+000   0.000000000E+000
   0.11709065800280527E-008   0.000000000E+000   0.000000000E+000
   0.12017199110814225E-008   0.000000000E+000   0.000000000E+000
   0.12325332421347923E-008   0.000000000E+000   0.000000000E+000
   0.12633465731881621E-008   0.000000000E+000   0.000000000E+000
   0.12941599042415319E-008   0.000000000E+000   0.000000000E+000
   0.13249732352949017E-008   0.000000000E+000   0.000000000E+000
   0.13557865663482715E-008   0.000000000E+000   0.000000000E+000
   0.13865998974016414E-008   0.000000000E+000   0.000000000E+000
   0.14174132284550112E-008   0.000000000E+000   0.000000000E+000
   0.14482265595083810E-008   0.000000000E+000   0.000000000E+000
   0.14790398905617508E-008   0.000000000E+000   0.000000000E+000
   0.15098532216151206E-008   0.000000000E+000   0.000000000E+000
   0.15406665526684904E-008  -0.239853969E-034   0.000000000E+000
   0.15714798837218602E-008  -0.261529930E-033   0.000000000E+000
   0.16022932147752300E-008  -0.222599637E-032   0.000000000E+000
   0.16331065458285998E-008  -0.164721494E-031   0.000000000E+000
   0.16639198768819696E-008  -0.108565696E-030   0.000000000E+000
   0.16947332079353394E-008  -0.647318032E-030   0.000000000E+000
   0.17255465389887092E-008  -0.353399794E-029   0.000000000E+000
   0.17563598700420791E-008  -0.178343611E-028   0.000000000E+000
   0.17871732010954489E-008  -0.838272323E-028   0.000000000E+000
   0.18179865321488187E-008  -0.369264976E-027   0.000000000E+000
   0.18487998632021885E-008  -0.153234902E-026   0.000000000E+000
   0.18796131942555583E-008  -0.601659205E-026   0.000000000E+000
   0.19104265253089281E-008  -0.224370900E-025   0.000000000E+000
   0.19412398563622979E-008  -0.797358724E-025   0.000000000E+000
   0.19720531874156677E-008  -0.270832466E-024   0.000000000E+000
   0.20028665184690375E-008  -0.881590420E-024   0.000000000E+000
   0.20336798495224073E-008  -0.275679316E-023   0.000000000E+000
   0.20644931805757771E-008  -0.829998897E-023   0.000000000E+000
   0.20953065116291469E-008  -0.241089067E-022   0.000000000E+000
   0.21261198426825167E-008  -0.676913339E-022   0.000000000E+000
   0.21569331737358866E-008  -0.184043559E-021   0.000000000E+000
   0.21877465047892564E-008  -0.485366400E-021   0.000000000E+000
   0.22185598358426262E-008  -0.124356639E-020   0.000000000E+000
   0.22493731668959960E-008  -0.310006129E-020   0.000000000E+000
   0.22801864979493658E-008  -0.752989297E-020   0.000000000E+000
   0.23109998290027356E-008  -0.178445864E-019   0.000000000E+000
   0.23418131600561054E-008  -0.413115421E-019   0.000000000E+000
   0.23726264911094752E-008  -0.935395935E-019   0.000000000E+000
   0.24034398221628450E-008  -0.207374205E-018   0.000000000E+000
   0.24342531532162148E-008  -0.450541240E-018   0.000000000E+000
   0.24650664842695846E-008  -0.955229205E-018   0.000000000E+000
   0.24958798153229544E-008  -0.200342255E-017   0.000000000E+000
   0.25266931463763243E-008  -0.416430141E-017   0.000000000E+000
   0.25575064774296941E-008  -0.409820493E-013   0.000000000E+000
   0.25883198084830639E-008  -0.736928314E-012   0.000000000E+000
   0.26191331395364337E-008  -0.400438450E-011   0.000000000E+000
   0.26499464705898035E-008   0.204267462E-011   0.000000000E+000
   0.26807598016431733E-008   0.105934931E-010   0.000000000E+000
   0.27115731326965431E-008   0.201068329E-010   0.000000000E+000
   0.27423864637499129E-008   0.383409138E-010   0.000000000E+000
   0.27731997948032827E-008   0.442830356E-010   0.000000000E+000
   0.28040131258566525E-008   0.236574840E-010   0.000000000E+000
   0.28348264569100223E-008   0.147309057E-010   0.000000000E+000
   0.28656397879633921E-008  -0.113945832E-011   0.000000000E+000
   0.28964531190167619E-008   0.108668959E-010   0.000000000E+000
   0.29272664500701318E-008   0.523272051E-010   0.000000000E+000
   0.29580797811235016E-008   0.806408690E-010   0.000000000E+000
   0.29888931121768714E-008   0.555464286E-010   0.000000000E+000
   0.30197064432302412E-008  -0.218333823E-010   0.000000000E+000
   0.30505197742836110E-008  -0.134616771E-010   0.000000000E+000
   0.30813331053369808E-008   0.890959875E-010   0.000000000E+000
   0.31121464363903506E-008   0.153893773E-009   0.000000000E+000
   0.31429597674437204E-008   0.118581506E-009   0.000000000E+000
   0.31737730984970902E-008   0.811973822E-010   0.000000000E+000
   0.32045864295504600E-008   0.176169690E-009   0.000000000E+000
   0.32353997606038298E-008   0.334416717E-009   0.000000000E+000
   0.32662130916571996E-008   0.322993632E-009   0.000000000E+000
   0.32970264227105694E-008   0.251215437E-010   0.000000000E+000
   0.33278397537639393E-008  -0.415197904E-009   0.000000000E+000
   0.33586530848173091E-008  -0.684415413E-009   0.000000000E+000
   0.33894664158706789E-008  -0.386856880E-009   0.000000000E+000
   0.34202797469240487E-008   0.612459639E-009   0.000000000E+000
   0.34510930779774185E-008   0.166502856E-008   0.000000000E+000
   0.34819064090307883E-008   0.155619018E-008   0.000000000E+000
   0.35127197400841581E-008  -0.772257813E-010   0.000000000E+000
   0.35435330711375279E-008  -0.189199323E-008   0.000000000E+000
   0.35743464021908977E-008  -0.209191309E-008   0.000000000E+000
   0.36051597332442675E-008  -0.567398573E-009   0.000000000E+000
   0.36359730642976373E-008   0.848464299E-009   0.000000000E+000
   0.36667863953510071E-008   0.657218557E-009   0.000000000E+000
   0.36975997264043770E-008  -0.442851922E-009   0.000000000E+000
   0.37284130574577468E-008  -0.402057942E-009   0.000000000E+000
   0.37592263885111166E-008   0.146783208E-008   0.000000000E+000
   0.37900397195644864E-008   0.349755269E-008   0.000000000E+000
   0.38208530506178562E-008   0.338373063E-008   0.000000000E+000
   0.38516663816712260E-008   0.424640545E-009   0.000000000E+000
   0.38824797127245958E-008  -0.395637567E-008   0.000000000E+000
   0.39132930437779656E-008  -0.711082482E-008   0.000000000E+000
   0.39441063748313354E-008  -0.622791108E-008   0.000000000E+000
   0.39749197058847052E-008  -0.529872590E-009   0.000000000E+000
   0.40057330369380750E-008   0.575248027E-008   0.000000000E+000
   0.40365463679914448E-008   0.458538274E-008   0.000000000E+000
   0.40673596990448146E-008  -0.777801556E-008   0.000000000E+000
   0.40981730300981845E-008  -0.244234677E-007   0.000000000E+000
   0.41289863611515543E-008  -0.342845965E-007   0.000000000E+000
   0.41597996922049241E-008  -0.366371040E-007   0.000000000E+000
   0.41906130232582939E-008  -0.444980977E-007   0.000000000E+000
   0.42214263543116637E-008  -0.703623400E-007   0.000000000E+000
   0.42522396853650335E-008  -0.112370451E-006   0.000000000E+000
   0.42830530164184033E-008  -0.159669540E-006   0.000000000E+000
   0.43138663474717731E-008  -0.208678003E-006   0.000000000E+000
   0.43446796785251429E-008  -0.266260344E-006   0.000000000E+000
   0.43754930095785127E-008  -0.336739703E-006   0.000000000E+000
   0.44063063406318825E-008  -0.414229248E-006   0.000000000E+000
   0.44371196716852523E-008  -0.490433081E-006   0.000000000E+000
   0.44679330027386222E-008  -0.559951900E-006   0.000000000E+000
   0.44987463337919920E-008  -0.610575228E-006   0.000000000E+000
   0.45295596648453618E-008  -0.617050375E-006   0.000000000E+000
   0.45603729958987316E-008  -0.555256122E-006   0.000000000E+000
   0.45911863269521014E-008  -0.418696175E-006   0.000000000E+000
   0.46219996580054712E-008  -0.212772093E-006   0.000000000E+000
   0.46528129890588410E-008   0.632550581E-007   0.000000000E+000
   0.46836263201122108E-008   0.418345905E-006   0.000000000E+000
   0.47144396511655806E-008   0.850099809E-006   0.000000000E+000
   0.47452529822189504E-008   0.132378761E-005   0.000000000E+000
   0.47760663132723202E-008   0.177497930E-005   0.000000000E+000
   0.48068796443256900E-008   0.213954081E-005   0.000000000E+000
   0.48376929753790598E-008   0.237603240E-005   0.000000000E+000
   0.48685063064324297E-008   0.244455828E-005   0.000000000E+000
   0.48993196374857995E-008   0.228009594E-005   0.000000000E+000
   0.49301329685391693E-008   0.183396526E-005   0.000000000E+000
   0.49609462995925391E-008   0.115141415E-005   0.000000000E+000
   0.49917596306459089E-008   0.365492667E-006   0.000000000E+000
   0.50225729616992787E-008  -0.398951045E-006   0.000000000E+000
   0.50533862927526485E-008  -0.108194081E-005   0.000000000E+000
   0.50841996238060183E-008  -0.166724101E-005   0.000000000E+000
   0.51150129548593881E-008  -0.217005186E-005   0.000000000E+000
   0.51458262859127579E-008  -0.262300296E-005   0.000000000E+000
   0.51766396169661277E-008  -0.296984376E-005   0.000000000E+000
   0.52074529480194975E-008  -0.297251472E-005   0.000000000E+000
   0.52382662790728673E-008  -0.235869243E-005   0.000000000E+000
   0.52690796101262372E-008  -0.114709917E-005   0.000000000E+000
   0.52998929411796070E-008   0.204818207E-006   0.000000000E+000
   0.53307062722329768E-008   0.102063859E-005   0.000000000E+000
   0.53615196032863466E-008   0.842182772E-006   0.000000000E+000
   0.53923329343397164E-008  -0.172009550E-006   0.000000000E+000
   0.54231462653930862E-008  -0.115437751E-005   0.000000000E+000
   0.54539595964464560E-008  -0.100142836E-005   0.000000000E+000
   0.54847729274998258E-008   0.693786887E-006   0.000000000E+000
   0.55155862585531956E-008   0.297734232E-005   0.000000000E+000
   0.55463995896065654E-008   0.395003281E-005   0.000000000E+000
   0.55772129206599352E-008   0.225139866E-005   0.000000000E+000
   0.56080262517133050E-008  -0.147022797E-005   0.000000000E+000
   0.56388395827666749E-008  -0.452449513E-005   0.000000000E+000
   0.56696529138200447E-008  -0.409670565E-005   0.000000000E+000
   0.57004662448734145E-008   0.145637841E-006   0.000000000E+000
   0.57312795759267843E-008   0.514661269E-005   0.000000000E+000
   0.57620929069801541E-008   0.657365990E-005   0.000000000E+000
   0.57929062380335239E-008   0.252723612E-005   0.000000000E+000
   0.58237195690868937E-008  -0.433973673E-005   0.000000000E+000
   0.58545329001402635E-008  -0.842653844E-005   0.000000000E+000
   0.58853462311936333E-008  -0.566030894E-005   0.000000000E+000
   0.59161595622470031E-008   0.255982513E-005   0.000000000E+000
   0.59469728933003729E-008   0.958248893E-005   0.000000000E+000
   0.59777862243537427E-008   0.872041892E-005   0.000000000E+000
   0.60085995554071125E-008  -0.296359758E-006   0.000000000E+000
   0.60394128864604824E-008  -0.989252749E-005   0.000000000E+000
   0.60702262175138522E-008  -0.109952780E-004   0.000000000E+000
   0.61010395485672220E-008  -0.197695135E-005   0.000000000E+000
   0.61318528796205918E-008   0.909060327E-005   0.000000000E+000
   0.61626662106739616E-008   0.120419736E-004   0.000000000E+000
   0.61934795417273314E-008   0.438975258E-005   0.000000000E+000
   0.62242928727807012E-008  -0.689896842E-005   0.000000000E+000
   0.62551062038340710E-008  -0.123527716E-004   0.000000000E+000
   0.62859195348874408E-008  -0.759561772E-005   0.000000000E+000
   0.63167328659408106E-008   0.408047435E-005   0.000000000E+000
   0.63475461969941804E-008   0.134792672E-004   0.000000000E+000
   0.63783595280475502E-008   0.111725312E-004   0.000000000E+000
   0.64091728591009200E-008  -0.307103983E-005   0.000000000E+000
   0.64399861901542899E-008  -0.158600633E-004   0.000000000E+000
   0.64707995212076597E-008  -0.121279154E-004   0.000000000E+000
   0.65016128522610295E-008   0.532703416E-005   0.000000000E+000
   0.65324261833143993E-008   0.160801392E-004   0.000000000E+000
   0.65632395143677691E-008   0.780417213E-005   0.000000000E+000
   0.65940528454211389E-008  -0.698988788E-005   0.000000000E+000
   0.66248661764745087E-008  -0.974252544E-005   0.000000000E+000
   0.66556795075278785E-008  -0.219777303E-005   0.000000000E+000
   0.66864928385812483E-008   0.133296066E-005   0.000000000E+000
   0.67173061696346181E-008   0.276670789E-006   0.000000000E+000
   0.67481195006879879E-008   0.470421764E-005   0.000000000E+000
   0.67789328317413577E-008   0.970307337E-005   0.000000000E+000
   0.68097461627947276E-008   0.285422175E-006   0.000000000E+000
   0.68405594938480974E-008  -0.157486829E-004   0.000000000E+000
   0.68713728249014672E-008  -0.117133050E-004   0.000000000E+000
   0.69021861559548370E-008   0.116556830E-004   0.000000000E+000
   0.69329994870082068E-008   0.190211940E-004   0.000000000E+000
   0.69638128180615766E-008  -0.272741090E-005   0.000000000E+000
   0.69946261491149464E-008  -0.183628690E-004   0.000000000E+000
   0.70254394801683162E-008  -0.249245932E-005   0.000000000E+000
   0.70562528112216860E-008   0.153147157E-004   0.000000000E+000
   0.70870661422750558E-008   0.263567654E-005   0.000000000E+000
   0.71178794733284256E-008  -0.161133212E-004   0.000000000E+000
   0.71486928043817954E-008  -0.349532911E-005   0.000000000E+000
   0.71795061354351652E-008   0.196311521E-004   0.000000000E+000
   0.72103194664885351E-008   0.910360359E-005   0.000000000E+000
   0.72411327975419049E-008  -0.199684091E-004   0.000000000E+000
   0.72719461285952747E-008  -0.164425401E-004   0.000000000E+000
   0.73027594596486445E-008   0.147282626E-004   0.000000000E+000
   0.73335727907020143E-008   0.197419813E-004   0.000000000E+000
   0.73643861217553841E-008  -0.799512054E-005   0.000000000E+000
   0.73951994528087539E-008  -0.178873452E-004   0.000000000E+000
   0.74260127838621237E-008   0.486830504E-005   0.000000000E+000
   0.74568261149154935E-008   0.153753863E-004   0.000000000E+000
   0.74876394459688633E-008  -0.515111606E-005   0.000000000E+000
   0.75184527770222331E-008  -0.161693661E-004   0.000000000E+000
   0.75492661080756029E-008   0.414196438E-005   0.000000000E+000
   0.75800794391289728E-008   0.186389734E-004   0.000000000E+000
   0.76108927701823426E-008   0.930862370E-006   0.000000000E+000
   0.76417061012357124E-008  -0.178373975E-004   0.000000000E+000
   0.76725194322890822E-008  -0.717479179E-005   0.000000000E+000
   0.77033327633424520E-008   0.118942762E-004   0.000000000E+000
   0.77341460943958218E-008   0.949505375E-005   0.000000000E+000
   0.77649594254491916E-008  -0.440431995E-005   0.000000000E+000
   0.77957727565025614E-008  -0.654284622E-005   0.000000000E+000
   0.78265860875559312E-008   0.311280928E-006   0.000000000E+000
   0.78573994186093010E-008   0.203190439E-005   0.000000000E+000
   0.78882127496626708E-008  -0.564436277E-006   0.000000000E+000
   0.79190260807160406E-008  -0.362839216E-006   0.000000000E+000
   0.79498394117694104E-008   0.162769356E-005   0.000000000E+000
   0.79806527428227803E-008   0.199605392E-005   0.000000000E+000
   0.80114660738761501E-008   0.230694695E-006   0.000000000E+000
   0.80422794049295199E-008  -0.351510766E-005   0.000000000E+000
   0.80730927359828897E-008  -0.505189519E-005   0.000000000E+000
   0.81039060670362595E-008   0.152323992E-005   0.000000000E+000
   0.81347193980896293E-008   0.943492250E-005   0.000000000E+000
   0.81655327291429991E-008   0.406711388E-005   0.000000000E+000
   0.81963460601963689E-008  -0.980934328E-005   0.000000000E+000
   0.82271593912497387E-008  -0.100105626E-004   0.000000000E+000
   0.82579727223031085E-008   0.543475107E-005   0.000000000E+000
   0.82887860533564783E-008   0.122590209E-004   0.000000000E+000
   0.83195993844098481E-008   0.877991624E-006   0.000000000E+000
   0.83504127154632179E-008  -0.898589133E-005   0.000000000E+000
   0.83812260465165878E-008  -0.445433170E-005   0.000000000E+000
   0.84120393775699576E-008   0.242305396E-005   0.000000000E+000
   0.84428527086233274E-008   0.216205240E-005   0.000000000E+000
   0.84736660396766972E-008   0.198218163E-005   0.000000000E+000
   0.85044793707300670E-008   0.430132968E-005   0.000000000E+000
   0.85352927017834368E-008   0.265146355E-006   0.000000000E+000
   0.85661060328368066E-008  -0.854485188E-005   0.000000000E+000
   0.85969193638901764E-008  -0.779595939E-005   0.000000000E+000
   0.86277326949435462E-008   0.473472846E-005   0.000000000E+000
   0.86585460259969160E-008   0.130280241E-004   0.000000000E+000
   0.86893593570502858E-008   0.583782185E-005   0.000000000E+000
   0.87201726881036556E-008  -0.875103251E-005   0.000000000E+000
   0.87509860191570255E-008  -0.141958653E-004   0.000000000E+000
   0.87817993502103953E-008  -0.371163878E-005   0.000000000E+000
   0.88126126812637651E-008   0.118556927E-004   0.000000000E+000
   0.88434260123171349E-008   0.142185581E-004   0.000000000E+000
   0.88742393433705047E-008  -0.116619958E-006   0.000000000E+000
   0.89050526744238745E-008  -0.134121001E-004   0.000000000E+000
   0.89358660054772443E-008  -0.101651549E-004   0.000000000E+000
   0.89666793365306141E-008   0.269242992E-005   0.000000000E+000
   0.89974926675839839E-008   0.936349898E-005   0.000000000E+000
   0.90283059986373537E-008   0.676520312E-005   0.000000000E+000
   0.90591193296907235E-008   0.818976332E-006   0.000000000E+000
   0.90899326607440933E-008  -0.561218803E-005   0.000000000E+000
   0.91207459917974631E-008  -0.927386645E-005   0.000000000E+000
   0.91515593228508330E-008  -0.406581148E-005   0.000000000E+000
   0.91823726539042028E-008   0.735494359E-005   0.000000000E+000
   0.92131859849575726E-008   0.115625517E-004   0.000000000E+000
   0.92439993160109424E-008   0.244857802E-005   0.000000000E+000
   0.92748126470643122E-008  -0.916482986E-005   0.000000000E+000
   0.93056259781176820E-008  -0.100578045E-004   0.000000000E+000
   0.93364393091710518E-008  -0.408770575E-006   0.000000000E+000
   0.93672526402244216E-008   0.867728704E-005   0.000000000E+000
   0.93980659712777914E-008   0.799837017E-005   0.000000000E+000
   0.94288793023311612E-008  -0.868950337E-006   0.000000000E+000
   0.94596926333845310E-008  -0.766641551E-005   0.000000000E+000
   0.94905059644379008E-008  -0.539281291E-005   0.000000000E+000
   0.95213192954912707E-008   0.159148249E-005   0.000000000E+000
   0.95521326265446405E-008   0.495821223E-005   0.000000000E+000
   0.95829459575980103E-008   0.338756445E-005   0.000000000E+000
   0.96137592886513801E-008   0.401252692E-006   0.000000000E+000
   0.96445726197047499E-008  -0.268310760E-005   0.000000000E+000
   0.96753859507581197E-008  -0.472568126E-005   0.000000000E+000
   0.97061992818114895E-008  -0.232912726E-005   0.000000000E+000
   0.97370126128648593E-008   0.375390891E-005   0.000000000E+000
   0.97678259439182291E-008   0.629615079E-005   0.000000000E+000
   0.97986392749715989E-008   0.144022897E-005   0.000000000E+000
   0.98294526060249687E-008  -0.508073299E-005   0.000000000E+000
   0.98602659370783385E-008  -0.575677768E-005   0.000000000E+000
   0.98910792681317083E-008  -0.402977093E-006   0.000000000E+000
   0.99218925991850782E-008   0.499555790E-005   0.000000000E+000
   0.99527059302384480E-008   0.507586765E-005   0.000000000E+000
   0.99835192612918178E-008   0.119607648E-007   0.000000000E+000
   0.10014332592345188E-007  -0.469989027E-005   0.000000000E+000
   0.10045145923398557E-007  -0.420672086E-005   0.000000000E+000
   0.10075959254451927E-007   0.184224973E-006   0.000000000E+000
   0.10106772585505297E-007   0.354972758E-005   0.000000000E+000
   0.10137585916558667E-007   0.348338995E-005   0.000000000E+000
   0.10168399247612037E-007   0.805635636E-006   0.000000000E+000
   0.10199212578665406E-007  -0.266962934E-005   0.000000000E+000
   0.10230025909718776E-007  -0.408288724E-005   0.000000000E+000
   0.10260839240772146E-007  -0.123415293E-005   0.000000000E+000
   0.10291652571825516E-007   0.324793109E-005   0.000000000E+000
   0.10322465902878886E-007   0.393036362E-005   0.000000000E+000
   0.10353279233932255E-007   0.173771468E-006   0.000000000E+000
   0.10384092564985625E-007  -0.307038817E-005   0.000000000E+000
   0.10414905896038995E-007  -0.250987591E-005   0.000000000E+000
   0.10445719227092365E-007   0.145135800E-006   0.000000000E+000
   0.10476532558145735E-007   0.195853636E-005   0.000000000E+000
   0.10507345889199105E-007   0.185390354E-005   0.000000000E+000
   0.10538159220252474E-007   0.271341378E-006   0.000000000E+000
   0.10568972551305844E-007  -0.148433378E-005   0.000000000E+000
   0.10599785882359214E-007  -0.189856303E-005   0.000000000E+000
   0.10630599213412584E-007  -0.504254331E-006   0.000000000E+000
   0.10661412544465954E-007   0.162169931E-005   0.000000000E+000
   0.10692225875519323E-007   0.241332918E-005   0.000000000E+000
   0.10723039206572693E-007   0.395039024E-006   0.000000000E+000
   0.10753852537626063E-007  -0.276591277E-005   0.000000000E+000
   0.10784665868679433E-007  -0.282861333E-005   0.000000000E+000
   0.10815479199732803E-007   0.110935775E-005   0.000000000E+000
   0.10846292530786172E-007   0.389307024E-005   0.000000000E+000
   0.10877105861839542E-007   0.145501508E-005   0.000000000E+000
   0.10907919192892912E-007  -0.268929853E-005   0.000000000E+000
   0.10938732523946282E-007  -0.288388765E-005   0.000000000E+000
   0.10969545854999652E-007   0.270252258E-006   0.000000000E+000
   0.11000359186053021E-007   0.207217317E-005   0.000000000E+000
   0.11031172517106391E-007   0.115494458E-005   0.000000000E+000
   0.11061985848159761E-007  -0.106128482E-006   0.000000000E+000
   0.11092799179213131E-007  -0.441220635E-006   0.000000000E+000
   0.11123612510266501E-007  -0.776288914E-006   0.000000000E+000
   0.11154425841319870E-007  -0.128487227E-005   0.000000000E+000
   0.11185239172373240E-007  -0.495302118E-006   0.000000000E+000
   0.11216052503426610E-007   0.180724487E-005   0.000000000E+000
   0.11246865834479980E-007   0.273183605E-005   0.000000000E+000
   0.11277679165533350E-007  -0.813863608E-007   0.000000000E+000
   0.11308492496586720E-007  -0.366663289E-005   0.000000000E+000
   0.11339305827640089E-007  -0.271957879E-005   0.000000000E+000
   0.11370119158693459E-007   0.212399118E-005   0.000000000E+000
   0.11400932489746829E-007   0.425862481E-005   0.000000000E+000
   0.11431745820800199E-007   0.847730917E-006   0.000000000E+000
   0.11462559151853569E-007  -0.313947839E-005   0.000000000E+000
   0.11493372482906938E-007  -0.279208234E-005   0.000000000E+000
   0.11524185813960308E-007   0.327995622E-006   0.000000000E+000
   0.11554999145013678E-007   0.209527866E-005   0.000000000E+000
   0.11585812476067048E-007   0.154367820E-005   0.000000000E+000
   0.11616625807120418E-007   0.250519975E-006   0.000000000E+000
   0.11647439138173787E-007  -0.786989631E-006   0.000000000E+000
   0.11678252469227157E-007  -0.148692470E-005   0.000000000E+000
   0.11709065800280527E-007  -0.140644079E-005   0.000000000E+000
   0.11739879131333897E-007   0.102774493E-006   0.000000000E+000
   0.11770692462387267E-007   0.221197888E-005   0.000000000E+000
   0.11801505793440636E-007   0.238375310E-005   0.000000000E+000
   0.11832319124494006E-007  -0.411038172E-006   0.000000000E+000
   0.11863132455547376E-007  -0.314224008E-005   0.000000000E+000
   0.11893945786600746E-007  -0.219989352E-005   0.000000000E+000
   0.11924759117654116E-007   0.128365696E-005   0.000000000E+000
   0.11955572448707485E-007   0.293862013E-005   0.000000000E+000
   0.11986385779760855E-007   0.125664019E-005   0.000000000E+000
   0.12017199110814225E-007  -0.122685333E-005   0.000000000E+000
   0.12048012441867595E-007  -0.203391664E-005   0.000000000E+000
   0.12078825772920965E-007  -0.100436660E-005   0.000000000E+000
   0.12109639103974335E-007   0.704727540E-006   0.000000000E+000
   0.12140452435027704E-007   0.167265762E-005   0.000000000E+000
   0.12171265766081074E-007   0.106053835E-005   0.000000000E+000
   0.12202079097134444E-007  -0.476528612E-006   0.000000000E+000
   0.12232892428187814E-007  -0.142282852E-005   0.000000000E+000
   0.12263705759241184E-007  -0.100480997E-005   0.000000000E+000
   0.12294519090294553E-007   0.352516622E-006   0.000000000E+000
   0.12325332421347923E-007   0.145535648E-005   0.000000000E+000
   0.12356145752401293E-007   0.110803637E-005   0.000000000E+000
   0.12386959083454663E-007  -0.440000008E-006   0.000000000E+000
   0.12417772414508033E-007  -0.132950095E-005   0.000000000E+000
   0.12448585745561402E-007  -0.565827634E-006   0.000000000E+000
   0.12479399076614772E-007   0.603727074E-006   0.000000000E+000
   0.12510212407668142E-007   0.854943323E-006   0.000000000E+000
   0.12541025738721512E-007   0.440248215E-006   0.000000000E+000
   0.12571839069774882E-007  -0.107957504E-006   0.000000000E+000
   0.12602652400828251E-007  -0.714994144E-006   0.000000000E+000
   0.12633465731881621E-007  -0.838617098E-006   0.000000000E+000
   0.12664279062934991E-007   0.872034889E-009   0.000000000E+000
   0.12695092393988361E-007   0.864512913E-006   0.000000000E+000
   0.12725905725041731E-007   0.460862083E-006   0.000000000E+000
   0.12756719056095100E-007  -0.848869831E-006   0.000000000E+000
   0.12787532387148470E-007  -0.145652302E-005   0.000000000E+000
   0.12818345718201840E-007  -0.508258665E-006   0.000000000E+000
   0.12849159049255210E-007   0.101991986E-005   0.000000000E+000
   0.12879972380308580E-007   0.117093123E-005   0.000000000E+000
   0.12910785711361950E-007  -0.511698545E-006   0.000000000E+000
   0.12941599042415319E-007  -0.176395031E-005   0.000000000E+000
   0.12972412373468689E-007  -0.578359277E-006   0.000000000E+000
   0.13003225704522059E-007   0.146805928E-005   0.000000000E+000
   0.13034039035575429E-007   0.155165071E-005   0.000000000E+000
   0.13064852366628799E-007   0.702309535E-007   0.000000000E+000
   0.13095665697682168E-007  -0.524900258E-006   0.000000000E+000
   0.13126479028735538E-007  -0.950763024E-009   0.000000000E+000
   0.13157292359788908E-007   0.798277995E-007   0.000000000E+000
   0.13188105690842278E-007  -0.217759236E-006   0.000000000E+000
   0.13218919021895648E-007   0.385639112E-006   0.000000000E+000
   0.13249732352949017E-007   0.137334200E-005   0.000000000E+000
   0.13280545684002387E-007   0.800318674E-006   0.000000000E+000
   0.13311359015055757E-007  -0.133780236E-005   0.000000000E+000
   0.13342172346109127E-007  -0.232375010E-005   0.000000000E+000
   0.13372985677162497E-007  -0.352600864E-006   0.000000000E+000
   0.13403799008215866E-007   0.231096851E-005   0.000000000E+000
   0.13434612339269236E-007   0.193651249E-005   0.000000000E+000
   0.13465425670322606E-007  -0.114635918E-005   0.000000000E+000
   0.13496239001375976E-007  -0.266172538E-005   0.000000000E+000
   0.13527052332429346E-007  -0.720929165E-006   0.000000000E+000
   0.13557865663482715E-007   0.158121361E-005   0.000000000E+000
   0.13588678994536085E-007   0.134652794E-005   0.000000000E+000
   0.13619492325589455E-007  -0.130002263E-006   0.000000000E+000
   0.13650305656642825E-007  -0.525554583E-006   0.000000000E+000
   0.13681118987696195E-007  -0.213014886E-006   0.000000000E+000
   0.13711932318749565E-007  -0.504098580E-006   0.000000000E+000
   0.13742745649802934E-007  -0.764525907E-006   0.000000000E+000
   0.13773558980856304E-007   0.277732397E-006   0.000000000E+000
   0.13804372311909674E-007   0.169662883E-005   0.000000000E+000
   0.13835185642963044E-007   0.118263119E-005   0.000000000E+000
   0.13865998974016414E-007  -0.124965459E-005   0.000000000E+000
   0.13896812305069783E-007  -0.244844591E-005   0.000000000E+000
   0.13927625636123153E-007  -0.422818630E-006   0.000000000E+000
   0.13958438967176523E-007   0.226974134E-005   0.000000000E+000
   0.13989252298229893E-007   0.192497487E-005   0.000000000E+000
   0.14020065629283263E-007  -0.823185019E-006   0.000000000E+000
   0.14050878960336632E-007  -0.210486678E-005   0.000000000E+000
   0.14081692291390002E-007  -0.607202992E-006   0.000000000E+000
   0.14112505622443372E-007   0.111591169E-005   0.000000000E+000
   0.14143318953496742E-007   0.962299396E-006   0.000000000E+000
   0.14174132284550112E-007  -0.110493033E-006   0.000000000E+000
   0.14204945615603481E-007  -0.353068657E-006   0.000000000E+000
   0.14235758946656851E-007   0.508031803E-007   0.000000000E+000
   0.14266572277710221E-007  -0.176084654E-006   0.000000000E+000
   0.14297385608763591E-007  -0.783676512E-006   0.000000000E+000
   0.14328198939816961E-007  -0.190750825E-006   0.000000000E+000
   0.14359012270870330E-007   0.133765161E-005   0.000000000E+000
   0.14389825601923700E-007   0.125737176E-005   0.000000000E+000
   0.14420638932977070E-007  -0.967204528E-006   0.000000000E+000
   0.14451452264030440E-007  -0.210775829E-005   0.000000000E+000
   0.14482265595083810E-007  -0.166204245E-006   0.000000000E+000
   0.14513078926137180E-007   0.202548426E-005   0.000000000E+000
   0.14543892257190549E-007   0.124199221E-005   0.000000000E+000
   0.14574705588243919E-007  -0.109714472E-005   0.000000000E+000
   0.14605518919297289E-007  -0.156900410E-005   0.000000000E+000
   0.14636332250350659E-007   0.212276063E-007   0.000000000E+000
   0.14667145581404029E-007   0.110430653E-005   0.000000000E+000
   0.14697958912457398E-007   0.504159004E-006   0.000000000E+000
   0.14728772243510768E-007  -0.406126787E-006   0.000000000E+000
   0.14759585574564138E-007  -0.304443716E-006   0.000000000E+000
   0.14790398905617508E-007   0.161627355E-006   0.000000000E+000
   0.14821212236670878E-007  -0.144412780E-006   0.000000000E+000
   0.14852025567724247E-007  -0.579611196E-006   0.000000000E+000
   0.14882838898777617E-007   0.156310477E-006   0.000000000E+000
   0.14913652229830987E-007   0.118057892E-005   0.000000000E+000
   0.14944465560884357E-007   0.497987571E-006   0.000000000E+000
   0.14975278891937727E-007  -0.123679149E-005   0.000000000E+000
   0.15006092222991096E-007  -0.133107699E-005   0.000000000E+000
   0.15036905554044466E-007   0.490808361E-006   0.000000000E+000
   0.15067718885097836E-007   0.159401134E-005   0.000000000E+000
   0.15098532216151206E-007   0.573769739E-006   0.000000000E+000
   0.15129345547204576E-007  -0.100098146E-005   0.000000000E+000
   0.15160158878257946E-007  -0.118159960E-005   0.000000000E+000
   0.15190972209311315E-007   0.494014785E-008   0.000000000E+000
   0.15221785540364685E-007   0.981908670E-006   0.000000000E+000
   0.15252598871418055E-007   0.630188424E-006   0.000000000E+000
   0.15283412202471425E-007  -0.331805950E-006   0.000000000E+000
   0.15314225533524795E-007  -0.502776174E-006   0.000000000E+000
   0.15345038864578164E-007  -0.489434910E-007   0.000000000E+000
   0.15375852195631534E-007  -0.878633273E-007   0.000000000E+000
   0.15406665526684904E-007  -0.269748625E-006   0.000000000E+000
   0.15437478857738274E-007   0.406084951E-006   0.000000000E+000
   0.15468292188791644E-007   0.100768216E-005   0.000000000E+000
   0.15499105519845013E-007   0.457102942E-007   0.000000000E+000
   0.15529918850898383E-007  -0.137184293E-005   0.000000000E+000
   0.15560732181951753E-007  -0.989007731E-006   0.000000000E+000
   0.15591545513005123E-007   0.810364099E-006   0.000000000E+000
   0.15622358844058493E-007   0.155031580E-005   0.000000000E+000
   0.15653172175111862E-007   0.354642339E-006   0.000000000E+000
   0.15683985506165232E-007  -0.111768338E-005   0.000000000E+000
   0.15714798837218602E-007  -0.113977137E-005   0.000000000E+000
   0.15745612168271972E-007   0.464009418E-007   0.000000000E+000
   0.15776425499325342E-007   0.880609264E-006   0.000000000E+000
   0.15807238830378711E-007   0.628080443E-006   0.000000000E+000
   0.15838052161432081E-007   0.371360329E-007   0.000000000E+000
   0.15868865492485451E-007  -0.263020439E-006   0.000000000E+000
   0.15899678823538821E-007  -0.554317126E-006   0.000000000E+000
   0.15930492154592191E-007  -0.685041130E-006   0.000000000E+000
   0.15961305485645561E-007   0.736029051E-007   0.000000000E+000
   0.15992118816698930E-007   0.114335194E-005   0.000000000E+000
   0.16022932147752300E-007   0.905296190E-006   0.000000000E+000
   0.16053745478805670E-007  -0.567433801E-006   0.000000000E+000
   0.16084558809859040E-007  -0.134434845E-005   0.000000000E+000
   0.16115372140912410E-007  -0.514812882E-006   0.000000000E+000
   0.16146185471965779E-007   0.769318149E-006   0.000000000E+000
   0.16176998803019149E-007   0.110858787E-005   0.000000000E+000
   0.16207812134072519E-007   0.293720575E-006   0.000000000E+000
   0.16238625465125889E-007  -0.767568338E-006   0.000000000E+000
   0.16269438796179259E-007  -0.921410560E-006   0.000000000E+000
   0.16300252127232628E-007  -0.525683959E-007   0.000000000E+000
   0.16331065458285998E-007   0.698613803E-006   0.000000000E+000
   0.16361878789339368E-007   0.550671700E-006   0.000000000E+000
   0.16392692120392738E-007  -0.247757725E-008   0.000000000E+000
   0.16423505451446108E-007  -0.351548522E-006   0.000000000E+000
   0.16454318782499477E-007  -0.474194167E-006   0.000000000E+000
   0.16485132113552847E-007  -0.253318404E-006   0.000000000E+000
   0.16515945444606217E-007   0.369571836E-006   0.000000000E+000
   0.16546758775659587E-007   0.686615692E-006   0.000000000E+000
   0.16577572106712957E-007   0.127292651E-006   0.000000000E+000
   0.16608385437766326E-007  -0.609348319E-006   0.000000000E+000
   0.16639198768819696E-007  -0.547314187E-006   0.000000000E+000
   0.16670012099873066E-007   0.136436256E-006   0.000000000E+000
   0.16700825430926436E-007   0.562986031E-006   0.000000000E+000
   0.16731638761979806E-007   0.339125506E-006   0.000000000E+000
   0.16762452093033176E-007  -0.206794311E-006   0.000000000E+000
   0.16793265424086545E-007  -0.482464657E-006   0.000000000E+000
   0.16824078755139915E-007  -0.210738790E-006   0.000000000E+000
   0.16854892086193285E-007   0.252179120E-006   0.000000000E+000
   0.16885705417246655E-007   0.368454323E-006   0.000000000E+000
   0.16916518748300025E-007   0.104150160E-006   0.000000000E+000
   0.16947332079353394E-007  -0.180070288E-006   0.000000000E+000
   0.16978145410406764E-007  -0.259073545E-006   0.000000000E+000
   0.17008958741460134E-007  -0.139944831E-006   0.000000000E+000
   0.17039772072513504E-007   0.774662681E-007   0.000000000E+000
   0.17070585403566874E-007   0.252388901E-006   0.000000000E+000
   0.17101398734620243E-007   0.260361389E-006   0.000000000E+000
   0.17132212065673613E-007   0.101139221E-007   0.000000000E+000
   0.17163025396726983E-007  -0.404241860E-006   0.000000000E+000
   0.17193838727780353E-007  -0.462448639E-006   0.000000000E+000
   0.17224652058833723E-007   0.175262556E-006   0.000000000E+000
   0.17255465389887092E-007   0.719124841E-006   0.000000000E+000
   0.17286278720940462E-007   0.217425850E-006   0.000000000E+000
   0.17317092051993832E-007  -0.587443765E-006   0.000000000E+000
   0.17347905383047202E-007  -0.347677712E-006   0.000000000E+000
   0.17378718714100572E-007   0.325487747E-006   0.000000000E+000
   0.17409532045153941E-007   0.430102318E-007   0.000000000E+000
   0.17440345376207311E-007  -0.414349302E-006   0.000000000E+000
   0.17471158707260681E-007   0.343163322E-006   0.000000000E+000
   0.17501972038314051E-007   0.100470936E-005   0.000000000E+000
   0.17532785369367421E-007  -0.237112658E-006   0.000000000E+000
   0.17563598700420791E-007  -0.163092557E-005   0.000000000E+000
   0.17594412031474160E-007  -0.492020945E-006   0.000000000E+000
   0.17625225362527530E-007   0.163009622E-005   0.000000000E+000
   0.17656038693580900E-007   0.126286784E-005   0.000000000E+000
   0.17686852024634270E-007  -0.900705459E-006   0.000000000E+000
   0.17717665355687640E-007  -0.132059415E-005   0.000000000E+000
   0.17748478686741009E-007   0.146575871E-006   0.000000000E+000
   0.17779292017794379E-007   0.602505679E-006   0.000000000E+000
   0.17810105348847749E-007  -0.186450848E-006   0.000000000E+000
   0.17840918679901119E-007   0.829699331E-007   0.000000000E+000
   0.17871732010954489E-007   0.101671458E-005   0.000000000E+000
   0.17902545342007858E-007   0.115140267E-006   0.000000000E+000
   0.17933358673061228E-007  -0.171233114E-005   0.000000000E+000
   0.17964172004114598E-007  -0.109860821E-005   0.000000000E+000
   0.17994985335167968E-007   0.140463840E-005   0.000000000E+000
   0.18025798666221338E-007   0.183901898E-005   0.000000000E+000
   0.18056611997274707E-007  -0.283963118E-006   0.000000000E+000
   0.18087425328328077E-007  -0.147790468E-005   0.000000000E+000
   0.18118238659381447E-007  -0.544637032E-006   0.000000000E+000
   0.18149051990434817E-007   0.306398817E-006   0.000000000E+000
   0.18179865321488187E-007   0.262678498E-006   0.000000000E+000
   0.18210678652541556E-007   0.525852727E-006   0.000000000E+000
   0.18241491983594926E-007   0.758028364E-006   0.000000000E+000
   0.18272305314648296E-007  -0.262338403E-006   0.000000000E+000
   0.18303118645701666E-007  -0.137329778E-005   0.000000000E+000
   0.18333931976755036E-007  -0.652635038E-006   0.000000000E+000
   0.18364745307808406E-007   0.934370121E-006   0.000000000E+000
   0.18395558638861775E-007   0.111650434E-005   0.000000000E+000
   0.18426371969915145E-007   0.449127810E-007   0.000000000E+000
   0.18457185300968515E-007  -0.592044046E-006   0.000000000E+000
   0.18487998632021885E-007  -0.515878526E-006   0.000000000E+000
   0.18518811963075255E-007  -0.363269919E-006   0.000000000E+000
   0.18549625294128624E-007   0.475754121E-007   0.000000000E+000
   0.18580438625181994E-007   0.785252723E-006   0.000000000E+000
   0.18611251956235364E-007   0.793051868E-006   0.000000000E+000
   0.18642065287288734E-007  -0.336998141E-006   0.000000000E+000
   0.18672878618342104E-007  -0.113843726E-005   0.000000000E+000
   0.18703691949395473E-007  -0.434095568E-006   0.000000000E+000
   0.18734505280448843E-007   0.729849376E-006   0.000000000E+000
   0.18765318611502213E-007   0.778321578E-006   0.000000000E+000
   0.18796131942555583E-007  -0.631809485E-007   0.000000000E+000
   0.18826945273608953E-007  -0.504938328E-006   0.000000000E+000
   0.18857758604662322E-007  -0.231102717E-006   0.000000000E+000
   0.18888571935715692E-007   0.559673197E-007   0.000000000E+000
   0.18919385266769062E-007   0.162548481E-007   0.000000000E+000
   0.18950198597822432E-007   0.428016058E-007   0.000000000E+000
   0.18981011928875802E-007   0.329144598E-006   0.000000000E+000
   0.19011825259929171E-007   0.320427972E-006   0.000000000E+000
   0.19042638590982541E-007  -0.358025460E-006   0.000000000E+000
   0.19073451922035911E-007  -0.828077305E-006   0.000000000E+000
   0.19104265253089281E-007  -0.480622475E-007   0.000000000E+000
   0.19135078584142651E-007   0.107938479E-005   0.000000000E+000
   0.19165891915196021E-007   0.651304788E-006   0.000000000E+000
   0.19196705246249390E-007  -0.901723126E-006   0.000000000E+000
   0.19227518577302760E-007  -0.108860650E-005   0.000000000E+000
   0.19258331908356130E-007   0.432296929E-006   0.000000000E+000
   0.19289145239409500E-007   0.113489182E-005   0.000000000E+000
   0.19319958570462870E-007   0.105217168E-007   0.000000000E+000
   0.19350771901516239E-007  -0.845690124E-006   0.000000000E+000
   0.19381585232569609E-007  -0.156781368E-006   0.000000000E+000
   0.19412398563622979E-007   0.525621431E-006   0.000000000E+000
   0.19443211894676349E-007   0.117530590E-007   0.000000000E+000
   0.19474025225729719E-007  -0.486021406E-006   0.000000000E+000
   0.19504838556783088E-007   0.115232353E-006   0.000000000E+000
   0.19535651887836458E-007   0.739778727E-006   0.000000000E+000
   0.19566465218889828E-007   0.117048728E-006   0.000000000E+000
   0.19597278549943198E-007  -0.929891542E-006   0.000000000E+000
   0.19628091880996568E-007  -0.691568971E-006   0.000000000E+000
   0.19658905212049937E-007   0.673265163E-006   0.000000000E+000
   0.19689718543103307E-007   0.117105219E-005   0.000000000E+000
   0.19720531874156677E-007  -0.111683676E-007   0.000000000E+000
   0.19751345205210047E-007  -0.112051794E-005   0.000000000E+000
   0.19782158536263417E-007  -0.554088558E-006   0.000000000E+000
   0.19812971867316787E-007   0.612327256E-006   0.000000000E+000
   0.19843785198370156E-007   0.577411356E-006   0.000000000E+000
   0.19874598529423526E-007  -0.193987603E-006   0.000000000E+000
   0.19905411860476896E-007  -0.182893473E-006   0.000000000E+000
   0.19936225191530266E-007   0.294741540E-006   0.000000000E+000
   0.19967038522583636E-007  -0.462446792E-007   0.000000000E+000
   0.19997851853637005E-007  -0.723501557E-006   0.000000000E+000
   0.20028665184690375E-007  -0.266541434E-006   0.000000000E+000
   0.20059478515743745E-007   0.882989980E-006   0.000000000E+000
   0.20090291846797115E-007   0.849920525E-006   0.000000000E+000
   0.20121105177850485E-007  -0.463743049E-006   0.000000000E+000
   0.20151918508903854E-007  -0.109181906E-005   0.000000000E+000
   0.20182731839957224E-007  -0.187670537E-006   0.000000000E+000
   0.20213545171010594E-007   0.751091932E-006   0.000000000E+000
   0.20244358502063964E-007   0.474470312E-006   0.000000000E+000
   0.20275171833117334E-007  -0.223652023E-006   0.000000000E+000
   0.20305985164170703E-007  -0.234766119E-006   0.000000000E+000
   0.20336798495224073E-007   0.695109605E-007   0.000000000E+000
   0.20367611826277443E-007  -0.915861733E-007   0.000000000E+000
   0.20398425157330813E-007  -0.366173339E-006   0.000000000E+000
   0.20429238488384183E-007  -0.371767328E-008   0.000000000E+000
   0.20460051819437552E-007   0.649262176E-006   0.000000000E+000
   0.20490865150490922E-007   0.517395449E-006   0.000000000E+000
   0.20521678481544292E-007  -0.468856172E-006   0.000000000E+000
   0.20552491812597662E-007  -0.962318836E-006   0.000000000E+000
   0.20583305143651032E-007  -0.101296109E-006   0.000000000E+000
   0.20614118474704402E-007   0.936983611E-006   0.000000000E+000
   0.20644931805757771E-007   0.579499670E-006   0.000000000E+000
   0.20675745136811141E-007  -0.547421791E-006   0.000000000E+000
   0.20706558467864511E-007  -0.627275142E-006   0.000000000E+000
   0.20737371798917881E-007   0.233582000E-006   0.000000000E+000
   0.20768185129971251E-007   0.391359492E-006   0.000000000E+000
   0.20798998461024620E-007  -0.244271689E-006   0.000000000E+000
   0.20829811792077990E-007  -0.270303559E-006   0.000000000E+000
   0.20860625123131360E-007   0.390949452E-006   0.000000000E+000
   0.20891438454184730E-007   0.436475091E-006   0.000000000E+000
   0.20922251785238100E-007  -0.316964815E-006   0.000000000E+000
   0.20953065116291469E-007  -0.667269433E-006   0.000000000E+000
   0.20983878447344839E-007  -0.711324901E-007   0.000000000E+000
   0.21014691778398209E-007   0.642905661E-006   0.000000000E+000
   0.21045505109451579E-007   0.517935632E-006   0.000000000E+000
   0.21076318440504949E-007  -0.311373867E-006   0.000000000E+000
   0.21107131771558318E-007  -0.720473338E-006   0.000000000E+000
   0.21137945102611688E-007  -0.848430091E-007   0.000000000E+000
   0.21168758433665058E-007   0.635623962E-006   0.000000000E+000
   0.21199571764718428E-007   0.301990440E-006   0.000000000E+000
   0.21230385095771798E-007  -0.453628047E-006   0.000000000E+000
   0.21261198426825167E-007  -0.323722219E-006   0.000000000E+000
   0.21292011757878537E-007   0.344503718E-006   0.000000000E+000
   0.21322825088931907E-007   0.302424013E-006   0.000000000E+000
   0.21353638419985277E-007  -0.297414914E-006   0.000000000E+000
   0.21384451751038647E-007  -0.344460062E-006   0.000000000E+000
   0.21415265082092017E-007   0.203395672E-006   0.000000000E+000
   0.21446078413145386E-007   0.418733634E-006   0.000000000E+000
   0.21476891744198756E-007  -0.899947850E-008   0.000000000E+000
   0.21507705075252126E-007  -0.434032216E-006   0.000000000E+000
   0.21538518406305496E-007  -0.239768013E-006   0.000000000E+000
   0.21569331737358866E-007   0.341079755E-006   0.000000000E+000
   0.21600145068412235E-007   0.461590957E-006   0.000000000E+000
   0.21630958399465605E-007  -0.144177079E-006   0.000000000E+000
   0.21661771730518975E-007  -0.583369797E-006   0.000000000E+000
   0.21692585061572345E-007  -0.115096896E-006   0.000000000E+000
   0.21723398392625715E-007   0.552232905E-006   0.000000000E+000
   0.21754211723679084E-007   0.355122552E-006   0.000000000E+000
   0.21785025054732454E-007  -0.367795337E-006   0.000000000E+000
   0.21815838385785824E-007  -0.473495845E-006   0.000000000E+000
   0.21846651716839194E-007   0.125688018E-006   0.000000000E+000
   0.21877465047892564E-007   0.439696237E-006   0.000000000E+000
   0.21908278378945933E-007   0.382464123E-007   0.000000000E+000
   0.21939091709999303E-007  -0.352192018E-006   0.000000000E+000
   0.21969905041052673E-007  -0.874032366E-007   0.000000000E+000
   0.22000718372106043E-007   0.345657185E-006   0.000000000E+000
   0.22031531703159413E-007   0.142653661E-006   0.000000000E+000
   0.22062345034212782E-007  -0.411902249E-006   0.000000000E+000
   0.22093158365266152E-007  -0.332580839E-006   0.000000000E+000
   0.22123971696319522E-007   0.377388631E-006   0.000000000E+000
   0.22154785027372892E-007   0.598893052E-006   0.000000000E+000
   0.22185598358426262E-007  -0.105330230E-006   0.000000000E+000
   0.22216411689479632E-007  -0.712918791E-006   0.000000000E+000
   0.22247225020533001E-007  -0.298364057E-006   0.000000000E+000
   0.22278038351586371E-007   0.533642151E-006   0.000000000E+000
   0.22308851682639741E-007   0.561049148E-006   0.000000000E+000
   0.22339665013693111E-007  -0.197160432E-006   0.000000000E+000
   0.22370478344746481E-007  -0.538604183E-006   0.000000000E+000
   0.22401291675799850E-007  -0.115686021E-007   0.000000000E+000
   0.22432105006853220E-007   0.386610822E-006   0.000000000E+000
   0.22462918337906590E-007  -0.146351624E-007   0.000000000E+000
   0.22493731668959960E-007  -0.372958851E-006   0.000000000E+000
   0.22524545000013330E-007   0.794007633E-007   0.000000000E+000
   0.22555358331066699E-007   0.546632293E-006   0.000000000E+000
   0.22586171662120069E-007   0.789292187E-007   0.000000000E+000
   0.22616984993173439E-007  -0.658768158E-006   0.000000000E+000
   0.22647798324226809E-007  -0.450728237E-006   0.000000000E+000
   0.22678611655280179E-007   0.456837142E-006   0.000000000E+000
   0.22709424986333548E-007   0.737291771E-006   0.000000000E+000
   0.22740238317386918E-007  -0.407635525E-008   0.000000000E+000
   0.22771051648440288E-007  -0.685181647E-006   0.000000000E+000
   0.22801864979493658E-007  -0.360437951E-006   0.000000000E+000
   0.22832678310547028E-007   0.389406551E-006   0.000000000E+000
   0.22863491641600397E-007   0.399571888E-006   0.000000000E+000
   0.22894304972653767E-007  -0.187720445E-006   0.000000000E+000
   0.22925118303707137E-007  -0.245037683E-006   0.000000000E+000
   0.22955931634760507E-007   0.263373551E-006   0.000000000E+000
   0.22986744965813877E-007   0.233179975E-006   0.000000000E+000
   0.23017558296867247E-007  -0.421028602E-006   0.000000000E+000
   0.23048371627920616E-007  -0.487047259E-006   0.000000000E+000
   0.23079184958973986E-007   0.323248059E-006   0.000000000E+000
   0.23109998290027356E-007   0.753392612E-006   0.000000000E+000
   0.23140811621080726E-007   0.908068500E-007   0.000000000E+000
   0.23171624952134096E-007  -0.697585904E-006   0.000000000E+000
   0.23202438283187465E-007  -0.505062417E-006   0.000000000E+000
   0.23233251614240835E-007   0.317037063E-006   0.000000000E+000
   0.23264064945294205E-007   0.586314627E-006   0.000000000E+000
   0.23294878276347575E-007   0.379014296E-007   0.000000000E+000
   0.23325691607400945E-007  -0.372808955E-006   0.000000000E+000
   0.23356504938454314E-007  -0.691880757E-007   0.000000000E+000
   0.23387318269507684E-007   0.223143672E-006   0.000000000E+000
   0.23418131600561054E-007  -0.115093513E-006   0.000000000E+000
   0.23448944931614424E-007  -0.371082820E-006   0.000000000E+000
   0.23479758262667794E-007   0.140905570E-006   0.000000000E+000
   0.23510571593721163E-007   0.633555885E-006   0.000000000E+000
   0.23541384924774533E-007   0.166841147E-006   0.000000000E+000
   0.23572198255827903E-007  -0.629275405E-006   0.000000000E+000
   0.23603011586881273E-007  -0.555717747E-006   0.000000000E+000
   0.23633824917934643E-007   0.253597705E-006   0.000000000E+000
   0.23664638248988012E-007   0.645710259E-006   0.000000000E+000
   0.23695451580041382E-007   0.180261281E-006   0.000000000E+000
   0.23726264911094752E-007  -0.386406555E-006   0.000000000E+000
   0.23757078242148122E-007  -0.305123791E-006   0.000000000E+000
   0.23787891573201492E-007   0.115894238E-006   0.000000000E+000
   0.23818704904254862E-007   0.130698695E-006   0.000000000E+000
   0.23849518235308231E-007  -0.143146266E-006   0.000000000E+000
   0.23880331566361601E-007  -0.764715935E-008   0.000000000E+000
   0.23911144897414971E-007   0.377649826E-006   0.000000000E+000
   0.23941958228468341E-007   0.183846453E-006   0.000000000E+000
   0.23972771559521711E-007  -0.451917629E-006   0.000000000E+000
   0.24003584890575080E-007  -0.497506733E-006   0.000000000E+000
   0.24034398221628450E-007   0.184046769E-006   0.000000000E+000
   0.24065211552681820E-007   0.586644319E-006   0.000000000E+000
   0.24096024883735190E-007   0.201257166E-006   0.000000000E+000
   0.24126838214788560E-007  -0.335897283E-006   0.000000000E+000
   0.24157651545841929E-007  -0.347001475E-006   0.000000000E+000
   0.24188464876895299E-007   0.158927378E-007   0.000000000E+000
   0.24219278207948669E-007   0.190498412E-006   0.000000000E+000
   0.24250091539002039E-007   0.498332327E-007   0.000000000E+000
   0.24280904870055409E-007  -0.148697907E-007   0.000000000E+000
   0.24311718201108778E-007   0.137783530E-006   0.000000000E+000
   0.24342531532162148E-007   0.909087845E-007   0.000000000E+000
   0.24373344863215518E-007  -0.275752768E-006   0.000000000E+000
   0.24404158194268888E-007  -0.351091046E-006   0.000000000E+000
   0.24434971525322258E-007   0.139140241E-006   0.000000000E+000
   0.24465784856375627E-007   0.487645138E-006   0.000000000E+000
   0.24496598187428997E-007   0.157976388E-006   0.000000000E+000
   0.24527411518482367E-007  -0.326479778E-006   0.000000000E+000
   0.24558224849535737E-007  -0.310956892E-006   0.000000000E+000
   0.24589038180589107E-007   0.308622532E-007   0.000000000E+000
   0.24619851511642477E-007   0.191905272E-006   0.000000000E+000
   0.24650664842695846E-007   0.100214685E-006   0.000000000E+000
   0.24681478173749216E-007   0.110741212E-007   0.000000000E+000
   0.24712291504802586E-007   0.236782682E-007   0.000000000E+000
   0.24743104835855956E-007  -0.233940654E-007   0.000000000E+000
   0.24773918166909326E-007  -0.191826970E-006   0.000000000E+000
   0.24804731497962695E-007  -0.191181741E-006   0.000000000E+000
   0.24835544829016065E-007   0.153532270E-006   0.000000000E+000
   0.24866358160069435E-007   0.395666177E-006   0.000000000E+000
   0.24897171491122805E-007   0.889031639E-007   0.000000000E+000
   0.24927984822176175E-007  -0.358289299E-006   0.000000000E+000
   0.24958798153229544E-007  -0.286877707E-006   0.000000000E+000
   0.24989611484282914E-007   0.122409432E-006   0.000000000E+000
   0.25020424815336284E-007   0.244765346E-006   0.000000000E+000
   0.25051238146389654E-007   0.532176045E-007   0.000000000E+000
   0.25082051477443024E-007  -0.496097528E-007   0.000000000E+000
   0.25112864808496393E-007  -0.294533820E-008   0.000000000E+000
   0.25143678139549763E-007  -0.339509683E-007   0.000000000E+000
   0.25174491470603133E-007  -0.148584974E-006   0.000000000E+000
   0.25205304801656503E-007  -0.113076965E-006   0.000000000E+000
   0.25236118132709873E-007   0.146284378E-006   0.000000000E+000
   0.25266931463763243E-007   0.320165640E-006   0.000000000E+000
   0.25297744794816612E-007   0.790768411E-007   0.000000000E+000
   0.25328558125869982E-007  -0.331602990E-006   0.000000000E+000
   0.25359371456923352E-007  -0.316363895E-006   0.000000000E+000
   0.25390184787976722E-007   0.120451944E-006   0.000000000E+000
   0.25420998119030092E-007   0.329653631E-006   0.000000000E+000
   0.25451811450083461E-007   0.829468263E-007   0.000000000E+000
   0.25482624781136831E-007  -0.141448410E-006   0.000000000E+000
   0.25513438112190201E-007  -0.746773310E-007   0.000000000E+000
   0.25544251443243571E-007   0.641449560E-009   0.000000000E+000
   0.25575064774296941E-007  -0.731653742E-007   0.000000000E+000
   0.25605878105350310E-007  -0.696939324E-007   0.000000000E+000
   0.25636691436403680E-007   0.115228950E-006   0.000000000E+000
   0.25667504767457050E-007   0.232697744E-006   0.000000000E+000
   0.25698318098510420E-007   0.563483837E-007   0.000000000E+000
   0.25729131429563790E-007  -0.249816594E-006   0.000000000E+000
   0.25759944760617159E-007  -0.276582284E-006   0.000000000E+000
   0.25790758091670529E-007   0.629241868E-007   0.000000000E+000
   0.25821571422723899E-007   0.317825140E-006   0.000000000E+000
   0.25852384753777269E-007   0.140444968E-006   0.000000000E+000
   0.25883198084830639E-007  -0.162376551E-006   0.000000000E+000
   0.25914011415884008E-007  -0.161957587E-006   0.000000000E+000
   0.25944824746937378E-007   0.102846087E-007   0.000000000E+000
   0.25975638077990748E-007   0.300814271E-007   0.000000000E+000
   0.26006451409044118E-007  -0.224325234E-007   0.000000000E+000
   0.26037264740097488E-007   0.563738851E-007   0.000000000E+000
   0.26068078071150858E-007   0.138605117E-006   0.000000000E+000
   0.26098891402204227E-007   0.230774759E-007   0.000000000E+000
   0.26129704733257597E-007  -0.170944162E-006   0.000000000E+000
   0.26160518064310967E-007  -0.173338989E-006   0.000000000E+000
   0.26191331395364337E-007   0.443268533E-007   0.000000000E+000
   0.26222144726417707E-007   0.217787644E-006   0.000000000E+000
   0.26252958057471076E-007   0.123606753E-006   0.000000000E+000
   0.26283771388524446E-007  -0.109232971E-006   0.000000000E+000
   0.26314584719577816E-007  -0.169632585E-006   0.000000000E+000
   0.26345398050631186E-007  -0.241568756E-007   0.000000000E+000
   0.26376211381684556E-007   0.759143859E-007   0.000000000E+000
   0.26407024712737925E-007   0.415773691E-007   0.000000000E+000
   0.26437838043791295E-007   0.253742893E-007   0.000000000E+000
   0.26468651374844665E-007   0.540641025E-007   0.000000000E+000
   0.26499464705898035E-007  -0.961939151E-008   0.000000000E+000
   0.26530278036951405E-007  -0.129243915E-006   0.000000000E+000
   0.26561091368004774E-007  -0.100338141E-006   0.000000000E+000
   0.26591904699058144E-007   0.816423977E-007   0.000000000E+000
   0.26622718030111514E-007   0.173000927E-006   0.000000000E+000
   0.26653531361164884E-007   0.484192952E-007   0.000000000E+000
   0.26684344692218254E-007  -0.119927051E-006   0.000000000E+000
   0.26715158023271623E-007  -0.125963467E-006   0.000000000E+000
   0.26745971354324993E-007  -0.274692979E-008   0.000000000E+000
   0.26776784685378363E-007   0.788286698E-007   0.000000000E+000
   0.26807598016431733E-007   0.637609929E-007   0.000000000E+000
   0.26838411347485103E-007   0.237811975E-007   0.000000000E+000
   0.26869224678538473E-007  -0.600947914E-008   0.000000000E+000
   0.26900038009591842E-007  -0.494959806E-007   0.000000000E+000
   0.26930851340645212E-007  -0.836363512E-007   0.000000000E+000
   0.26961664671698582E-007  -0.385486487E-007   0.000000000E+000
   0.26992478002751952E-007   0.794171484E-007   0.000000000E+000
   0.27023291333805322E-007   0.138958399E-006   0.000000000E+000
   0.27054104664858691E-007   0.337686998E-007   0.000000000E+000
   0.27084917995912061E-007  -0.129754270E-006   0.000000000E+000
   0.27115731326965431E-007  -0.135303438E-006   0.000000000E+000
   0.27146544658018801E-007   0.196039593E-007   0.000000000E+000
   0.27177357989072171E-007   0.114536221E-006   0.000000000E+000
   0.27208171320125540E-007   0.632401793E-007   0.000000000E+000
   0.27238984651178910E-007  -0.293220381E-008   0.000000000E+000
   0.27269797982232280E-007  -0.253350478E-007   0.000000000E+000
   0.27300611313285650E-007  -0.616958999E-007   0.000000000E+000
   0.27331424644339020E-007  -0.728426812E-007   0.000000000E+000
   0.27362237975392389E-007   0.889632190E-008   0.000000000E+000
   0.27393051306445759E-007   0.954273887E-007   0.000000000E+000
   0.27423864637499129E-007   0.810582392E-007   0.000000000E+000
   0.27454677968552499E-007   0.503334263E-009   0.000000000E+000
   0.27485491299605869E-007  -0.784255363E-007   0.000000000E+000
   0.27516304630659238E-007  -0.107470562E-006   0.000000000E+000
   0.27547117961712608E-007  -0.267850240E-007   0.000000000E+000
   0.27577931292765978E-007   0.104771750E-006   0.000000000E+000
   0.27608744623819348E-007   0.113783649E-006   0.000000000E+000
   0.27639557954872718E-007  -0.417680468E-008   0.000000000E+000
   0.27670371285926088E-007  -0.787356527E-007   0.000000000E+000
   0.27701184616979457E-007  -0.671075640E-007   0.000000000E+000
   0.27731997948032827E-007  -0.361154697E-007   0.000000000E+000
   0.27762811279086197E-007   0.305513019E-007   0.000000000E+000
   0.27793624610139567E-007   0.103030132E-006   0.000000000E+000
   0.27824437941192937E-007   0.541719665E-007   0.000000000E+000
   0.27855251272246306E-007  -0.640865210E-007   0.000000000E+000
   0.27886064603299676E-007  -0.698075624E-007   0.000000000E+000
   0.27916877934353046E-007  -0.395088762E-008   0.000000000E+000
   0.27947691265406416E-007  -0.621735730E-008   0.000000000E+000
   0.27978504596459786E-007  -0.928869426E-009   0.000000000E+000
   0.28009317927513155E-007   0.800188644E-007   0.000000000E+000
   0.28040131258566525E-007   0.788977417E-007   0.000000000E+000
   0.28070944589619895E-007  -0.577593937E-007   0.000000000E+000
   0.28101757920673265E-007  -0.129578382E-006   0.000000000E+000
   0.28132571251726635E-007  -0.401398950E-007   0.000000000E+000
   0.28163384582780004E-007   0.805918035E-007   0.000000000E+000
   0.28194197913833374E-007   0.113232417E-006   0.000000000E+000
   0.28225011244886744E-007   0.307157180E-007   0.000000000E+000
   0.28255824575940114E-007  -0.998110821E-007   0.000000000E+000
   0.28286637906993484E-007  -0.104388917E-006   0.000000000E+000
   0.28317451238046853E-007   0.437176624E-007   0.000000000E+000
   0.28348264569100223E-007   0.978329737E-007   0.000000000E+000
   0.28379077900153593E-007  -0.264703814E-007   0.000000000E+000
   0.28409891231206963E-007  -0.627042311E-007   0.000000000E+000
   0.28440704562260333E-007   0.672119143E-007   0.000000000E+000
   0.28471517893313703E-007   0.748334017E-007   0.000000000E+000
   0.28502331224367072E-007  -0.995070266E-007   0.000000000E+000
   0.28533144555420442E-007  -0.137799333E-006   0.000000000E+000
   0.28563957886473812E-007   0.556927944E-007   0.000000000E+000
   0.28594771217527182E-007   0.182796683E-006   0.000000000E+000
   0.28625584548580552E-007   0.554061046E-007   0.000000000E+000
   0.28656397879633921E-007  -0.148150676E-006   0.000000000E+000
   0.28687211210687291E-007  -0.155426463E-006   0.000000000E+000
   0.28718024541740661E-007   0.522162651E-007   0.000000000E+000
   0.28748837872794031E-007   0.184857726E-006   0.000000000E+000
   0.28779651203847401E-007   0.318897833E-007   0.000000000E+000
   0.28810464534900770E-007  -0.159631483E-006   0.000000000E+000
   0.28841277865954140E-007  -0.569346525E-007   0.000000000E+000
   0.28872091197007510E-007   0.143797280E-006   0.000000000E+000
   0.28902904528060880E-007   0.529544266E-007   0.000000000E+000
   0.28933717859114250E-007  -0.164265003E-006   0.000000000E+000
   0.28964531190167619E-007  -0.816097980E-007   0.000000000E+000
   0.28995344521220989E-007   0.179030266E-006   0.000000000E+000
   0.29026157852274359E-007   0.159006532E-006   0.000000000E+000
   0.29056971183327729E-007  -0.126074980E-006   0.000000000E+000
   0.29087784514381099E-007  -0.228869993E-006   0.000000000E+000
   0.29118597845434468E-007   0.417927026E-008   0.000000000E+000
   0.29149411176487838E-007   0.227698180E-006   0.000000000E+000
   0.29180224507541208E-007   0.120737269E-006   0.000000000E+000
   0.29211037838594578E-007  -0.154684784E-006   0.000000000E+000
   0.29241851169647948E-007  -0.182234501E-006   0.000000000E+000
   0.29272664500701318E-007   0.732717211E-007   0.000000000E+000
   0.29303477831754687E-007   0.184634771E-006   0.000000000E+000
   0.29334291162808057E-007  -0.325565708E-007   0.000000000E+000
   0.29365104493861427E-007  -0.183635436E-006   0.000000000E+000
   0.29395917824914797E-007   0.152020618E-007   0.000000000E+000
   0.29426731155968167E-007   0.213122362E-006   0.000000000E+000
   0.29457544487021536E-007   0.368805360E-007   0.000000000E+000
   0.29488357818074906E-007  -0.236930745E-006   0.000000000E+000
   0.29519171149128276E-007  -0.139575988E-006   0.000000000E+000
   0.29549984480181646E-007   0.196940832E-006   0.000000000E+000
   0.29580797811235016E-007   0.241909902E-006   0.000000000E+000
   0.29611611142288385E-007  -0.841218935E-007   0.000000000E+000
   0.29642424473341755E-007  -0.276310601E-006   0.000000000E+000
   0.29673237804395125E-007  -0.407952143E-007   0.000000000E+000
   0.29704051135448495E-007   0.236525665E-006   0.000000000E+000
   0.29734864466501865E-007   0.116472634E-006   0.000000000E+000
   0.29765677797555234E-007  -0.174878878E-006   0.000000000E+000
   0.29796491128608604E-007  -0.140364833E-006   0.000000000E+000
   0.29827304459661974E-007   0.139821523E-006   0.000000000E+000
   0.29858117790715344E-007   0.162759676E-006   0.000000000E+000
   0.29888931121768714E-007  -0.117554293E-006   0.000000000E+000
   0.29919744452822084E-007  -0.212761719E-006   0.000000000E+000
   0.29950557783875453E-007   0.599718959E-007   0.000000000E+000
   0.29981371114928823E-007   0.260753637E-006   0.000000000E+000
   0.30012184445982193E-007   0.504417983E-007   0.000000000E+000
   0.30042997777035563E-007  -0.249519218E-006   0.000000000E+000
   0.30073811108088933E-007  -0.167013553E-006   0.000000000E+000
   0.30104624439142302E-007   0.166471210E-006   0.000000000E+000
   0.30135437770195672E-007   0.228649014E-006   0.000000000E+000
   0.30166251101249042E-007  -0.577661012E-007   0.000000000E+000
   0.30197064432302412E-007  -0.220338748E-006   0.000000000E+000
   0.30227877763355782E-007  -0.184951148E-007   0.000000000E+000
   0.30258691094409151E-007   0.186088144E-006   0.000000000E+000
   0.30289504425462521E-007   0.556798199E-007   0.000000000E+000
   0.30320317756515891E-007  -0.169699263E-006   0.000000000E+000
   0.30351131087569261E-007  -0.931238873E-007   0.000000000E+000
   0.30381944418622631E-007   0.166107284E-006   0.000000000E+000
   0.30412757749676000E-007   0.161723719E-006   0.000000000E+000
   0.30443571080729370E-007  -0.129748102E-006   0.000000000E+000
   0.30474384411782740E-007  -0.236320318E-006   0.000000000E+000
   0.30505197742836110E-007   0.384337966E-007   0.000000000E+000
   0.30536011073889480E-007   0.261976879E-006   0.000000000E+000
   0.30566824404942849E-007   0.739060084E-007   0.000000000E+000
   0.30597637735996219E-007  -0.213592912E-006   0.000000000E+000
   0.30628451067049589E-007  -0.145808755E-006   0.000000000E+000
   0.30659264398102959E-007   0.128788074E-006   0.000000000E+000
   0.30690077729156329E-007   0.156079409E-006   0.000000000E+000
   0.30720891060209699E-007  -0.637862883E-007   0.000000000E+000
   0.30751704391263068E-007  -0.140722591E-006   0.000000000E+000
   0.30782517722316438E-007   0.336665948E-007   0.000000000E+000
   0.30813331053369808E-007   0.147641003E-006   0.000000000E+000
   0.30844144384423178E-007   0.118546950E-008   0.000000000E+000
   0.30874957715476548E-007  -0.173489852E-006   0.000000000E+000
   0.30905771046529917E-007  -0.759151106E-007   0.000000000E+000
   0.30936584377583287E-007   0.169059959E-006   0.000000000E+000
   0.30967397708636657E-007   0.170137852E-006   0.000000000E+000
   0.30998211039690027E-007  -0.100015072E-006   0.000000000E+000
   0.31029024370743397E-007  -0.221176748E-006   0.000000000E+000
   0.31059837701796766E-007  -0.242773979E-008   0.000000000E+000
   0.31090651032850136E-007   0.197437856E-006   0.000000000E+000
   0.31121464363903506E-007   0.741458024E-007   0.000000000E+000
   0.31152277694956876E-007  -0.134102947E-006   0.000000000E+000
   0.31183091026010246E-007  -0.887659226E-007   0.000000000E+000
   0.31213904357063615E-007   0.926853758E-007   0.000000000E+000
   0.31244717688116985E-007   0.866077556E-007   0.000000000E+000
   0.31275531019170355E-007  -0.850750723E-007   0.000000000E+000
   0.31306344350223725E-007  -0.116207133E-006   0.000000000E+000
   0.31337157681277095E-007   0.656718413E-007   0.000000000E+000
   0.31367971012330464E-007   0.169722000E-006   0.000000000E+000
   0.31398784343383834E-007   0.583074211E-008   0.000000000E+000
   0.31429597674437204E-007  -0.186829951E-006   0.000000000E+000
   0.31460411005490574E-007  -0.102492962E-006   0.000000000E+000
   0.31491224336543944E-007   0.132319173E-006   0.000000000E+000
   0.31522037667597314E-007   0.157705188E-006   0.000000000E+000
   0.31552850998650683E-007  -0.411004493E-007   0.000000000E+000
   0.31583664329704053E-007  -0.141206158E-006   0.000000000E+000
   0.31614477660757423E-007  -0.194997511E-007   0.000000000E+000
   0.31645290991810793E-007   0.954398089E-007   0.000000000E+000
   0.31676104322864163E-007   0.311098063E-007   0.000000000E+000
   0.31706917653917532E-007  -0.777196263E-007   0.000000000E+000
   0.31737730984970902E-007  -0.374204738E-007   0.000000000E+000
   0.31768544316024272E-007   0.913924225E-007   0.000000000E+000
   0.31799357647077642E-007   0.832505265E-007   0.000000000E+000
   0.31830170978131012E-007  -0.838437728E-007   0.000000000E+000
   0.31860984309184381E-007  -0.149270406E-006   0.000000000E+000
   0.31891797640237751E-007   0.214190692E-007   0.000000000E+000
   0.31922610971291121E-007   0.175006875E-006   0.000000000E+000
   0.31953424302344491E-007   0.644975273E-007   0.000000000E+000
   0.31984237633397861E-007  -0.131006118E-006   0.000000000E+000
   0.32015050964451230E-007  -0.109640581E-006   0.000000000E+000
   0.32045864295504600E-007   0.573532901E-007   0.000000000E+000
   0.32076677626557970E-007   0.944021963E-007   0.000000000E+000
   0.32107490957611340E-007  -0.125445752E-007   0.000000000E+000
   0.32138304288664710E-007  -0.604140666E-007   0.000000000E+000
   0.32169117619718079E-007   0.787675702E-008   0.000000000E+000
   0.32199930950771449E-007   0.575182959E-007   0.000000000E+000
   0.32230744281824819E-007   0.101463726E-008   0.000000000E+000
   0.32261557612878189E-007  -0.798841597E-007   0.000000000E+000
   0.32292370943931559E-007  -0.488525025E-007   0.000000000E+000
   0.32323184274984929E-007   0.794866253E-007   0.000000000E+000
   0.32353997606038298E-007   0.114816800E-006   0.000000000E+000
   0.32384810937091668E-007  -0.276038179E-007   0.000000000E+000
   0.32415624268145038E-007  -0.142987687E-006   0.000000000E+000
   0.32446437599198408E-007  -0.438573764E-007   0.000000000E+000
   0.32477250930251778E-007   0.111228950E-006   0.000000000E+000
   0.32508064261305147E-007   0.805260640E-007   0.000000000E+000
   0.32538877592358517E-007  -0.543830936E-007   0.000000000E+000
   0.32569690923411887E-007  -0.655235013E-007   0.000000000E+000
   0.32600504254465257E-007   0.244945326E-007   0.000000000E+000
   0.32631317585518627E-007   0.381718905E-007   0.000000000E+000
   0.32662130916571996E-007  -0.281028676E-007   0.000000000E+000
   0.32692944247625366E-007  -0.406173726E-007   0.000000000E+000
   0.32723757578678736E-007   0.261731188E-007   0.000000000E+000
   0.32754570909732106E-007   0.688795154E-007   0.000000000E+000
   0.32785384240785476E-007   0.157049058E-007   0.000000000E+000
   0.32816197571838845E-007  -0.763291297E-007   0.000000000E+000
   0.32847010902892215E-007  -0.777854439E-007   0.000000000E+000
   0.32877824233945585E-007   0.358238168E-007   0.000000000E+000
   0.32908637564998955E-007   0.109183311E-006   0.000000000E+000
   0.32939450896052325E-007   0.266797642E-007   0.000000000E+000
   0.32970264227105694E-007  -0.848072190E-007   0.000000000E+000
   0.33001077558159064E-007  -0.574898493E-007   0.000000000E+000
   0.33031890889212434E-007   0.383534839E-007   0.000000000E+000
   0.33062704220265804E-007   0.408753706E-007   0.000000000E+000
   0.33093517551319174E-007  -0.193083949E-007   0.000000000E+000
   0.33124330882372544E-007  -0.140805714E-007   0.000000000E+000
   0.33155144213425913E-007   0.361561376E-007   0.000000000E+000
   0.33185957544479283E-007   0.229511663E-007   0.000000000E+000
   0.33216770875532653E-007  -0.448973800E-007   0.000000000E+000
   0.33247584206586023E-007  -0.606913702E-007   0.000000000E+000
   0.33278397537639393E-007   0.969128422E-008   0.000000000E+000
   0.33309210868692762E-007   0.780257992E-007   0.000000000E+000
   0.33340024199746132E-007   0.508082785E-007   0.000000000E+000
   0.33370837530799502E-007  -0.424726956E-007   0.000000000E+000
   0.33401650861852872E-007  -0.794723718E-007   0.000000000E+000
   0.33432464192906242E-007  -0.151774699E-007   0.000000000E+000
   0.33463277523959611E-007   0.534201163E-007   0.000000000E+000
   0.33494090855012981E-007   0.394404083E-007   0.000000000E+000
   0.33524904186066351E-007  -0.106451665E-007   0.000000000E+000
   0.33555717517119721E-007  -0.158263731E-007   0.000000000E+000
   0.33586530848173091E-007   0.622596730E-008   0.000000000E+000
   0.33617344179226460E-007  -0.796927058E-008   0.000000000E+000
   0.33648157510279830E-007  -0.395258510E-007   0.000000000E+000
   0.33678970841333200E-007  -0.127798216E-007   0.000000000E+000
   0.33709784172386570E-007   0.587237565E-007   0.000000000E+000
   0.33740597503439940E-007   0.632245118E-007   0.000000000E+000
   0.33771410834493309E-007  -0.261339963E-007   0.000000000E+000
   0.33802224165546679E-007  -0.827378841E-007   0.000000000E+000
   0.33833037496600049E-007  -0.271030132E-007   0.000000000E+000
   0.33863850827653419E-007   0.458163854E-007   0.000000000E+000
   0.33894664158706789E-007   0.421185504E-007   0.000000000E+000
   0.33925477489760159E-007   0.701455249E-008   0.000000000E+000
   0.33956290820813528E-007  -0.500316055E-008   0.000000000E+000
   0.33987104151866898E-007  -0.173577153E-007   0.000000000E+000
   0.34017917482920268E-007  -0.312451895E-007   0.000000000E+000
   0.34048730813973638E-007  -0.130833087E-007   0.000000000E+000
   0.34079544145027008E-007   0.179869133E-007   0.000000000E+000
   0.34110357476080377E-007   0.294181994E-007   0.000000000E+000
   0.34141170807133747E-007   0.296357676E-007   0.000000000E+000
   0.34171984138187117E-007   0.596501337E-008   0.000000000E+000
   0.34202797469240487E-007  -0.501495947E-007   0.000000000E+000
   0.34233610800293857E-007  -0.590893556E-007   0.000000000E+000
   0.34264424131347226E-007   0.198865671E-007   0.000000000E+000
   0.34295237462400596E-007   0.706377676E-007   0.000000000E+000
   0.34326050793453966E-007   0.195149710E-007   0.000000000E+000
   0.34356864124507336E-007  -0.296757037E-007   0.000000000E+000
   0.34387677455560706E-007  -0.139318530E-007   0.000000000E+000
   0.34418490786614075E-007  -0.102202087E-007   0.000000000E+000
   0.34449304117667445E-007  -0.287812352E-007   0.000000000E+000
   0.34480117448720815E-007   0.412467394E-008   0.000000000E+000
   0.34510930779774185E-007   0.523499111E-007   0.000000000E+000
   0.34541744110827555E-007   0.306102095E-007   0.000000000E+000
   0.34572557441880925E-007  -0.223266383E-007   0.000000000E+000
   0.34603370772934294E-007  -0.372469557E-007   0.000000000E+000
   0.34634184103987664E-007  -0.272416898E-007   0.000000000E+000
   0.34664997435041034E-007  -0.118934373E-008   0.000000000E+000
   0.34695810766094404E-007   0.423042366E-007   0.000000000E+000
   0.34726624097147774E-007   0.428319993E-007   0.000000000E+000
   0.34757437428201143E-007  -0.145966652E-007   0.000000000E+000
   0.34788250759254513E-007  -0.386092296E-007   0.000000000E+000
   0.34819064090307883E-007  -0.801504996E-008   0.000000000E+000
   0.34849877421361253E-007  -0.193023197E-008   0.000000000E+000
   0.34880690752414623E-007  -0.101286250E-007   0.000000000E+000
   0.34911504083467992E-007   0.280425301E-007   0.000000000E+000
   0.34942317414521362E-007   0.491150836E-007   0.000000000E+000
   0.34973130745574732E-007  -0.104140589E-007   0.000000000E+000
   0.35003944076628102E-007  -0.575070978E-007   0.000000000E+000
   0.35034757407681472E-007  -0.207744861E-007   0.000000000E+000
   0.35065570738734841E-007   0.222509158E-007   0.000000000E+000
   0.35096384069788211E-007   0.213314344E-007   0.000000000E+000
   0.35127197400841581E-007   0.189874942E-007   0.000000000E+000
   0.35158010731894951E-007   0.123155903E-007   0.000000000E+000
   0.35188824062948321E-007  -0.235892994E-007   0.000000000E+000
   0.35219637394001690E-007  -0.370625202E-007   0.000000000E+000
   0.35250450725055060E-007  -0.562007330E-009   0.000000000E+000
   0.35281264056108430E-007   0.230644677E-007   0.000000000E+000
   0.35312077387161800E-007   0.127156401E-007   0.000000000E+000
   0.35342890718215170E-007   0.125905935E-007   0.000000000E+000
   0.35373704049268540E-007   0.997523397E-008   0.000000000E+000
   0.35404517380321909E-007  -0.258525716E-007   0.000000000E+000
   0.35435330711375279E-007  -0.406284499E-007   0.000000000E+000
   0.35466144042428649E-007   0.539206013E-008   0.000000000E+000
   0.35496957373482019E-007   0.428545519E-007   0.000000000E+000
   0.35527770704535389E-007   0.192930791E-007   0.000000000E+000
   0.35558584035588758E-007  -0.138647778E-007   0.000000000E+000
   0.35589397366642128E-007  -0.139914675E-007   0.000000000E+000
   0.35620210697695498E-007  -0.945697032E-008   0.000000000E+000
   0.35651024028748868E-007  -0.133554536E-007   0.000000000E+000
   0.35681837359802238E-007   0.172648207E-008   0.000000000E+000
   0.35712650690855607E-007   0.287855162E-007   0.000000000E+000
   0.35743464021908977E-007   0.243558436E-007   0.000000000E+000
   0.35774277352962347E-007  -0.126666375E-007   0.000000000E+000
   0.35805090684015717E-007  -0.327360254E-007   0.000000000E+000
   0.35835904015069087E-007  -0.128962032E-007   0.000000000E+000
   0.35866717346122456E-007   0.139290623E-007   0.000000000E+000
   0.35897530677175826E-007   0.178141555E-007   0.000000000E+000
   0.35928344008229196E-007   0.896948915E-008   0.000000000E+000
   0.35959157339282566E-007   0.163013736E-008   0.000000000E+000
   0.35989970670335936E-007  -0.814062240E-008   0.000000000E+000
   0.36020784001389305E-007  -0.163512404E-007   0.000000000E+000
   0.36051597332442675E-007  -0.101442588E-007   0.000000000E+000
   0.36082410663496045E-007   0.624301677E-008   0.000000000E+000
   0.36113223994549415E-007   0.189513898E-007   0.000000000E+000
   0.36144037325602785E-007   0.188591045E-007   0.000000000E+000
   0.36174850656656155E-007  -0.215499263E-008   0.000000000E+000
   0.36205663987709524E-007  -0.295906482E-007   0.000000000E+000
   0.36236477318762894E-007  -0.224659438E-007   0.000000000E+000
   0.36267290649816264E-007   0.172906844E-007   0.000000000E+000
   0.36298103980869634E-007   0.298735259E-007   0.000000000E+000
   0.36328917311923004E-007   0.605359318E-009   0.000000000E+000
   0.36359730642976373E-007  -0.152930824E-007   0.000000000E+000
   0.36390543974029743E-007  -0.161895297E-008   0.000000000E+000
   0.36421357305083113E-007   0.995389993E-009   0.000000000E+000
   0.36452170636136483E-007  -0.101982085E-007   0.000000000E+000
   0.36482983967189853E-007  -0.362420094E-008   0.000000000E+000
   0.36513797298243222E-007   0.140212997E-007   0.000000000E+000
   0.36544610629296592E-007   0.171594312E-007   0.000000000E+000
   0.36575423960349962E-007   0.336298900E-008   0.000000000E+000
   0.36606237291403332E-007  -0.196085743E-007   0.000000000E+000
   0.36637050622456702E-007  -0.280540497E-007   0.000000000E+000
   0.36667863953510071E-007   0.493471575E-008   0.000000000E+000
   0.36698677284563441E-007   0.397026767E-007   0.000000000E+000
   0.36729490615616811E-007   0.126510145E-007   0.000000000E+000
   0.36760303946670181E-007  -0.328206511E-007   0.000000000E+000
   0.36791117277723551E-007  -0.142709613E-007   0.000000000E+000
   0.36821930608776920E-007   0.238213271E-007   0.000000000E+000
   0.36852743939830290E-007   0.244354403E-008   0.000000000E+000
   0.36883557270883660E-007  -0.251082533E-007   0.000000000E+000
   0.36914370601937030E-007   0.668507383E-008   0.000000000E+000
   0.36945183932990400E-007   0.323794964E-007   0.000000000E+000
   0.36975997264043770E-007  -0.155107571E-008   0.000000000E+000
   0.37006810595097139E-007  -0.289442088E-007   0.000000000E+000
   0.37037623926150509E-007  -0.869795258E-008   0.000000000E+000
   0.37068437257203879E-007   0.110560077E-007   0.000000000E+000
   0.37099250588257249E-007   0.107091331E-007   0.000000000E+000
   0.37130063919310619E-007   0.101185060E-007   0.000000000E+000
   0.37160877250363988E-007  -0.166373404E-008   0.000000000E+000
   0.37191690581417358E-007  -0.197850962E-007   0.000000000E+000
   0.37222503912470728E-007  -0.550820634E-008   0.000000000E+000
   0.37253317243524098E-007   0.195473007E-007   0.000000000E+000
   0.37284130574577468E-007   0.278320123E-008   0.000000000E+000
   0.37314943905630837E-007  -0.195522478E-007   0.000000000E+000
   0.37345757236684207E-007   0.606139494E-008   0.000000000E+000
   0.37376570567737577E-007   0.267130247E-007   0.000000000E+000
   0.37407383898790947E-007  -0.881933815E-008   0.000000000E+000
   0.37438197229844317E-007  -0.338344073E-007   0.000000000E+000
   0.37469010560897686E-007   0.358837227E-008   0.000000000E+000
   0.37499823891951056E-007   0.338434205E-007   0.000000000E+000
   0.37530637223004426E-007   0.372934039E-008   0.000000000E+000
   0.37561450554057796E-007  -0.264227360E-007   0.000000000E+000
   0.37592263885111166E-007  -0.596140026E-008   0.000000000E+000
   0.37623077216164535E-007   0.198771826E-007   0.000000000E+000
   0.37653890547217905E-007   0.614398399E-008   0.000000000E+000
   0.37684703878271275E-007  -0.165648899E-007   0.000000000E+000
   0.37715517209324645E-007  -0.784759546E-008   0.000000000E+000
   0.37746330540378015E-007   0.148208779E-007   0.000000000E+000
   0.37777143871431385E-007   0.126052679E-007   0.000000000E+000
   0.37807957202484754E-007  -0.101561266E-007   0.000000000E+000
   0.37838770533538124E-007  -0.156664335E-007   0.000000000E+000
   0.37869583864591494E-007   0.482389950E-008   0.000000000E+000
   0.37900397195644864E-007   0.170242966E-007   0.000000000E+000
   0.37931210526698234E-007   0.782520715E-009   0.000000000E+000
   0.37962023857751603E-007  -0.168431011E-007   0.000000000E+000
   0.37992837188804973E-007  -0.672984068E-008   0.000000000E+000
   0.38023650519858343E-007   0.156962301E-007   0.000000000E+000
   0.38054463850911713E-007   0.152569637E-007   0.000000000E+000
   0.38085277181965083E-007  -0.940629974E-008   0.000000000E+000
   0.38116090513018452E-007  -0.218900986E-007   0.000000000E+000
   0.38146903844071822E-007  -0.379218434E-009   0.000000000E+000
   0.38177717175125192E-007   0.238833469E-007   0.000000000E+000
   0.38208530506178562E-007   0.925156218E-008   0.000000000E+000
   0.38239343837231932E-007  -0.223621370E-007   0.000000000E+000
   0.38270157168285301E-007  -0.127089503E-007   0.000000000E+000
   0.38300970499338671E-007   0.250044447E-007   0.000000000E+000
   0.38331783830392041E-007   0.167579444E-007   0.000000000E+000
   0.38362597161445411E-007  -0.312354089E-007   0.000000000E+000
   0.38393410492498781E-007  -0.268633951E-007   0.000000000E+000
   0.38424223823552150E-007   0.336561143E-007   0.000000000E+000
   0.38455037154605520E-007   0.412662189E-007   0.000000000E+000
   0.38485850485658890E-007  -0.239772504E-007   0.000000000E+000
   0.38516663816712260E-007  -0.468934758E-007   0.000000000E+000
   0.38547477147765630E-007   0.906026898E-008   0.000000000E+000
   0.38578290478819000E-007   0.388989250E-007   0.000000000E+000
   0.38609103809872369E-007  -0.501849229E-009   0.000000000E+000
   0.38639917140925739E-007  -0.251429562E-007   0.000000000E+000
   0.38670730471979109E-007   0.201406891E-008   0.000000000E+000
   0.38701543803032479E-007   0.195792218E-007   0.000000000E+000
   0.38732357134085849E-007   0.174331660E-010   0.000000000E+000
   0.38763170465139218E-007  -0.196424530E-007   0.000000000E+000
   0.38793983796192588E-007  -0.153018078E-007   0.000000000E+000
   0.38824797127245958E-007   0.114744019E-007   0.000000000E+000
   0.38855610458299328E-007   0.372214544E-007   0.000000000E+000
   0.38886423789352698E-007   0.134283127E-007   0.000000000E+000
   0.38917237120406067E-007  -0.460646348E-007   0.000000000E+000
   0.38948050451459437E-007  -0.407695389E-007   0.000000000E+000
   0.38978863782512807E-007   0.372879647E-007   0.000000000E+000
   0.39009677113566177E-007   0.524646708E-007   0.000000000E+000
   0.39040490444619547E-007  -0.248711629E-007   0.000000000E+000
   0.39071303775672916E-007  -0.464740388E-007   0.000000000E+000
   0.39102117106726286E-007   0.254972470E-007   0.000000000E+000
   0.39132930437779656E-007   0.421590940E-007   0.000000000E+000
   0.39163743768833026E-007  -0.321236726E-007   0.000000000E+000
   0.39194557099886396E-007  -0.506134370E-007   0.000000000E+000
   0.39225370430939765E-007   0.255515573E-007   0.000000000E+000
   0.39256183761993135E-007   0.615313454E-007   0.000000000E+000
   0.39286997093046505E-007   0.233974617E-008   0.000000000E+000
   0.39317810424099875E-007  -0.526889856E-007   0.000000000E+000
   0.39348623755153245E-007  -0.319535864E-007   0.000000000E+000
   0.39379437086206615E-007   0.235135822E-007   0.000000000E+000
   0.39410250417259984E-007   0.425071391E-007   0.000000000E+000
   0.39441063748313354E-007   0.561096769E-008   0.000000000E+000
   0.39471877079366724E-007  -0.342488420E-007   0.000000000E+000
   0.39502690410420094E-007  -0.151996922E-007   0.000000000E+000
   0.39533503741473464E-007   0.299877279E-007   0.000000000E+000
   0.39564317072526833E-007   0.145711283E-007   0.000000000E+000
   0.39595130403580203E-007  -0.400398648E-007   0.000000000E+000
   0.39625943734633573E-007  -0.247480951E-007   0.000000000E+000
   0.39656757065686943E-007   0.509318241E-007   0.000000000E+000
   0.39687570396740313E-007   0.524785939E-007   0.000000000E+000
   0.39718383727793682E-007  -0.394540969E-007   0.000000000E+000
   0.39749197058847052E-007  -0.757517213E-007   0.000000000E+000
   0.39780010389900422E-007   0.790014099E-008   0.000000000E+000
   0.39810823720953792E-007   0.745486588E-007   0.000000000E+000
   0.39841637052007162E-007   0.203501216E-007   0.000000000E+000
   0.39872450383060531E-007  -0.523344355E-007   0.000000000E+000
   0.39903263714113901E-007  -0.251739039E-007   0.000000000E+000
   0.39934077045167271E-007   0.349830813E-007   0.000000000E+000
   0.39964890376220641E-007   0.175431030E-007   0.000000000E+000
