t              AirBox.fdtd_Point probe C_Hz_75_50_13.dat       incid
   0.00000000000000000E+000   0.000000000E+000   0.000000000E+000
   0.30813331053369808E-010   0.000000000E+000   0.000000000E+000
   0.61626662106739616E-010   0.000000000E+000   0.000000000E+000
   0.92439993160109424E-010   0.000000000E+000   0.000000000E+000
   0.12325332421347923E-009   0.000000000E+000   0.000000000E+000
   0.15406665526684904E-009   0.000000000E+000   0.000000000E+000
   0.18487998632021885E-009   0.000000000E+000   0.000000000E+000
   0.21569331737358866E-009   0.000000000E+000   0.000000000E+000
   0.24650664842695846E-009   0.000000000E+000   0.000000000E+000
   0.27731997948032827E-009   0.000000000E+000   0.000000000E+000
   0.30813331053369808E-009   0.000000000E+000   0.000000000E+000
   0.33894664158706789E-009   0.000000000E+000   0.000000000E+000
   0.36975997264043770E-009   0.000000000E+000   0.000000000E+000
   0.40057330369380750E-009   0.000000000E+000   0.000000000E+000
   0.43138663474717731E-009   0.000000000E+000   0.000000000E+000
   0.46219996580054712E-009   0.000000000E+000   0.000000000E+000
   0.49301329685391693E-009   0.000000000E+000   0.000000000E+000
   0.52382662790728673E-009   0.000000000E+000   0.000000000E+000
   0.55463995896065654E-009   0.000000000E+000   0.000000000E+000
   0.58545329001402635E-009   0.000000000E+000   0.000000000E+000
   0.61626662106739616E-009   0.000000000E+000   0.000000000E+000
   0.64707995212076597E-009   0.000000000E+000   0.000000000E+000
   0.67789328317413577E-009   0.000000000E+000   0.000000000E+000
   0.70870661422750558E-009   0.000000000E+000   0.000000000E+000
   0.73951994528087539E-009   0.000000000E+000   0.000000000E+000
   0.77033327633424520E-009   0.000000000E+000   0.000000000E+000
   0.80114660738761501E-009   0.000000000E+000   0.000000000E+000
   0.83195993844098481E-009   0.000000000E+000   0.000000000E+000
   0.86277326949435462E-009   0.000000000E+000   0.000000000E+000
   0.89358660054772443E-009   0.000000000E+000   0.000000000E+000
   0.92439993160109424E-009   0.000000000E+000   0.000000000E+000
   0.95521326265446405E-009   0.000000000E+000   0.000000000E+000
   0.98602659370783385E-009   0.000000000E+000   0.000000000E+000
   0.10168399247612037E-008   0.000000000E+000   0.000000000E+000
   0.10476532558145735E-008   0.000000000E+000   0.000000000E+000
   0.10784665868679433E-008   0.000000000E+000   0.000000000E+000
   0.11092799179213131E-008   0.000000000E+000   0.000000000E+000
   0.11400932489746829E-008   0.000000000E+000   0.000000000E+000
   0.11709065800280527E-008   0.000000000E+000   0.000000000E+000
   0.12017199110814225E-008   0.000000000E+000   0.000000000E+000
   0.12325332421347923E-008   0.000000000E+000   0.000000000E+000
   0.12633465731881621E-008   0.000000000E+000   0.000000000E+000
   0.12941599042415319E-008   0.000000000E+000   0.000000000E+000
   0.13249732352949017E-008   0.000000000E+000   0.000000000E+000
   0.13557865663482715E-008   0.000000000E+000   0.000000000E+000
   0.13865998974016414E-008   0.000000000E+000   0.000000000E+000
   0.14174132284550112E-008   0.000000000E+000   0.000000000E+000
   0.14482265595083810E-008   0.000000000E+000   0.000000000E+000
   0.14790398905617508E-008   0.000000000E+000   0.000000000E+000
   0.15098532216151206E-008   0.000000000E+000   0.000000000E+000
   0.15406665526684904E-008   0.000000000E+000   0.000000000E+000
   0.15714798837218602E-008   0.000000000E+000   0.000000000E+000
   0.16022932147752300E-008   0.000000000E+000   0.000000000E+000
   0.16331065458285998E-008   0.000000000E+000   0.000000000E+000
   0.16639198768819696E-008   0.000000000E+000   0.000000000E+000
   0.16947332079353394E-008   0.000000000E+000   0.000000000E+000
   0.17255465389887092E-008   0.000000000E+000   0.000000000E+000
   0.17563598700420791E-008   0.000000000E+000   0.000000000E+000
   0.17871732010954489E-008   0.000000000E+000   0.000000000E+000
   0.18179865321488187E-008   0.000000000E+000   0.000000000E+000
   0.18487998632021885E-008  -0.173827613E-037   0.000000000E+000
   0.18796131942555583E-008  -0.524862337E-037   0.000000000E+000
   0.19104265253089281E-008  -0.142157492E-036   0.000000000E+000
   0.19412398563622979E-008  -0.453133109E-036   0.000000000E+000
   0.19720531874156677E-008  -0.139797929E-035   0.000000000E+000
   0.20028665184690375E-008  -0.373698221E-035   0.000000000E+000
   0.20336798495224073E-008  -0.852245745E-035   0.000000000E+000
   0.20644931805757771E-008  -0.166825607E-034   0.000000000E+000
   0.20953065116291469E-008  -0.291858860E-034   0.000000000E+000
   0.21261198426825167E-008  -0.495624406E-034   0.000000000E+000
   0.21569331737358866E-008  -0.867043715E-034   0.000000000E+000
   0.21877465047892564E-008  -0.152703868E-033   0.000000000E+000
   0.22185598358426262E-008  -0.266528053E-033   0.000000000E+000
   0.22493731668959960E-008  -0.497624825E-033   0.000000000E+000
   0.22801864979493658E-008  -0.104262712E-032   0.000000000E+000
   0.23109998290027356E-008   0.814119957E-013   0.000000000E+000
   0.23418131600561054E-008   0.159900928E-012   0.000000000E+000
   0.23726264911094752E-008   0.140419753E-012   0.000000000E+000
   0.24034398221628450E-008   0.136547891E-012   0.000000000E+000
   0.24342531532162148E-008   0.380115752E-012   0.000000000E+000
   0.24650664842695846E-008   0.770840314E-012   0.000000000E+000
   0.24958798153229544E-008   0.110052484E-011   0.000000000E+000
   0.25266931463763243E-008   0.102028401E-011   0.000000000E+000
   0.25575064774296941E-008   0.552332702E-013   0.000000000E+000
   0.25883198084830639E-008  -0.178849307E-011   0.000000000E+000
   0.26191331395364337E-008  -0.506901118E-011   0.000000000E+000
   0.26499464705898035E-008  -0.105160169E-010   0.000000000E+000
   0.26807598016431733E-008  -0.180798154E-010   0.000000000E+000
   0.27115731326965431E-008  -0.288756258E-010   0.000000000E+000
   0.27423864637499129E-008  -0.478518336E-010   0.000000000E+000
   0.27731997948032827E-008  -0.825810947E-010   0.000000000E+000
   0.28040131258566525E-008  -0.142232670E-009   0.000000000E+000
   0.28348264569100223E-008  -0.239604669E-009   0.000000000E+000
   0.28656397879633921E-008  -0.394537875E-009   0.000000000E+000
   0.28964531190167619E-008  -0.632068009E-009   0.000000000E+000
   0.29272664500701318E-008  -0.986170257E-009   0.000000000E+000
   0.29580797811235016E-008  -0.151131008E-008   0.000000000E+000
   0.29888931121768714E-008  -0.228794583E-008   0.000000000E+000
   0.30197064432302412E-008  -0.342013617E-008   0.000000000E+000
   0.30505197742836110E-008  -0.503665465E-008   0.000000000E+000
   0.30813331053369808E-008  -0.728803062E-008   0.000000000E+000
   0.31121464363903506E-008  -0.103341495E-007   0.000000000E+000
   0.31429597674437204E-008  -0.143414356E-007   0.000000000E+000
   0.31737730984970902E-008  -0.194932994E-007   0.000000000E+000
   0.32045864295504600E-008  -0.259637041E-007   0.000000000E+000
   0.32353997606038298E-008  -0.338402231E-007   0.000000000E+000
   0.32662130916571996E-008  -0.430676153E-007   0.000000000E+000
   0.32970264227105694E-008  -0.534274065E-007   0.000000000E+000
   0.33278397537639393E-008  -0.644744418E-007   0.000000000E+000
   0.33586530848173091E-008  -0.754395444E-007   0.000000000E+000
   0.33894664158706789E-008  -0.852131379E-007   0.000000000E+000
   0.34202797469240487E-008  -0.923926748E-007   0.000000000E+000
   0.34510930779774185E-008  -0.952708703E-007   0.000000000E+000
   0.34819064090307883E-008  -0.918443277E-007   0.000000000E+000
   0.35127197400841581E-008  -0.800446784E-007   0.000000000E+000
   0.35435330711375279E-008  -0.581178838E-007   0.000000000E+000
   0.35743464021908977E-008  -0.249145877E-007   0.000000000E+000
   0.36051597332442675E-008   0.198714574E-007   0.000000000E+000
   0.36359730642976373E-008   0.753542722E-007   0.000000000E+000
   0.36667863953510071E-008   0.139123841E-006   0.000000000E+000
   0.36975997264043770E-008   0.207144893E-006   0.000000000E+000
   0.37284130574577468E-008   0.273842829E-006   0.000000000E+000
   0.37592263885111166E-008   0.332376857E-006   0.000000000E+000
   0.37900397195644864E-008   0.375320639E-006   0.000000000E+000
   0.38208530506178562E-008   0.395683628E-006   0.000000000E+000
   0.38516663816712260E-008   0.387851856E-006   0.000000000E+000
   0.38824797127245958E-008   0.348406076E-006   0.000000000E+000
   0.39132930437779656E-008   0.277087253E-006   0.000000000E+000
   0.39441063748313354E-008   0.177581768E-006   0.000000000E+000
   0.39749197058847052E-008   0.574248702E-007   0.000000000E+000
   0.40057330369380750E-008  -0.728789189E-007   0.000000000E+000
   0.40365463679914448E-008  -0.200875704E-006   0.000000000E+000
   0.40673596990448146E-008  -0.313402097E-006   0.000000000E+000
   0.40981730300981845E-008  -0.398492148E-006   0.000000000E+000
   0.41289863611515543E-008  -0.447435866E-006   0.000000000E+000
   0.41597996922049241E-008  -0.456009047E-006   0.000000000E+000
   0.41906130232582939E-008  -0.424837793E-006   0.000000000E+000
   0.42214263543116637E-008  -0.359387087E-006   0.000000000E+000
   0.42522396853650335E-008  -0.269387556E-006   0.000000000E+000
   0.42830530164184033E-008  -0.167302389E-006   0.000000000E+000
   0.43138663474717731E-008  -0.662313582E-007   0.000000000E+000
   0.43446796785251429E-008   0.220760654E-007   0.000000000E+000
   0.43754930095785127E-008   0.889249208E-007   0.000000000E+000
   0.44063063406318825E-008   0.129970672E-006   0.000000000E+000
   0.44371196716852523E-008   0.145644009E-006   0.000000000E+000
   0.44679330027386222E-008   0.140463740E-006   0.000000000E+000
   0.44987463337919920E-008   0.121499582E-006   0.000000000E+000
   0.45295596648453618E-008   0.963999867E-007   0.000000000E+000
   0.45603729958987316E-008   0.714821056E-007   0.000000000E+000
   0.45911863269521014E-008   0.505037150E-007   0.000000000E+000
   0.46219996580054712E-008   0.344473854E-007   0.000000000E+000
   0.46528129890588410E-008   0.222509158E-007   0.000000000E+000
   0.46836263201122108E-008   0.122637704E-007   0.000000000E+000
   0.47144396511655806E-008   0.381512066E-008   0.000000000E+000
   0.47452529822189504E-008  -0.218030571E-008   0.000000000E+000
   0.47760663132723202E-008  -0.406136813E-008   0.000000000E+000
   0.48068796443256900E-008  -0.949370360E-009   0.000000000E+000
   0.48376929753790598E-008   0.605825745E-008   0.000000000E+000
   0.48685063064324297E-008   0.136048914E-007   0.000000000E+000
   0.48993196374857995E-008   0.172467747E-007   0.000000000E+000
   0.49301329685391693E-008   0.140407170E-007   0.000000000E+000
   0.49609462995925391E-008   0.475983786E-008   0.000000000E+000
   0.49917596306459089E-008  -0.638481179E-008   0.000000000E+000
   0.50225729616992787E-008  -0.141635406E-007   0.000000000E+000
   0.50533862927526485E-008  -0.146462824E-007   0.000000000E+000
   0.50841996238060183E-008  -0.653385612E-008   0.000000000E+000
   0.51150129548593881E-008   0.771690445E-008   0.000000000E+000
   0.51458262859127579E-008   0.213646416E-007   0.000000000E+000
   0.51766396169661277E-008   0.256084807E-007   0.000000000E+000
   0.52074529480194975E-008   0.152338089E-007   0.000000000E+000
   0.52382662790728673E-008  -0.582328497E-008   0.000000000E+000
   0.52690796101262372E-008  -0.247785454E-007   0.000000000E+000
   0.52998929411796070E-008  -0.283837398E-007   0.000000000E+000
   0.53307062722329768E-008  -0.135871234E-007   0.000000000E+000
   0.53615196032863466E-008   0.958704849E-008   0.000000000E+000
   0.53923329343397164E-008   0.263936286E-007   0.000000000E+000
   0.54231462653930862E-008   0.285544299E-007   0.000000000E+000
   0.54539595964464560E-008   0.173736865E-007   0.000000000E+000
   0.54847729274998258E-008  -0.136412659E-008   0.000000000E+000
   0.55155862585531956E-008  -0.212967173E-007   0.000000000E+000
   0.55463995896065654E-008  -0.337534800E-007   0.000000000E+000
   0.55772129206599352E-008  -0.278432317E-007   0.000000000E+000
   0.56080262517133050E-008   0.181106685E-009   0.000000000E+000
   0.56388395827666749E-008   0.357411132E-007   0.000000000E+000
   0.56696529138200447E-008   0.505168778E-007   0.000000000E+000
   0.57004662448734145E-008   0.271245160E-007   0.000000000E+000
   0.57312795759267843E-008  -0.186521927E-007   0.000000000E+000
   0.57620929069801541E-008  -0.472599666E-007   0.000000000E+000
   0.57929062380335239E-008  -0.339773472E-007   0.000000000E+000
   0.58237195690868937E-008   0.449607640E-008   0.000000000E+000
   0.58545329001402635E-008   0.296076212E-007   0.000000000E+000
   0.58853462311936333E-008   0.256421853E-007   0.000000000E+000
   0.59161595622470031E-008   0.134470151E-007   0.000000000E+000
   0.59469728933003729E-008   0.154718816E-007   0.000000000E+000
   0.59777862243537427E-008   0.206772519E-007   0.000000000E+000
   0.60085995554071125E-008   0.438438619E-009   0.000000000E+000
   0.60394128864604824E-008  -0.428230820E-007   0.000000000E+000
   0.60702262175138522E-008  -0.620076790E-007   0.000000000E+000
   0.61010395485672220E-008  -0.159354840E-007   0.000000000E+000
   0.61318528796205918E-008   0.691071449E-007   0.000000000E+000
   0.61626662106739616E-008   0.107249328E-006   0.000000000E+000
   0.61934795417273314E-008   0.408116563E-007   0.000000000E+000
   0.62242928727807012E-008  -0.822028028E-007   0.000000000E+000
   0.62551062038340710E-008  -0.141815207E-006   0.000000000E+000
   0.62859195348874408E-008  -0.724709608E-007   0.000000000E+000
   0.63167328659408106E-008   0.585271849E-007   0.000000000E+000
   0.63475461969941804E-008   0.119228417E-006   0.000000000E+000
   0.63783595280475502E-008   0.533483657E-007   0.000000000E+000
   0.64091728591009200E-008  -0.660644091E-007   0.000000000E+000
   0.64399861901542899E-008  -0.119540104E-006   0.000000000E+000
   0.64707995212076597E-008  -0.612374436E-007   0.000000000E+000
   0.65016128522610295E-008   0.423224904E-007   0.000000000E+000
   0.65324261833143993E-008   0.828547684E-007   0.000000000E+000
   0.65632395143677691E-008   0.232597657E-007   0.000000000E+000
   0.65940528454211389E-008  -0.586034901E-007   0.000000000E+000
   0.66248661764745087E-008  -0.560076074E-007   0.000000000E+000
   0.66556795075278785E-008   0.350323930E-007   0.000000000E+000
   0.66864928385812483E-008   0.102404009E-006   0.000000000E+000
   0.67173061696346181E-008   0.529490762E-007   0.000000000E+000
   0.67481195006879879E-008  -0.691097171E-007   0.000000000E+000
   0.67789328317413577E-008  -0.126379391E-006   0.000000000E+000
   0.68097461627947276E-008  -0.395914839E-007   0.000000000E+000
   0.68405594938480974E-008   0.119208138E-006   0.000000000E+000
   0.68713728249014672E-008   0.183508519E-006   0.000000000E+000
   0.69021861559548370E-008   0.589767808E-007   0.000000000E+000
   0.69329994870082068E-008  -0.150230974E-006   0.000000000E+000
   0.69638128180615766E-008  -0.219815206E-006   0.000000000E+000
   0.69946261491149464E-008  -0.556406405E-007   0.000000000E+000
   0.70254394801683162E-008   0.173008729E-006   0.000000000E+000
   0.70562528112216860E-008   0.218216798E-006   0.000000000E+000
   0.70870661422750558E-008   0.423454622E-007   0.000000000E+000
   0.71178794733284256E-008  -0.155608049E-006   0.000000000E+000
   0.71486928043817954E-008  -0.183321816E-006   0.000000000E+000
   0.71795061354351652E-008  -0.436962182E-007   0.000000000E+000
   0.72103194664885351E-008   0.112783823E-006   0.000000000E+000
   0.72411327975419049E-008   0.149236769E-006   0.000000000E+000
   0.72719461285952747E-008   0.500970998E-007   0.000000000E+000
   0.73027594596486445E-008  -0.793932600E-007   0.000000000E+000
   0.73335727907020143E-008  -0.115058647E-006   0.000000000E+000
   0.73643861217553841E-008  -0.384828240E-007   0.000000000E+000
   0.73951994528087539E-008   0.537901457E-007   0.000000000E+000
   0.74260127838621237E-008   0.717741955E-007   0.000000000E+000
   0.74568261149154935E-008   0.219235794E-007   0.000000000E+000
   0.74876394459688633E-008  -0.323925811E-007   0.000000000E+000
   0.75184527770222331E-008  -0.452250219E-007   0.000000000E+000
   0.75492661080756029E-008  -0.918504739E-008   0.000000000E+000
   0.75800794391289728E-008   0.424777227E-007   0.000000000E+000
   0.76108927701823426E-008   0.459361829E-007   0.000000000E+000
   0.76417061012357124E-008  -0.229370372E-007   0.000000000E+000
   0.76725194322890822E-008  -0.865814584E-007   0.000000000E+000
   0.77033327633424520E-008  -0.445566108E-007   0.000000000E+000
   0.77341460943958218E-008   0.761900907E-007   0.000000000E+000
   0.77649594254491916E-008   0.127311466E-006   0.000000000E+000
   0.77957727565025614E-008   0.274714154E-007   0.000000000E+000
   0.78265860875559312E-008  -0.118517889E-006   0.000000000E+000
   0.78573994186093010E-008  -0.140629140E-006   0.000000000E+000
   0.78882127496626708E-008  -0.108155120E-007   0.000000000E+000
   0.79190260807160406E-008   0.126687539E-006   0.000000000E+000
   0.79498394117694104E-008   0.129875971E-006   0.000000000E+000
   0.79806527428227803E-008   0.130567841E-007   0.000000000E+000
   0.80114660738761501E-008  -0.961018500E-007   0.000000000E+000
   0.80422794049295199E-008  -0.109945631E-006   0.000000000E+000
   0.80730927359828897E-008  -0.443413626E-007   0.000000000E+000
   0.81039060670362595E-008   0.412654089E-007   0.000000000E+000
   0.81347193980896293E-008   0.991377362E-007   0.000000000E+000
   0.81655327291429991E-008   0.919256848E-007   0.000000000E+000
   0.81963460601963689E-008   0.775604292E-008   0.000000000E+000
   0.82271593912497387E-008  -0.975241221E-007   0.000000000E+000
   0.82579727223031085E-008  -0.124684888E-006   0.000000000E+000
   0.82887860533564783E-008  -0.358583137E-007   0.000000000E+000
   0.83195993844098481E-008   0.882242759E-007   0.000000000E+000
   0.83504127154632179E-008   0.126353541E-006   0.000000000E+000
   0.83812260465165878E-008   0.465217624E-007   0.000000000E+000
   0.84120393775699576E-008  -0.632330028E-007   0.000000000E+000
   0.84428527086233274E-008  -0.971761693E-007   0.000000000E+000
   0.84736660396766972E-008  -0.449193394E-007   0.000000000E+000
   0.85044793707300670E-008   0.190700149E-007   0.000000000E+000
   0.85352927017834368E-008   0.424491446E-007   0.000000000E+000
   0.85661060328368066E-008   0.432179554E-007   0.000000000E+000
   0.85969193638901764E-008   0.433906600E-007   0.000000000E+000
   0.86277326949435462E-008   0.166215592E-007   0.000000000E+000
   0.86585460259969160E-008  -0.524887973E-007   0.000000000E+000
   0.86893593570502858E-008  -0.101791130E-006   0.000000000E+000
   0.87201726881036556E-008  -0.538184359E-007   0.000000000E+000
   0.87509860191570255E-008   0.638722497E-007   0.000000000E+000
   0.87817993502103953E-008   0.126255941E-006   0.000000000E+000
   0.88126126812637651E-008   0.605619590E-007   0.000000000E+000
   0.88434260123171349E-008  -0.588477320E-007   0.000000000E+000
   0.88742393433705047E-008  -0.103657015E-006   0.000000000E+000
   0.89050526744238745E-008  -0.478288307E-007   0.000000000E+000
   0.89358660054772443E-008   0.233343407E-007   0.000000000E+000
   0.89666793365306141E-008   0.450581119E-007   0.000000000E+000
   0.89974926675839839E-008   0.405684162E-007   0.000000000E+000
   0.90283059986373537E-008   0.407147702E-007   0.000000000E+000
   0.90591193296907235E-008   0.158955551E-007   0.000000000E+000
   0.90899326607440933E-008  -0.548373471E-007   0.000000000E+000
   0.91207459917974631E-008  -0.104168024E-006   0.000000000E+000
   0.91515593228508330E-008  -0.487901310E-007   0.000000000E+000
   0.91823726539042028E-008   0.758471117E-007   0.000000000E+000
   0.92131859849575726E-008   0.132822052E-006   0.000000000E+000
   0.92439993160109424E-008   0.524176897E-007   0.000000000E+000
   0.92748126470643122E-008  -0.763112951E-007   0.000000000E+000
   0.93056259781176820E-008  -0.116857009E-006   0.000000000E+000
   0.93364393091710518E-008  -0.461686582E-007   0.000000000E+000
   0.93672526402244216E-008   0.429143654E-007   0.000000000E+000
   0.93980659712777914E-008   0.732314831E-007   0.000000000E+000
   0.94288793023311612E-008   0.528967696E-007   0.000000000E+000
   0.94596926333845310E-008   0.153184274E-007   0.000000000E+000
   0.94905059644379008E-008  -0.347523432E-007   0.000000000E+000
   0.95213192954912707E-008  -0.812361947E-007   0.000000000E+000
   0.95521326265446405E-008  -0.683935042E-007   0.000000000E+000
   0.95829459575980103E-008   0.236427766E-007   0.000000000E+000
   0.96137592886513801E-008   0.111578302E-006   0.000000000E+000
   0.96445726197047499E-008   0.895889940E-007   0.000000000E+000
   0.96753859507581197E-008  -0.293869817E-007   0.000000000E+000
   0.97061992818114895E-008  -0.116138168E-006   0.000000000E+000
   0.97370126128648593E-008  -0.806524625E-007   0.000000000E+000
   0.97678259439182291E-008   0.261466582E-007   0.000000000E+000
   0.97986392749715989E-008   0.890591565E-007   0.000000000E+000
   0.98294526060249687E-008   0.638111004E-007   0.000000000E+000
   0.98602659370783385E-008  -0.152970614E-008   0.000000000E+000
   0.98910792681317083E-008  -0.488027432E-007   0.000000000E+000
   0.99218925991850782E-008  -0.602544574E-007   0.000000000E+000
   0.99527059302384480E-008  -0.358541357E-007   0.000000000E+000
   0.99835192612918178E-008   0.205081285E-007   0.000000000E+000
   0.10014332592345188E-007   0.736285131E-007   0.000000000E+000
   0.10045145923398557E-007   0.648403216E-007   0.000000000E+000
   0.10075959254451927E-007  -0.146983226E-007   0.000000000E+000
   0.10106772585505297E-007  -0.874155504E-007   0.000000000E+000
   0.10137585916558667E-007  -0.697734066E-007   0.000000000E+000
   0.10168399247612037E-007   0.211006181E-007   0.000000000E+000
   0.10199212578665406E-007   0.829388043E-007   0.000000000E+000
   0.10230025909718776E-007   0.531430828E-007   0.000000000E+000
   0.10260839240772146E-007  -0.217926015E-007   0.000000000E+000
   0.10291652571825516E-007  -0.572925565E-007   0.000000000E+000
   0.10322465902878886E-007  -0.333636194E-007   0.000000000E+000
   0.10353279233932255E-007   0.597032113E-008   0.000000000E+000
   0.10384092564985625E-007   0.267343108E-007   0.000000000E+000
   0.10414905896038995E-007   0.307154373E-007   0.000000000E+000
   0.10445719227092365E-007   0.192347756E-007   0.000000000E+000
   0.10476532558145735E-007  -0.140546490E-007   0.000000000E+000
   0.10507345889199105E-007  -0.464280419E-007   0.000000000E+000
   0.10538159220252474E-007  -0.332191163E-007   0.000000000E+000
   0.10568972551305844E-007   0.246420306E-007   0.000000000E+000
   0.10599785882359214E-007   0.608663413E-007   0.000000000E+000
   0.10630599213412584E-007   0.253046082E-007   0.000000000E+000
   0.10661412544465954E-007  -0.422089030E-007   0.000000000E+000
   0.10692225875519323E-007  -0.586100519E-007   0.000000000E+000
   0.10723039206572693E-007  -0.564726577E-008   0.000000000E+000
   0.10753852537626063E-007   0.490948189E-007   0.000000000E+000
   0.10784665868679433E-007   0.427943867E-007   0.000000000E+000
   0.10815479199732803E-007  -0.732073246E-008   0.000000000E+000
   0.10846292530786172E-007  -0.387232113E-007   0.000000000E+000
   0.10877105861839542E-007  -0.267079976E-007   0.000000000E+000
   0.10907919192892912E-007   0.292528668E-009   0.000000000E+000
   0.10938732523946282E-007   0.161451403E-007   0.000000000E+000
   0.10969545854999652E-007   0.249856242E-007   0.000000000E+000
   0.11000359186053021E-007   0.267886620E-007   0.000000000E+000
   0.11031172517106391E-007   0.109611520E-008   0.000000000E+000
   0.11061985848159761E-007  -0.454465621E-007   0.000000000E+000
   0.11092799179213131E-007  -0.555086181E-007   0.000000000E+000
   0.11123612510266501E-007   0.499009545E-008   0.000000000E+000
   0.11154425841319870E-007   0.746948388E-007   0.000000000E+000
   0.11185239172373240E-007   0.615623321E-007   0.000000000E+000
   0.11216052503426610E-007  -0.266944014E-007   0.000000000E+000
   0.11246865834479980E-007  -0.835553777E-007   0.000000000E+000
   0.11277679165533350E-007  -0.454028566E-007   0.000000000E+000
   0.11308492496586720E-007   0.320589564E-007   0.000000000E+000
   0.11339305827640089E-007   0.625920791E-007   0.000000000E+000
   0.11370119158693459E-007   0.348351819E-007   0.000000000E+000
   0.11400932489746829E-007  -0.716197945E-008   0.000000000E+000
   0.11431745820800199E-007  -0.370169566E-007   0.000000000E+000
   0.11462559151853569E-007  -0.500774426E-007   0.000000000E+000
   0.11493372482906938E-007  -0.302805034E-007   0.000000000E+000
   0.11524185813960308E-007   0.279103496E-007   0.000000000E+000
   0.11554999145013678E-007   0.763213421E-007   0.000000000E+000
   0.11585812476067048E-007   0.498850028E-007   0.000000000E+000
   0.11616625807120418E-007  -0.406747134E-007   0.000000000E+000
   0.11647439138173787E-007  -0.989022197E-007   0.000000000E+000
   0.11678252469227157E-007  -0.547210277E-007   0.000000000E+000
   0.11709065800280527E-007   0.437806023E-007   0.000000000E+000
   0.11739879131333897E-007   0.880124489E-007   0.000000000E+000
   0.11770692462387267E-007   0.402666060E-007   0.000000000E+000
   0.11801505793440636E-007  -0.354024365E-007   0.000000000E+000
   0.11832319124494006E-007  -0.657818262E-007   0.000000000E+000
   0.11863132455547376E-007  -0.425498996E-007   0.000000000E+000
   0.11893945786600746E-007   0.295451841E-008   0.000000000E+000
   0.11924759117654116E-007   0.470713069E-007   0.000000000E+000
   0.11955572448707485E-007   0.693374318E-007   0.000000000E+000
   0.11986385779760855E-007   0.432863665E-007   0.000000000E+000
   0.12017199110814225E-007  -0.249030769E-007   0.000000000E+000
   0.12048012441867595E-007  -0.707501258E-007   0.000000000E+000
   0.12078825772920965E-007  -0.327983045E-007   0.000000000E+000
   0.12109639103974335E-007   0.606376886E-007   0.000000000E+000
   0.12140452435027704E-007   0.108187542E-006   0.000000000E+000
   0.12171265766081074E-007   0.540277441E-007   0.000000000E+000
   0.12202079097134444E-007  -0.428073150E-007   0.000000000E+000
   0.12232892428187814E-007  -0.823418063E-007   0.000000000E+000
   0.12263705759241184E-007  -0.419686010E-007   0.000000000E+000
   0.12294519090294553E-007   0.138784486E-007   0.000000000E+000
   0.12325332421347923E-007   0.272700369E-007   0.000000000E+000
   0.12356145752401293E-007   0.381164611E-008   0.000000000E+000
   0.12386959083454663E-007  -0.269363056E-007   0.000000000E+000
   0.12417772414508033E-007  -0.567381235E-007   0.000000000E+000
   0.12448585745561402E-007  -0.770054029E-007   0.000000000E+000
   0.12479399076614772E-007  -0.555027668E-007   0.000000000E+000
   0.12510212407668142E-007   0.163563882E-007   0.000000000E+000
   0.12541025738721512E-007   0.773437137E-007   0.000000000E+000
   0.12571839069774882E-007   0.567288154E-007   0.000000000E+000
   0.12602652400828251E-007  -0.219965273E-007   0.000000000E+000
   0.12633465731881621E-007  -0.566755709E-007   0.000000000E+000
   0.12664279062934991E-007  -0.568473268E-009   0.000000000E+000
   0.12695092393988361E-007   0.740242712E-007   0.000000000E+000
   0.12725905725041731E-007   0.772500002E-007   0.000000000E+000
   0.12756719056095100E-007   0.194752729E-007   0.000000000E+000
   0.12787532387148470E-007  -0.208950865E-007   0.000000000E+000
   0.12818345718201840E-007  -0.152806603E-007   0.000000000E+000
   0.12849159049255210E-007  -0.644614406E-008   0.000000000E+000
   0.12879972380308580E-007  -0.187821421E-007   0.000000000E+000
   0.12910785711361950E-007  -0.178738091E-007   0.000000000E+000
   0.12941599042415319E-007   0.153596886E-007   0.000000000E+000
   0.12972412373468689E-007   0.329857812E-007   0.000000000E+000
   0.13003225704522059E-007  -0.584148907E-008   0.000000000E+000
   0.13034039035575429E-007  -0.538808465E-007   0.000000000E+000
   0.13064852366628799E-007  -0.370009872E-007   0.000000000E+000
   0.13095665697682168E-007   0.277802101E-007   0.000000000E+000
   0.13126479028735538E-007   0.516601659E-007   0.000000000E+000
   0.13157292359788908E-007   0.785194132E-008   0.000000000E+000
   0.13188105690842278E-007  -0.322956666E-007   0.000000000E+000
   0.13218919021895648E-007  -0.148746668E-007   0.000000000E+000
   0.13249732352949017E-007   0.184841209E-007   0.000000000E+000
   0.13280545684002387E-007   0.872390693E-008   0.000000000E+000
   0.13311359015055757E-007  -0.231854624E-007   0.000000000E+000
   0.13342172346109127E-007  -0.170285155E-007   0.000000000E+000
   0.13372985677162497E-007   0.223204317E-007   0.000000000E+000
   0.13403799008215866E-007   0.312654720E-007   0.000000000E+000
   0.13434612339269236E-007  -0.745226458E-008   0.000000000E+000
   0.13465425670322606E-007  -0.352045078E-007   0.000000000E+000
   0.13496239001375976E-007  -0.122200650E-007   0.000000000E+000
   0.13527052332429346E-007   0.201580388E-007   0.000000000E+000
   0.13557865663482715E-007   0.113320970E-007   0.000000000E+000
   0.13588678994536085E-007  -0.157747024E-007   0.000000000E+000
   0.13619492325589455E-007  -0.969592051E-008   0.000000000E+000
   0.13650305656642825E-007   0.178682811E-007   0.000000000E+000
   0.13681118987696195E-007   0.128371767E-007   0.000000000E+000
   0.13711932318749565E-007  -0.240082692E-007   0.000000000E+000
   0.13742745649802934E-007  -0.311532595E-007   0.000000000E+000
   0.13773558980856304E-007   0.138581342E-007   0.000000000E+000
   0.13804372311909674E-007   0.514413188E-007   0.000000000E+000
   0.13835185642963044E-007   0.261154245E-007   0.000000000E+000
   0.13865998974016414E-007  -0.303628553E-007   0.000000000E+000
   0.13896812305069783E-007  -0.448974831E-007   0.000000000E+000
   0.13927625636123153E-007  -0.554017276E-008   0.000000000E+000
   0.13958438967176523E-007   0.315629549E-007   0.000000000E+000
   0.13989252298229893E-007   0.290792173E-007   0.000000000E+000
   0.14020065629283263E-007   0.907389186E-008   0.000000000E+000
   0.14050878960336632E-007  -0.203307327E-008   0.000000000E+000
   0.14081692291390002E-007  -0.148273838E-007   0.000000000E+000
   0.14112505622443372E-007  -0.354697143E-007   0.000000000E+000
   0.14143318953496742E-007  -0.313183968E-007   0.000000000E+000
   0.14174132284550112E-007   0.164588343E-007   0.000000000E+000
   0.14204945615603481E-007   0.591979692E-007   0.000000000E+000
   0.14235758946656851E-007   0.352889806E-007   0.000000000E+000
   0.14266572277710221E-007  -0.350675116E-007   0.000000000E+000
   0.14297385608763591E-007  -0.656448691E-007   0.000000000E+000
   0.14328198939816961E-007  -0.195327807E-007   0.000000000E+000
   0.14359012270870330E-007   0.419920703E-007   0.000000000E+000
   0.14389825601923700E-007   0.463691521E-007   0.000000000E+000
   0.14420638932977070E-007   0.270571121E-008   0.000000000E+000
   0.14451452264030440E-007  -0.274428409E-007   0.000000000E+000
   0.14482265595083810E-007  -0.209506084E-007   0.000000000E+000
   0.14513078926137180E-007  -0.621795149E-008   0.000000000E+000
   0.14543892257190549E-007   0.146405110E-009   0.000000000E+000
   0.14574705588243919E-007   0.131803031E-007   0.000000000E+000
   0.14605518919297289E-007   0.298914742E-007   0.000000000E+000
   0.14636332250350659E-007   0.158065738E-007   0.000000000E+000
   0.14667145581404029E-007  -0.319446691E-007   0.000000000E+000
   0.14697958912457398E-007  -0.547157271E-007   0.000000000E+000
   0.14728772243510768E-007  -0.892106655E-008   0.000000000E+000
   0.14759585574564138E-007   0.576471244E-007   0.000000000E+000
   0.14790398905617508E-007   0.590743170E-007   0.000000000E+000
   0.14821212236670878E-007  -0.973007275E-008   0.000000000E+000
   0.14852025567724247E-007  -0.628150758E-007   0.000000000E+000
   0.14882838898777617E-007  -0.404235720E-007   0.000000000E+000
   0.14913652229830987E-007   0.168049290E-007   0.000000000E+000
   0.14944465560884357E-007   0.378999339E-007   0.000000000E+000
   0.14975278891937727E-007   0.187079259E-007   0.000000000E+000
   0.15006092222991096E-007   0.279358225E-008   0.000000000E+000
   0.15036905554044466E-007  -0.820057799E-009   0.000000000E+000
   0.15067718885097836E-007  -0.178300112E-007   0.000000000E+000
   0.15098532216151206E-007  -0.384778573E-007   0.000000000E+000
   0.15129345547204576E-007  -0.178306223E-007   0.000000000E+000
   0.15160158878257946E-007   0.392963138E-007   0.000000000E+000
   0.15190972209311315E-007   0.595860037E-007   0.000000000E+000
   0.15221785540364685E-007   0.476584106E-008   0.000000000E+000
   0.15252598871418055E-007  -0.585581326E-007   0.000000000E+000
   0.15283412202471425E-007  -0.461688288E-007   0.000000000E+000
   0.15314225533524795E-007   0.219778187E-007   0.000000000E+000
   0.15345038864578164E-007   0.517199155E-007   0.000000000E+000
   0.15375852195631534E-007   0.112168443E-007   0.000000000E+000
   0.15406665526684904E-007  -0.326777432E-007   0.000000000E+000
   0.15437478857738274E-007  -0.227188401E-007   0.000000000E+000
   0.15468292188791644E-007   0.117388517E-007   0.000000000E+000
   0.15499105519845013E-007   0.174144290E-007   0.000000000E+000
   0.15529918850898383E-007   0.516330090E-009   0.000000000E+000
   0.15560732181951753E-007  -0.209794959E-008   0.000000000E+000
   0.15591545513005123E-007   0.431702141E-008   0.000000000E+000
   0.15622358844058493E-007  -0.973232428E-008   0.000000000E+000
   0.15653172175111862E-007  -0.278450862E-007   0.000000000E+000
   0.15683985506165232E-007  -0.490050489E-008   0.000000000E+000
   0.15714798837218602E-007   0.445299975E-007   0.000000000E+000
   0.15745612168271972E-007   0.462056562E-007   0.000000000E+000
   0.15776425499325342E-007  -0.204087840E-007   0.000000000E+000
   0.15807238830378711E-007  -0.727749949E-007   0.000000000E+000
   0.15838052161432081E-007  -0.357337093E-007   0.000000000E+000
   0.15868865492485451E-007   0.464582790E-007   0.000000000E+000
   0.15899678823538821E-007   0.691694950E-007   0.000000000E+000
   0.15930492154592191E-007   0.113947749E-007   0.000000000E+000
   0.15961305485645561E-007  -0.460092302E-007   0.000000000E+000
   0.15992118816698930E-007  -0.406018899E-007   0.000000000E+000
   0.16022932147752300E-007  -0.605083983E-009   0.000000000E+000
   0.16053745478805670E-007   0.192356122E-007   0.000000000E+000
   0.16084558809859040E-007   0.151652344E-007   0.000000000E+000
   0.16115372140912410E-007   0.121557644E-007   0.000000000E+000
   0.16146185471965779E-007   0.810981415E-008   0.000000000E+000
   0.16176998803019149E-007  -0.113861196E-007   0.000000000E+000
   0.16207812134072519E-007  -0.280287225E-007   0.000000000E+000
   0.16238625465125889E-007  -0.122563648E-007   0.000000000E+000
   0.16269438796179259E-007   0.203196429E-007   0.000000000E+000
   0.16300252127232628E-007   0.241319906E-007   0.000000000E+000
   0.16331065458285998E-007  -0.416929424E-008   0.000000000E+000
   0.16361878789339368E-007  -0.182242417E-007   0.000000000E+000
   0.16392692120392738E-007   0.219636753E-008   0.000000000E+000
   0.16423505451446108E-007   0.171430390E-007   0.000000000E+000
   0.16454318782499477E-007  -0.518540055E-008   0.000000000E+000
   0.16485132113552847E-007  -0.296226386E-007   0.000000000E+000
   0.16515945444606217E-007  -0.797170863E-008   0.000000000E+000
   0.16546758775659587E-007   0.362205910E-007   0.000000000E+000
   0.16577572106712957E-007   0.345822002E-007   0.000000000E+000
   0.16608385437766326E-007  -0.192435756E-007   0.000000000E+000
   0.16639198768819696E-007  -0.509450686E-007   0.000000000E+000
   0.16670012099873066E-007  -0.133120359E-007   0.000000000E+000
   0.16700825430926436E-007   0.418112123E-007   0.000000000E+000
   0.16731638761979806E-007   0.390121038E-007   0.000000000E+000
   0.16762452093033176E-007  -0.131943452E-007   0.000000000E+000
   0.16793265424086545E-007  -0.422292032E-007   0.000000000E+000
   0.16824078755139915E-007  -0.170626144E-007   0.000000000E+000
   0.16854892086193285E-007   0.210821440E-007   0.000000000E+000
   0.16885705417246655E-007   0.290109785E-007   0.000000000E+000
   0.16916518748300025E-007   0.110942455E-007   0.000000000E+000
   0.16947332079353394E-007  -0.993579796E-008   0.000000000E+000
   0.16978145410406764E-007  -0.259542166E-007   0.000000000E+000
   0.17008958741460134E-007  -0.282468875E-007   0.000000000E+000
   0.17039772072513504E-007   0.496473973E-010   0.000000000E+000
   0.17070585403566874E-007   0.454679210E-007   0.000000000E+000
   0.17101398734620243E-007   0.516475467E-007   0.000000000E+000
   0.17132212065673613E-007  -0.984822890E-008   0.000000000E+000
   0.17163025396726983E-007  -0.761706431E-007   0.000000000E+000
   0.17193838727780353E-007  -0.572038559E-007   0.000000000E+000
   0.17224652058833723E-007   0.368339101E-007   0.000000000E+000
   0.17255465389887092E-007   0.919804108E-007   0.000000000E+000
   0.17286278720940462E-007   0.375023284E-007   0.000000000E+000
   0.17317092051993832E-007  -0.576346117E-007   0.000000000E+000
   0.17347905383047202E-007  -0.778404683E-007   0.000000000E+000
   0.17378718714100572E-007  -0.108832410E-007   0.000000000E+000
   0.17409532045153941E-007   0.519712344E-007   0.000000000E+000
   0.17440345376207311E-007   0.463725698E-007   0.000000000E+000
   0.17471158707260681E-007   0.193053395E-008   0.000000000E+000
   0.17501972038314051E-007  -0.250471839E-007   0.000000000E+000
   0.17532785369367421E-007  -0.249585543E-007   0.000000000E+000
   0.17563598700420791E-007  -0.152912421E-007   0.000000000E+000
   0.17594412031474160E-007   0.289842461E-008   0.000000000E+000
   0.17625225362527530E-007   0.279362737E-007   0.000000000E+000
   0.17656038693580900E-007   0.308662607E-007   0.000000000E+000
   0.17686852024634270E-007  -0.597623995E-008   0.000000000E+000
   0.17717665355687640E-007  -0.428853539E-007   0.000000000E+000
   0.17748478686741009E-007  -0.260859601E-007   0.000000000E+000
   0.17779292017794379E-007   0.285757835E-007   0.000000000E+000
   0.17810105348847749E-007   0.468032937E-007   0.000000000E+000
   0.17840918679901119E-007   0.326334515E-009   0.000000000E+000
   0.17871732010954489E-007  -0.481249174E-007   0.000000000E+000
   0.17902545342007858E-007  -0.315417239E-007   0.000000000E+000
   0.17933358673061228E-007   0.269342202E-007   0.000000000E+000
   0.17964172004114598E-007   0.486552310E-007   0.000000000E+000
   0.17994985335167968E-007   0.950952028E-008   0.000000000E+000
   0.18025798666221338E-007  -0.346693625E-007   0.000000000E+000
   0.18056611997274707E-007  -0.335471313E-007   0.000000000E+000
   0.18087425328328077E-007  -0.285588442E-008   0.000000000E+000
   0.18118238659381447E-007   0.183064994E-007   0.000000000E+000
   0.18149051990434817E-007   0.239021283E-007   0.000000000E+000
   0.18179865321488187E-007   0.223805152E-007   0.000000000E+000
   0.18210678652541556E-007   0.251897347E-008   0.000000000E+000
   0.18241491983594926E-007  -0.365591823E-007   0.000000000E+000
   0.18272305314648296E-007  -0.512993452E-007   0.000000000E+000
   0.18303118645701666E-007  -0.508315523E-008   0.000000000E+000
   0.18333931976755036E-007   0.605104162E-007   0.000000000E+000
   0.18364745307808406E-007   0.634185255E-007   0.000000000E+000
   0.18395558638861775E-007  -0.743742845E-008   0.000000000E+000
   0.18426371969915145E-007  -0.702566112E-007   0.000000000E+000
   0.18457185300968515E-007  -0.549400028E-007   0.000000000E+000
   0.18487998632021885E-007   0.131439606E-007   0.000000000E+000
   0.18518811963075255E-007   0.572671119E-007   0.000000000E+000
   0.18549625294128624E-007   0.435148273E-007   0.000000000E+000
   0.18580438625181994E-007   0.186197724E-010   0.000000000E+000
   0.18611251956235364E-007  -0.347552813E-007   0.000000000E+000
   0.18642065287288734E-007  -0.446411264E-007   0.000000000E+000
   0.18672878618342104E-007  -0.247879957E-007   0.000000000E+000
   0.18703691949395473E-007   0.205058779E-007   0.000000000E+000
   0.18734505280448843E-007   0.586666999E-007   0.000000000E+000
   0.18765318611502213E-007   0.439635102E-007   0.000000000E+000
   0.18796131942555583E-007  -0.222993748E-007   0.000000000E+000
   0.18826945273608953E-007  -0.718686834E-007   0.000000000E+000
   0.18857758604662322E-007  -0.444710722E-007   0.000000000E+000
   0.18888571935715692E-007   0.309189829E-007   0.000000000E+000
   0.18919385266769062E-007   0.679400358E-007   0.000000000E+000
   0.18950198597822432E-007   0.312454418E-007   0.000000000E+000
   0.18981011928875802E-007  -0.278053278E-007   0.000000000E+000
   0.19011825259929171E-007  -0.474526871E-007   0.000000000E+000
   0.19042638590982541E-007  -0.243212508E-007   0.000000000E+000
   0.19073451922035911E-007   0.840545233E-008   0.000000000E+000
   0.19104265253089281E-007   0.299811376E-007   0.000000000E+000
   0.19135078584142651E-007   0.333395000E-007   0.000000000E+000
   0.19165891915196021E-007   0.106632640E-007   0.000000000E+000
   0.19196705246249390E-007  -0.286775261E-007   0.000000000E+000
   0.19227518577302760E-007  -0.462478660E-007   0.000000000E+000
   0.19258331908356130E-007  -0.150442148E-007   0.000000000E+000
   0.19289145239409500E-007   0.361401291E-007   0.000000000E+000
   0.19319958570462870E-007   0.490023240E-007   0.000000000E+000
   0.19350771901516239E-007   0.778849341E-008   0.000000000E+000
   0.19381585232569609E-007  -0.394059469E-007   0.000000000E+000
   0.19412398563622979E-007  -0.401947773E-007   0.000000000E+000
   0.19443211894676349E-007   0.147824863E-009   0.000000000E+000
   0.19474025225729719E-007   0.324628395E-007   0.000000000E+000
   0.19504838556783088E-007   0.272241820E-007   0.000000000E+000
   0.19535651887836458E-007   0.936831057E-009   0.000000000E+000
   0.19566465218889828E-007  -0.180013231E-007   0.000000000E+000
   0.19597278549943198E-007  -0.217253326E-007   0.000000000E+000
   0.19628091880996568E-007  -0.131042475E-007   0.000000000E+000
   0.19658905212049937E-007   0.795429056E-008   0.000000000E+000
   0.19689718543103307E-007   0.297675307E-007   0.000000000E+000
   0.19720531874156677E-007   0.250082390E-007   0.000000000E+000
   0.19751345205210047E-007  -0.119409531E-007   0.000000000E+000
   0.19782158536263417E-007  -0.415149728E-007   0.000000000E+000
   0.19812971867316787E-007  -0.237884858E-007   0.000000000E+000
   0.19843785198370156E-007   0.230548967E-007   0.000000000E+000
   0.19874598529423526E-007   0.417525570E-007   0.000000000E+000
   0.19905411860476896E-007   0.119415553E-007   0.000000000E+000
   0.19936225191530266E-007  -0.255602366E-007   0.000000000E+000
   0.19967038522583636E-007  -0.280859638E-007   0.000000000E+000
   0.19997851853637005E-007  -0.390456911E-008   0.000000000E+000
   0.20028665184690375E-007   0.125189139E-007   0.000000000E+000
   0.20059478515743745E-007   0.123978117E-007   0.000000000E+000
   0.20090291846797115E-007   0.106524913E-007   0.000000000E+000
   0.20121105177850485E-007   0.772319186E-008   0.000000000E+000
   0.20151918508903854E-007  -0.928070154E-008   0.000000000E+000
   0.20182731839957224E-007  -0.288038144E-007   0.000000000E+000
   0.20213545171010594E-007  -0.182085067E-007   0.000000000E+000
   0.20244358502063964E-007   0.215885301E-007   0.000000000E+000
   0.20275171833117334E-007   0.413426164E-007   0.000000000E+000
   0.20305985164170703E-007   0.966989333E-008   0.000000000E+000
   0.20336798495224073E-007  -0.348424187E-007   0.000000000E+000
   0.20367611826277443E-007  -0.337744410E-007   0.000000000E+000
   0.20398425157330813E-007   0.768079289E-008   0.000000000E+000
   0.20429238488384183E-007   0.308361052E-007   0.000000000E+000
   0.20460051819437552E-007   0.109561107E-007   0.000000000E+000
   0.20490865150490922E-007  -0.133654385E-007   0.000000000E+000
   0.20521678481544292E-007  -0.807344236E-008   0.000000000E+000
   0.20552491812597662E-007   0.616345552E-008   0.000000000E+000
   0.20583305143651032E-007  -0.129471811E-008   0.000000000E+000
   0.20614118474704402E-007  -0.147935664E-007   0.000000000E+000
   0.20644931805757771E-007  -0.223565877E-008   0.000000000E+000
   0.20675745136811141E-007   0.227894414E-007   0.000000000E+000
   0.20706558467864511E-007   0.178564541E-007   0.000000000E+000
   0.20737371798917881E-007  -0.161058722E-007   0.000000000E+000
   0.20768185129971251E-007  -0.294900335E-007   0.000000000E+000
   0.20798998461024620E-007  -0.640957509E-009   0.000000000E+000
   0.20829811792077990E-007   0.278389169E-007   0.000000000E+000
   0.20860625123131360E-007   0.141345842E-007   0.000000000E+000
   0.20891438454184730E-007  -0.183874747E-007   0.000000000E+000
   0.20922251785238100E-007  -0.194195788E-007   0.000000000E+000
   0.20953065116291469E-007   0.943637879E-008   0.000000000E+000
   0.20983878447344839E-007   0.205482102E-007   0.000000000E+000
   0.21014691778398209E-007  -0.205409378E-008   0.000000000E+000
   0.21045505109451579E-007  -0.199031760E-007   0.000000000E+000
   0.21076318440504949E-007  -0.525285682E-008   0.000000000E+000
   0.21107131771558318E-007   0.157511870E-007   0.000000000E+000
   0.21137945102611688E-007   0.971686198E-008   0.000000000E+000
   0.21168758433665058E-007  -0.972664438E-008   0.000000000E+000
   0.21199571764718428E-007  -0.899135610E-008   0.000000000E+000
   0.21230385095771798E-007   0.774187203E-008   0.000000000E+000
   0.21261198426825167E-007   0.829077518E-008   0.000000000E+000
   0.21292011757878537E-007  -0.100347757E-007   0.000000000E+000
   0.21322825088931907E-007  -0.144852015E-007   0.000000000E+000
   0.21353638419985277E-007   0.725341831E-008   0.000000000E+000
   0.21384451751038647E-007   0.232587922E-007   0.000000000E+000
   0.21415265082092017E-007   0.662732624E-008   0.000000000E+000
   0.21446078413145386E-007  -0.210773816E-007   0.000000000E+000
   0.21476891744198756E-007  -0.215579909E-007   0.000000000E+000
   0.21507705075252126E-007   0.408601508E-008   0.000000000E+000
   0.21538518406305496E-007   0.207972679E-007   0.000000000E+000
   0.21569331737358866E-007   0.119651204E-007   0.000000000E+000
   0.21600145068412235E-007  -0.407220035E-008   0.000000000E+000
   0.21630958399465605E-007  -0.923053101E-008   0.000000000E+000
   0.21661771730518975E-007  -0.803864619E-008   0.000000000E+000
   0.21692585061572345E-007  -0.752149720E-008   0.000000000E+000
   0.21723398392625715E-007  -0.864503580E-009   0.000000000E+000
   0.21754211723679084E-007   0.140379726E-007   0.000000000E+000
   0.21785025054732454E-007   0.196292333E-007   0.000000000E+000
   0.21815838385785824E-007   0.216186002E-008   0.000000000E+000
   0.21846651716839194E-007  -0.217179803E-007   0.000000000E+000
   0.21877465047892564E-007  -0.229326957E-007   0.000000000E+000
   0.21908278378945933E-007   0.419531077E-009   0.000000000E+000
   0.21939091709999303E-007   0.211164597E-007   0.000000000E+000
   0.21969905041052673E-007   0.194242133E-007   0.000000000E+000
   0.22000718372106043E-007   0.284156521E-008   0.000000000E+000
   0.22031531703159413E-007  -0.121607915E-007   0.000000000E+000
   0.22062345034212782E-007  -0.185714573E-007   0.000000000E+000
   0.22093158365266152E-007  -0.137827296E-007   0.000000000E+000
   0.22123971696319522E-007   0.412419610E-008   0.000000000E+000
   0.22154785027372892E-007   0.242412828E-007   0.000000000E+000
   0.22185598358426262E-007   0.238193945E-007   0.000000000E+000
   0.22216411689479632E-007  -0.313283266E-008   0.000000000E+000
   0.22247225020533001E-007  -0.295816189E-007   0.000000000E+000
   0.22278038351586371E-007  -0.250673047E-007   0.000000000E+000
   0.22308851682639741E-007   0.473657025E-008   0.000000000E+000
   0.22339665013693111E-007   0.257166395E-007   0.000000000E+000
   0.22370478344746481E-007   0.195297432E-007   0.000000000E+000
   0.22401291675799850E-007   0.522250687E-009   0.000000000E+000
   0.22432105006853220E-007  -0.123532207E-007   0.000000000E+000
   0.22462918337906590E-007  -0.173694250E-007   0.000000000E+000
   0.22493731668959960E-007  -0.156993565E-007   0.000000000E+000
   0.22524545000013330E-007   0.602913275E-010   0.000000000E+000
   0.22555358331066699E-007   0.251188048E-007   0.000000000E+000
   0.22586171662120069E-007   0.310368087E-007   0.000000000E+000
   0.22616984993173439E-007   0.105273301E-008   0.000000000E+000
   0.22647798324226809E-007  -0.356028309E-007   0.000000000E+000
   0.22678611655280179E-007  -0.339804522E-007   0.000000000E+000
   0.22709424986333548E-007   0.554160451E-008   0.000000000E+000
   0.22740238317386918E-007   0.353869680E-007   0.000000000E+000
   0.22771051648440288E-007   0.240379379E-007   0.000000000E+000
   0.22801864979493658E-007  -0.671975897E-008   0.000000000E+000
   0.22832678310547028E-007  -0.200426467E-007   0.000000000E+000
   0.22863491641600397E-007  -0.132965114E-007   0.000000000E+000
   0.22894304972653767E-007  -0.623704377E-008   0.000000000E+000
   0.22925118303707137E-007  -0.581557469E-009   0.000000000E+000
   0.22955931634760507E-007   0.148133825E-007   0.000000000E+000
   0.22986744965813877E-007   0.274947798E-007   0.000000000E+000
   0.23017558296867247E-007   0.101905293E-007   0.000000000E+000
   0.23048371627920616E-007  -0.283096675E-007   0.000000000E+000
   0.23079184958973986E-007  -0.398811224E-007   0.000000000E+000
   0.23109998290027356E-007  -0.333638184E-008   0.000000000E+000
   0.23140811621080726E-007   0.381130505E-007   0.000000000E+000
   0.23171624952134096E-007   0.331375567E-007   0.000000000E+000
   0.23202438283187465E-007  -0.745093942E-008   0.000000000E+000
   0.23233251614240835E-007  -0.303196082E-007   0.000000000E+000
   0.23264064945294205E-007  -0.156056856E-007   0.000000000E+000
   0.23294878276347575E-007   0.551804469E-008   0.000000000E+000
   0.23325691607400945E-007   0.785859111E-008   0.000000000E+000
   0.23356504938454314E-007   0.533834044E-008   0.000000000E+000
   0.23387318269507684E-007   0.127007453E-007   0.000000000E+000
   0.23418131600561054E-007   0.120073462E-007   0.000000000E+000
   0.23448944931614424E-007  -0.125179582E-007   0.000000000E+000
   0.23479758262667794E-007  -0.333496040E-007   0.000000000E+000
   0.23510571593721163E-007  -0.139083696E-007   0.000000000E+000
   0.23541384924774533E-007   0.285301383E-007   0.000000000E+000
   0.23572198255827903E-007   0.380991700E-007   0.000000000E+000
   0.23603011586881273E-007   0.473534101E-009   0.000000000E+000
   0.23633824917934643E-007  -0.343013582E-007   0.000000000E+000
   0.23664638248988012E-007  -0.236062618E-007   0.000000000E+000
   0.23695451580041382E-007   0.103081383E-007   0.000000000E+000
   0.23726264911094752E-007   0.206901873E-007   0.000000000E+000
   0.23757078242148122E-007   0.486106799E-008   0.000000000E+000
   0.23787891573201492E-007  -0.416009271E-008   0.000000000E+000
   0.23818704904254862E-007   0.225618102E-008   0.000000000E+000
   0.23849518235308231E-007   0.242413423E-009   0.000000000E+000
   0.23880331566361601E-007  -0.153229127E-007   0.000000000E+000
   0.23911144897414971E-007  -0.154740185E-007   0.000000000E+000
   0.23941958228468341E-007   0.114414878E-007   0.000000000E+000
   0.23972771559521711E-007   0.304403756E-007   0.000000000E+000
   0.24003584890575080E-007   0.990330662E-008   0.000000000E+000
   0.24034398221628450E-007  -0.256087098E-007   0.000000000E+000
   0.24065211552681820E-007  -0.277272729E-007   0.000000000E+000
   0.24096024883735190E-007   0.480754458E-008   0.000000000E+000
   0.24126838214788560E-007   0.259608939E-007   0.000000000E+000
   0.24157651545841929E-007   0.113015277E-007   0.000000000E+000
   0.24188464876895299E-007  -0.112777068E-007   0.000000000E+000
   0.24219278207948669E-007  -0.106585851E-007   0.000000000E+000
   0.24250091539002039E-007   0.232369857E-008   0.000000000E+000
   0.24280904870055409E-007   0.190700122E-008   0.000000000E+000
   0.24311718201108778E-007  -0.674391964E-008   0.000000000E+000
   0.24342531532162148E-007  -0.100933706E-008   0.000000000E+000
   0.24373344863215518E-007   0.142430832E-007   0.000000000E+000
   0.24404158194268888E-007   0.114446683E-007   0.000000000E+000
   0.24434971525322258E-007  -0.113651177E-007   0.000000000E+000
   0.24465784856375627E-007  -0.217534435E-007   0.000000000E+000
   0.24496598187428997E-007  -0.232072317E-008   0.000000000E+000
   0.24527411518482367E-007   0.204114894E-007   0.000000000E+000
   0.24558224849535737E-007   0.150226551E-007   0.000000000E+000
   0.24589038180589107E-007  -0.866245742E-008   0.000000000E+000
   0.24619851511642477E-007  -0.168843961E-007   0.000000000E+000
   0.24650664842695846E-007  -0.246715182E-008   0.000000000E+000
   0.24681478173749216E-007   0.977028769E-008   0.000000000E+000
   0.24712291504802586E-007   0.483111195E-008   0.000000000E+000
   0.24743104835855956E-007  -0.331657768E-008   0.000000000E+000
   0.24773918166909326E-007  -0.638191278E-009   0.000000000E+000
   0.24804731497962695E-007   0.388567978E-008   0.000000000E+000
   0.24835544829016065E-007  -0.180942816E-008   0.000000000E+000
   0.24866358160069435E-007  -0.883991902E-008   0.000000000E+000
   0.24897171491122805E-007  -0.242529863E-008   0.000000000E+000
   0.24927984822176175E-007   0.105608553E-007   0.000000000E+000
   0.24958798153229544E-007   0.101113828E-007   0.000000000E+000
   0.24989611484282914E-007  -0.492960606E-008   0.000000000E+000
   0.25020424815336284E-007  -0.136721203E-007   0.000000000E+000
   0.25051238146389654E-007  -0.433817071E-008   0.000000000E+000
   0.25082051477443024E-007   0.917909215E-008   0.000000000E+000
   0.25112864808496393E-007   0.935744549E-008   0.000000000E+000
   0.25143678139549763E-007  -0.715249193E-009   0.000000000E+000
   0.25174491470603133E-007  -0.626762242E-008   0.000000000E+000
   0.25205304801656503E-007  -0.359636987E-008   0.000000000E+000
   0.25236118132709873E-007  -0.444338566E-009   0.000000000E+000
   0.25266931463763243E-007   0.225753249E-009   0.000000000E+000
   0.25297744794816612E-007   0.253700283E-008   0.000000000E+000
   0.25328558125869982E-007   0.560476199E-008   0.000000000E+000
   0.25359371456923352E-007   0.266849032E-008   0.000000000E+000
   0.25390184787976722E-007  -0.570003600E-008   0.000000000E+000
   0.25420998119030092E-007  -0.888388740E-008   0.000000000E+000
   0.25451811450083461E-007  -0.136255451E-008   0.000000000E+000
   0.25482624781136831E-007   0.802864708E-008   0.000000000E+000
   0.25513438112190201E-007   0.800127697E-008   0.000000000E+000
   0.25544251443243571E-007  -0.212897255E-009   0.000000000E+000
   0.25575064774296941E-007  -0.647772458E-008   0.000000000E+000
   0.25605878105350310E-007  -0.581948889E-008   0.000000000E+000
   0.25636691436403680E-007  -0.147066048E-008   0.000000000E+000
   0.25667504767457050E-007   0.298757108E-008   0.000000000E+000
   0.25698318098510420E-007   0.619481355E-008   0.000000000E+000
   0.25729131429563790E-007   0.525337063E-008   0.000000000E+000
   0.25759944760617159E-007  -0.169594205E-008   0.000000000E+000
   0.25790758091670529E-007  -0.878240058E-008   0.000000000E+000
   0.25821571422723899E-007  -0.692385305E-008   0.000000000E+000
   0.25852384753777269E-007   0.303767100E-008   0.000000000E+000
   0.25883198084830639E-007   0.950063317E-008   0.000000000E+000
   0.25914011415884008E-007   0.530530375E-008   0.000000000E+000
   0.25944824746937378E-007  -0.326946381E-008   0.000000000E+000
   0.25975638077990748E-007  -0.651995524E-008   0.000000000E+000
   0.26006451409044118E-007  -0.373055631E-008   0.000000000E+000
   0.26037264740097488E-007  -0.161795910E-009   0.000000000E+000
   0.26068078071150858E-007   0.259261745E-008   0.000000000E+000
   0.26098891402204227E-007   0.552539348E-008   0.000000000E+000
   0.26129704733257597E-007   0.529588684E-008   0.000000000E+000
   0.26160518064310967E-007  -0.183044779E-008   0.000000000E+000
   0.26191331395364337E-007  -0.984733806E-008   0.000000000E+000
   0.26222144726417707E-007  -0.747488382E-008   0.000000000E+000
   0.26252958057471076E-007   0.469460559E-008   0.000000000E+000
   0.26283771388524446E-007   0.118229835E-007   0.000000000E+000
   0.26314584719577816E-007   0.483867346E-008   0.000000000E+000
   0.26345398050631186E-007  -0.653941346E-008   0.000000000E+000
   0.26376211381684556E-007  -0.829218649E-008   0.000000000E+000
   0.26407024712737925E-007  -0.144615830E-008   0.000000000E+000
   0.26437838043791295E-007   0.300097769E-008   0.000000000E+000
   0.26468651374844665E-007   0.231171837E-008   0.000000000E+000
   0.26499464705898035E-007   0.266156275E-008   0.000000000E+000
   0.26530278036951405E-007   0.425348601E-008   0.000000000E+000
   0.26561091368004774E-007   0.162057034E-010   0.000000000E+000
   0.26591904699058144E-007  -0.865708305E-008   0.000000000E+000
   0.26622718030111514E-007  -0.893052032E-008   0.000000000E+000
   0.26653531361164884E-007   0.354244811E-008   0.000000000E+000
   0.26684344692218254E-007   0.136138212E-007   0.000000000E+000
   0.26715158023271623E-007   0.676657619E-008   0.000000000E+000
   0.26745971354324993E-007  -0.836238812E-008   0.000000000E+000
   0.26776784685378363E-007  -0.116294299E-007   0.000000000E+000
   0.26807598016431733E-007  -0.714313053E-009   0.000000000E+000
   0.26838411347485103E-007   0.735551886E-008   0.000000000E+000
   0.26869224678538473E-007   0.360027075E-008   0.000000000E+000
   0.26900038009591842E-007  -0.149886992E-008   0.000000000E+000
   0.26930851340645212E-007   0.911483777E-009   0.000000000E+000
   0.26961664671698582E-007   0.272506018E-008   0.000000000E+000
   0.26992478002751952E-007  -0.412282120E-008   0.000000000E+000
   0.27023291333805322E-007  -0.958292468E-008   0.000000000E+000
   0.27054104664858691E-007  -0.962834257E-009   0.000000000E+000
   0.27084917995912061E-007   0.125450335E-007   0.000000000E+000
   0.27115731326965431E-007   0.104778497E-007   0.000000000E+000
   0.27146544658018801E-007  -0.641860076E-008   0.000000000E+000
   0.27177357989072171E-007  -0.147446650E-007   0.000000000E+000
   0.27208171320125540E-007  -0.321792459E-008   0.000000000E+000
   0.27238984651178910E-007   0.104469233E-007   0.000000000E+000
   0.27269797982232280E-007   0.741499484E-008   0.000000000E+000
   0.27300611313285650E-007  -0.415457269E-008   0.000000000E+000
   0.27331424644339020E-007  -0.498843278E-008   0.000000000E+000
   0.27362237975392389E-007   0.320929150E-008   0.000000000E+000
   0.27393051306445759E-007   0.297417513E-008   0.000000000E+000
   0.27423864637499129E-007  -0.651500320E-008   0.000000000E+000
   0.27454677968552499E-007  -0.677060807E-008   0.000000000E+000
   0.27485491299605869E-007   0.677028833E-008   0.000000000E+000
   0.27516304630659238E-007   0.132214915E-007   0.000000000E+000
   0.27547117961712608E-007  -0.349800189E-009   0.000000000E+000
   0.27577931292765978E-007  -0.150900163E-007   0.000000000E+000
   0.27608744623819348E-007  -0.833270342E-008   0.000000000E+000
   0.27639557954872718E-007   0.100810329E-007   0.000000000E+000
   0.27670371285926088E-007   0.126294850E-007   0.000000000E+000
   0.27701184616979457E-007  -0.293993807E-008   0.000000000E+000
   0.27731997948032827E-007  -0.113557306E-007   0.000000000E+000
   0.27762811279086197E-007  -0.969057723E-009   0.000000000E+000
   0.27793624610139567E-007   0.889159057E-008   0.000000000E+000
   0.27824437941192937E-007   0.157885616E-008   0.000000000E+000
   0.27855251272246306E-007  -0.898756003E-008   0.000000000E+000
   0.27886064603299676E-007  -0.286825586E-008   0.000000000E+000
   0.27916877934353046E-007   0.105252633E-007   0.000000000E+000
   0.27947691265406416E-007   0.724452587E-008   0.000000000E+000
   0.27978504596459786E-007  -0.966437685E-008   0.000000000E+000
   0.28009317927513155E-007  -0.127996884E-007   0.000000000E+000
   0.28040131258566525E-007   0.456655158E-008   0.000000000E+000
   0.28070944589619895E-007   0.156629287E-007   0.000000000E+000
   0.28101757920673265E-007   0.273807466E-008   0.000000000E+000
   0.28132571251726635E-007  -0.139708050E-007   0.000000000E+000
   0.28163384582780004E-007  -0.857932037E-008   0.000000000E+000
   0.28194197913833374E-007   0.925394872E-008   0.000000000E+000
   0.28225011244886744E-007   0.109255627E-007   0.000000000E+000
   0.28255824575940114E-007  -0.467553285E-008   0.000000000E+000
   0.28286637906993484E-007  -0.108028715E-007   0.000000000E+000
   0.28317451238046853E-007   0.203534967E-008   0.000000000E+000
   0.28348264569100223E-007   0.108253522E-007   0.000000000E+000
   0.28379077900153593E-007  -0.247226239E-009   0.000000000E+000
   0.28409891231206963E-007  -0.122436932E-007   0.000000000E+000
   0.28440704562260333E-007  -0.329779315E-008   0.000000000E+000
   0.28471517893313703E-007   0.131879920E-007   0.000000000E+000
   0.28502331224367072E-007   0.934820221E-008   0.000000000E+000
   0.28533144555420442E-007  -0.104495754E-007   0.000000000E+000
   0.28563957886473812E-007  -0.150345514E-007   0.000000000E+000
   0.28594771217527182E-007   0.341117179E-008   0.000000000E+000
   0.28625584548580552E-007   0.163127289E-007   0.000000000E+000
   0.28656397879633921E-007   0.430937330E-008   0.000000000E+000
   0.28687211210687291E-007  -0.125720492E-007   0.000000000E+000
   0.28718024541740661E-007  -0.831515479E-008   0.000000000E+000
   0.28748837872794031E-007   0.770973507E-008   0.000000000E+000
   0.28779651203847401E-007   0.836244674E-008   0.000000000E+000
   0.28810464534900770E-007  -0.569458081E-008   0.000000000E+000
   0.28841277865954140E-007  -0.856931148E-008   0.000000000E+000
   0.28872091197007510E-007   0.561042235E-008   0.000000000E+000
   0.28902904528060880E-007   0.119074075E-007   0.000000000E+000
   0.28933717859114250E-007  -0.283107315E-008   0.000000000E+000
   0.28964531190167619E-007  -0.157946207E-007   0.000000000E+000
   0.28995344521220989E-007  -0.463887684E-008   0.000000000E+000
   0.29026157852274359E-007   0.148086210E-007   0.000000000E+000
   0.29056971183327729E-007   0.126083837E-007   0.000000000E+000
   0.29087784514381099E-007  -0.771472131E-008   0.000000000E+000
   0.29118597845434468E-007  -0.151327590E-007   0.000000000E+000
   0.29149411176487838E-007  -0.300934389E-009   0.000000000E+000
   0.29180224507541208E-007   0.117000631E-007   0.000000000E+000
   0.29211037838594578E-007   0.352741303E-008   0.000000000E+000
   0.29241851169647948E-007  -0.795447530E-008   0.000000000E+000
   0.29272664500701318E-007  -0.266351030E-008   0.000000000E+000
   0.29303477831754687E-007   0.848400283E-008   0.000000000E+000
   0.29334291162808057E-007   0.364048924E-008   0.000000000E+000
   0.29365104493861427E-007  -0.108170255E-007   0.000000000E+000
   0.29395917824914797E-007  -0.954149026E-008   0.000000000E+000
   0.29426731155968167E-007   0.855390514E-008   0.000000000E+000
   0.29457544487021536E-007   0.158932316E-007   0.000000000E+000
   0.29488357818074906E-007  -0.582129900E-010   0.000000000E+000
   0.29519171149128276E-007  -0.158833231E-007   0.000000000E+000
   0.29549984480181646E-007  -0.862440430E-008   0.000000000E+000
   0.29580797811235016E-007   0.908758935E-008   0.000000000E+000
   0.29611611142288385E-007   0.107731175E-007   0.000000000E+000
   0.29642424473341755E-007  -0.243218246E-008   0.000000000E+000
   0.29673237804395125E-007  -0.731119032E-008   0.000000000E+000
   0.29704051135448495E-007   0.163052638E-008   0.000000000E+000
   0.29734864466501865E-007   0.547245094E-008   0.000000000E+000
   0.29765677797555234E-007  -0.401886080E-008   0.000000000E+000
   0.29796491128608604E-007  -0.926049548E-008   0.000000000E+000
   0.29827304459661974E-007   0.220111396E-008   0.000000000E+000
   0.29858117790715344E-007   0.139161713E-007   0.000000000E+000
   0.29888931121768714E-007   0.584083715E-008   0.000000000E+000
   0.29919744452822084E-007  -0.119708563E-007   0.000000000E+000
   0.29950557783875453E-007  -0.134466145E-007   0.000000000E+000
   0.29981371114928823E-007   0.321506199E-008   0.000000000E+000
   0.30012184445982193E-007   0.133812161E-007   0.000000000E+000
   0.30042997777035563E-007   0.443508164E-008   0.000000000E+000
   0.30073811108088933E-007  -0.712164372E-008   0.000000000E+000
   0.30104624439142302E-007  -0.474387862E-008   0.000000000E+000
   0.30135437770195672E-007   0.301300540E-008   0.000000000E+000
   0.30166251101249042E-007   0.947328438E-009   0.000000000E+000
   0.30197064432302412E-007  -0.551074253E-008   0.000000000E+000
   0.30227877763355782E-007  -0.131386724E-008   0.000000000E+000
   0.30258691094409151E-007   0.940544798E-008   0.000000000E+000
   0.30289504425462521E-007   0.802839217E-008   0.000000000E+000
   0.30320317756515891E-007  -0.678882550E-008   0.000000000E+000
   0.30351131087569261E-007  -0.140152299E-007   0.000000000E+000
   0.30381944418622631E-007  -0.229808084E-008   0.000000000E+000
   0.30412757749676000E-007   0.119360477E-007   0.000000000E+000
   0.30443571080729370E-007   0.941658485E-008   0.000000000E+000
   0.30474384411782740E-007  -0.380856857E-008   0.000000000E+000
   0.30505197742836110E-007  -0.830766744E-008   0.000000000E+000
   0.30536011073889480E-007  -0.141032563E-008   0.000000000E+000
   0.30566824404942849E-007   0.274800671E-008   0.000000000E+000
   0.30597637735996219E-007  -0.825286950E-009   0.000000000E+000
   0.30628451067049589E-007  -0.153146396E-008   0.000000000E+000
   0.30659264398102959E-007   0.496921082E-008   0.000000000E+000
   0.30690077729156329E-007   0.695576396E-008   0.000000000E+000
   0.30720891060209699E-007  -0.282758261E-008   0.000000000E+000
   0.30751704391263068E-007  -0.117934462E-007   0.000000000E+000
   0.30782517722316438E-007  -0.554664270E-008   0.000000000E+000
   0.30813331053369808E-007   0.865249383E-008   0.000000000E+000
   0.30844144384423178E-007   0.115565513E-007   0.000000000E+000
   0.30874957715476548E-007   0.240529374E-009   0.000000000E+000
   0.30905771046529917E-007  -0.893960372E-008   0.000000000E+000
   0.30936584377583287E-007  -0.559980684E-008   0.000000000E+000
   0.30967397708636657E-007   0.179215087E-008   0.000000000E+000
   0.30998211039690027E-007   0.276443712E-008   0.000000000E+000
   0.31029024370743397E-007   0.616174001E-009   0.000000000E+000
   0.31059837701796766E-007   0.241778109E-008   0.000000000E+000
   0.31090651032850136E-007   0.422370050E-008   0.000000000E+000
   0.31121464363903506E-007  -0.127904709E-008   0.000000000E+000
   0.31152277694956876E-007  -0.883294415E-008   0.000000000E+000
   0.31183091026010246E-007  -0.626437746E-008   0.000000000E+000
   0.31213904357063615E-007   0.549344570E-008   0.000000000E+000
   0.31244717688116985E-007   0.113290213E-007   0.000000000E+000
   0.31275531019170355E-007   0.344461437E-008   0.000000000E+000
   0.31306344350223725E-007  -0.750023776E-008   0.000000000E+000
   0.31337157681277095E-007  -0.825389623E-008   0.000000000E+000
   0.31367971012330464E-007  -0.695282942E-009   0.000000000E+000
   0.31398784343383834E-007   0.423924762E-008   0.000000000E+000
   0.31429597674437204E-007   0.341169204E-008   0.000000000E+000
   0.31460411005490574E-007   0.213399787E-008   0.000000000E+000
   0.31491224336543944E-007   0.179484017E-008   0.000000000E+000
   0.31522037667597314E-007  -0.165153680E-008   0.000000000E+000
   0.31552850998650683E-007  -0.679144163E-008   0.000000000E+000
   0.31583664329704053E-007  -0.553995694E-008   0.000000000E+000
   0.31614477660757423E-007   0.355481067E-008   0.000000000E+000
   0.31645290991810793E-007   0.997866412E-008   0.000000000E+000
   0.31676104322864163E-007   0.508337905E-008   0.000000000E+000
   0.31706917653917532E-007  -0.531951638E-008   0.000000000E+000
   0.31737730984970902E-007  -0.892741170E-008   0.000000000E+000
   0.31768544316024272E-007  -0.316640936E-008   0.000000000E+000
   0.31799357647077642E-007   0.370497943E-008   0.000000000E+000
   0.31830170978131012E-007   0.530303934E-008   0.000000000E+000
   0.31860984309184381E-007   0.325609339E-008   0.000000000E+000
   0.31891797640237751E-007   0.686022128E-009   0.000000000E+000
   0.31922610971291121E-007  -0.265116351E-008   0.000000000E+000
   0.31953424302344491E-007  -0.591165694E-008   0.000000000E+000
   0.31984237633397861E-007  -0.456221061E-008   0.000000000E+000
   0.32015050964451230E-007   0.261368482E-008   0.000000000E+000
   0.32045864295504600E-007   0.846297077E-008   0.000000000E+000
   0.32076677626557970E-007   0.551046764E-008   0.000000000E+000
   0.32107490957611340E-007  -0.337797612E-008   0.000000000E+000
   0.32138304288664710E-007  -0.821425239E-008   0.000000000E+000
   0.32169117619718079E-007  -0.459308236E-008   0.000000000E+000
   0.32199930950771449E-007   0.224263230E-008   0.000000000E+000
   0.32230744281824819E-007   0.563533531E-008   0.000000000E+000
   0.32261557612878189E-007   0.442605774E-008   0.000000000E+000
   0.32292370943931559E-007   0.868194183E-009   0.000000000E+000
   0.32323184274984929E-007  -0.321883076E-008   0.000000000E+000
   0.32353997606038298E-007  -0.575665204E-008   0.000000000E+000
   0.32384810937091668E-007  -0.384581211E-008   0.000000000E+000
   0.32415624268145038E-007   0.232383979E-008   0.000000000E+000
   0.32446437599198408E-007   0.710604997E-008   0.000000000E+000
   0.32477250930251778E-007   0.496957808E-008   0.000000000E+000
   0.32508064261305147E-007  -0.215554330E-008   0.000000000E+000
   0.32538877592358517E-007  -0.670047262E-008   0.000000000E+000
   0.32569690923411887E-007  -0.459106264E-008   0.000000000E+000
   0.32600504254465257E-007   0.911084541E-009   0.000000000E+000
   0.32631317585518627E-007   0.460522021E-008   0.000000000E+000
   0.32662130916571996E-007   0.462963490E-008   0.000000000E+000
   0.32692944247625366E-007   0.165082037E-008   0.000000000E+000
   0.32723757578678736E-007  -0.286242718E-008   0.000000000E+000
   0.32754570909732106E-007  -0.576878723E-008   0.000000000E+000
   0.32785384240785476E-007  -0.361418429E-008   0.000000000E+000
   0.32816197571838845E-007   0.251028154E-008   0.000000000E+000
   0.32847010902892215E-007   0.640376641E-008   0.000000000E+000
   0.32877824233945585E-007   0.377317999E-008   0.000000000E+000
   0.32908637564998955E-007  -0.227872876E-008   0.000000000E+000
   0.32939450896052325E-007  -0.528316946E-008   0.000000000E+000
   0.32970264227105694E-007  -0.316904791E-008   0.000000000E+000
   0.33001077558159064E-007   0.742309103E-009   0.000000000E+000
   0.33031890889212434E-007   0.312807291E-008   0.000000000E+000
   0.33062704220265804E-007   0.348926221E-008   0.000000000E+000
   0.33093517551319174E-007   0.188943305E-008   0.000000000E+000
   0.33124330882372544E-007  -0.183369653E-008   0.000000000E+000
   0.33155144213425913E-007  -0.519835464E-008   0.000000000E+000
   0.33185957544479283E-007  -0.373463349E-008   0.000000000E+000
   0.33216770875532653E-007   0.246673126E-008   0.000000000E+000
   0.33247584206586023E-007   0.653679111E-008   0.000000000E+000
   0.33278397537639393E-007   0.321154348E-008   0.000000000E+000
   0.33309210868692762E-007  -0.346893803E-008   0.000000000E+000
   0.33340024199746132E-007  -0.547595924E-008   0.000000000E+000
   0.33370837530799502E-007  -0.157935931E-008   0.000000000E+000
   0.33401650861852872E-007   0.238474085E-008   0.000000000E+000
   0.33432464192906242E-007   0.272291034E-008   0.000000000E+000
   0.33463277523959611E-007   0.152869273E-008   0.000000000E+000
   0.33494090855012981E-007   0.813782208E-009   0.000000000E+000
   0.33524904186066351E-007  -0.961643210E-009   0.000000000E+000
   0.33555717517119721E-007  -0.393099064E-008   0.000000000E+000
   0.33586530848173091E-007  -0.371940256E-008   0.000000000E+000
   0.33617344179226460E-007   0.188041671E-008   0.000000000E+000
   0.33648157510279830E-007   0.682669965E-008   0.000000000E+000
   0.33678970841333200E-007   0.384121890E-008   0.000000000E+000
   0.33709784172386570E-007  -0.420083790E-008   0.000000000E+000
   0.33740597503439940E-007  -0.708746395E-008   0.000000000E+000
   0.33771410834493309E-007  -0.159984070E-008   0.000000000E+000
   0.33802224165546679E-007   0.443065806E-008   0.000000000E+000
   0.33833037496600049E-007   0.416858503E-008   0.000000000E+000
   0.33863850827653419E-007   0.456003013E-009   0.000000000E+000
   0.33894664158706789E-007  -0.114751342E-008   0.000000000E+000
   0.33925477489760159E-007  -0.120720611E-008   0.000000000E+000
   0.33956290820813528E-007  -0.263023736E-008   0.000000000E+000
   0.33987104151866898E-007  -0.312792947E-008   0.000000000E+000
   0.34017917482920268E-007   0.111375398E-008   0.000000000E+000
   0.34048730813973638E-007   0.650590515E-008   0.000000000E+000
   0.34079544145027008E-007   0.494118746E-008   0.000000000E+000
   0.34110357476080377E-007  -0.351065443E-008   0.000000000E+000
   0.34141170807133747E-007  -0.846852188E-008   0.000000000E+000
   0.34171984138187117E-007  -0.334105010E-008   0.000000000E+000
   0.34202797469240487E-007   0.503650899E-008   0.000000000E+000
   0.34233610800293857E-007   0.637650110E-008   0.000000000E+000
   0.34264424131347226E-007   0.110565868E-008   0.000000000E+000
   0.34295237462400596E-007  -0.266486166E-008   0.000000000E+000
   0.34326050793453966E-007  -0.230711494E-008   0.000000000E+000
   0.34356864124507336E-007  -0.195777061E-008   0.000000000E+000
   0.34387677455560706E-007  -0.240927278E-008   0.000000000E+000
   0.34418490786614075E-007   0.457232252E-009   0.000000000E+000
   0.34449304117667445E-007   0.581966653E-008   0.000000000E+000
   0.34480117448720815E-007   0.586146509E-008   0.000000000E+000
   0.34510930779774185E-007  -0.207305995E-008   0.000000000E+000
   0.34541744110827555E-007  -0.880411122E-008   0.000000000E+000
   0.34572557441880925E-007  -0.525947685E-008   0.000000000E+000
   0.34603370772934294E-007   0.413354995E-008   0.000000000E+000
   0.34634184103987664E-007   0.762369012E-008   0.000000000E+000
   0.34664997435041034E-007   0.256261279E-008   0.000000000E+000
   0.34695810766094404E-007  -0.284738855E-008   0.000000000E+000
   0.34726624097147774E-007  -0.319025495E-008   0.000000000E+000
   0.34757437428201143E-007  -0.190584082E-008   0.000000000E+000
   0.34788250759254513E-007  -0.203449146E-008   0.000000000E+000
   0.34819064090307883E-007  -0.261858535E-009   0.000000000E+000
   0.34849877421361253E-007   0.484815121E-008   0.000000000E+000
   0.34880690752414623E-007   0.660003829E-008   0.000000000E+000
   0.34911504083467992E-007  -0.158017599E-009   0.000000000E+000
   0.34942317414521362E-007  -0.837348324E-008   0.000000000E+000
   0.34973130745574732E-007  -0.698114189E-008   0.000000000E+000
   0.35003944076628102E-007   0.265007305E-008   0.000000000E+000
   0.35034757407681472E-007   0.809034706E-008   0.000000000E+000
   0.35065570738734841E-007   0.370741970E-008   0.000000000E+000
   0.35096384069788211E-007  -0.266010458E-008   0.000000000E+000
   0.35127197400841581E-007  -0.334057249E-008   0.000000000E+000
   0.35158010731894951E-007  -0.132856592E-008   0.000000000E+000
   0.35188824062948321E-007  -0.174889325E-008   0.000000000E+000
   0.35219637394001690E-007  -0.165541580E-008   0.000000000E+000
   0.35250450725055060E-007   0.311981063E-008   0.000000000E+000
   0.35281264056108430E-007   0.720040383E-008   0.000000000E+000
   0.35312077387161800E-007   0.245677123E-008   0.000000000E+000
   0.35342890718215170E-007  -0.711339032E-008   0.000000000E+000
   0.35373704049268540E-007  -0.864251604E-008   0.000000000E+000
   0.35404517380321909E-007   0.576553916E-009   0.000000000E+000
   0.35435330711375279E-007   0.819547541E-008   0.000000000E+000
   0.35466144042428649E-007   0.489517316E-008   0.000000000E+000
   0.35496957373482019E-007  -0.264920352E-008   0.000000000E+000
   0.35527770704535389E-007  -0.378740328E-008   0.000000000E+000
   0.35558584035588758E-007  -0.209637419E-009   0.000000000E+000
   0.35589397366642128E-007  -0.226549557E-009   0.000000000E+000
   0.35620210697695498E-007  -0.284280066E-008   0.000000000E+000
   0.35651024028748868E-007  -0.176162196E-009   0.000000000E+000
   0.35681837359802238E-007   0.632232267E-008   0.000000000E+000
   0.35712650690855607E-007   0.570626657E-008   0.000000000E+000
   0.35743464021908977E-007  -0.396600619E-008   0.000000000E+000
   0.35774277352962347E-007  -0.970927516E-008   0.000000000E+000
   0.35805090684015717E-007  -0.268070588E-008   0.000000000E+000
   0.35835904015069087E-007   0.741034833E-008   0.000000000E+000
   0.35866717346122456E-007   0.665781563E-008   0.000000000E+000
   0.35897530677175826E-007  -0.210939177E-008   0.000000000E+000
   0.35928344008229196E-007  -0.511191089E-008   0.000000000E+000
   0.35959157339282566E-007   0.879243345E-010   0.000000000E+000
   0.35989970670335936E-007   0.251604737E-008   0.000000000E+000
   0.36020784001389305E-007  -0.201661843E-008   0.000000000E+000
   0.36051597332442675E-007  -0.379421472E-008   0.000000000E+000
   0.36082410663496045E-007   0.272598832E-008   0.000000000E+000
   0.36113223994549415E-007   0.748605444E-008   0.000000000E+000
   0.36144037325602785E-007   0.104367004E-008   0.000000000E+000
   0.36174850656656155E-007  -0.827845792E-008   0.000000000E+000
   0.36205663987709524E-007  -0.623856877E-008   0.000000000E+000
   0.36236477318762894E-007   0.451174653E-008   0.000000000E+000
   0.36267290649816264E-007   0.802121747E-008   0.000000000E+000
   0.36298103980869634E-007  -0.310134141E-010   0.000000000E+000
   0.36328917311923004E-007  -0.618903018E-008   0.000000000E+000
   0.36359730642976373E-007  -0.151136437E-008   0.000000000E+000
   0.36390543974029743E-007   0.456048888E-008   0.000000000E+000
   0.36421357305083113E-007   0.120827415E-008   0.000000000E+000
   0.36452170636136483E-007  -0.517273335E-008   0.000000000E+000
   0.36482983967189853E-007  -0.239192488E-008   0.000000000E+000
   0.36513797298243222E-007   0.584629323E-008   0.000000000E+000
   0.36544610629296592E-007   0.549073942E-008   0.000000000E+000
   0.36575423960349962E-007  -0.395894340E-008   0.000000000E+000
   0.36606237291403332E-007  -0.773710962E-008   0.000000000E+000
   0.36637050622456702E-007   0.226045849E-009   0.000000000E+000
   0.36667863953510071E-007   0.729727745E-008   0.000000000E+000
   0.36698677284563441E-007   0.265499178E-008   0.000000000E+000
   0.36729490615616811E-007  -0.545758549E-008   0.000000000E+000
   0.36760303946670181E-007  -0.378883414E-008   0.000000000E+000
   0.36791117277723551E-007   0.416699830E-008   0.000000000E+000
   0.36821930608776920E-007   0.457320137E-008   0.000000000E+000
   0.36852743939830290E-007  -0.330000294E-008   0.000000000E+000
   0.36883557270883660E-007  -0.592177063E-008   0.000000000E+000
   0.36914370601937030E-007   0.152467328E-008   0.000000000E+000
   0.36945183932990400E-007   0.681993573E-008   0.000000000E+000
   0.36975997264043770E-007   0.114112808E-008   0.000000000E+000
   0.37006810595097139E-007  -0.617272011E-008   0.000000000E+000
   0.37037623926150509E-007  -0.328307648E-008   0.000000000E+000
   0.37068437257203879E-007   0.457231453E-008   0.000000000E+000
   0.37099250588257249E-007   0.425225632E-008   0.000000000E+000
   0.37130063919310619E-007  -0.326557270E-008   0.000000000E+000
   0.37160877250363988E-007  -0.493866903E-008   0.000000000E+000
   0.37191690581417358E-007   0.216587281E-008   0.000000000E+000
   0.37222503912470728E-007   0.596750827E-008   0.000000000E+000
   0.37253317243524098E-007  -0.241924258E-009   0.000000000E+000
   0.37284130574577468E-007  -0.642492903E-008   0.000000000E+000
   0.37314943905630837E-007  -0.243913334E-008   0.000000000E+000
   0.37345757236684207E-007   0.520782084E-008   0.000000000E+000
   0.37376570567737577E-007   0.432721947E-008   0.000000000E+000
   0.37407383898790947E-007  -0.296212299E-008   0.000000000E+000
   0.37438197229844317E-007  -0.449670789E-008   0.000000000E+000
   0.37469010560897686E-007   0.142716905E-008   0.000000000E+000
   0.37499823891951056E-007   0.402338163E-008   0.000000000E+000
   0.37530637223004426E-007  -0.103893960E-008   0.000000000E+000
   0.37561450554057796E-007  -0.445866633E-008   0.000000000E+000
   0.37592263885111166E-007   0.305567571E-009   0.000000000E+000
   0.37623077216164535E-007   0.545928147E-008   0.000000000E+000
   0.37653890547217905E-007   0.190768246E-008   0.000000000E+000
   0.37684703878271275E-007  -0.515172394E-008   0.000000000E+000
   0.37715517209324645E-007  -0.446933557E-008   0.000000000E+000
   0.37746330540378015E-007   0.282844503E-008   0.000000000E+000
   0.37777143871431385E-007   0.526026511E-008   0.000000000E+000
   0.37807957202484754E-007  -0.223955077E-009   0.000000000E+000
   0.37838770533538124E-007  -0.406159018E-008   0.000000000E+000
   0.37869583864591494E-007  -0.647723430E-009   0.000000000E+000
   0.37900397195644864E-007   0.293738323E-008   0.000000000E+000
   0.37931210526698234E-007   0.158838720E-009   0.000000000E+000
   0.37962023857751603E-007  -0.348153750E-008   0.000000000E+000
   0.37992837188804973E-007  -0.555655744E-009   0.000000000E+000
   0.38023650519858343E-007   0.459427341E-008   0.000000000E+000
   0.38054463850911713E-007   0.279493273E-008   0.000000000E+000
   0.38085277181965083E-007  -0.396730648E-008   0.000000000E+000
   0.38116090513018452E-007  -0.509446885E-008   0.000000000E+000
   0.38146903844071822E-007   0.128394761E-008   0.000000000E+000
   0.38177717175125192E-007   0.520867705E-008   0.000000000E+000
   0.38208530506178562E-007   0.118707888E-008   0.000000000E+000
   0.38239343837231932E-007  -0.344890827E-008   0.000000000E+000
   0.38270157168285301E-007  -0.154114077E-008   0.000000000E+000
   0.38300970499338671E-007   0.227156316E-008   0.000000000E+000
   0.38331783830392041E-007   0.709780901E-009   0.000000000E+000
   0.38362597161445411E-007  -0.300632386E-008   0.000000000E+000
   0.38393410492498781E-007  -0.115594034E-008   0.000000000E+000
   0.38424223823552150E-007   0.407789491E-008   0.000000000E+000
   0.38455037154605520E-007   0.349372331E-008   0.000000000E+000
   0.38485850485658890E-007  -0.316163340E-008   0.000000000E+000
   0.38516663816712260E-007  -0.563473623E-008   0.000000000E+000
   0.38547477147765630E-007   0.286195068E-009   0.000000000E+000
   0.38578290478819000E-007   0.549211521E-008   0.000000000E+000
   0.38609103809872369E-007   0.218685092E-008   0.000000000E+000
   0.38639917140925739E-007  -0.363443298E-008   0.000000000E+000
   0.38670730471979109E-007  -0.262610245E-008   0.000000000E+000
   0.38701543803032479E-007   0.237741471E-008   0.000000000E+000
   0.38732357134085849E-007   0.206165396E-008   0.000000000E+000
   0.38763170465139218E-007  -0.273519873E-008   0.000000000E+000
   0.38793983796192588E-007  -0.262741673E-008   0.000000000E+000
   0.38824797127245958E-007   0.321425531E-008   0.000000000E+000
   0.38855610458299328E-007   0.468516648E-008   0.000000000E+000
   0.38886423789352698E-007  -0.189191152E-008   0.000000000E+000
   0.38917237120406067E-007  -0.639592734E-008   0.000000000E+000
   0.38948050451459437E-007  -0.113182219E-008   0.000000000E+000
   0.38978863782512807E-007   0.599709216E-008   0.000000000E+000
   0.39009677113566177E-007   0.387154842E-008   0.000000000E+000
   0.39040490444619547E-007  -0.383774168E-008   0.000000000E+000
   0.39071303775672916E-007  -0.480387685E-008   0.000000000E+000
   0.39102117106726286E-007   0.176523773E-008   0.000000000E+000
   0.39132930437779656E-007   0.440333281E-008   0.000000000E+000
   0.39163743768833026E-007  -0.943840561E-009   0.000000000E+000
   0.39194557099886396E-007  -0.430431379E-008   0.000000000E+000
   0.39225370430939765E-007   0.666890987E-009   0.000000000E+000
   0.39256183761993135E-007   0.524882848E-008   0.000000000E+000
   0.39286997093046505E-007   0.611242612E-009   0.000000000E+000
   0.39317810424099875E-007  -0.620882856E-008   0.000000000E+000
   0.39348623755153245E-007  -0.337492567E-008   0.000000000E+000
   0.39379437086206615E-007   0.548064216E-008   0.000000000E+000
   0.39410250417259984E-007   0.626570706E-008   0.000000000E+000
   0.39441063748313354E-007  -0.263483724E-008   0.000000000E+000
   0.39471877079366724E-007  -0.734207140E-008   0.000000000E+000
   0.39502690410420094E-007  -0.795069788E-009   0.000000000E+000
   0.39533503741473464E-007   0.612052808E-008   0.000000000E+000
   0.39564317072526833E-007   0.274194556E-008   0.000000000E+000
   0.39595130403580203E-007  -0.423924984E-008   0.000000000E+000
   0.39625943734633573E-007  -0.288537949E-008   0.000000000E+000
   0.39656757065686943E-007   0.364253117E-008   0.000000000E+000
   0.39687570396740313E-007   0.307707460E-008   0.000000000E+000
   0.39718383727793682E-007  -0.414747969E-008   0.000000000E+000
   0.39749197058847052E-007  -0.504876629E-008   0.000000000E+000
   0.39780010389900422E-007   0.340306316E-008   0.000000000E+000
   0.39810823720953792E-007   0.782984522E-008   0.000000000E+000
   0.39841637052007162E-007   0.117280408E-009   0.000000000E+000
   0.39872450383060531E-007  -0.843443271E-008   0.000000000E+000
   0.39903263714113901E-007  -0.464191841E-008   0.000000000E+000
   0.39934077045167271E-007   0.552160850E-008   0.000000000E+000
   0.39964890376220641E-007   0.668383660E-008   0.000000000E+000
