t              AirBox.fdtd_Point probe C_Hy_75_50_13.dat       incid
   0.00000000000000000E+000   0.000000000E+000   0.000000000E+000
   0.30813331053369808E-010   0.000000000E+000   0.000000000E+000
   0.61626662106739616E-010   0.000000000E+000   0.000000000E+000
   0.92439993160109424E-010   0.000000000E+000   0.000000000E+000
   0.12325332421347923E-009   0.000000000E+000   0.000000000E+000
   0.15406665526684904E-009   0.000000000E+000   0.000000000E+000
   0.18487998632021885E-009   0.540065930E-012   0.000000000E+000
   0.21569331737358866E-009   0.470071855E-011   0.000000000E+000
   0.24650664842695846E-009   0.222952403E-010   0.000000000E+000
   0.27731997948032827E-009   0.768338865E-010   0.000000000E+000
   0.30813331053369808E-009   0.218555493E-009   0.000000000E+000
   0.33894664158706789E-009   0.553254831E-009   0.228423433E-009
   0.36975997264043770E-009   0.130458999E-008   0.526318822E-009
   0.40057330369380750E-009   0.293416247E-008   0.110934240E-008
   0.43138663474717731E-009   0.635769926E-008   0.267191580E-008
   0.46219996580054712E-009   0.133678189E-007   0.617416251E-008
   0.49301329685391693E-009   0.274814109E-007   0.135078384E-007
   0.52382662790728673E-009   0.554885062E-007   0.278441163E-007
   0.55463995896065654E-009   0.109945390E-006   0.536819478E-007
   0.58545329001402635E-009   0.212931852E-006   0.112934245E-006
   0.61626662106739616E-009   0.402282694E-006   0.229168663E-006
   0.64707995212076597E-009   0.742492489E-006   0.443524897E-006
   0.67789328317413577E-009   0.134210973E-005   0.817626528E-006
   0.70870661422750558E-009   0.237738277E-005   0.143368925E-005
   0.73951994528087539E-009   0.412093323E-005   0.264308096E-005
   0.77033327633424520E-009   0.697970245E-005   0.471803287E-005
   0.80114660738761501E-009   0.115510356E-004   0.808720324E-005
   0.83195993844098481E-009   0.186983070E-004   0.133254480E-004
   0.86277326949435462E-009   0.296291109E-004   0.211424667E-004
   0.89358660054772443E-009   0.459497242E-004   0.342551102E-004
   0.92439993160109424E-009   0.696916395E-004   0.538871755E-004
   0.95521326265446405E-009   0.103327649E-003   0.818986155E-004
   0.98602659370783385E-009   0.149774743E-003   0.120523837E-003
   0.10168399247612037E-008   0.212328334E-003   0.172223430E-003
   0.10476532558145735E-008   0.294451311E-003   0.245876960E-003
   0.10784665868679433E-008   0.399397541E-003   0.341522566E-003
   0.11092799179213131E-008   0.529732089E-003   0.460664567E-003
   0.11400932489746829E-008   0.686843065E-003   0.604892499E-003
   0.11709065800280527E-008   0.870506279E-003   0.775169465E-003
   0.12017199110814225E-008   0.107851299E-002   0.977549586E-003
   0.12325332421347923E-008   0.130634173E-002   0.120128738E-002
   0.12633465731881621E-008   0.154690712E-002   0.143927010E-002
   0.12941599042415319E-008   0.179053040E-002   0.168436801E-002
   0.13249732352949017E-008   0.202535512E-002   0.192829280E-002
   0.13557865663482715E-008   0.223833439E-002   0.215297774E-002
   0.13865998974016414E-008   0.241662306E-002   0.234556408E-002
   0.14174132284550112E-008   0.254897168E-002   0.249775569E-002
   0.14482265595083810E-008   0.262676249E-002   0.260185869E-002
   0.14790398905617508E-008   0.264462107E-002   0.265158387E-002
   0.15098532216151206E-008   0.260079768E-002   0.262707868E-002
   0.15406665526684904E-008   0.249750563E-002   0.254267221E-002
   0.15714798837218602E-008   0.234112167E-002   0.240765163E-002
   0.16022932147752300E-008   0.214189873E-002   0.222918880E-002
   0.16331065458285998E-008   0.191287696E-002   0.201585889E-002
   0.16639198768819696E-008   0.166808115E-002   0.177619932E-002
   0.16947332079353394E-008   0.142058707E-002   0.153050991E-002
   0.17255465389887092E-008   0.118120410E-002   0.128897047E-002
   0.17563598700420791E-008   0.958146760E-003   0.105913600E-002
   0.17871732010954489E-008   0.757415488E-003   0.847403484E-003
   0.18179865321488187E-008   0.583201472E-003   0.665499014E-003
   0.18487998632021885E-008   0.437816198E-003   0.511601451E-003
   0.18796131942555583E-008   0.321261730E-003   0.383223203E-003
   0.19104265253089281E-008   0.231055179E-003   0.279010972E-003
   0.19412398563622979E-008   0.162851531E-003   0.196986308E-003
   0.19720531874156677E-008   0.111799614E-003   0.138194053E-003
   0.20028665184690375E-008   0.739220122E-004   0.949753376E-004
   0.20336798495224073E-008   0.466946622E-004   0.632650335E-004
   0.20644931805757771E-008   0.285565657E-004   0.407455918E-004
   0.20953065116291469E-008   0.178826958E-004   0.253240505E-004
   0.21261198426825167E-008   0.123463842E-004   0.159061310E-004
   0.21569331737358866E-008   0.923785410E-005   0.979246579E-005
   0.21877465047892564E-008   0.647390243E-005   0.579835660E-005
   0.22185598358426262E-008   0.342241447E-005   0.329799150E-005
   0.22493731668959960E-008   0.797047960E-006   0.180054542E-005
   0.22801864979493658E-008  -0.352734787E-006   0.101488229E-005
   0.23109998290027356E-008   0.224360576E-006   0.560764477E-006
   0.23418131600561054E-008   0.160764375E-005   0.294986080E-006
   0.23726264911094752E-008   0.235142147E-005   0.147930905E-006
   0.24034398221628450E-008   0.159485421E-005   0.708058394E-007
   0.24342531532162148E-008  -0.272730517E-006   0.358987933E-007
   0.24650664842695846E-008  -0.192720745E-005   0.178343349E-007
   0.24958798153229544E-008  -0.216663852E-005   0.832841351E-008
   0.25266931463763243E-008  -0.887128408E-006   0.367648112E-008
   0.25575064774296941E-008   0.803722969E-006   0.154007818E-008
   0.25883198084830639E-008   0.146338994E-005   0.704024339E-009
   0.26191331395364337E-008   0.506951096E-006   0.314994086E-009
   0.26499464705898035E-008  -0.127378803E-005   0.130465971E-009
   0.26807598016431733E-008  -0.235173866E-005   0.506179682E-010
   0.27115731326965431E-008  -0.176892877E-005   0.185283854E-010
   0.27423864637499129E-008   0.194656877E-007   0.765536419E-011
   0.27731997948032827E-008   0.152651501E-005   0.308934605E-011
   0.28040131258566525E-008   0.152117548E-005   0.113373579E-011
   0.28348264569100223E-008   0.819945853E-007   0.386015438E-012
   0.28656397879633921E-008  -0.150369226E-005   0.123298426E-012
   0.28964531190167619E-008  -0.187148692E-005   0.461550726E-013
   0.29272664500701318E-008  -0.731967589E-006   0.168227045E-013
   0.29580797811235016E-008   0.927364113E-006   0.546403421E-014
   0.29888931121768714E-008   0.171143643E-005   0.163034615E-014
   0.30197064432302412E-008   0.996402605E-006   0.453846818E-015
   0.30505197742836110E-008  -0.563092271E-006   0.154296038E-015
   0.30813331053369808E-008  -0.161097887E-005   0.000000000E+000
   0.31121464363903506E-008  -0.126292298E-005   0.000000000E+000
   0.31429597674437204E-008   0.135198206E-006   0.000000000E+000
   0.31737730984970902E-008   0.134009849E-005   0.000000000E+000
   0.32045864295504600E-008   0.133633921E-005   0.000000000E+000
   0.32353997606038298E-008   0.213330964E-006   0.000000000E+000
   0.32662130916571996E-008  -0.997883035E-006   0.000000000E+000
   0.32970264227105694E-008  -0.129953082E-005   0.000000000E+000
   0.33278397537639393E-008  -0.548818889E-006   0.000000000E+000
   0.33586530848173091E-008   0.559765908E-006   0.000000000E+000
   0.33894664158706789E-008   0.116121055E-005   0.000000000E+000
   0.34202797469240487E-008   0.859631314E-006   0.000000000E+000
   0.34510930779774185E-008  -0.818816943E-007   0.000000000E+000
   0.34819064090307883E-008  -0.966303105E-006   0.000000000E+000
   0.35127197400841581E-008  -0.111318695E-005   0.000000000E+000
   0.35435330711375279E-008  -0.348789342E-006   0.000000000E+000
   0.35743464021908977E-008   0.769995211E-006   0.000000000E+000
   0.36051597332442675E-008   0.131240063E-005   0.000000000E+000
   0.36359730642976373E-008   0.770371628E-006   0.000000000E+000
   0.36667863953510071E-008  -0.416631167E-006   0.000000000E+000
   0.36975997264043770E-008  -0.120747723E-005   0.000000000E+000
   0.37284130574577468E-008  -0.905333650E-006   0.000000000E+000
   0.37592263885111166E-008   0.224100290E-006   0.000000000E+000
   0.37900397195644864E-008   0.123420898E-005   0.000000000E+000
   0.38208530506178562E-008   0.132689900E-005   0.000000000E+000
   0.38516663816712260E-008   0.455106999E-006   0.000000000E+000
   0.38824797127245958E-008  -0.698543602E-006   0.000000000E+000
   0.39132930437779656E-008  -0.122795007E-005   0.000000000E+000
   0.39441063748313354E-008  -0.658224565E-006   0.000000000E+000
   0.39749197058847052E-008   0.621629340E-006   0.000000000E+000
   0.40057330369380750E-008   0.153895962E-005   0.000000000E+000
   0.40365463679914448E-008   0.120023276E-005   0.000000000E+000
   0.40673596990448146E-008  -0.214095849E-006   0.000000000E+000
   0.40981730300981845E-008  -0.148291440E-005   0.000000000E+000
   0.41289863611515543E-008  -0.145893864E-005   0.000000000E+000
   0.41597996922049241E-008  -0.194185873E-006   0.000000000E+000
   0.41906130232582939E-008   0.111831059E-005   0.000000000E+000
   0.42214263543116637E-008   0.131373622E-005   0.000000000E+000
   0.42522396853650335E-008   0.292977120E-006   0.000000000E+000
   0.42830530164184033E-008  -0.102858712E-005   0.000000000E+000
   0.43138663474717731E-008  -0.159509204E-005   0.000000000E+000
   0.43446796785251429E-008  -0.100322450E-005   0.000000000E+000
   0.43754930095785127E-008   0.292874574E-006   0.000000000E+000
   0.44063063406318825E-008   0.130952856E-005   0.000000000E+000
   0.44371196716852523E-008   0.120011941E-005   0.000000000E+000
   0.44679330027386222E-008  -0.349127731E-007   0.000000000E+000
   0.44987463337919920E-008  -0.137840493E-005   0.000000000E+000
   0.45295596648453618E-008  -0.158379316E-005   0.000000000E+000
   0.45603729958987316E-008  -0.379389121E-006   0.000000000E+000
   0.45911863269521014E-008   0.116182559E-005   0.000000000E+000
   0.46219996580054712E-008   0.162455592E-005   0.000000000E+000
   0.46528129890588410E-008   0.631489911E-006   0.000000000E+000
   0.46836263201122108E-008  -0.854309747E-006   0.000000000E+000
   0.47144396511655806E-008  -0.153106635E-005   0.000000000E+000
   0.47452529822189504E-008  -0.918485398E-006   0.000000000E+000
   0.47760663132723202E-008   0.392172865E-006   0.000000000E+000
   0.48068796443256900E-008   0.135130199E-005   0.000000000E+000
   0.48376929753790598E-008   0.122957067E-005   0.000000000E+000
   0.48685063064324297E-008   0.924839014E-007   0.000000000E+000
   0.48993196374857995E-008  -0.119047274E-005   0.000000000E+000
   0.49301329685391693E-008  -0.151852259E-005   0.000000000E+000
   0.49609462995925391E-008  -0.508538619E-006   0.000000000E+000
   0.49917596306459089E-008   0.999729764E-006   0.000000000E+000
   0.50225729616992787E-008   0.160593549E-005   0.000000000E+000
   0.50533862927526485E-008   0.710564223E-006   0.000000000E+000
   0.50841996238060183E-008  -0.850230094E-006   0.000000000E+000
   0.51150129548593881E-008  -0.163865820E-005   0.000000000E+000
   0.51458262859127579E-008  -0.101709293E-005   0.000000000E+000
   0.51766396169661277E-008   0.353885980E-006   0.000000000E+000
   0.52074529480194975E-008   0.126568216E-005   0.000000000E+000
   0.52382662790728673E-008   0.102040440E-005   0.000000000E+000
   0.52690796101262372E-008  -0.136727067E-006   0.000000000E+000
   0.52998929411796070E-008  -0.130211549E-005   0.000000000E+000
   0.53307062722329768E-008  -0.154914903E-005   0.000000000E+000
   0.53615196032863466E-008  -0.604333479E-006   0.000000000E+000
   0.53923329343397164E-008   0.815393776E-006   0.000000000E+000
   0.54231462653930862E-008   0.146236709E-005   0.000000000E+000
   0.54539595964464560E-008   0.681919744E-006   0.000000000E+000
   0.54847729274998258E-008  -0.842724660E-006   0.000000000E+000
   0.55155862585531956E-008  -0.165769973E-005   0.000000000E+000
   0.55463995896065654E-008  -0.961874548E-006   0.000000000E+000
   0.55772129206599352E-008   0.616398324E-006   0.000000000E+000
   0.56080262517133050E-008   0.169087525E-005   0.000000000E+000
   0.56388395827666749E-008   0.143624698E-005   0.000000000E+000
   0.56696529138200447E-008   0.211241968E-006   0.000000000E+000
   0.57004662448734145E-008  -0.905153570E-006   0.000000000E+000
   0.57312795759267843E-008  -0.101311923E-005   0.000000000E+000
   0.57620929069801541E-008  -0.854902282E-008   0.000000000E+000
   0.57929062380335239E-008   0.134899210E-005   0.000000000E+000
   0.58237195690868937E-008   0.193873711E-005   0.000000000E+000
   0.58545329001402635E-008   0.116383717E-005   0.000000000E+000
   0.58853462311936333E-008  -0.422222342E-006   0.000000000E+000
   0.59161595622470031E-008  -0.147740366E-005   0.000000000E+000
   0.59469728933003729E-008  -0.108419113E-005   0.000000000E+000
   0.59777862243537427E-008   0.352613711E-006   0.000000000E+000
   0.60085995554071125E-008   0.149066477E-005   0.000000000E+000
   0.60394128864604824E-008   0.131892261E-005   0.000000000E+000
   0.60702262175138522E-008   0.133117055E-007   0.000000000E+000
   0.61010395485672220E-008  -0.133731123E-005   0.000000000E+000
   0.61318528796205918E-008  -0.167841461E-005   0.000000000E+000
   0.61626662106739616E-008  -0.754204223E-006   0.000000000E+000
   0.61934795417273314E-008   0.739719155E-006   0.000000000E+000
   0.62242928727807012E-008   0.162084916E-005   0.000000000E+000
   0.62551062038340710E-008   0.110106362E-005   0.000000000E+000
   0.62859195348874408E-008  -0.462637558E-006   0.000000000E+000
   0.63167328659408106E-008  -0.171669717E-005   0.000000000E+000
   0.63475461969941804E-008  -0.148901574E-005   0.000000000E+000
   0.63783595280475502E-008   0.467077825E-007   0.000000000E+000
   0.64091728591009200E-008   0.148552101E-005   0.000000000E+000
   0.64399861901542899E-008   0.154178713E-005   0.000000000E+000
   0.64707995212076597E-008   0.231640797E-006   0.000000000E+000
   0.65016128522610295E-008  -0.125957456E-005   0.000000000E+000
   0.65324261833143993E-008  -0.171134946E-005   0.000000000E+000
   0.65632395143677691E-008  -0.837637174E-006   0.000000000E+000
   0.65940528454211389E-008   0.609333995E-006   0.000000000E+000
   0.66248661764745087E-008   0.146759066E-005   0.000000000E+000
   0.66556795075278785E-008   0.103851255E-005   0.000000000E+000
   0.66864928385812483E-008  -0.334023184E-006   0.000000000E+000
   0.67173061696346181E-008  -0.147144908E-005   0.000000000E+000
   0.67481195006879879E-008  -0.135953997E-005   0.000000000E+000
   0.67789328317413577E-008  -0.107241021E-006   0.000000000E+000
   0.68097461627947276E-008   0.113829356E-005   0.000000000E+000
   0.68405594938480974E-008   0.130406295E-005   0.000000000E+000
   0.68713728249014672E-008   0.375514219E-006   0.000000000E+000
   0.69021861559548370E-008  -0.733912316E-006   0.000000000E+000
   0.69329994870082068E-008  -0.113677834E-005   0.000000000E+000
   0.69638128180615766E-008  -0.668329335E-006   0.000000000E+000
   0.69946261491149464E-008   0.211517829E-006   0.000000000E+000
   0.70254394801683162E-008   0.896738356E-006   0.000000000E+000
   0.70562528112216860E-008   0.957539328E-006   0.000000000E+000
   0.70870661422750558E-008   0.307528182E-006   0.000000000E+000
   0.71178794733284256E-008  -0.647819832E-006   0.000000000E+000
   0.71486928043817954E-008  -0.114173702E-005   0.000000000E+000
   0.71795061354351652E-008  -0.670887516E-006   0.000000000E+000
   0.72103194664885351E-008   0.413709586E-006   0.000000000E+000
   0.72411327975419049E-008   0.114529325E-005   0.000000000E+000
   0.72719461285952747E-008   0.884394126E-006   0.000000000E+000
   0.73027594596486445E-008  -0.864170033E-007   0.000000000E+000
   0.73335727907020143E-008  -0.927452504E-006   0.000000000E+000
   0.73643861217553841E-008  -0.101584135E-005   0.000000000E+000
   0.73951994528087539E-008  -0.330443072E-006   0.000000000E+000
   0.74260127838621237E-008   0.637158450E-006   0.000000000E+000
   0.74568261149154935E-008   0.116485012E-005   0.000000000E+000
   0.74876394459688633E-008   0.749425965E-006   0.000000000E+000
   0.75184527770222331E-008  -0.380077552E-006   0.000000000E+000
   0.75492661080756029E-008  -0.125849522E-005   0.000000000E+000
   0.75800794391289728E-008  -0.101649925E-005   0.000000000E+000
   0.76108927701823426E-008   0.185376621E-006   0.000000000E+000
   0.76417061012357124E-008   0.122881966E-005   0.000000000E+000
   0.76725194322890822E-008   0.114047077E-005   0.000000000E+000
   0.77033327633424520E-008   0.389554771E-007   0.000000000E+000
   0.77341460943958218E-008  -0.104478704E-005   0.000000000E+000
   0.77649594254491916E-008  -0.117489185E-005   0.000000000E+000
   0.77957727565025614E-008  -0.300646093E-006   0.000000000E+000
   0.78265860875559312E-008   0.796548989E-006   0.000000000E+000
   0.78573994186093010E-008   0.119674678E-005   0.000000000E+000
   0.78882127496626708E-008   0.573666739E-006   0.000000000E+000
   0.79190260807160406E-008  -0.545547664E-006   0.000000000E+000
   0.79498394117694104E-008  -0.119092897E-005   0.000000000E+000
   0.79806527428227803E-008  -0.775705132E-006   0.000000000E+000
   0.80114660738761501E-008   0.339766814E-006   0.000000000E+000
   0.80422794049295199E-008   0.113481076E-005   0.000000000E+000
   0.80730927359828897E-008   0.882721565E-006   0.000000000E+000
   0.81039060670362595E-008  -0.151586391E-006   0.000000000E+000
   0.81347193980896293E-008  -0.990233502E-006   0.000000000E+000
   0.81655327291429991E-008  -0.898612996E-006   0.000000000E+000
   0.81963460601963689E-008  -0.361592924E-007   0.000000000E+000
   0.82271593912497387E-008   0.784304916E-006   0.000000000E+000
   0.82579727223031085E-008   0.877947741E-006   0.000000000E+000
   0.82887860533564783E-008   0.235038840E-006   0.000000000E+000
   0.83195993844098481E-008  -0.561268109E-006   0.000000000E+000
   0.83504127154632179E-008  -0.849818207E-006   0.000000000E+000
   0.83812260465165878E-008  -0.405093544E-006   0.000000000E+000
   0.84120393775699576E-008   0.387145064E-006   0.000000000E+000
   0.84428527086233274E-008   0.827737608E-006   0.000000000E+000
   0.84736660396766972E-008   0.510777284E-006   0.000000000E+000
   0.85044793707300670E-008  -0.267513258E-006   0.000000000E+000
   0.85352927017834368E-008  -0.763650405E-006   0.000000000E+000
   0.85661060328368066E-008  -0.526003873E-006   0.000000000E+000
   0.85969193638901764E-008   0.163006916E-006   0.000000000E+000
   0.86277326949435462E-008   0.629215720E-006   0.000000000E+000
   0.86585460259969160E-008   0.503326874E-006   0.000000000E+000
   0.86893593570502858E-008  -0.103110551E-007   0.000000000E+000
   0.87201726881036556E-008  -0.450903798E-006   0.000000000E+000
   0.87509860191570255E-008  -0.510363350E-006   0.000000000E+000
   0.87817993502103953E-008  -0.173404885E-006   0.000000000E+000
   0.88126126812637651E-008   0.318419097E-006   0.000000000E+000
   0.88434260123171349E-008   0.573229045E-006   0.000000000E+000
   0.88742393433705047E-008   0.320810670E-006   0.000000000E+000
   0.89050526744238745E-008  -0.262631318E-006   0.000000000E+000
   0.89358660054772443E-008  -0.617466128E-006   0.000000000E+000
   0.89666793365306141E-008  -0.366250703E-006   0.000000000E+000
   0.89974926675839839E-008   0.233484087E-006   0.000000000E+000
   0.90283059986373537E-008   0.563653884E-006   0.000000000E+000
   0.90591193296907235E-008   0.341363261E-006   0.000000000E+000
   0.90899326607440933E-008  -0.132761954E-006   0.000000000E+000
   0.91207459917974631E-008  -0.406366155E-006   0.000000000E+000
   0.91515593228508330E-008  -0.335367986E-006   0.000000000E+000
   0.91823726539042028E-008  -0.579913149E-007   0.000000000E+000
   0.92131859849575726E-008   0.247971712E-006   0.000000000E+000
   0.92439993160109424E-008   0.412544921E-006   0.000000000E+000
   0.92748126470643122E-008   0.264190703E-006   0.000000000E+000
   0.93056259781176820E-008  -0.169121307E-006   0.000000000E+000
   0.93364393091710518E-008  -0.515565034E-006   0.000000000E+000
   0.93672526402244216E-008  -0.379458811E-006   0.000000000E+000
   0.93980659712777914E-008   0.153753263E-006   0.000000000E+000
   0.94288793023311612E-008   0.540455972E-006   0.000000000E+000
   0.94596926333845310E-008   0.391923692E-006   0.000000000E+000
   0.94905059644379008E-008  -0.978957644E-007   0.000000000E+000
   0.95213192954912707E-008  -0.434503875E-006   0.000000000E+000
   0.95521326265446405E-008  -0.374824822E-006   0.000000000E+000
   0.95829459575980103E-008  -0.581933080E-007   0.000000000E+000
   0.96137592886513801E-008   0.265194984E-006   0.000000000E+000
   0.96445726197047499E-008   0.417076308E-006   0.000000000E+000
   0.96753859507581197E-008   0.278714992E-006   0.000000000E+000
   0.97061992818114895E-008  -0.130456954E-006   0.000000000E+000
   0.97370126128648593E-008  -0.510934228E-006   0.000000000E+000
   0.97678259439182291E-008  -0.459458334E-006   0.000000000E+000
   0.97986392749715989E-008   0.612913311E-007   0.000000000E+000
   0.98294526060249687E-008   0.569226245E-006   0.000000000E+000
   0.98602659370783385E-008   0.545619400E-006   0.000000000E+000
   0.98910792681317083E-008   0.107617666E-007   0.000000000E+000
   0.99218925991850782E-008  -0.512889869E-006   0.000000000E+000
   0.99527059302384480E-008  -0.565230550E-006   0.000000000E+000
   0.99835192612918178E-008  -0.152439469E-006   0.000000000E+000
   0.10014332592345188E-007   0.360536916E-006   0.000000000E+000
   0.10045145923398557E-007   0.589788897E-006   0.000000000E+000
   0.10075959254451927E-007   0.363533189E-006   0.000000000E+000
   0.10106772585505297E-007  -0.183819822E-006   0.000000000E+000
   0.10137585916558667E-007  -0.638358870E-006   0.000000000E+000
   0.10168399247612037E-007  -0.572378440E-006   0.000000000E+000
   0.10199212578665406E-007   0.341073587E-007   0.000000000E+000
   0.10230025909718776E-007   0.665016330E-006   0.000000000E+000
   0.10260839240772146E-007   0.714411499E-006   0.000000000E+000
   0.10291652571825516E-007   0.106424693E-006   0.000000000E+000
   0.10322465902878886E-007  -0.603961723E-006   0.000000000E+000
   0.10353279233932255E-007  -0.775247656E-006   0.000000000E+000
   0.10384092564985625E-007  -0.276822504E-006   0.000000000E+000
   0.10414905896038995E-007   0.442532212E-006   0.000000000E+000
   0.10445719227092365E-007   0.785430700E-006   0.000000000E+000
   0.10476532558145735E-007   0.484547968E-006   0.000000000E+000
   0.10507345889199105E-007  -0.220848221E-006   0.000000000E+000
   0.10538159220252474E-007  -0.769081225E-006   0.000000000E+000
   0.10568972551305844E-007  -0.694015114E-006   0.000000000E+000
   0.10599785882359214E-007  -0.186827833E-007   0.000000000E+000
   0.10630599213412584E-007   0.705765615E-006   0.000000000E+000
   0.10661412544465954E-007   0.839087534E-006   0.000000000E+000
   0.10692225875519323E-007   0.233385151E-006   0.000000000E+000
   0.10723039206572693E-007  -0.601676788E-006   0.000000000E+000
   0.10753852537626063E-007  -0.943208192E-006   0.000000000E+000
   0.10784665868679433E-007  -0.497333019E-006   0.000000000E+000
   0.10815479199732803E-007   0.352545840E-006   0.000000000E+000
   0.10846292530786172E-007   0.883632083E-006   0.000000000E+000
   0.10877105861839542E-007   0.636598145E-006   0.000000000E+000
   0.10907919192892912E-007  -0.207914354E-006   0.000000000E+000
   0.10938732523946282E-007  -0.963283583E-006   0.000000000E+000
   0.10969545854999652E-007  -0.989791715E-006   0.000000000E+000
   0.11000359186053021E-007  -0.246305774E-006   0.000000000E+000
   0.11031172517106391E-007   0.635286256E-006   0.000000000E+000
   0.11061985848159761E-007   0.873423176E-006   0.000000000E+000
   0.11092799179213131E-007   0.232491118E-006   0.000000000E+000
   0.11123612510266501E-007  -0.745195791E-006   0.000000000E+000
   0.11154425841319870E-007  -0.120498203E-005   0.000000000E+000
   0.11185239172373240E-007  -0.726950930E-006   0.000000000E+000
   0.11216052503426610E-007   0.313742362E-006   0.000000000E+000
   0.11246865834479980E-007   0.107348694E-005   0.000000000E+000
   0.11277679165533350E-007   0.955094947E-006   0.000000000E+000
   0.11308492496586720E-007   0.112702764E-006   0.000000000E+000
   0.11339305827640089E-007  -0.663168237E-006   0.000000000E+000
   0.11370119158693459E-007  -0.601817760E-006   0.000000000E+000
   0.11400932489746829E-007   0.370473117E-006   0.000000000E+000
   0.11431745820800199E-007   0.151921654E-005   0.000000000E+000
   0.11462559151853569E-007   0.190888727E-005   0.000000000E+000
   0.11493372482906938E-007   0.123153745E-005   0.000000000E+000
   0.11524185813960308E-007   0.957011252E-007   0.000000000E+000
   0.11554999145013678E-007  -0.520990909E-006   0.000000000E+000
   0.11585812476067048E-007  -0.155145074E-006   0.000000000E+000
   0.11616625807120418E-007   0.743115663E-006   0.000000000E+000
   0.11647439138173787E-007   0.123245673E-005   0.000000000E+000
   0.11678252469227157E-007   0.704017111E-006   0.000000000E+000
   0.11709065800280527E-007  -0.608787900E-006   0.000000000E+000
   0.11739879131333897E-007  -0.181853829E-005   0.000000000E+000
   0.11770692462387267E-007  -0.209334712E-005   0.000000000E+000
   0.11801505793440636E-007  -0.133598610E-005   0.000000000E+000
   0.11832319124494006E-007  -0.282438123E-006   0.000000000E+000
   0.11863132455547376E-007   0.116224385E-006   0.000000000E+000
   0.11893945786600746E-007  -0.454752126E-006   0.000000000E+000
   0.11924759117654116E-007  -0.136579172E-005   0.000000000E+000
   0.11955572448707485E-007  -0.161304229E-005   0.000000000E+000
   0.11986385779760855E-007  -0.753932568E-006   0.000000000E+000
   0.12017199110814225E-007   0.680159474E-006   0.000000000E+000
   0.12048012441867595E-007   0.166108362E-005   0.000000000E+000
   0.12078825772920965E-007   0.154470683E-005   0.000000000E+000
   0.12109639103974335E-007   0.564164111E-006   0.000000000E+000
   0.12140452435027704E-007  -0.418651439E-006   0.000000000E+000
   0.12171265766081074E-007  -0.626701592E-006   0.000000000E+000
   0.12202079097134444E-007   0.236166784E-007   0.000000000E+000
   0.12232892428187814E-007   0.867310632E-006   0.000000000E+000
   0.12263705759241184E-007   0.104865205E-005   0.000000000E+000
   0.12294519090294553E-007   0.275867819E-006   0.000000000E+000
   0.12325332421347923E-007  -0.878631795E-006   0.000000000E+000
   0.12356145752401293E-007  -0.145102604E-005   0.000000000E+000
   0.12386959083454663E-007  -0.934564639E-006   0.000000000E+000
   0.12417772414508033E-007   0.277152310E-006   0.000000000E+000
   0.12448585745561402E-007   0.124168423E-005   0.000000000E+000
   0.12479399076614772E-007   0.125694510E-005   0.000000000E+000
   0.12510212407668142E-007   0.399591102E-006   0.000000000E+000
   0.12541025738721512E-007  -0.575196680E-006   0.000000000E+000
   0.12571839069774882E-007  -0.843108865E-006   0.000000000E+000
   0.12602652400828251E-007  -0.173604633E-006   0.000000000E+000
   0.12633465731881621E-007   0.850092249E-006   0.000000000E+000
   0.12664279062934991E-007   0.128682200E-005   0.000000000E+000
   0.12695092393988361E-007   0.665519110E-006   0.000000000E+000
   0.12725905725041731E-007  -0.544759700E-006   0.000000000E+000
   0.12756719056095100E-007  -0.132198556E-005   0.000000000E+000
   0.12787532387148470E-007  -0.101139358E-005   0.000000000E+000
   0.12818345718201840E-007   0.101986188E-006   0.000000000E+000
   0.12849159049255210E-007   0.108349525E-005   0.000000000E+000
   0.12879972380308580E-007   0.115841635E-005   0.000000000E+000
   0.12910785711361950E-007   0.302859803E-006   0.000000000E+000
   0.12941599042415319E-007  -0.786235887E-006   0.000000000E+000
   0.12972412373468689E-007  -0.122865822E-005   0.000000000E+000
   0.13003225704522059E-007  -0.635311153E-006   0.000000000E+000
   0.13034039035575429E-007   0.525247856E-006   0.000000000E+000
   0.13064852366628799E-007   0.123093218E-005   0.000000000E+000
   0.13095665697682168E-007   0.782088080E-006   0.000000000E+000
   0.13126479028735538E-007  -0.493510868E-006   0.000000000E+000
   0.13157292359788908E-007  -0.147665787E-005   0.000000000E+000
   0.13188105690842278E-007  -0.129808598E-005   0.000000000E+000
   0.13218919021895648E-007  -0.148110644E-006   0.000000000E+000
   0.13249732352949017E-007   0.951423999E-006   0.000000000E+000
   0.13280545684002387E-007   0.110436804E-005   0.000000000E+000
   0.13311359015055757E-007   0.258114483E-006   0.000000000E+000
   0.13342172346109127E-007  -0.857890655E-006   0.000000000E+000
   0.13372985677162497E-007  -0.133800302E-005   0.000000000E+000
   0.13403799008215866E-007  -0.751711298E-006   0.000000000E+000
   0.13434612339269236E-007   0.513797033E-006   0.000000000E+000
   0.13465425670322606E-007   0.146008165E-005   0.000000000E+000
   0.13496239001375976E-007   0.125140616E-005   0.000000000E+000
   0.13527052332429346E-007   0.207876383E-007   0.000000000E+000
   0.13557865663482715E-007  -0.113742067E-005   0.000000000E+000
   0.13588678994536085E-007  -0.116592855E-005   0.000000000E+000
   0.13619492325589455E-007  -0.804159299E-007   0.000000000E+000
   0.13650305656642825E-007   0.106803213E-005   0.000000000E+000
   0.13681118987696195E-007   0.124599342E-005   0.000000000E+000
   0.13711932318749565E-007   0.363289303E-006   0.000000000E+000
   0.13742745649802934E-007  -0.781859342E-006   0.000000000E+000
   0.13773558980856304E-007  -0.127018643E-005   0.000000000E+000
   0.13804372311909674E-007  -0.748041202E-006   0.000000000E+000
   0.13835185642963044E-007   0.381397740E-006   0.000000000E+000
   0.13865998974016414E-007   0.123450184E-005   0.000000000E+000
   0.13896812305069783E-007   0.106626817E-005   0.000000000E+000
   0.13927625636123153E-007  -0.672124543E-007   0.000000000E+000
   0.13958438967176523E-007  -0.120611992E-005   0.000000000E+000
   0.13989252298229893E-007  -0.127957969E-005   0.000000000E+000
   0.14020065629283263E-007  -0.164778726E-006   0.000000000E+000
   0.14050878960336632E-007   0.112696262E-005   0.000000000E+000
   0.14081692291390002E-007   0.142634553E-005   0.000000000E+000
   0.14112505622443372E-007   0.519317325E-006   0.000000000E+000
   0.14143318953496742E-007  -0.747811612E-006   0.000000000E+000
   0.14174132284550112E-007  -0.133233402E-005   0.000000000E+000
   0.14204945615603481E-007  -0.850894878E-006   0.000000000E+000
   0.14235758946656851E-007   0.255381394E-006   0.000000000E+000
   0.14266572277710221E-007   0.113050544E-005   0.000000000E+000
   0.14297385608763591E-007   0.109424275E-005   0.000000000E+000
   0.14328198939816961E-007   0.140766701E-006   0.000000000E+000
   0.14359012270870330E-007  -0.962138415E-006   0.000000000E+000
   0.14389825601923700E-007  -0.123707412E-005   0.000000000E+000
   0.14420638932977070E-007  -0.403682009E-006   0.000000000E+000
   0.14451452264030440E-007   0.776182162E-006   0.000000000E+000
   0.14482265595083810E-007   0.120518121E-005   0.000000000E+000
   0.14513078926137180E-007   0.529309830E-006   0.000000000E+000
   0.14543892257190549E-007  -0.562066532E-006   0.000000000E+000
   0.14574705588243919E-007  -0.107598714E-005   0.000000000E+000
   0.14605518919297289E-007  -0.633422701E-006   0.000000000E+000
   0.14636332250350659E-007   0.313130784E-006   0.000000000E+000
   0.14667145581404029E-007   0.965652589E-006   0.000000000E+000
   0.14697958912457398E-007   0.806128583E-006   0.000000000E+000
   0.14728772243510768E-007  -0.535453069E-007   0.000000000E+000
   0.14759585574564138E-007  -0.927933627E-006   0.000000000E+000
   0.14790398905617508E-007  -0.104234516E-005   0.000000000E+000
   0.14821212236670878E-007  -0.212734733E-006   0.000000000E+000
   0.14852025567724247E-007   0.878907542E-006   0.000000000E+000
   0.14882838898777617E-007   0.123638017E-005   0.000000000E+000
   0.14913652229830987E-007   0.499166561E-006   0.000000000E+000
   0.14944465560884357E-007  -0.686464261E-006   0.000000000E+000
   0.14975278891937727E-007  -0.128270813E-005   0.000000000E+000
   0.15006092222991096E-007  -0.808940968E-006   0.000000000E+000
   0.15036905554044466E-007   0.302784770E-006   0.000000000E+000
   0.15067718885097836E-007   0.115308831E-005   0.000000000E+000
   0.15098532216151206E-007   0.109848008E-005   0.000000000E+000
   0.15129345547204576E-007   0.190449725E-006   0.000000000E+000
   0.15160158878257946E-007  -0.878973935E-006   0.000000000E+000
   0.15190972209311315E-007  -0.126847192E-005   0.000000000E+000
   0.15221785540364685E-007  -0.643291628E-006   0.000000000E+000
   0.15252598871418055E-007   0.501506861E-006   0.000000000E+000
   0.15283412202471425E-007   0.122030383E-005   0.000000000E+000
   0.15314225533524795E-007   0.936209119E-006   0.000000000E+000
   0.15345038864578164E-007  -0.670684699E-007   0.000000000E+000
   0.15375852195631534E-007  -0.943811528E-006   0.000000000E+000
   0.15406665526684904E-007  -0.103263812E-005   0.000000000E+000
   0.15437478857738274E-007  -0.342454200E-006   0.000000000E+000
   0.15468292188791644E-007   0.547583056E-006   0.000000000E+000
   0.15499105519845013E-007   0.964128049E-006   0.000000000E+000
   0.15529918850898383E-007   0.618716058E-006   0.000000000E+000
   0.15560732181951753E-007  -0.188197475E-006   0.000000000E+000
   0.15591545513005123E-007  -0.789024455E-006   0.000000000E+000
   0.15622358844058493E-007  -0.697570499E-006   0.000000000E+000
   0.15653172175111862E-007  -0.413093062E-007   0.000000000E+000
   0.15683985506165232E-007   0.566188248E-006   0.000000000E+000
   0.15714798837218602E-007   0.615318754E-006   0.000000000E+000
   0.15745612168271972E-007   0.147503499E-006   0.000000000E+000
   0.15776425499325342E-007  -0.365168091E-006   0.000000000E+000
   0.15807238830378711E-007  -0.495262384E-006   0.000000000E+000
   0.15838052161432081E-007  -0.189496916E-006   0.000000000E+000
   0.15868865492485451E-007   0.258027910E-006   0.000000000E+000
   0.15899678823538821E-007   0.456026015E-006   0.000000000E+000
   0.15930492154592191E-007   0.212364853E-006   0.000000000E+000
   0.15961305485645561E-007  -0.274891079E-006   0.000000000E+000
   0.15992118816698930E-007  -0.529946362E-006   0.000000000E+000
   0.16022932147752300E-007  -0.243187174E-006   0.000000000E+000
   0.16053745478805670E-007   0.351345363E-006   0.000000000E+000
   0.16084558809859040E-007   0.652099629E-006   0.000000000E+000
   0.16115372140912410E-007   0.317159845E-006   0.000000000E+000
   0.16146185471965779E-007  -0.354795588E-006   0.000000000E+000
   0.16176998803019149E-007  -0.733648221E-006   0.000000000E+000
   0.16207812134072519E-007  -0.482772748E-006   0.000000000E+000
   0.16238625465125889E-007   0.178079347E-006   0.000000000E+000
   0.16269438796179259E-007   0.728001851E-006   0.000000000E+000
   0.16300252127232628E-007   0.746980277E-006   0.000000000E+000
   0.16331065458285998E-007   0.169720352E-006   0.000000000E+000
   0.16361878789339368E-007  -0.635553420E-006   0.000000000E+000
   0.16392692120392738E-007  -0.102717195E-005   0.000000000E+000
   0.16423505451446108E-007  -0.573554757E-006   0.000000000E+000
   0.16454318782499477E-007   0.451307983E-006   0.000000000E+000
   0.16485132113552847E-007   0.117077548E-005   0.000000000E+000
   0.16515945444606217E-007   0.900476550E-006   0.000000000E+000
   0.16546758775659587E-007  -0.148430956E-006   0.000000000E+000
   0.16577572106712957E-007  -0.105874517E-005   0.000000000E+000
   0.16608385437766326E-007  -0.108655104E-005   0.000000000E+000
   0.16639198768819696E-007  -0.279163601E-006   0.000000000E+000
   0.16670012099873066E-007   0.695047447E-006   0.000000000E+000
   0.16700825430926436E-007   0.113705255E-005   0.000000000E+000
   0.16731638761979806E-007   0.752918027E-006   0.000000000E+000
   0.16762452093033176E-007  -0.210533017E-006   0.000000000E+000
   0.16793265424086545E-007  -0.106963444E-005   0.000000000E+000
   0.16824078755139915E-007  -0.111704958E-005   0.000000000E+000
   0.16854892086193285E-007  -0.235050834E-006   0.000000000E+000
   0.16885705417246655E-007   0.865938432E-006   0.000000000E+000
   0.16916518748300025E-007   0.122509005E-005   0.000000000E+000
   0.16947332079353394E-007   0.552978861E-006   0.000000000E+000
   0.16978145410406764E-007  -0.504764728E-006   0.000000000E+000
   0.17008958741460134E-007  -0.104850176E-005   0.000000000E+000
   0.17039772072513504E-007  -0.748001753E-006   0.000000000E+000
   0.17070585403566874E-007   0.300336751E-007   0.000000000E+000
   0.17101398734620243E-007   0.693558377E-006   0.000000000E+000
   0.17132212065673613E-007   0.849255230E-006   0.000000000E+000
   0.17163025396726983E-007   0.423558049E-006   0.000000000E+000
   0.17193838727780353E-007  -0.321017012E-006   0.000000000E+000
   0.17224652058833723E-007  -0.849377159E-006   0.000000000E+000
   0.17255465389887092E-007  -0.702367288E-006   0.000000000E+000
   0.17286278720940462E-007   0.329422392E-007   0.000000000E+000
   0.17317092051993832E-007   0.710080712E-006   0.000000000E+000
   0.17347905383047202E-007   0.737407220E-006   0.000000000E+000
   0.17378718714100572E-007   0.165053336E-006   0.000000000E+000
   0.17409532045153941E-007  -0.435605386E-006   0.000000000E+000
   0.17440345376207311E-007  -0.595537585E-006   0.000000000E+000
   0.17471158707260681E-007  -0.313728606E-006   0.000000000E+000
   0.17501972038314051E-007   0.116639967E-006   0.000000000E+000
   0.17532785369367421E-007   0.415813332E-006   0.000000000E+000
   0.17563598700420791E-007   0.419831025E-006   0.000000000E+000
   0.17594412031474160E-007   0.109546590E-006   0.000000000E+000
   0.17625225362527530E-007  -0.302744326E-006   0.000000000E+000
   0.17656038693580900E-007  -0.448852688E-006   0.000000000E+000
   0.17686852024634270E-007  -0.163362358E-006   0.000000000E+000
   0.17717665355687640E-007   0.267182600E-006   0.000000000E+000
   0.17748478686741009E-007   0.381310798E-006   0.000000000E+000
   0.17779292017794379E-007   0.789166279E-007   0.000000000E+000
   0.17810105348847749E-007  -0.266416947E-006   0.000000000E+000
   0.17840918679901119E-007  -0.270024032E-006   0.000000000E+000
   0.17871732010954489E-007   0.282794588E-007   0.000000000E+000
   0.17902545342007858E-007   0.271953724E-006   0.000000000E+000
   0.17933358673061228E-007   0.217639013E-006   0.000000000E+000
   0.17964172004114598E-007  -0.570875329E-007   0.000000000E+000
   0.17994985335167968E-007  -0.299271420E-006   0.000000000E+000
   0.18025798666221338E-007  -0.300899643E-006   0.000000000E+000
   0.18056611997274707E-007  -0.189880325E-007   0.000000000E+000
   0.18087425328328077E-007   0.365388615E-006   0.000000000E+000
   0.18118238659381447E-007   0.501869920E-006   0.000000000E+000
   0.18149051990434817E-007   0.160966010E-006   0.000000000E+000
   0.18179865321488187E-007  -0.438038683E-006   0.000000000E+000
   0.18210678652541556E-007  -0.720449520E-006   0.000000000E+000
   0.18241491983594926E-007  -0.329861166E-006   0.000000000E+000
   0.18272305314648296E-007   0.428965507E-006   0.000000000E+000
   0.18303118645701666E-007   0.847548733E-006   0.000000000E+000
   0.18333931976755036E-007   0.522951382E-006   0.000000000E+000
   0.18364745307808406E-007  -0.261741434E-006   0.000000000E+000
   0.18395558638861775E-007  -0.839939844E-006   0.000000000E+000
   0.18426371969915145E-007  -0.750308459E-006   0.000000000E+000
   0.18457185300968515E-007  -0.614746227E-007   0.000000000E+000
   0.18487998632021885E-007   0.716096224E-006   0.000000000E+000
   0.18518811963075255E-007   0.977875970E-006   0.000000000E+000
   0.18549625294128624E-007   0.454962105E-006   0.000000000E+000
   0.18580438625181994E-007  -0.507214850E-006   0.000000000E+000
   0.18611251956235364E-007  -0.112351029E-005   0.000000000E+000
   0.18642065287288734E-007  -0.812743906E-006   0.000000000E+000
   0.18672878618342104E-007   0.220714696E-006   0.000000000E+000
   0.18703691949395473E-007   0.110117890E-005   0.000000000E+000
   0.18734505280448843E-007   0.106335631E-005   0.000000000E+000
   0.18765318611502213E-007   0.144570151E-006   0.000000000E+000
   0.18796131942555583E-007  -0.879480751E-006   0.000000000E+000
   0.18826945273608953E-007  -0.118919536E-005   0.000000000E+000
   0.18857758604662322E-007  -0.565327753E-006   0.000000000E+000
   0.18888571935715692E-007   0.500760905E-006   0.000000000E+000
   0.18919385266769062E-007   0.119633273E-005   0.000000000E+000
   0.18950198597822432E-007   0.966743528E-006   0.000000000E+000
   0.18981011928875802E-007  -0.548468506E-007   0.000000000E+000
   0.19011825259929171E-007  -0.107975984E-005   0.000000000E+000
   0.19042638590982541E-007  -0.125000952E-005   0.000000000E+000
   0.19073451922035911E-007  -0.381716063E-006   0.000000000E+000
   0.19104265253089281E-007   0.819464276E-006   0.000000000E+000
   0.19135078584142651E-007   0.134635911E-005   0.000000000E+000
   0.19165891915196021E-007   0.766451763E-006   0.000000000E+000
   0.19196705246249390E-007  -0.423922984E-006   0.000000000E+000
   0.19227518577302760E-007  -0.125177178E-005   0.000000000E+000
   0.19258331908356130E-007  -0.107226310E-005   0.000000000E+000
   0.19289145239409500E-007  -0.499586577E-007   0.000000000E+000
   0.19319958570462870E-007   0.100394254E-005   0.000000000E+000
   0.19350771901516239E-007   0.126202190E-005   0.000000000E+000
   0.19381585232569609E-007   0.514122803E-006   0.000000000E+000
   0.19412398563622979E-007  -0.653600409E-006   0.000000000E+000
   0.19443211894676349E-007  -0.129985756E-005   0.000000000E+000
   0.19474025225729719E-007  -0.888573425E-006   0.000000000E+000
   0.19504838556783088E-007   0.247731180E-006   0.000000000E+000
   0.19535651887836458E-007   0.116958472E-005   0.000000000E+000
   0.19566465218889828E-007   0.112205430E-005   0.000000000E+000
   0.19597278549943198E-007   0.166929567E-006   0.000000000E+000
   0.19628091880996568E-007  -0.892922912E-006   0.000000000E+000
   0.19658905212049937E-007  -0.120190225E-005   0.000000000E+000
   0.19689718543103307E-007  -0.542440660E-006   0.000000000E+000
   0.19720531874156677E-007   0.525469602E-006   0.000000000E+000
   0.19751345205210047E-007   0.114031877E-005   0.000000000E+000
   0.19782158536263417E-007   0.826443852E-006   0.000000000E+000
   0.19812971867316787E-007  -0.139619942E-006   0.000000000E+000
   0.19843785198370156E-007  -0.962727654E-006   0.000000000E+000
   0.19874598529423526E-007  -0.980565574E-006   0.000000000E+000
   0.19905411860476896E-007  -0.205133233E-006   0.000000000E+000
   0.19936225191530266E-007   0.701301417E-006   0.000000000E+000
   0.19967038522583636E-007   0.994982429E-006   0.000000000E+000
   0.19997851853637005E-007   0.469709448E-006   0.000000000E+000
   0.20028665184690375E-007  -0.401028899E-006   0.000000000E+000
   0.20059478515743745E-007  -0.893038987E-006   0.000000000E+000
   0.20090291846797115E-007  -0.636842628E-006   0.000000000E+000
   0.20121105177850485E-007   0.110049200E-006   0.000000000E+000
   0.20151918508903854E-007   0.715754481E-006   0.000000000E+000
   0.20182731839957224E-007   0.705267780E-006   0.000000000E+000
   0.20213545171010594E-007   0.128636657E-006   0.000000000E+000
   0.20244358502063964E-007  -0.511363169E-006   0.000000000E+000
   0.20275171833117334E-007  -0.689823366E-006   0.000000000E+000
   0.20305985164170703E-007  -0.289810771E-006   0.000000000E+000
   0.20336798495224073E-007   0.319012656E-006   0.000000000E+000
   0.20367611826277443E-007   0.613105271E-006   0.000000000E+000
   0.20398425157330813E-007   0.368402226E-006   0.000000000E+000
   0.20429238488384183E-007  -0.163583394E-006   0.000000000E+000
   0.20460051819437552E-007  -0.504532636E-006   0.000000000E+000
   0.20490865150490922E-007  -0.382234873E-006   0.000000000E+000
   0.20521678481544292E-007   0.510346183E-007   0.000000000E+000
   0.20552491812597662E-007   0.392339103E-006   0.000000000E+000
   0.20583305143651032E-007   0.361282218E-006   0.000000000E+000
   0.20614118474704402E-007   0.240182771E-007   0.000000000E+000
   0.20644931805757771E-007  -0.302307456E-006   0.000000000E+000
   0.20675745136811141E-007  -0.339443773E-006   0.000000000E+000
   0.20706558467864511E-007  -0.735744550E-007   0.000000000E+000
   0.20737371798917881E-007   0.249400898E-006   0.000000000E+000
   0.20768185129971251E-007   0.337406448E-006   0.000000000E+000
   0.20798998461024620E-007   0.106206329E-006   0.000000000E+000
   0.20829811792077990E-007  -0.234010173E-006   0.000000000E+000
   0.20860625123131360E-007  -0.357167096E-006   0.000000000E+000
   0.20891438454184730E-007  -0.131497998E-006   0.000000000E+000
   0.20922251785238100E-007   0.234459876E-006   0.000000000E+000
   0.20953065116291469E-007   0.382897781E-006   0.000000000E+000
   0.20983878447344839E-007   0.162659674E-006   0.000000000E+000
   0.21014691778398209E-007  -0.217663271E-006   0.000000000E+000
   0.21045505109451579E-007  -0.399643341E-006   0.000000000E+000
   0.21076318440504949E-007  -0.220194693E-006   0.000000000E+000
   0.21107131771558318E-007   0.155225536E-006   0.000000000E+000
   0.21137945102611688E-007   0.403106839E-006   0.000000000E+000
   0.21168758433665058E-007   0.316129558E-006   0.000000000E+000
   0.21199571764718428E-007  -0.457655744E-007   0.000000000E+000
   0.21230385095771798E-007  -0.399930116E-006   0.000000000E+000
   0.21261198426825167E-007  -0.439981335E-006   0.000000000E+000
   0.21292011757878537E-007  -0.878195010E-007   0.000000000E+000
   0.21322825088931907E-007   0.386747274E-006   0.000000000E+000
   0.21353638419985277E-007   0.551975859E-006   0.000000000E+000
   0.21384451751038647E-007   0.216564018E-006   0.000000000E+000
   0.21415265082092017E-007  -0.340823277E-006   0.000000000E+000
   0.21446078413145386E-007  -0.607546440E-006   0.000000000E+000
   0.21476891744198756E-007  -0.334193459E-006   0.000000000E+000
   0.21507705075252126E-007   0.228241817E-006   0.000000000E+000
   0.21538518406305496E-007   0.586584747E-006   0.000000000E+000
   0.21569331737358866E-007   0.455692572E-006   0.000000000E+000
   0.21600145068412235E-007  -0.392726918E-007   0.000000000E+000
   0.21630958399465605E-007  -0.509451866E-006   0.000000000E+000
   0.21661771730518975E-007  -0.592325136E-006   0.000000000E+000
   0.21692585061572345E-007  -0.194058828E-006   0.000000000E+000
   0.21723398392625715E-007   0.409546828E-006   0.000000000E+000
   0.21754211723679084E-007   0.718448973E-006   0.000000000E+000
   0.21785025054732454E-007   0.411234112E-006   0.000000000E+000
   0.21815838385785824E-007  -0.298075918E-006   0.000000000E+000
   0.21846651716839194E-007  -0.778440324E-006   0.000000000E+000
   0.21877465047892564E-007  -0.569615452E-006   0.000000000E+000
   0.21908278378945933E-007   0.147357753E-006   0.000000000E+000
   0.21939091709999303E-007   0.723544758E-006   0.000000000E+000
   0.21969905041052673E-007   0.671103749E-006   0.000000000E+000
   0.22000718372106043E-007   0.756144232E-007   0.000000000E+000
   0.22031531703159413E-007  -0.557805379E-006   0.000000000E+000
   0.22062345034212782E-007  -0.749942387E-006   0.000000000E+000
   0.22093158365266152E-007  -0.363389631E-006   0.000000000E+000
   0.22123971696319522E-007   0.335115203E-006   0.000000000E+000
   0.22154785027372892E-007   0.818882995E-006   0.000000000E+000
   0.22185598358426262E-007   0.648704770E-006   0.000000000E+000
   0.22216411689479632E-007  -0.114357590E-006   0.000000000E+000
   0.22247225020533001E-007  -0.840185294E-006   0.000000000E+000
   0.22278038351586371E-007  -0.848719196E-006   0.000000000E+000
   0.22308851682639741E-007  -0.931757995E-007   0.000000000E+000
   0.22339665013693111E-007   0.747225670E-006   0.000000000E+000
   0.22370478344746481E-007   0.922929530E-006   0.000000000E+000
   0.22401291675799850E-007   0.319109063E-006   0.000000000E+000
   0.22432105006853220E-007  -0.509996539E-006   0.000000000E+000
   0.22462918337906590E-007  -0.898983217E-006   0.000000000E+000
   0.22493731668959960E-007  -0.588750254E-006   0.000000000E+000
   0.22524545000013330E-007   0.171638419E-006   0.000000000E+000
   0.22555358331066699E-007   0.830140380E-006   0.000000000E+000
   0.22586171662120069E-007   0.865483742E-006   0.000000000E+000
   0.22616984993173439E-007   0.173059902E-006   0.000000000E+000
   0.22647798324226809E-007  -0.735044011E-006   0.000000000E+000
   0.22678611655280179E-007  -0.105956565E-005   0.000000000E+000
   0.22709424986333548E-007  -0.451961398E-006   0.000000000E+000
   0.22740238317386918E-007   0.573291629E-006   0.000000000E+000
   0.22771051648440288E-007   0.109118992E-005   0.000000000E+000
   0.22801864979493658E-007   0.659711532E-006   0.000000000E+000
   0.22832678310547028E-007  -0.296997086E-006   0.000000000E+000
   0.22863491641600397E-007  -0.957614475E-006   0.000000000E+000
   0.22894304972653767E-007  -0.836664697E-006   0.000000000E+000
   0.22925118303707137E-007  -0.840639132E-007   0.000000000E+000
   0.22955931634760507E-007   0.726735266E-006   0.000000000E+000
   0.22986744965813877E-007   0.997597908E-006   0.000000000E+000
   0.23017558296867247E-007   0.482509620E-006   0.000000000E+000
   0.23048371627920616E-007  -0.475402942E-006   0.000000000E+000
   0.23079184958973986E-007  -0.109590337E-005   0.000000000E+000
   0.23109998290027356E-007  -0.791325078E-006   0.000000000E+000
   0.23140811621080726E-007   0.223799702E-006   0.000000000E+000
   0.23171624952134096E-007   0.105221841E-005   0.000000000E+000
   0.23202438283187465E-007   0.956890290E-006   0.000000000E+000
   0.23233251614240835E-007   0.592335141E-007   0.000000000E+000
   0.23264064945294205E-007  -0.833313209E-006   0.000000000E+000
   0.23294878276347575E-007  -0.100682496E-005   0.000000000E+000
   0.23325691607400945E-007  -0.395189772E-006   0.000000000E+000
   0.23356504938454314E-007   0.491022831E-006   0.000000000E+000
   0.23387318269507684E-007   0.995459231E-006   0.000000000E+000
   0.23418131600561054E-007   0.736897277E-006   0.000000000E+000
   0.23448944931614424E-007  -0.128473232E-006   0.000000000E+000
   0.23479758262667794E-007  -0.938183007E-006   0.000000000E+000
   0.23510571593721163E-007  -0.988121201E-006   0.000000000E+000
   0.23541384924774533E-007  -0.180930556E-006   0.000000000E+000
   0.23572198255827903E-007   0.795273422E-006   0.000000000E+000
   0.23603011586881273E-007   0.107301685E-005   0.000000000E+000
   0.23633824917934643E-007   0.431076558E-006   0.000000000E+000
   0.23664638248988012E-007  -0.529333704E-006   0.000000000E+000
   0.23695451580041382E-007  -0.996998892E-006   0.000000000E+000
   0.23726264911094752E-007  -0.654631208E-006   0.000000000E+000
   0.23757078242148122E-007   0.165147810E-006   0.000000000E+000
   0.23787891573201492E-007   0.829205533E-006   0.000000000E+000
   0.23818704904254862E-007   0.853025199E-006   0.000000000E+000
   0.23849518235308231E-007   0.204345270E-006   0.000000000E+000
   0.23880331566361601E-007  -0.635744811E-006   0.000000000E+000
   0.23911144897414971E-007  -0.974282784E-006   0.000000000E+000
   0.23941958228468341E-007  -0.486351496E-006   0.000000000E+000
   0.23972771559521711E-007   0.425762380E-006   0.000000000E+000
   0.24003584890575080E-007   0.955073347E-006   0.000000000E+000
   0.24034398221628450E-007   0.650442303E-006   0.000000000E+000
   0.24065211552681820E-007  -0.174022148E-006   0.000000000E+000
   0.24096024883735190E-007  -0.790241359E-006   0.000000000E+000
   0.24126838214788560E-007  -0.733303864E-006   0.000000000E+000
   0.24157651545841929E-007  -0.121169535E-006   0.000000000E+000
   0.24188464876895299E-007   0.545221042E-006   0.000000000E+000
   0.24219278207948669E-007   0.776869967E-006   0.000000000E+000
   0.24250091539002039E-007   0.402135583E-006   0.000000000E+000
   0.24280904870055409E-007  -0.306523646E-006   0.000000000E+000
   0.24311718201108778E-007  -0.778586468E-006   0.000000000E+000
   0.24342531532162148E-007  -0.590929403E-006   0.000000000E+000
   0.24373344863215518E-007   0.111067095E-006   0.000000000E+000
   0.24404158194268888E-007   0.698365511E-006   0.000000000E+000
   0.24434971525322258E-007   0.653517361E-006   0.000000000E+000
   0.24465784856375627E-007   0.621344611E-007   0.000000000E+000
   0.24496598187428997E-007  -0.521162633E-006   0.000000000E+000
   0.24527411518482367E-007  -0.628734711E-006   0.000000000E+000
   0.24558224849535737E-007  -0.243695155E-006   0.000000000E+000
   0.24589038180589107E-007   0.291723239E-006   0.000000000E+000
   0.24619851511642477E-007   0.581014319E-006   0.000000000E+000
   0.24650664842695846E-007   0.416996897E-006   0.000000000E+000
   0.24681478173749216E-007  -0.892662797E-007   0.000000000E+000
   0.24712291504802586E-007  -0.538111578E-006   0.000000000E+000
   0.24743104835855956E-007  -0.527033819E-006   0.000000000E+000
   0.24773918166909326E-007  -0.425418989E-007   0.000000000E+000
   0.24804731497962695E-007   0.470748319E-006   0.000000000E+000
   0.24835544829016065E-007   0.535353934E-006   0.000000000E+000
   0.24866358160069435E-007   0.125131095E-006   0.000000000E+000
   0.24897171491122805E-007  -0.343587345E-006   0.000000000E+000
   0.24927984822176175E-007  -0.468352539E-006   0.000000000E+000
   0.24958798153229544E-007  -0.211960554E-006   0.000000000E+000
   0.24989611484282914E-007   0.168739831E-006   0.000000000E+000
   0.25020424815336284E-007   0.393287280E-006   0.000000000E+000
   0.25051238146389654E-007   0.319331548E-006   0.000000000E+000
   0.25082051477443024E-007  -0.990314675E-008   0.000000000E+000
   0.25112864808496393E-007  -0.355079919E-006   0.000000000E+000
   0.25143678139549763E-007  -0.406956673E-006   0.000000000E+000
   0.25174491470603133E-007  -0.796667052E-007   0.000000000E+000
   0.25205304801656503E-007   0.332493670E-006   0.000000000E+000
   0.25236118132709873E-007   0.420635729E-006   0.000000000E+000
   0.25266931463763243E-007   0.107353003E-006   0.000000000E+000
   0.25297744794816612E-007  -0.272189396E-006   0.000000000E+000
   0.25328558125869982E-007  -0.358698458E-006   0.000000000E+000
   0.25359371456923352E-007  -0.132416858E-006   0.000000000E+000
   0.25390184787976722E-007   0.153112893E-006   0.000000000E+000
   0.25420998119030092E-007   0.277800950E-006   0.000000000E+000
   0.25451811450083461E-007   0.197245171E-006   0.000000000E+000
   0.25482624781136831E-007  -0.199903809E-007   0.000000000E+000
   0.25513438112190201E-007  -0.240175581E-006   0.000000000E+000
   0.25544251443243571E-007  -0.282581254E-006   0.000000000E+000
   0.25575064774296941E-007  -0.613355269E-007   0.000000000E+000
   0.25605878105350310E-007   0.248653123E-006   0.000000000E+000
   0.25636691436403680E-007   0.326387323E-006   0.000000000E+000
   0.25667504767457050E-007   0.697050382E-007   0.000000000E+000
   0.25698318098510420E-007  -0.250493400E-006   0.000000000E+000
   0.25729131429563790E-007  -0.296508432E-006   0.000000000E+000
   0.25759944760617159E-007  -0.530057775E-007   0.000000000E+000
   0.25790758091670529E-007   0.196526912E-006   0.000000000E+000
   0.25821571422723899E-007   0.227193652E-006   0.000000000E+000
   0.25852384753777269E-007   0.744712452E-007   0.000000000E+000
   0.25883198084830639E-007  -0.999801131E-007   0.000000000E+000
   0.25914011415884008E-007  -0.189023382E-006   0.000000000E+000
   0.25944824746937378E-007  -0.149237607E-006   0.000000000E+000
   0.25975638077990748E-007   0.212893667E-007   0.000000000E+000
   0.26006451409044118E-007   0.214461011E-006   0.000000000E+000
   0.26037264740097488E-007   0.229101289E-006   0.000000000E+000
   0.26068078071150858E-007  -0.491040453E-008   0.000000000E+000
   0.26098891402204227E-007  -0.268163035E-006   0.000000000E+000
   0.26129704733257597E-007  -0.261017334E-006   0.000000000E+000
   0.26160518064310967E-007   0.269040754E-007   0.000000000E+000
   0.26191331395364337E-007   0.283901812E-006   0.000000000E+000
   0.26222144726417707E-007   0.244563068E-006   0.000000000E+000
   0.26252958057471076E-007  -0.208235633E-007   0.000000000E+000
   0.26283771388524446E-007  -0.236480972E-006   0.000000000E+000
   0.26314584719577816E-007  -0.234376316E-006   0.000000000E+000
   0.26345398050631186E-007  -0.563381519E-007   0.000000000E+000
   0.26376211381684556E-007   0.160663603E-006   0.000000000E+000
   0.26407024712737925E-007   0.276020813E-006   0.000000000E+000
   0.26437838043791295E-007   0.179214766E-006   0.000000000E+000
   0.26468651374844665E-007  -0.108828914E-006   0.000000000E+000
   0.26499464705898035E-007  -0.355363596E-006   0.000000000E+000
   0.26530278036951405E-007  -0.286363274E-006   0.000000000E+000
   0.26561091368004774E-007   0.862035847E-007   0.000000000E+000
   0.26591904699058144E-007   0.406848045E-006   0.000000000E+000
   0.26622718030111514E-007   0.342519684E-006   0.000000000E+000
   0.26653531361164884E-007  -0.460755984E-007   0.000000000E+000
   0.26684344692218254E-007  -0.380865828E-006   0.000000000E+000
   0.26715158023271623E-007  -0.371182466E-006   0.000000000E+000
   0.26745971354324993E-007  -0.599542318E-007   0.000000000E+000
   0.26776784685378363E-007   0.286522123E-006   0.000000000E+000
   0.26807598016431733E-007   0.414533957E-006   0.000000000E+000
   0.26838411347485103E-007   0.223413380E-006   0.000000000E+000
   0.26869224678538473E-007  -0.175926729E-006   0.000000000E+000
   0.26900038009591842E-007  -0.478152458E-006   0.000000000E+000
   0.26930851340645212E-007  -0.385114390E-006   0.000000000E+000
   0.26961664671698582E-007   0.811224083E-007   0.000000000E+000
   0.26992478002751952E-007   0.513259920E-006   0.000000000E+000
   0.27023291333805322E-007   0.488808496E-006   0.000000000E+000
   0.27054104664858691E-007   0.155000919E-007   0.000000000E+000
   0.27084917995912061E-007  -0.467041701E-006   0.000000000E+000
   0.27115731326965431E-007  -0.532742376E-006   0.000000000E+000
   0.27146544658018801E-007  -0.154110211E-006   0.000000000E+000
   0.27177357989072171E-007   0.334991711E-006   0.000000000E+000
   0.27208171320125540E-007   0.553380517E-006   0.000000000E+000
   0.27238984651178910E-007   0.337455845E-006   0.000000000E+000
   0.27269797982232280E-007  -0.166552809E-006   0.000000000E+000
   0.27300611313285650E-007  -0.573868419E-006   0.000000000E+000
   0.27331424644339020E-007  -0.517362309E-006   0.000000000E+000
   0.27362237975392389E-007   0.108972245E-007   0.000000000E+000
   0.27393051306445759E-007   0.568111318E-006   0.000000000E+000
   0.27423864637499129E-007   0.632770139E-006   0.000000000E+000
   0.27454677968552499E-007   0.126253894E-006   0.000000000E+000
   0.27485491299605869E-007  -0.489998115E-006   0.000000000E+000
   0.27516304630659238E-007  -0.667382722E-006   0.000000000E+000
   0.27547117961712608E-007  -0.277707954E-006   0.000000000E+000
   0.27577931292765978E-007   0.325257247E-006   0.000000000E+000
   0.27608744623819348E-007   0.653645770E-006   0.000000000E+000
   0.27639557954872718E-007   0.459114858E-006   0.000000000E+000
   0.27670371285926088E-007  -0.115806756E-006   0.000000000E+000
   0.27701184616979457E-007  -0.628941280E-006   0.000000000E+000
   0.27731997948032827E-007  -0.638084714E-006   0.000000000E+000
   0.27762811279086197E-007  -0.817773866E-007   0.000000000E+000
   0.27793624610139567E-007   0.586173371E-006   0.000000000E+000
   0.27824437941192937E-007   0.755104224E-006   0.000000000E+000
   0.27855251272246306E-007   0.246236368E-006   0.000000000E+000
   0.27886064603299676E-007  -0.484674615E-006   0.000000000E+000
   0.27916877934353046E-007  -0.781586550E-006   0.000000000E+000
   0.27947691265406416E-007  -0.403928595E-006   0.000000000E+000
   0.27978504596459786E-007   0.298058126E-006   0.000000000E+000
   0.28009317927513155E-007   0.740285770E-006   0.000000000E+000
   0.28040131258566525E-007   0.581326844E-006   0.000000000E+000
   0.28070944589619895E-007  -0.543046212E-007   0.000000000E+000
   0.28101757920673265E-007  -0.675034073E-006   0.000000000E+000
   0.28132571251726635E-007  -0.761496267E-006   0.000000000E+000
   0.28163384582780004E-007  -0.187697935E-006   0.000000000E+000
   0.28194197913833374E-007   0.594305902E-006   0.000000000E+000
   0.28225011244886744E-007   0.885576924E-006   0.000000000E+000
   0.28255824575940114E-007   0.389740364E-006   0.000000000E+000
   0.28286637906993484E-007  -0.463485662E-006   0.000000000E+000
   0.28317451238046853E-007  -0.908501420E-006   0.000000000E+000
   0.28348264569100223E-007  -0.564628522E-006   0.000000000E+000
   0.28379077900153593E-007   0.245990066E-006   0.000000000E+000
   0.28409891231206963E-007   0.836422259E-006   0.000000000E+000
   0.28440704562260333E-007   0.741328108E-006   0.000000000E+000
   0.28471517893313703E-007   0.435961738E-007   0.000000000E+000
   0.28502331224367072E-007  -0.714062253E-006   0.000000000E+000
   0.28533144555420442E-007  -0.915049895E-006   0.000000000E+000
   0.28563957886473812E-007  -0.343907175E-006   0.000000000E+000
   0.28594771217527182E-007   0.567918505E-006   0.000000000E+000
   0.28625584548580552E-007   0.103029492E-005   0.000000000E+000
   0.28656397879633921E-007   0.594610015E-006   0.000000000E+000
   0.28687211210687291E-007  -0.380102961E-006   0.000000000E+000
   0.28718024541740661E-007  -0.102812464E-005   0.000000000E+000
   0.28748837872794031E-007  -0.784913595E-006   0.000000000E+000
   0.28779651203847401E-007   0.114347870E-006   0.000000000E+000
   0.28810464534900770E-007   0.897902623E-006   0.000000000E+000
   0.28841277865954140E-007   0.939416338E-006   0.000000000E+000
   0.28872091197007510E-007   0.223917652E-006   0.000000000E+000
   0.28902904528060880E-007  -0.686473641E-006   0.000000000E+000
   0.28933717859114250E-007  -0.106800667E-005   0.000000000E+000
   0.28964531190167619E-007  -0.571979456E-006   0.000000000E+000
   0.28995344521220989E-007   0.445210560E-006   0.000000000E+000
   0.29026157852274359E-007   0.112993564E-005   0.000000000E+000
   0.29056971183327729E-007   0.849563662E-006   0.000000000E+000
   0.29087784514381099E-007  -0.185430849E-006   0.000000000E+000
   0.29118597845434468E-007  -0.106602658E-005   0.000000000E+000
   0.29149411176487838E-007  -0.102147567E-005   0.000000000E+000
   0.29180224507541208E-007  -0.117316006E-006   0.000000000E+000
   0.29211037838594578E-007   0.855588098E-006   0.000000000E+000
   0.29241851169647948E-007   0.110679161E-005   0.000000000E+000
   0.29272664500701318E-007   0.466882625E-006   0.000000000E+000
   0.29303477831754687E-007  -0.546270257E-006   0.000000000E+000
   0.29334291162808057E-007  -0.113765600E-005   0.000000000E+000
   0.29365104493861427E-007  -0.812461678E-006   0.000000000E+000
   0.29395917824914797E-007   0.214011322E-006   0.000000000E+000
   0.29426731155968167E-007   0.110564542E-005   0.000000000E+000
   0.29457544487021536E-007   0.106881953E-005   0.000000000E+000
   0.29488357818074906E-007   0.954228199E-007   0.000000000E+000
   0.29519171149128276E-007  -0.967465780E-006   0.000000000E+000
   0.29549984480181646E-007  -0.118352466E-005   0.000000000E+000
   0.29580797811235016E-007  -0.390473133E-006   0.000000000E+000
   0.29611611142288385E-007   0.696048232E-006   0.000000000E+000
   0.29642424473341755E-007   0.117030015E-005   0.000000000E+000
   0.29673237804395125E-007   0.689633794E-006   0.000000000E+000
   0.29704051135448495E-007  -0.329486170E-006   0.000000000E+000
   0.29734864466501865E-007  -0.108360939E-005   0.000000000E+000
   0.29765677797555234E-007  -0.971474947E-006   0.000000000E+000
   0.29796491128608604E-007  -0.479963660E-007   0.000000000E+000
   0.29827304459661974E-007   0.953882363E-006   0.000000000E+000
   0.29858117790715344E-007   0.116748208E-005   0.000000000E+000
   0.29888931121768714E-007   0.365814003E-006   0.000000000E+000
   0.29919744452822084E-007  -0.763856747E-006   0.000000000E+000
   0.29950557783875453E-007  -0.121888172E-005   0.000000000E+000
   0.29981371114928823E-007  -0.615627641E-006   0.000000000E+000
   0.30012184445982193E-007   0.481573693E-006   0.000000000E+000
   0.30042997777035563E-007   0.112730413E-005   0.000000000E+000
   0.30073811108088933E-007   0.828397788E-006   0.000000000E+000
   0.30104624439142302E-007  -0.121065455E-006   0.000000000E+000
   0.30135437770195672E-007  -0.953369351E-006   0.000000000E+000
   0.30166251101249042E-007  -0.101835212E-005   0.000000000E+000
   0.30197064432302412E-007  -0.248978097E-006   0.000000000E+000
   0.30227877763355782E-007   0.755335520E-006   0.000000000E+000
   0.30258691094409151E-007   0.114770432E-005   0.000000000E+000
   0.30289504425462521E-007   0.549883453E-006   0.000000000E+000
   0.30320317756515891E-007  -0.543192868E-006   0.000000000E+000
   0.30351131087569261E-007  -0.116004037E-005   0.000000000E+000
   0.30381944418622631E-007  -0.754751682E-006   0.000000000E+000
   0.30412757749676000E-007   0.285148076E-006   0.000000000E+000
   0.30443571080729370E-007   0.103639650E-005   0.000000000E+000
   0.30474384411782740E-007   0.892987941E-006   0.000000000E+000
   0.30505197742836110E-007   0.327275416E-007   0.000000000E+000
   0.30536011073889480E-007  -0.822341406E-006   0.000000000E+000
   0.30566824404942849E-007  -0.100352008E-005   0.000000000E+000
   0.30597637735996219E-007  -0.370804344E-006   0.000000000E+000
   0.30628451067049589E-007   0.585495116E-006   0.000000000E+000
   0.30659264398102959E-007   0.107921755E-005   0.000000000E+000
   0.30690077729156329E-007   0.654836640E-006   0.000000000E+000
   0.30720891060209699E-007  -0.359410933E-006   0.000000000E+000
   0.30751704391263068E-007  -0.107267954E-005   0.000000000E+000
   0.30782517722316438E-007  -0.838579126E-006   0.000000000E+000
   0.30813331053369808E-007   0.123464247E-006   0.000000000E+000
   0.30844144384423178E-007   0.945512397E-006   0.000000000E+000
   0.30874957715476548E-007   0.933293848E-006   0.000000000E+000
   0.30905771046529917E-007   0.152192115E-006   0.000000000E+000
   0.30936584377583287E-007  -0.716906811E-006   0.000000000E+000
   0.30967397708636657E-007  -0.983779842E-006   0.000000000E+000
   0.30998211039690027E-007  -0.456769158E-006   0.000000000E+000
   0.31029024370743397E-007   0.449332106E-006   0.000000000E+000
   0.31059837701796766E-007   0.100852628E-005   0.000000000E+000
   0.31090651032850136E-007   0.728860869E-006   0.000000000E+000
   0.31121464363903506E-007  -0.197413669E-006   0.000000000E+000
   0.31152277694956876E-007  -0.978938942E-006   0.000000000E+000
   0.31183091026010246E-007  -0.906476998E-006   0.000000000E+000
   0.31213904357063615E-007  -0.351393510E-007   0.000000000E+000
   0.31244717688116985E-007   0.848918660E-006   0.000000000E+000
   0.31275531019170355E-007   0.974020963E-006   0.000000000E+000
   0.31306344350223725E-007   0.276739797E-006   0.000000000E+000
   0.31337157681277095E-007  -0.612344081E-006   0.000000000E+000
   0.31367971012330464E-007  -0.967868573E-006   0.000000000E+000
   0.31398784343383834E-007  -0.539392829E-006   0.000000000E+000
   0.31429597674437204E-007   0.317260344E-006   0.000000000E+000
   0.31460411005490574E-007   0.926935570E-006   0.000000000E+000
   0.31491224336543944E-007   0.784287067E-006   0.000000000E+000
   0.31522037667597314E-007  -0.322433493E-007   0.000000000E+000
   0.31552850998650683E-007  -0.852906624E-006   0.000000000E+000
   0.31583664329704053E-007  -0.948254922E-006   0.000000000E+000
   0.31614477660757423E-007  -0.208330903E-006   0.000000000E+000
   0.31645290991810793E-007   0.711442340E-006   0.000000000E+000
   0.31676104322864163E-007   0.992330683E-006   0.000000000E+000
   0.31706917653917532E-007   0.415087356E-006   0.000000000E+000
   0.31737730984970902E-007  -0.480163180E-006   0.000000000E+000
   0.31768544316024272E-007  -0.933464833E-006   0.000000000E+000
   0.31799357647077642E-007  -0.613635393E-006   0.000000000E+000
   0.31830170978131012E-007   0.182571284E-006   0.000000000E+000
   0.31860984309184381E-007   0.819523848E-006   0.000000000E+000
   0.31891797640237751E-007   0.797708310E-006   0.000000000E+000
   0.31922610971291121E-007   0.117185209E-006   0.000000000E+000
   0.31953424302344491E-007  -0.685478597E-006   0.000000000E+000
   0.31984237633397861E-007  -0.925168365E-006   0.000000000E+000
   0.32015050964451230E-007  -0.362715241E-006   0.000000000E+000
   0.32045864295504600E-007   0.526031840E-006   0.000000000E+000
   0.32076677626557970E-007   0.949515709E-006   0.000000000E+000
   0.32107490957611340E-007   0.537856181E-006   0.000000000E+000
   0.32138304288664710E-007  -0.318797504E-006   0.000000000E+000
   0.32169117619718079E-007  -0.863386049E-006   0.000000000E+000
   0.32199930950771449E-007  -0.664858590E-006   0.000000000E+000
   0.32230744281824819E-007   0.600518320E-007   0.000000000E+000
   0.32261557612878189E-007   0.702077443E-006   0.000000000E+000
   0.32292370943931559E-007   0.765034258E-006   0.000000000E+000
   0.32323184274984929E-007   0.213743533E-006   0.000000000E+000
   0.32353997606038298E-007  -0.516736520E-006   0.000000000E+000
   0.32384810937091668E-007  -0.833091690E-006   0.000000000E+000
   0.32415624268145038E-007  -0.448746732E-006   0.000000000E+000
   0.32446437599198408E-007   0.334709796E-006   0.000000000E+000
   0.32477250930251778E-007   0.838258927E-006   0.000000000E+000
   0.32508064261305147E-007   0.606631886E-006   0.000000000E+000
   0.32538877592358517E-007  -0.152988605E-006   0.000000000E+000
   0.32569690923411887E-007  -0.757314410E-006   0.000000000E+000
   0.32600504254465257E-007  -0.687828447E-006   0.000000000E+000
   0.32631317585518627E-007  -0.448471269E-007   0.000000000E+000
   0.32662130916571996E-007   0.596493749E-006   0.000000000E+000
   0.32692944247625366E-007   0.717237867E-006   0.000000000E+000
   0.32723757578678736E-007   0.257134758E-006   0.000000000E+000
   0.32754570909732106E-007  -0.393860745E-006   0.000000000E+000
   0.32785384240785476E-007  -0.719242621E-006   0.000000000E+000
   0.32816197571838845E-007  -0.457607513E-006   0.000000000E+000
   0.32847010902892215E-007   0.191796431E-006   0.000000000E+000
   0.32877824233945585E-007   0.694596793E-006   0.000000000E+000
   0.32908637564998955E-007   0.606902347E-006   0.000000000E+000
   0.32939450896052325E-007  -0.152559778E-007   0.000000000E+000
   0.32970264227105694E-007  -0.627016732E-006   0.000000000E+000
   0.33001077558159064E-007  -0.680677999E-006   0.000000000E+000
   0.33031890889212434E-007  -0.138928328E-006   0.000000000E+000
   0.33062704220265804E-007   0.499888301E-006   0.000000000E+000
   0.33093517551319174E-007   0.681156735E-006   0.000000000E+000
   0.33124330882372544E-007   0.285322528E-006   0.000000000E+000
   0.33155144213425913E-007  -0.319438527E-006   0.000000000E+000
   0.33185957544479283E-007  -0.635149888E-006   0.000000000E+000
   0.33216770875532653E-007  -0.431191410E-006   0.000000000E+000
   0.33247584206586023E-007   0.115138704E-006   0.000000000E+000
   0.33278397537639393E-007   0.569717827E-006   0.000000000E+000
   0.33309210868692762E-007   0.559961563E-006   0.000000000E+000
   0.33340024199746132E-007   0.724753590E-007   0.000000000E+000
   0.33370837530799502E-007  -0.494973335E-006   0.000000000E+000
   0.33401650861852872E-007  -0.641118163E-006   0.000000000E+000
   0.33432464192906242E-007  -0.219135501E-006   0.000000000E+000
   0.33463277523959611E-007   0.396678075E-006   0.000000000E+000
   0.33494090855012981E-007   0.649407241E-006   0.000000000E+000
   0.33524904186066351E-007   0.327046280E-006   0.000000000E+000
   0.33555717517119721E-007  -0.256975568E-006   0.000000000E+000
   0.33586530848173091E-007  -0.588918283E-006   0.000000000E+000
   0.33617344179226460E-007  -0.418673494E-006   0.000000000E+000
   0.33648157510279830E-007   0.758965371E-007   0.000000000E+000
   0.33678970841333200E-007   0.489402737E-006   0.000000000E+000
   0.33709784172386570E-007   0.507372874E-006   0.000000000E+000
   0.33740597503439940E-007   0.115304402E-006   0.000000000E+000
   0.33771410834493309E-007  -0.386239236E-006   0.000000000E+000
   0.33802224165546679E-007  -0.580728340E-006   0.000000000E+000
   0.33833037496600049E-007  -0.274261680E-006   0.000000000E+000
   0.33863850827653419E-007   0.288945870E-006   0.000000000E+000
   0.33894664158706789E-007   0.603602984E-006   0.000000000E+000
   0.33925477489760159E-007   0.376220498E-006   0.000000000E+000
   0.33956290820813528E-007  -0.179031360E-006   0.000000000E+000
   0.33987104151866898E-007  -0.552766096E-006   0.000000000E+000
   0.34017917482920268E-007  -0.434338432E-006   0.000000000E+000
   0.34048730813973638E-007   0.326618306E-007   0.000000000E+000
   0.34079544145027008E-007   0.439646328E-006   0.000000000E+000
   0.34110357476080377E-007   0.478567301E-006   0.000000000E+000
   0.34141170807133747E-007   0.143282733E-006   0.000000000E+000
   0.34171984138187117E-007  -0.306679937E-006   0.000000000E+000
   0.34202797469240487E-007  -0.523001859E-006   0.000000000E+000
   0.34233610800293857E-007  -0.309180905E-006   0.000000000E+000
   0.34264424131347226E-007   0.188480044E-006   0.000000000E+000
   0.34295237462400596E-007   0.543992201E-006   0.000000000E+000
   0.34326050793453966E-007   0.419391483E-006   0.000000000E+000
   0.34356864124507336E-007  -0.850607762E-007   0.000000000E+000
   0.34387677455560706E-007  -0.503887748E-006   0.000000000E+000
   0.34418490786614075E-007  -0.463981252E-006   0.000000000E+000
   0.34449304117667445E-007  -0.339002781E-007   0.000000000E+000
   0.34480117448720815E-007   0.389441880E-006   0.000000000E+000
   0.34510930779774185E-007   0.471284295E-006   0.000000000E+000
   0.34541744110827555E-007   0.185062618E-006   0.000000000E+000
   0.34572557441880925E-007  -0.234143215E-006   0.000000000E+000
   0.34603370772934294E-007  -0.475899867E-006   0.000000000E+000
   0.34634184103987664E-007  -0.344336598E-006   0.000000000E+000
   0.34664997435041034E-007   0.881980498E-007   0.000000000E+000
   0.34695810766094404E-007   0.475357780E-006   0.000000000E+000
   0.34726624097147774E-007   0.457872233E-006   0.000000000E+000
   0.34757437428201143E-007   0.241226417E-007   0.000000000E+000
   0.34788250759254513E-007  -0.432804114E-006   0.000000000E+000
   0.34819064090307883E-007  -0.492587901E-006   0.000000000E+000
   0.34849877421361253E-007  -0.124624250E-006   0.000000000E+000
   0.34880690752414623E-007   0.315957124E-006   0.000000000E+000
   0.34911504083467992E-007   0.463730601E-006   0.000000000E+000
   0.34942317414521362E-007   0.245061841E-006   0.000000000E+000
   0.34973130745574732E-007  -0.141979115E-006   0.000000000E+000
   0.35003944076628102E-007  -0.417978157E-006   0.000000000E+000
   0.35034757407681472E-007  -0.382355296E-006   0.000000000E+000
   0.35065570738734841E-007  -0.321710729E-007   0.000000000E+000
   0.35096384069788211E-007   0.378528028E-006   0.000000000E+000
   0.35127197400841581E-007   0.485663577E-006   0.000000000E+000
   0.35158010731894951E-007   0.156869334E-006   0.000000000E+000
   0.35188824062948321E-007  -0.321979570E-006   0.000000000E+000
   0.35219637394001690E-007  -0.503185504E-006   0.000000000E+000
   0.35250450725055060E-007  -0.235210479E-006   0.000000000E+000
   0.35281264056108430E-007   0.204896878E-006   0.000000000E+000
   0.35312077387161800E-007   0.431119560E-006   0.000000000E+000
   0.35342890718215170E-007   0.306594188E-006   0.000000000E+000
   0.35373704049268540E-007  -0.236316566E-007   0.000000000E+000
   0.35404517380321909E-007  -0.321211019E-006   0.000000000E+000
   0.35435330711375279E-007  -0.394453764E-006   0.000000000E+000
   0.35466144042428649E-007  -0.168449986E-006   0.000000000E+000
   0.35496957373482019E-007   0.226065509E-006   0.000000000E+000
   0.35527770704535389E-007   0.465612146E-006   0.000000000E+000
   0.35558584035588758E-007   0.299380474E-006   0.000000000E+000
   0.35589397366642128E-007  -0.149757568E-006   0.000000000E+000
   0.35620210697695498E-007  -0.459246451E-006   0.000000000E+000
   0.35651024028748868E-007  -0.345125812E-006   0.000000000E+000
   0.35681837359802238E-007   0.488165313E-007   0.000000000E+000
   0.35712650690855607E-007   0.348392035E-006   0.000000000E+000
   0.35743464021908977E-007   0.342887603E-006   0.000000000E+000
   0.35774277352962347E-007   0.105231621E-006   0.000000000E+000
   0.35805090684015717E-007  -0.177696123E-006   0.000000000E+000
   0.35835904015069087E-007  -0.345328857E-006   0.000000000E+000
   0.35866717346122456E-007  -0.280148953E-006   0.000000000E+000
   0.35897530677175826E-007   0.240578970E-007   0.000000000E+000
   0.35928344008229196E-007   0.355085433E-006   0.000000000E+000
   0.35959157339282566E-007   0.397022319E-006   0.000000000E+000
   0.35989970670335936E-007   0.705313425E-007   0.000000000E+000
   0.36020784001389305E-007  -0.321731022E-006   0.000000000E+000
   0.36051597332442675E-007  -0.403627467E-006   0.000000000E+000
   0.36082410663496045E-007  -0.133276018E-006   0.000000000E+000
   0.36113223994549415E-007   0.197732049E-006   0.000000000E+000
   0.36144037325602785E-007   0.320970969E-006   0.000000000E+000
   0.36174850656656155E-007   0.214162085E-006   0.000000000E+000
   0.36205663987709524E-007  -0.408098799E-008   0.000000000E+000
   0.36236477318762894E-007  -0.221700986E-006   0.000000000E+000
   0.36267290649816264E-007  -0.319243838E-006   0.000000000E+000
   0.36298103980869634E-007  -0.178137981E-006   0.000000000E+000
   0.36328917311923004E-007   0.152653371E-006   0.000000000E+000
   0.36359730642976373E-007   0.388546141E-006   0.000000000E+000
   0.36390543974029743E-007   0.274531232E-006   0.000000000E+000
   0.36421357305083113E-007  -0.947127603E-007   0.000000000E+000
   0.36452170636136483E-007  -0.355171636E-006   0.000000000E+000
   0.36482983967189853E-007  -0.283724660E-006   0.000000000E+000
   0.36513797298243222E-007  -0.691474611E-008   0.000000000E+000
   0.36544610629296592E-007   0.214582997E-006   0.000000000E+000
   0.36575423960349962E-007   0.263378126E-006   0.000000000E+000
   0.36606237291403332E-007   0.164468588E-006   0.000000000E+000
   0.36637050622456702E-007  -0.387660606E-007   0.000000000E+000
   0.36667863953510071E-007  -0.260907655E-006   0.000000000E+000
   0.36698677284563441E-007  -0.318951152E-006   0.000000000E+000
   0.36729490615616811E-007  -0.924809740E-007   0.000000000E+000
   0.36760303946670181E-007   0.256175781E-006   0.000000000E+000
   0.36791117277723551E-007   0.385701071E-006   0.000000000E+000
   0.36821930608776920E-007   0.159377862E-006   0.000000000E+000
   0.36852743939830290E-007  -0.189197948E-006   0.000000000E+000
   0.36883557270883660E-007  -0.336135770E-006   0.000000000E+000
   0.36914370601937030E-007  -0.208002888E-006   0.000000000E+000
   0.36945183932990400E-007   0.317806723E-007   0.000000000E+000
   0.36975997264043770E-007   0.219612573E-006   0.000000000E+000
   0.37006810595097139E-007   0.280626693E-006   0.000000000E+000
   0.37037623926150509E-007   0.164885606E-006   0.000000000E+000
   0.37068437257203879E-007  -0.112240755E-006   0.000000000E+000
   0.37099250588257249E-007  -0.357521230E-006   0.000000000E+000
   0.37130063919310619E-007  -0.311400669E-006   0.000000000E+000
   0.37160877250363988E-007   0.375462434E-007   0.000000000E+000
   0.37191690581417358E-007   0.367316375E-006   0.000000000E+000
   0.37222503912470728E-007   0.358151539E-006   0.000000000E+000
   0.37253317243524098E-007   0.434639560E-007   0.000000000E+000
   0.37284130574577468E-007  -0.265718143E-006   0.000000000E+000
   0.37314943905630837E-007  -0.335256232E-006   0.000000000E+000
   0.37345757236684207E-007  -0.174334573E-006   0.000000000E+000
   0.37376570567737577E-007   0.849559711E-007   0.000000000E+000
   0.37407383898790947E-007   0.304086029E-006   0.000000000E+000
   0.37438197229844317E-007   0.334764451E-006   0.000000000E+000
   0.37469010560897686E-007   0.897237555E-007   0.000000000E+000
   0.37499823891951056E-007  -0.286066722E-006   0.000000000E+000
   0.37530637223004426E-007  -0.448312505E-006   0.000000000E+000
   0.37561450554057796E-007  -0.201815055E-006   0.000000000E+000
   0.37592263885111166E-007   0.237249452E-006   0.000000000E+000
   0.37623077216164535E-007   0.450654341E-006   0.000000000E+000
   0.37653890547217905E-007   0.265913854E-006   0.000000000E+000
   0.37684703878271275E-007  -0.107399870E-006   0.000000000E+000
   0.37715517209324645E-007  -0.354620568E-006   0.000000000E+000
   0.37746330540378015E-007  -0.335032723E-006   0.000000000E+000
   0.37777143871431385E-007  -0.933522699E-007   0.000000000E+000
   0.37807957202484754E-007   0.230091615E-006   0.000000000E+000
   0.37838770533538124E-007   0.422547686E-006   0.000000000E+000
   0.37869583864591494E-007   0.287065916E-006   0.000000000E+000
   0.37900397195644864E-007  -0.132214410E-006   0.000000000E+000
   0.37931210526698234E-007  -0.478008815E-006   0.000000000E+000
   0.37962023857751603E-007  -0.399248535E-006   0.000000000E+000
   0.37992837188804973E-007   0.473690420E-007   0.000000000E+000
   0.38023650519858343E-007   0.434603123E-006   0.000000000E+000
   0.38054463850911713E-007   0.422242437E-006   0.000000000E+000
   0.38085277181965083E-007   0.748898970E-007   0.000000000E+000
   0.38116090513018452E-007  -0.286398091E-006   0.000000000E+000
   0.38146903844071822E-007  -0.412258316E-006   0.000000000E+000
   0.38177717175125192E-007  -0.250818232E-006   0.000000000E+000
   0.38208530506178562E-007   0.989930129E-007   0.000000000E+000
   0.38239343837231932E-007   0.414669188E-006   0.000000000E+000
   0.38270157168285301E-007   0.424231956E-006   0.000000000E+000
   0.38300970499338671E-007   0.497438180E-007   0.000000000E+000
   0.38331783830392041E-007  -0.412063628E-006   0.000000000E+000
   0.38362597161445411E-007  -0.515786894E-006   0.000000000E+000
   0.38393410492498781E-007  -0.144014479E-006   0.000000000E+000
   0.38424223823552150E-007   0.343107359E-006   0.000000000E+000
   0.38455037154605520E-007   0.496653172E-006   0.000000000E+000
   0.38485850485658890E-007   0.229083611E-006   0.000000000E+000
   0.38516663816712260E-007  -0.180533476E-006   0.000000000E+000
   0.38547477147765630E-007  -0.416054093E-006   0.000000000E+000
   0.38578290478819000E-007  -0.347809475E-006   0.000000000E+000
   0.38609103809872369E-007  -0.292815798E-007   0.000000000E+000
   0.38639917140925739E-007   0.342453006E-006   0.000000000E+000
   0.38670730471979109E-007   0.477010758E-006   0.000000000E+000
   0.38701543803032479E-007   0.201105138E-006   0.000000000E+000
   0.38732357134085849E-007  -0.293506844E-006   0.000000000E+000
   0.38763170465139218E-007  -0.545820455E-006   0.000000000E+000
   0.38793983796192588E-007  -0.292769528E-006   0.000000000E+000
   0.38824797127245958E-007   0.221995663E-006   0.000000000E+000
   0.38855610458299328E-007   0.506035121E-006   0.000000000E+000
   0.38886423789352698E-007   0.335027948E-006   0.000000000E+000
   0.38917237120406067E-007  -0.813439271E-007   0.000000000E+000
   0.38948050451459437E-007  -0.386450353E-006   0.000000000E+000
   0.38978863782512807E-007  -0.388291085E-006   0.000000000E+000
   0.39009677113566177E-007  -0.113417912E-006   0.000000000E+000
   0.39040490444619547E-007   0.261370303E-006   0.000000000E+000
   0.39071303775672916E-007   0.465509970E-006   0.000000000E+000
   0.39102117106726286E-007   0.287825543E-006   0.000000000E+000
   0.39132930437779656E-007  -0.177776968E-006   0.000000000E+000
   0.39163743768833026E-007  -0.516789953E-006   0.000000000E+000
   0.39194557099886396E-007  -0.381369546E-006   0.000000000E+000
   0.39225370430939765E-007   0.111086536E-006   0.000000000E+000
   0.39256183761993135E-007   0.481965117E-006   0.000000000E+000
   0.39286997093046505E-007   0.401099527E-006   0.000000000E+000
   0.39317810424099875E-007  -0.637987796E-008   0.000000000E+000
   0.39348623755153245E-007  -0.361115070E-006   0.000000000E+000
   0.39379437086206615E-007  -0.407318851E-006   0.000000000E+000
   0.39410250417259984E-007  -0.153248720E-006   0.000000000E+000
   0.39441063748313354E-007   0.214767823E-006   0.000000000E+000
   0.39471877079366724E-007   0.439496660E-006   0.000000000E+000
   0.39502690410420094E-007   0.317900515E-006   0.000000000E+000
   0.39533503741473464E-007  -0.104767196E-006   0.000000000E+000
   0.39564317072526833E-007  -0.474933046E-006   0.000000000E+000
   0.39595130403580203E-007  -0.422170075E-006   0.000000000E+000
   0.39625943734633573E-007   0.320003153E-007   0.000000000E+000
   0.39656757065686943E-007   0.454381592E-006   0.000000000E+000
   0.39687570396740313E-007   0.448068846E-006   0.000000000E+000
   0.39718383727793682E-007   0.512624467E-007   0.000000000E+000
   0.39749197058847052E-007  -0.353246293E-006   0.000000000E+000
   0.39780010389900422E-007  -0.439389339E-006   0.000000000E+000
   0.39810823720953792E-007  -0.181136443E-006   0.000000000E+000
   0.39841637052007162E-007   0.207605808E-006   0.000000000E+000
   0.39872450383060531E-007   0.444120928E-006   0.000000000E+000
   0.39903263714113901E-007   0.333571620E-006   0.000000000E+000
   0.39934077045167271E-007  -0.777995695E-007   0.000000000E+000
   0.39964890376220641E-007  -0.461740200E-006   0.000000000E+000
