t              AirBox.fdtd_Point probe A_Ez_25_50_13.dat       incid
   0.00000000000000000E+000   0.000000000E+000   0.000000000E+000
   0.30813331053369808E-010   0.000000000E+000   0.000000000E+000
   0.61626662106739616E-010   0.000000000E+000   0.000000000E+000
   0.92439993160109424E-010   0.000000000E+000   0.000000000E+000
   0.12325332421347923E-009   0.000000000E+000   0.000000000E+000
   0.15406665526684904E-009   0.000000000E+000   0.000000000E+000
   0.18487998632021885E-009   0.000000000E+000   0.000000000E+000
   0.21569331737358866E-009   0.000000000E+000   0.000000000E+000
   0.24650664842695846E-009   0.000000000E+000   0.000000000E+000
   0.27731997948032827E-009   0.000000000E+000   0.000000000E+000
   0.30813331053369808E-009   0.000000000E+000   0.000000000E+000
   0.33894664158706789E-009   0.000000000E+000  -0.210102457E-014
   0.36975997264043770E-009   0.000000000E+000  -0.542206076E-014
   0.40057330369380750E-009   0.000000000E+000  -0.133781510E-013
   0.43138663474717731E-009   0.000000000E+000  -0.311337666E-013
   0.46219996580054712E-009   0.000000000E+000  -0.678536274E-013
   0.49301329685391693E-009   0.000000000E+000  -0.136884346E-012
   0.52382662790728673E-009   0.000000000E+000  -0.307993756E-012
   0.55463995896065654E-009   0.000000000E+000  -0.666797889E-012
   0.58545329001402635E-009   0.000000000E+000  -0.137186811E-011
   0.61626662106739616E-009   0.000000000E+000  -0.267441212E-011
   0.64707995212076597E-009   0.000000000E+000  -0.492061600E-011
   0.67789328317413577E-009   0.000000000E+000  -0.968679217E-011
   0.70870661422750558E-009   0.000000000E+000  -0.184320666E-010
   0.73951994528087539E-009   0.000000000E+000  -0.335669131E-010
   0.77033327633424520E-009   0.000000000E+000  -0.585070117E-010
   0.80114660738761501E-009   0.000000000E+000  -0.976471889E-010
   0.83195993844098481E-009   0.000000000E+000  -0.168703301E-009
   0.86277326949435462E-009   0.000000000E+000  -0.282636387E-009
   0.89358660054772443E-009   0.000000000E+000  -0.456127164E-009
   0.92439993160109424E-009   0.000000000E+000  -0.710350001E-009
   0.95521326265446405E-009   0.000000000E+000  -0.107018894E-008
   0.98602659370783385E-009   0.000000000E+000  -0.162712632E-008
   0.10168399247612037E-008   0.000000000E+000  -0.240461784E-008
   0.10476532558145735E-008   0.000000000E+000  -0.344251405E-008
   0.10784665868679433E-008   0.000000000E+000  -0.478605422E-008
   0.11092799179213131E-008   0.000000000E+000  -0.647986687E-008
   0.11400932489746829E-008   0.000000000E+000  -0.869203287E-008
   0.11709065800280527E-008   0.000000000E+000  -0.113531566E-007
   0.12017199110814225E-008   0.000000000E+000  -0.144313672E-007
   0.12325332421347923E-008   0.000000000E+000  -0.178923472E-007
   0.12633465731881621E-008   0.202567616E-007  -0.216817906E-007
   0.12941599042415319E-008   0.810270464E-007  -0.257202917E-007
   0.13249732352949017E-008   0.162054093E-006  -0.297523357E-007
   0.13557865663482715E-008   0.243081132E-006  -0.336039676E-007
   0.13865998974016414E-008   0.364621712E-006  -0.371089826E-007
   0.14174132284550112E-008   0.688729870E-006  -0.400996214E-007
   0.14482265595083810E-008   0.125591919E-005  -0.421634887E-007
   0.14790398905617508E-008   0.210670305E-005  -0.432847251E-007
   0.15098532216151206E-008   0.328159513E-005  -0.434629328E-007
   0.15406665526684904E-008   0.498316285E-005  -0.426916493E-007
   0.15714798837218602E-008   0.765705590E-005  -0.409993071E-007
   0.16022932147752300E-008   0.115868679E-004  -0.382962426E-007
   0.16331065458285998E-008   0.169346531E-004  -0.349641027E-007
   0.16639198768819696E-008   0.239840065E-004  -0.312226760E-007
   0.16947332079353394E-008   0.332008349E-004  -0.272387073E-007
   0.17255465389887092E-008   0.450510415E-004  -0.231773054E-007
   0.17563598700420791E-008   0.595953970E-004  -0.192746761E-007
   0.17871732010954489E-008   0.765705627E-004  -0.156833178E-007
   0.18179865321488187E-008   0.954397401E-004  -0.124567876E-007
   0.18487998632021885E-008   0.115433162E-003  -0.963681579E-008
   0.18796131942555583E-008   0.135289854E-003  -0.724514315E-008
   0.19104265253089281E-008   0.152999331E-003  -0.537625322E-008
   0.19412398563622979E-008   0.165892765E-003  -0.390680732E-008
   0.19720531874156677E-008   0.171068372E-003  -0.275977508E-008
   0.20028665184690375E-008   0.165905425E-003  -0.189019578E-008
   0.20336798495224073E-008   0.148380801E-003  -0.125246269E-008
   0.20644931805757771E-008   0.117126518E-003  -0.831156199E-009
   0.20953065116291469E-008   0.714715716E-004  -0.540506306E-009
   0.21261198426825167E-008   0.118435819E-004  -0.339476475E-009
   0.21569331737358866E-008  -0.594203339E-004  -0.205509415E-009
   0.21877465047892564E-008  -0.137490366E-003  -0.119741758E-009
   0.22185598358426262E-008  -0.215626642E-003  -0.712263651E-010
   0.22493731668959960E-008  -0.286871364E-003  -0.415322221E-010
   0.22801864979493658E-008  -0.345330744E-003  -0.231814394E-010
   0.23109998290027356E-008  -0.385808729E-003  -0.123831171E-010
   0.23418131600561054E-008  -0.403051323E-003  -0.633157112E-011
   0.23726264911094752E-008  -0.393289491E-003  -0.338371844E-011
   0.24034398221628450E-008  -0.357916695E-003  -0.177243441E-011
   0.24342531532162148E-008  -0.304659101E-003  -0.878572117E-012
   0.24650664842695846E-008  -0.242531838E-003  -0.413456135E-012
   0.24958798153229544E-008  -0.174681365E-003  -0.185174372E-012
   0.25266931463763243E-008  -0.984507788E-004  -0.891210391E-013
   0.25575064774296941E-008  -0.149869666E-004  -0.420085753E-013
   0.25883198084830639E-008   0.627670306E-004  -0.184773224E-013
   0.26191331395364337E-008   0.116514435E-003  -0.764820776E-014
   0.26499464705898035E-008   0.139534357E-003  -0.299544604E-014
   0.26807598016431733E-008   0.144135862E-003  -0.130141382E-014
   0.27115731326965431E-008   0.148047126E-003  -0.552901392E-015
   0.27423864637499129E-008   0.154610228E-003  -0.215588546E-015
   0.27731997948032827E-008   0.152005057E-003  -0.783706977E-016
   0.28040131258566525E-008   0.133336085E-003  -0.268021126E-016
   0.28348264569100223E-008   0.110436493E-003  -0.105373769E-016
   0.28656397879633921E-008   0.100441917E-003  -0.404065901E-017
   0.28964531190167619E-008   0.101336052E-003  -0.139523418E-017
   0.29272664500701318E-008   0.911709722E-004  -0.444785769E-018
   0.29580797811235016E-008   0.565723421E-004  -0.132649100E-018
   0.29888931121768714E-008   0.153243709E-004  -0.473072089E-019
   0.30197064432302412E-008   0.125746737E-005  -0.163941656E-019
   0.30505197742836110E-008   0.261907226E-004  -0.500724979E-020
   0.30813331053369808E-008   0.636218465E-004   0.000000000E+000
   0.31121464363903506E-008   0.736715156E-004   0.000000000E+000
   0.31429597674437204E-008   0.416469520E-004   0.000000000E+000
   0.31737730984970902E-008  -0.910445306E-005   0.000000000E+000
   0.32045864295504600E-008  -0.386722386E-004   0.000000000E+000
   0.32353997606038298E-008  -0.238577486E-004   0.000000000E+000
   0.32662130916571996E-008   0.227247911E-004   0.000000000E+000
   0.32970264227105694E-008   0.605067144E-004   0.000000000E+000
   0.33278397537639393E-008   0.533885941E-004   0.000000000E+000
   0.33586530848173091E-008   0.492077379E-005   0.000000000E+000
   0.33894664158706789E-008  -0.392916445E-004   0.000000000E+000
   0.34202797469240487E-008  -0.354677795E-004   0.000000000E+000
   0.34510930779774185E-008   0.865010588E-005   0.000000000E+000
   0.34819064090307883E-008   0.395711868E-004   0.000000000E+000
   0.35127197400841581E-008   0.214609900E-004   0.000000000E+000
   0.35435330711375279E-008  -0.185934587E-004   0.000000000E+000
   0.35743464021908977E-008  -0.258531163E-004   0.000000000E+000
   0.36051597332442675E-008   0.791513048E-005   0.000000000E+000
   0.36359730642976373E-008   0.312819466E-004   0.000000000E+000
   0.36667863953510071E-008   0.305243520E-005   0.000000000E+000
   0.36975997264043770E-008  -0.481886673E-004   0.000000000E+000
   0.37284130574577468E-008  -0.584600639E-004   0.000000000E+000
   0.37592263885111166E-008  -0.123912905E-004   0.000000000E+000
   0.37900397195644864E-008   0.358893521E-004   0.000000000E+000
   0.38208530506178562E-008   0.305877038E-004   0.000000000E+000
   0.38516663816712260E-008  -0.214595639E-004   0.000000000E+000
   0.38824797127245958E-008  -0.676512136E-004   0.000000000E+000
   0.39132930437779656E-008  -0.714894486E-004   0.000000000E+000
   0.39441063748313354E-008  -0.380459023E-004   0.000000000E+000
   0.39749197058847052E-008   0.767710299E-005   0.000000000E+000
   0.40057330369380750E-008   0.399777891E-004   0.000000000E+000
   0.40365463679914448E-008   0.348489302E-004   0.000000000E+000
   0.40673596990448146E-008  -0.132473906E-004   0.000000000E+000
   0.40981730300981845E-008  -0.657278142E-004   0.000000000E+000
   0.41289863611515543E-008  -0.606247231E-004   0.000000000E+000
   0.41597996922049241E-008   0.157926734E-004   0.000000000E+000
   0.41906130232582939E-008   0.957894226E-004   0.000000000E+000
   0.42214263543116637E-008   0.993130234E-004   0.000000000E+000
   0.42522396853650335E-008   0.301114633E-004   0.000000000E+000
   0.42830530164184033E-008  -0.289430973E-004   0.000000000E+000
   0.43138663474717731E-008  -0.185344870E-004   0.000000000E+000
   0.43446796785251429E-008   0.334986289E-004   0.000000000E+000
   0.43754930095785127E-008   0.648244240E-004   0.000000000E+000
   0.44063063406318825E-008   0.594085977E-004   0.000000000E+000
   0.44371196716852523E-008   0.436848277E-004   0.000000000E+000
   0.44679330027386222E-008   0.273010319E-004   0.000000000E+000
   0.44987463337919920E-008  -0.375443233E-005   0.000000000E+000
   0.45295596648453618E-008  -0.372880531E-004   0.000000000E+000
   0.45603729958987316E-008  -0.298913183E-004   0.000000000E+000
   0.45911863269521014E-008   0.255200939E-004   0.000000000E+000
   0.46219996580054712E-008   0.669814326E-004   0.000000000E+000
   0.46528129890588410E-008   0.367602042E-004   0.000000000E+000
   0.46836263201122108E-008  -0.352159477E-004   0.000000000E+000
   0.47144396511655806E-008  -0.655070035E-004   0.000000000E+000
   0.47452529822189504E-008  -0.270729070E-004   0.000000000E+000
   0.47760663132723202E-008   0.218499190E-004   0.000000000E+000
   0.48068796443256900E-008   0.257008396E-004   0.000000000E+000
   0.48376929753790598E-008   0.379021003E-006   0.000000000E+000
   0.48685063064324297E-008  -0.115320963E-004   0.000000000E+000
   0.48993196374857995E-008  -0.123238788E-004   0.000000000E+000
   0.49301329685391693E-008  -0.302482458E-004   0.000000000E+000
   0.49609462995925391E-008  -0.530701582E-004   0.000000000E+000
   0.49917596306459089E-008  -0.383431616E-004   0.000000000E+000
   0.50225729616992787E-008   0.850007564E-005   0.000000000E+000
   0.50533862927526485E-008   0.224551950E-004   0.000000000E+000
   0.50841996238060183E-008  -0.305272406E-004   0.000000000E+000
   0.51150129548593881E-008  -0.955025098E-004   0.000000000E+000
   0.51458262859127579E-008  -0.995948867E-004   0.000000000E+000
   0.51766396169661277E-008  -0.514209351E-004   0.000000000E+000
   0.52074529480194975E-008  -0.221458704E-004   0.000000000E+000
   0.52382662790728673E-008  -0.421126460E-004   0.000000000E+000
   0.52690796101262372E-008  -0.702954494E-004   0.000000000E+000
   0.52998929411796070E-008  -0.702027100E-004   0.000000000E+000
   0.53307062722329768E-008  -0.605117966E-004   0.000000000E+000
   0.53615196032863466E-008  -0.646384942E-004   0.000000000E+000
   0.53923329343397164E-008  -0.574852202E-004   0.000000000E+000
   0.54231462653930862E-008  -0.818465196E-005   0.000000000E+000
   0.54539595964464560E-008   0.528299970E-004   0.000000000E+000
   0.54847729274998258E-008   0.657016717E-004   0.000000000E+000
   0.55155862585531956E-008   0.338629397E-004   0.000000000E+000
   0.55463995896065654E-008   0.288468509E-004   0.000000000E+000
   0.55772129206599352E-008   0.888413779E-004   0.000000000E+000
   0.56080262517133050E-008   0.161860225E-003   0.000000000E+000
   0.56388395827666749E-008   0.179593131E-003   0.000000000E+000
   0.56696529138200447E-008   0.148647334E-003   0.000000000E+000
   0.57004662448734145E-008   0.125921040E-003   0.000000000E+000
   0.57312795759267843E-008   0.129032516E-003   0.000000000E+000
   0.57620929069801541E-008   0.123894977E-003   0.000000000E+000
   0.57929062380335239E-008   0.943796476E-004   0.000000000E+000
   0.58237195690868937E-008   0.685910782E-004   0.000000000E+000
   0.58545329001402635E-008   0.619081329E-004   0.000000000E+000
   0.58853462311936333E-008   0.434547037E-004   0.000000000E+000
   0.59161595622470031E-008  -0.937886580E-005   0.000000000E+000
   0.59469728933003729E-008  -0.600606800E-004   0.000000000E+000
   0.59777862243537427E-008  -0.594507328E-004   0.000000000E+000
   0.60085995554071125E-008  -0.221040282E-004   0.000000000E+000
   0.60394128864604824E-008  -0.823155278E-005   0.000000000E+000
   0.60702262175138522E-008  -0.350243936E-004   0.000000000E+000
   0.61010395485672220E-008  -0.549812794E-004   0.000000000E+000
   0.61318528796205918E-008  -0.328616989E-004   0.000000000E+000
   0.61626662106739616E-008   0.196119800E-005   0.000000000E+000
   0.61934795417273314E-008   0.631885996E-005   0.000000000E+000
   0.62242928727807012E-008  -0.107441847E-004   0.000000000E+000
   0.62551062038340710E-008  -0.119234228E-004   0.000000000E+000
   0.62859195348874408E-008   0.200540580E-005   0.000000000E+000
   0.63167328659408106E-008  -0.294200709E-005   0.000000000E+000
   0.63475461969941804E-008  -0.302715162E-004   0.000000000E+000
   0.63783595280475502E-008  -0.437016024E-004   0.000000000E+000
   0.64091728591009200E-008  -0.297553051E-004   0.000000000E+000
   0.64399861901542899E-008  -0.226342127E-004   0.000000000E+000
   0.64707995212076597E-008  -0.445224578E-004   0.000000000E+000
   0.65016128522610295E-008  -0.630326685E-004   0.000000000E+000
   0.65324261833143993E-008  -0.435630282E-004   0.000000000E+000
   0.65632395143677691E-008  -0.113177412E-004   0.000000000E+000
   0.65940528454211389E-008  -0.147380333E-004   0.000000000E+000
   0.66248661764745087E-008  -0.462842072E-004   0.000000000E+000
   0.66556795075278785E-008  -0.519477289E-004   0.000000000E+000
   0.66864928385812483E-008  -0.161055759E-004   0.000000000E+000
   0.67173061696346181E-008   0.152235152E-004   0.000000000E+000
   0.67481195006879879E-008   0.682737937E-005   0.000000000E+000
   0.67789328317413577E-008  -0.168324041E-004   0.000000000E+000
   0.68097461627947276E-008  -0.181804317E-004   0.000000000E+000
   0.68405594938480974E-008  -0.359667047E-005   0.000000000E+000
   0.68713728249014672E-008  -0.900201940E-006   0.000000000E+000
   0.69021861559548370E-008  -0.632776801E-005   0.000000000E+000
   0.69329994870082068E-008   0.508050971E-005   0.000000000E+000
   0.69638128180615766E-008   0.261992609E-004   0.000000000E+000
   0.69946261491149464E-008   0.186668694E-004   0.000000000E+000
   0.70254394801683162E-008  -0.231291197E-004   0.000000000E+000
   0.70562528112216860E-008  -0.473887158E-004   0.000000000E+000
   0.70870661422750558E-008  -0.131099187E-004   0.000000000E+000
   0.71178794733284256E-008   0.425245198E-004   0.000000000E+000
   0.71486928043817954E-008   0.474230692E-004   0.000000000E+000
   0.71795061354351652E-008  -0.387645923E-005   0.000000000E+000
   0.72103194664885351E-008  -0.423121855E-004   0.000000000E+000
   0.72411327975419049E-008  -0.253206035E-004   0.000000000E+000
   0.72719461285952747E-008   0.928629197E-005   0.000000000E+000
   0.73027594596486445E-008   0.151868662E-004   0.000000000E+000
   0.73335727907020143E-008   0.695722338E-005   0.000000000E+000
   0.73643861217553841E-008   0.137276329E-004   0.000000000E+000
   0.73951994528087539E-008   0.145742351E-004   0.000000000E+000
   0.74260127838621237E-008  -0.176206740E-004   0.000000000E+000
   0.74568261149154935E-008  -0.455687405E-004   0.000000000E+000
   0.74876394459688633E-008  -0.151256718E-004   0.000000000E+000
   0.75184527770222331E-008   0.458857357E-004   0.000000000E+000
   0.75492661080756029E-008   0.537959095E-004   0.000000000E+000
   0.75800794391289728E-008  -0.655937038E-005   0.000000000E+000
   0.76108927701823426E-008  -0.562172390E-004   0.000000000E+000
   0.76417061012357124E-008  -0.357989557E-004   0.000000000E+000
   0.76725194322890822E-008   0.183640150E-004   0.000000000E+000
   0.77033327633424520E-008   0.391268040E-004   0.000000000E+000
   0.77341460943958218E-008   0.184621076E-004   0.000000000E+000
   0.77649594254491916E-008  -0.512181214E-005   0.000000000E+000
   0.77957727565025614E-008  -0.135089194E-004   0.000000000E+000
   0.78265860875559312E-008  -0.183131124E-004   0.000000000E+000
   0.78573994186093010E-008  -0.193931955E-004   0.000000000E+000
   0.78882127496626708E-008  -0.173742592E-006   0.000000000E+000
   0.79190260807160406E-008   0.312017801E-004   0.000000000E+000
   0.79498394117694104E-008   0.353099385E-004   0.000000000E+000
   0.79806527428227803E-008  -0.355656812E-005   0.000000000E+000
   0.80114660738761501E-008  -0.431081899E-004   0.000000000E+000
   0.80422794049295199E-008  -0.331463307E-004   0.000000000E+000
   0.80730927359828897E-008   0.148858417E-004   0.000000000E+000
   0.81039060670362595E-008   0.413775451E-004   0.000000000E+000
   0.81347193980896293E-008   0.179685467E-004   0.000000000E+000
   0.81655327291429991E-008  -0.198427533E-004   0.000000000E+000
   0.81963460601963689E-008  -0.269638495E-004   0.000000000E+000
   0.82271593912497387E-008  -0.541396003E-005   0.000000000E+000
   0.82579727223031085E-008   0.117286290E-004   0.000000000E+000
   0.82887860533564783E-008   0.110909259E-004   0.000000000E+000
   0.83195993844098481E-008   0.638828169E-005   0.000000000E+000
   0.83504127154632179E-008   0.427306168E-005   0.000000000E+000
   0.83812260465165878E-008  -0.566996459E-005   0.000000000E+000
   0.84120393775699576E-008  -0.210334474E-004   0.000000000E+000
   0.84428527086233274E-008  -0.168374972E-004   0.000000000E+000
   0.84736660396766972E-008   0.143360157E-004   0.000000000E+000
   0.85044793707300670E-008   0.362924475E-004   0.000000000E+000
   0.85352927017834368E-008   0.143804209E-004   0.000000000E+000
   0.85661060328368066E-008  -0.278897460E-004   0.000000000E+000
   0.85969193638901764E-008  -0.354770491E-004   0.000000000E+000
   0.86277326949435462E-008  -0.543437636E-006   0.000000000E+000
   0.86585460259969160E-008   0.274312879E-004   0.000000000E+000
   0.86893593570502858E-008   0.163996228E-004   0.000000000E+000
   0.87201726881036556E-008  -0.668288158E-005   0.000000000E+000
   0.87509860191570255E-008  -0.748890488E-005   0.000000000E+000
   0.87817993502103953E-008   0.262800859E-005   0.000000000E+000
   0.88126126812637651E-008  -0.328729129E-005   0.000000000E+000
   0.88434260123171349E-008  -0.151814093E-004   0.000000000E+000
   0.88742393433705047E-008  -0.478197762E-005   0.000000000E+000
   0.89050526744238745E-008   0.191815361E-004   0.000000000E+000
   0.89358660054772443E-008   0.196359433E-004   0.000000000E+000
   0.89666793365306141E-008  -0.670036570E-005   0.000000000E+000
   0.89974926675839839E-008  -0.203743784E-004   0.000000000E+000
   0.90283059986373537E-008  -0.303218985E-005   0.000000000E+000
   0.90591193296907235E-008   0.126446812E-004   0.000000000E+000
   0.90899326607440933E-008  -0.200695467E-006   0.000000000E+000
   0.91207459917974631E-008  -0.153024921E-004   0.000000000E+000
   0.91515593228508330E-008   0.618218110E-006   0.000000000E+000
   0.91823726539042028E-008   0.256053936E-004   0.000000000E+000
   0.92131859849575726E-008   0.146787070E-004   0.000000000E+000
   0.92439993160109424E-008  -0.228306490E-004   0.000000000E+000
   0.92748126470643122E-008  -0.321437110E-004   0.000000000E+000
   0.93056259781176820E-008   0.179380004E-005   0.000000000E+000
   0.93364393091710518E-008   0.306645816E-004   0.000000000E+000
   0.93672526402244216E-008   0.175364858E-004   0.000000000E+000
   0.93980659712777914E-008  -0.116777737E-004   0.000000000E+000
   0.94288793023311612E-008  -0.164141748E-004   0.000000000E+000
   0.94596926333845310E-008  -0.223219195E-005   0.000000000E+000
   0.94905059644379008E-008   0.153839642E-005   0.000000000E+000
   0.95213192954912707E-008  -0.338376526E-005   0.000000000E+000
   0.95521326265446405E-008   0.516583623E-005   0.000000000E+000
   0.95829459575980103E-008   0.191661493E-004   0.000000000E+000
   0.96137592886513801E-008   0.786970577E-005   0.000000000E+000
   0.96445726197047499E-008  -0.236094493E-004   0.000000000E+000
   0.96753859507581197E-008  -0.298730392E-004   0.000000000E+000
   0.97061992818114895E-008   0.558446663E-005   0.000000000E+000
   0.97370126128648593E-008   0.376855896E-004   0.000000000E+000
   0.97678259439182291E-008   0.225875556E-004   0.000000000E+000
   0.97986392749715989E-008  -0.187428304E-004   0.000000000E+000
   0.98294526060249687E-008  -0.333155476E-004   0.000000000E+000
   0.98602659370783385E-008  -0.104546598E-004   0.000000000E+000
   0.98910792681317083E-008   0.143192228E-004   0.000000000E+000
   0.99218925991850782E-008   0.177985748E-004   0.000000000E+000
   0.99527059302384480E-008   0.114338854E-004   0.000000000E+000
   0.99835192612918178E-008   0.570915472E-005   0.000000000E+000
   0.10014332592345188E-007  -0.799090867E-005   0.000000000E+000
   0.10045145923398557E-007  -0.272732796E-004   0.000000000E+000
   0.10075959254451927E-007  -0.248741271E-004   0.000000000E+000
   0.10106772585505297E-007   0.106553671E-004   0.000000000E+000
   0.10137585916558667E-007   0.437145427E-004   0.000000000E+000
   0.10168399247612037E-007   0.314328936E-004   0.000000000E+000
   0.10199212578665406E-007  -0.163506993E-004   0.000000000E+000
   0.10230025909718776E-007  -0.464929435E-004   0.000000000E+000
   0.10260839240772146E-007  -0.292016812E-004   0.000000000E+000
   0.10291652571825516E-007   0.115680887E-004   0.000000000E+000
   0.10322465902878886E-007   0.359552796E-004   0.000000000E+000
   0.10353279233932255E-007   0.302776716E-004   0.000000000E+000
   0.10384092564985625E-007   0.486779209E-005   0.000000000E+000
   0.10414905896038995E-007  -0.243872819E-004   0.000000000E+000
   0.10445719227092365E-007  -0.385411258E-004   0.000000000E+000
   0.10476532558145735E-007  -0.209718837E-004   0.000000000E+000
   0.10507345889199105E-007   0.197458012E-004   0.000000000E+000
   0.10538159220252474E-007   0.452666427E-004   0.000000000E+000
   0.10568972551305844E-007   0.265792041E-004   0.000000000E+000
   0.10599785882359214E-007  -0.179391391E-004   0.000000000E+000
   0.10630599213412584E-007  -0.415395043E-004   0.000000000E+000
   0.10661412544465954E-007  -0.236110081E-004   0.000000000E+000
   0.10692225875519323E-007   0.113477672E-004   0.000000000E+000
   0.10723039206572693E-007   0.285859114E-004   0.000000000E+000
   0.10753852537626063E-007   0.195542361E-004   0.000000000E+000
   0.10784665868679433E-007  -0.545567673E-006   0.000000000E+000
   0.10815479199732803E-007  -0.154917943E-004   0.000000000E+000
   0.10846292530786172E-007  -0.182584099E-004   0.000000000E+000
   0.10877105861839542E-007  -0.878610626E-005   0.000000000E+000
   0.10907919192892912E-007   0.617546903E-005   0.000000000E+000
   0.10938732523946282E-007   0.142832396E-004   0.000000000E+000
   0.10969545854999652E-007   0.836376876E-005   0.000000000E+000
   0.11000359186053021E-007  -0.414585884E-005   0.000000000E+000
   0.11031172517106391E-007  -0.962006197E-005   0.000000000E+000
   0.11061985848159761E-007  -0.605742071E-005   0.000000000E+000
   0.11092799179213131E-007  -0.421936920E-005   0.000000000E+000
   0.11123612510266501E-007  -0.892703702E-005   0.000000000E+000
   0.11154425841319870E-007  -0.982091206E-005   0.000000000E+000
   0.11185239172373240E-007   0.106523657E-005   0.000000000E+000
   0.11216052503426610E-007   0.115844059E-004   0.000000000E+000
   0.11246865834479980E-007   0.349534548E-005   0.000000000E+000
   0.11277679165533350E-007  -0.191005820E-004   0.000000000E+000
   0.11308492496586720E-007  -0.310895302E-004   0.000000000E+000
   0.11339305827640089E-007  -0.183767734E-004   0.000000000E+000
   0.11370119158693459E-007   0.517689841E-005   0.000000000E+000
   0.11400932489746829E-007   0.174236993E-004   0.000000000E+000
   0.11431745820800199E-007   0.121186113E-004   0.000000000E+000
   0.11462559151853569E-007  -0.230136993E-005   0.000000000E+000
   0.11493372482906938E-007  -0.151586228E-004   0.000000000E+000
   0.11524185813960308E-007  -0.155986127E-004   0.000000000E+000
   0.11554999145013678E-007   0.517246735E-005   0.000000000E+000
   0.11585812476067048E-007   0.389066445E-004   0.000000000E+000
   0.11616625807120418E-007   0.560105254E-004   0.000000000E+000
   0.11647439138173787E-007   0.354978256E-004   0.000000000E+000
   0.11678252469227157E-007  -0.198488124E-005   0.000000000E+000
   0.11709065800280527E-007  -0.111638919E-004   0.000000000E+000
   0.11739879131333897E-007   0.218838468E-004   0.000000000E+000
   0.11770692462387267E-007   0.587195973E-004   0.000000000E+000
   0.11801505793440636E-007   0.550958684E-004   0.000000000E+000
   0.11832319124494006E-007   0.141627206E-004   0.000000000E+000
   0.11863132455547376E-007  -0.225019030E-004   0.000000000E+000
   0.11893945786600746E-007  -0.268134827E-004   0.000000000E+000
   0.11924759117654116E-007  -0.829935561E-005   0.000000000E+000
   0.11955572448707485E-007   0.829689088E-005   0.000000000E+000
   0.11986385779760855E-007   0.821356025E-005   0.000000000E+000
   0.12017199110814225E-007  -0.111798809E-004   0.000000000E+000
   0.12048012441867595E-007  -0.411297151E-004   0.000000000E+000
   0.12078825772920965E-007  -0.569393487E-004   0.000000000E+000
   0.12109639103974335E-007  -0.342835228E-004   0.000000000E+000
   0.12140452435027704E-007   0.148824074E-004   0.000000000E+000
   0.12171265766081074E-007   0.408089982E-004   0.000000000E+000
   0.12202079097134444E-007   0.122699857E-004   0.000000000E+000
   0.12232892428187814E-007  -0.371711831E-004   0.000000000E+000
   0.12263705759241184E-007  -0.454165856E-004   0.000000000E+000
   0.12294519090294553E-007  -0.568757969E-006   0.000000000E+000
   0.12325332421347923E-007   0.446034683E-004   0.000000000E+000
   0.12356145752401293E-007   0.414605493E-004   0.000000000E+000
   0.12386959083454663E-007   0.115310104E-005   0.000000000E+000
   0.12417772414508033E-007  -0.316384794E-004   0.000000000E+000
   0.12448585745561402E-007  -0.354438671E-004   0.000000000E+000
   0.12479399076614772E-007  -0.199038732E-004   0.000000000E+000
   0.12510212407668142E-007   0.374913361E-005   0.000000000E+000
   0.12541025738721512E-007   0.281343564E-004   0.000000000E+000
   0.12571839069774882E-007   0.336492485E-004   0.000000000E+000
   0.12602652400828251E-007   0.384626401E-005   0.000000000E+000
   0.12633465731881621E-007  -0.369510381E-004   0.000000000E+000
   0.12664279062934991E-007  -0.364182779E-004   0.000000000E+000
   0.12695092393988361E-007   0.170346684E-004   0.000000000E+000
   0.12725905725041731E-007   0.669238216E-004   0.000000000E+000
   0.12756719056095100E-007   0.566753661E-004   0.000000000E+000
   0.12787532387148470E-007   0.380011625E-005   0.000000000E+000
   0.12818345718201840E-007  -0.265216368E-004   0.000000000E+000
   0.12849159049255210E-007  -0.882449967E-005   0.000000000E+000
   0.12879972380308580E-007   0.202598476E-004   0.000000000E+000
   0.12910785711361950E-007   0.252053578E-004   0.000000000E+000
   0.12941599042415319E-007   0.148977997E-004   0.000000000E+000
   0.12972412373468689E-007   0.865973561E-005   0.000000000E+000
   0.13003225704522059E-007  -0.214734428E-005   0.000000000E+000
   0.13034039035575429E-007  -0.286727318E-004   0.000000000E+000
   0.13064852366628799E-007  -0.482987671E-004   0.000000000E+000
   0.13095665697682168E-007  -0.334541328E-004   0.000000000E+000
   0.13126479028735538E-007  -0.344245746E-005   0.000000000E+000
   0.13157292359788908E-007  -0.488187470E-005   0.000000000E+000
   0.13188105690842278E-007  -0.409807180E-004   0.000000000E+000
   0.13218919021895648E-007  -0.627083427E-004   0.000000000E+000
   0.13249732352949017E-007  -0.414336937E-004   0.000000000E+000
   0.13280545684002387E-007  -0.100766811E-004   0.000000000E+000
   0.13311359015055757E-007  -0.864226968E-005   0.000000000E+000
   0.13342172346109127E-007  -0.230640817E-004   0.000000000E+000
   0.13372985677162497E-007  -0.139275971E-004   0.000000000E+000
   0.13403799008215866E-007   0.158818802E-004   0.000000000E+000
   0.13434612339269236E-007   0.258610817E-004   0.000000000E+000
   0.13465425670322606E-007   0.482476207E-005   0.000000000E+000
   0.13496239001375976E-007  -0.107145388E-004   0.000000000E+000
   0.13527052332429346E-007   0.478071161E-005   0.000000000E+000
   0.13557865663482715E-007   0.274313170E-004   0.000000000E+000
   0.13588678994536085E-007   0.259268072E-004   0.000000000E+000
   0.13619492325589455E-007   0.104713490E-004   0.000000000E+000
   0.13650305656642825E-007   0.878768424E-005   0.000000000E+000
   0.13681118987696195E-007   0.160860709E-004   0.000000000E+000
   0.13711932318749565E-007   0.762347736E-005   0.000000000E+000
   0.13742745649802934E-007  -0.102638260E-004   0.000000000E+000
   0.13773558980856304E-007  -0.469364932E-005   0.000000000E+000
   0.13804372311909674E-007   0.256952389E-004   0.000000000E+000
   0.13835185642963044E-007   0.386755783E-004   0.000000000E+000
   0.13865998974016414E-007   0.103261082E-004   0.000000000E+000
   0.13896812305069783E-007  -0.252481914E-004   0.000000000E+000
   0.13927625636123153E-007  -0.233885567E-004   0.000000000E+000
   0.13958438967176523E-007   0.852538687E-005   0.000000000E+000
   0.13989252298229893E-007   0.266237694E-004   0.000000000E+000
   0.14020065629283263E-007   0.137752777E-004   0.000000000E+000
   0.14050878960336632E-007  -0.634819298E-005   0.000000000E+000
   0.14081692291390002E-007  -0.131286934E-004   0.000000000E+000
   0.14112505622443372E-007  -0.121006215E-004   0.000000000E+000
   0.14143318953496742E-007  -0.937416371E-005   0.000000000E+000
   0.14174132284550112E-007   0.349825314E-005   0.000000000E+000
   0.14204945615603481E-007   0.238379162E-004   0.000000000E+000
   0.14235758946656851E-007   0.253841572E-004   0.000000000E+000
   0.14266572277710221E-007  -0.468034887E-005   0.000000000E+000
   0.14297385608763591E-007  -0.358041580E-004   0.000000000E+000
   0.14328198939816961E-007  -0.289331456E-004   0.000000000E+000
   0.14359012270870330E-007   0.913592703E-005   0.000000000E+000
   0.14389825601923700E-007   0.339377111E-004   0.000000000E+000
   0.14420638932977070E-007   0.220350157E-004   0.000000000E+000
   0.14451452264030440E-007  -0.550306322E-005   0.000000000E+000
   0.14482265595083810E-007  -0.199803144E-004   0.000000000E+000
   0.14513078926137180E-007  -0.182299700E-004   0.000000000E+000
   0.14543892257190549E-007  -0.981220819E-005   0.000000000E+000
   0.14574705588243919E-007   0.377887227E-005   0.000000000E+000
   0.14605518919297289E-007   0.196499932E-004   0.000000000E+000
   0.14636332250350659E-007   0.218323803E-004   0.000000000E+000
   0.14667145581404029E-007   0.146567982E-005   0.000000000E+000
   0.14697958912457398E-007  -0.216650860E-004   0.000000000E+000
   0.14728772243510768E-007  -0.204155331E-004   0.000000000E+000
   0.14759585574564138E-007   0.164806443E-005   0.000000000E+000
   0.14790398905617508E-007   0.155091038E-004   0.000000000E+000
   0.14821212236670878E-007   0.868111601E-005   0.000000000E+000
   0.14852025567724247E-007  -0.151714084E-005   0.000000000E+000
   0.14882838898777617E-007  -0.546189767E-006   0.000000000E+000
   0.14913652229830987E-007   0.189473008E-005   0.000000000E+000
   0.14944465560884357E-007  -0.525896940E-005   0.000000000E+000
   0.14975278891937727E-007  -0.114033937E-004   0.000000000E+000
   0.15006092222991096E-007  -0.267999440E-005   0.000000000E+000
   0.15036905554044466E-007   0.114189688E-004   0.000000000E+000
   0.15067718885097836E-007   0.114023042E-004   0.000000000E+000
   0.15098532216151206E-007  -0.102310696E-005   0.000000000E+000
   0.15129345547204576E-007  -0.730029569E-005   0.000000000E+000
   0.15160158878257946E-007  -0.302295894E-005   0.000000000E+000
   0.15190972209311315E-007  -0.118523792E-005   0.000000000E+000
   0.15221785540364685E-007  -0.455936834E-005   0.000000000E+000
   0.15252598871418055E-007  -0.575910235E-007   0.000000000E+000
   0.15283412202471425E-007   0.127809772E-004   0.000000000E+000
   0.15314225533524795E-007   0.129481850E-004   0.000000000E+000
   0.15345038864578164E-007  -0.773441752E-005   0.000000000E+000
   0.15375852195631534E-007  -0.233349183E-004   0.000000000E+000
   0.15406665526684904E-007  -0.884886231E-005   0.000000000E+000
   0.15437478857738274E-007   0.189035090E-004   0.000000000E+000
   0.15468292188791644E-007   0.223943734E-004   0.000000000E+000
   0.15499105519845013E-007  -0.208531674E-005   0.000000000E+000
   0.15529918850898383E-007  -0.203178970E-004   0.000000000E+000
   0.15560732181951753E-007  -0.113660171E-004   0.000000000E+000
   0.15591545513005123E-007   0.653883581E-005   0.000000000E+000
   0.15622358844058493E-007   0.103000903E-004   0.000000000E+000
   0.15653172175111862E-007   0.448077617E-005   0.000000000E+000
   0.15683985506165232E-007   0.249990444E-005   0.000000000E+000
   0.15714798837218602E-007  -0.679983714E-006   0.000000000E+000
   0.15745612168271972E-007  -0.121967896E-004   0.000000000E+000
   0.15776425499325342E-007  -0.156964488E-004   0.000000000E+000
   0.15807238830378711E-007   0.575777267E-005   0.000000000E+000
   0.15838052161432081E-007   0.302714507E-004   0.000000000E+000
   0.15868865492485451E-007   0.181056203E-004   0.000000000E+000
   0.15899678823538821E-007  -0.247424105E-004   0.000000000E+000
   0.15930492154592191E-007  -0.423716992E-004   0.000000000E+000
   0.15961305485645561E-007  -0.527687735E-005   0.000000000E+000
   0.15992118816698930E-007   0.423955862E-004   0.000000000E+000
   0.16022932147752300E-007   0.400336576E-004   0.000000000E+000
   0.16053745478805670E-007  -0.831421130E-005   0.000000000E+000
   0.16084558809859040E-007  -0.440678377E-004   0.000000000E+000
   0.16115372140912410E-007  -0.324172252E-004   0.000000000E+000
   0.16146185471965779E-007   0.546142473E-005   0.000000000E+000
   0.16176998803019149E-007   0.338172540E-004   0.000000000E+000
   0.16207812134072519E-007   0.381808059E-004   0.000000000E+000
   0.16238625465125889E-007   0.159053288E-004   0.000000000E+000
   0.16269438796179259E-007  -0.287214516E-004   0.000000000E+000
   0.16300252127232628E-007  -0.629768401E-004   0.000000000E+000
   0.16331065458285998E-007  -0.384791856E-004   0.000000000E+000
   0.16361878789339368E-007   0.409378335E-004   0.000000000E+000
   0.16392692120392738E-007   0.928512673E-004   0.000000000E+000
   0.16423505451446108E-007   0.446603917E-004   0.000000000E+000
   0.16454318782499477E-007  -0.620039500E-004   0.000000000E+000
   0.16485132113552847E-007  -0.105869367E-003   0.000000000E+000
   0.16515945444606217E-007  -0.337194870E-004   0.000000000E+000
   0.16546758775659587E-007   0.718339870E-004   0.000000000E+000
   0.16577572106712957E-007   0.953614581E-004   0.000000000E+000
   0.16608385437766326E-007   0.231657614E-004   0.000000000E+000
   0.16639198768819696E-007  -0.585564485E-004   0.000000000E+000
   0.16670012099873066E-007  -0.745636935E-004   0.000000000E+000
   0.16700825430926436E-007  -0.278880871E-004   0.000000000E+000
   0.16731638761979806E-007   0.321877305E-004   0.000000000E+000
   0.16762452093033176E-007   0.633357486E-004   0.000000000E+000
   0.16793265424086545E-007   0.455962872E-004   0.000000000E+000
   0.16824078755139915E-007  -0.133715184E-004   0.000000000E+000
   0.16854892086193285E-007  -0.670949667E-004   0.000000000E+000
   0.16885705417246655E-007  -0.576654165E-004   0.000000000E+000
   0.16916518748300025E-007   0.149705847E-004   0.000000000E+000
   0.16947332079353394E-007   0.735984722E-004   0.000000000E+000
   0.16978145410406764E-007   0.490028069E-004   0.000000000E+000
   0.17008958741460134E-007  -0.289092241E-004   0.000000000E+000
   0.17039772072513504E-007  -0.652443923E-004   0.000000000E+000
   0.17070585403566874E-007  -0.222853087E-004   0.000000000E+000
   0.17101398734620243E-007   0.368422589E-004   0.000000000E+000
   0.17132212065673613E-007   0.395482712E-004   0.000000000E+000
   0.17163025396726983E-007  -0.343112333E-005   0.000000000E+000
   0.17193838727780353E-007  -0.280586610E-004   0.000000000E+000
   0.17224652058833723E-007  -0.106145380E-004   0.000000000E+000
   0.17255465389887092E-007   0.126469113E-004   0.000000000E+000
   0.17286278720940462E-007   0.104913843E-004   0.000000000E+000
   0.17317092051993832E-007  -0.348697267E-005   0.000000000E+000
   0.17347905383047202E-007  -0.564040374E-005   0.000000000E+000
   0.17378718714100572E-007  -0.131525212E-006   0.000000000E+000
   0.17409532045153941E-007  -0.105574020E-005   0.000000000E+000
   0.17440345376207311E-007  -0.277152799E-005   0.000000000E+000
   0.17471158707260681E-007   0.568931046E-005   0.000000000E+000
   0.17501972038314051E-007   0.130196040E-004   0.000000000E+000
   0.17532785369367421E-007   0.104129685E-005   0.000000000E+000
   0.17563598700420791E-007  -0.195793582E-004   0.000000000E+000
   0.17594412031474160E-007  -0.180015086E-004   0.000000000E+000
   0.17625225362527530E-007   0.989092405E-005   0.000000000E+000
   0.17656038693580900E-007   0.292950335E-004   0.000000000E+000
   0.17686852024634270E-007   0.129128730E-004   0.000000000E+000
   0.17717665355687640E-007  -0.198086800E-004   0.000000000E+000
   0.17748478686741009E-007  -0.280454660E-004   0.000000000E+000
   0.17779292017794379E-007  -0.362844912E-005   0.000000000E+000
   0.17810105348847749E-007   0.213469539E-004   0.000000000E+000
   0.17840918679901119E-007   0.193915730E-004   0.000000000E+000
   0.17871732010954489E-007  -0.711239409E-006   0.000000000E+000
   0.17902545342007858E-007  -0.137578572E-004   0.000000000E+000
   0.17933358673061228E-007  -0.116078045E-004   0.000000000E+000
   0.17964172004114598E-007  -0.338607879E-005   0.000000000E+000
   0.17994985335167968E-007   0.472122338E-005   0.000000000E+000
   0.18025798666221338E-007   0.118928892E-004   0.000000000E+000
   0.18056611997274707E-007   0.116319079E-004   0.000000000E+000
   0.18087425328328077E-007  -0.202892261E-005   0.000000000E+000
   0.18118238659381447E-007  -0.177125712E-004   0.000000000E+000
   0.18149051990434817E-007  -0.148968120E-004   0.000000000E+000
   0.18179865321488187E-007   0.644912143E-005   0.000000000E+000
   0.18210678652541556E-007   0.209705195E-004   0.000000000E+000
   0.18241491983594926E-007   0.108976092E-004   0.000000000E+000
   0.18272305314648296E-007  -0.999788426E-005   0.000000000E+000
   0.18303118645701666E-007  -0.164681605E-004   0.000000000E+000
   0.18333931976755036E-007  -0.488951900E-005   0.000000000E+000
   0.18364745307808406E-007   0.726115104E-005   0.000000000E+000
   0.18395558638861775E-007   0.823195751E-005   0.000000000E+000
   0.18426371969915145E-007   0.327209409E-005   0.000000000E+000
   0.18457185300968515E-007   0.347414925E-006   0.000000000E+000
   0.18487998632021885E-007  -0.151638471E-005   0.000000000E+000
   0.18518811963075255E-007  -0.534072387E-005   0.000000000E+000
   0.18549625294128624E-007  -0.724352140E-005   0.000000000E+000
   0.18580438625181994E-007  -0.174591241E-005   0.000000000E+000
   0.18611251956235364E-007   0.780703340E-005   0.000000000E+000
   0.18642065287288734E-007   0.110924184E-004   0.000000000E+000
   0.18672878618342104E-007   0.357433464E-005   0.000000000E+000
   0.18703691949395473E-007  -0.730941929E-005   0.000000000E+000
   0.18734505280448843E-007  -0.109894272E-004   0.000000000E+000
   0.18765318611502213E-007  -0.547824993E-005   0.000000000E+000
   0.18796131942555583E-007   0.292405321E-005   0.000000000E+000
   0.18826945273608953E-007   0.852966514E-005   0.000000000E+000
   0.18857758604662322E-007   0.966495736E-005   0.000000000E+000
   0.18888571935715692E-007   0.507390223E-005   0.000000000E+000
   0.18919385266769062E-007  -0.554748431E-005   0.000000000E+000
   0.18950198597822432E-007  -0.156397582E-004   0.000000000E+000
   0.18981011928875802E-007  -0.135703776E-004   0.000000000E+000
   0.19011825259929171E-007   0.371220085E-005   0.000000000E+000
   0.19042638590982541E-007   0.217865345E-004   0.000000000E+000
   0.19073451922035911E-007   0.205856140E-004   0.000000000E+000
   0.19104265253089281E-007  -0.249636832E-005   0.000000000E+000
   0.19135078584142651E-007  -0.256091862E-004   0.000000000E+000
   0.19165891915196021E-007  -0.240023710E-004   0.000000000E+000
   0.19196705246249390E-007   0.176116191E-005   0.000000000E+000
   0.19227518577302760E-007   0.250885150E-004   0.000000000E+000
   0.19258331908356130E-007   0.231809081E-004   0.000000000E+000
   0.19289145239409500E-007   0.127002204E-005   0.000000000E+000
   0.19319958570462870E-007  -0.176466619E-004   0.000000000E+000
   0.19350771901516239E-007  -0.199717742E-004   0.000000000E+000
   0.19381585232569609E-007  -0.938260564E-005   0.000000000E+000
   0.19412398563622979E-007   0.604886918E-005   0.000000000E+000
   0.19443211894676349E-007   0.199627066E-004   0.000000000E+000
   0.19474025225729719E-007   0.219671183E-004   0.000000000E+000
   0.19504838556783088E-007   0.333160460E-005   0.000000000E+000
   0.19535651887836458E-007  -0.244181756E-004   0.000000000E+000
   0.19566465218889828E-007  -0.316716250E-004   0.000000000E+000
   0.19597278549943198E-007  -0.517923218E-005   0.000000000E+000
   0.19628091880996568E-007   0.288138563E-004   0.000000000E+000
   0.19658905212049937E-007   0.322018095E-004   0.000000000E+000
   0.19689718543103307E-007   0.230098885E-005   0.000000000E+000
   0.19720531874156677E-007  -0.254779370E-004   0.000000000E+000
   0.19751345205210047E-007  -0.233531118E-004   0.000000000E+000
   0.19782158536263417E-007  -0.172185537E-005   0.000000000E+000
   0.19812971867316787E-007   0.129528435E-004   0.000000000E+000
   0.19843785198370156E-007   0.132254545E-004   0.000000000E+000
   0.19874598529423526E-007   0.881055166E-005   0.000000000E+000
   0.19905411860476896E-007   0.265435938E-005   0.000000000E+000
   0.19936225191530266E-007  -0.952346818E-005   0.000000000E+000
   0.19967038522583636E-007  -0.197141380E-004   0.000000000E+000
   0.19997851853637005E-007  -0.110677965E-004   0.000000000E+000
   0.20028665184690375E-007   0.133862095E-004   0.000000000E+000
   0.20059478515743745E-007   0.256367639E-004   0.000000000E+000
   0.20090291846797115E-007   0.879898835E-005   0.000000000E+000
   0.20121105177850485E-007  -0.168105089E-004   0.000000000E+000
   0.20151918508903854E-007  -0.201157891E-004   0.000000000E+000
   0.20182731839957224E-007  -0.130344961E-005   0.000000000E+000
   0.20213545171010594E-007   0.123394166E-004   0.000000000E+000
   0.20244358502063964E-007   0.746167370E-005   0.000000000E+000
   0.20275171833117334E-007  -0.117113086E-005   0.000000000E+000
   0.20305985164170703E-007  -0.628031103E-007   0.000000000E+000
   0.20336798495224073E-007   0.230875071E-005   0.000000000E+000
   0.20367611826277443E-007  -0.446018475E-005   0.000000000E+000
   0.20398425157330813E-007  -0.105467680E-004   0.000000000E+000
   0.20429238488384183E-007  -0.199020360E-005   0.000000000E+000
   0.20460051819437552E-007   0.124085755E-004   0.000000000E+000
   0.20490865150490922E-007   0.115444982E-004   0.000000000E+000
   0.20521678481544292E-007  -0.451910819E-005   0.000000000E+000
   0.20552491812597662E-007  -0.130815970E-004   0.000000000E+000
   0.20583305143651032E-007  -0.335962795E-005   0.000000000E+000
   0.20614118474704402E-007   0.804902902E-005   0.000000000E+000
   0.20644931805757771E-007   0.483457097E-005   0.000000000E+000
   0.20675745136811141E-007  -0.423501933E-005   0.000000000E+000
   0.20706558467864511E-007  -0.273373712E-005   0.000000000E+000
   0.20737371798917881E-007   0.523313793E-005   0.000000000E+000
   0.20768185129971251E-007   0.363731715E-005   0.000000000E+000
   0.20798998461024620E-007  -0.631511239E-005   0.000000000E+000
   0.20829811792077990E-007  -0.737918890E-005   0.000000000E+000
   0.20860625123131360E-007   0.391335016E-005   0.000000000E+000
   0.20891438454184730E-007   0.100584803E-004   0.000000000E+000
   0.20922251785238100E-007   0.112343969E-005   0.000000000E+000
   0.20953065116291469E-007  -0.872374585E-005   0.000000000E+000
   0.20983878447344839E-007  -0.451235883E-005   0.000000000E+000
   0.21014691778398209E-007   0.554327016E-005   0.000000000E+000
   0.21045505109451579E-007   0.502698640E-005   0.000000000E+000
   0.21076318440504949E-007  -0.322431242E-005   0.000000000E+000
   0.21107131771558318E-007  -0.375435320E-005   0.000000000E+000
   0.21137945102611688E-007   0.364554853E-005   0.000000000E+000
   0.21168758433665058E-007   0.400947556E-005   0.000000000E+000
   0.21199571764718428E-007  -0.495106087E-005   0.000000000E+000
   0.21230385095771798E-007  -0.696921916E-005   0.000000000E+000
   0.21261198426825167E-007   0.428468093E-005   0.000000000E+000
   0.21292011757878537E-007   0.114034410E-004   0.000000000E+000
   0.21322825088931907E-007   0.920186721E-006   0.000000000E+000
   0.21353638419985277E-007  -0.124480048E-004   0.000000000E+000
   0.21384451751038647E-007  -0.778224785E-005   0.000000000E+000
   0.21415265082092017E-007   0.804770571E-005   0.000000000E+000
   0.21446078413145386E-007   0.110478959E-004   0.000000000E+000
   0.21476891744198756E-007  -0.140787324E-005   0.000000000E+000
   0.21507705075252126E-007  -0.804045158E-005   0.000000000E+000
   0.21538518406305496E-007  -0.326735062E-006   0.000000000E+000
   0.21569331737358866E-007   0.468986218E-005   0.000000000E+000
   0.21600145068412235E-007  -0.323694076E-005   0.000000000E+000
   0.21630958399465605E-007  -0.773191277E-005   0.000000000E+000
   0.21661771730518975E-007   0.462788739E-005   0.000000000E+000
   0.21692585061572345E-007   0.160557574E-004   0.000000000E+000
   0.21723398392625715E-007   0.383962652E-005   0.000000000E+000
   0.21754211723679084E-007  -0.185766967E-004   0.000000000E+000
   0.21785025054732454E-007  -0.172478576E-004   0.000000000E+000
   0.21815838385785824E-007   0.897141945E-005   0.000000000E+000
   0.21846651716839194E-007   0.232158854E-004   0.000000000E+000
   0.21877465047892564E-007   0.591375283E-005   0.000000000E+000
   0.21908278378945933E-007  -0.158691091E-004   0.000000000E+000
   0.21939091709999303E-007  -0.118914113E-004   0.000000000E+000
   0.21969905041052673E-007   0.556809482E-005   0.000000000E+000
   0.22000718372106043E-007   0.670485042E-005   0.000000000E+000
   0.22031531703159413E-007  -0.497962901E-005   0.000000000E+000
   0.22062345034212782E-007  -0.242360261E-005   0.000000000E+000
   0.22093158365266152E-007   0.132048381E-004   0.000000000E+000
   0.22123971696319522E-007   0.109280309E-004   0.000000000E+000
   0.22154785027372892E-007  -0.145870044E-004   0.000000000E+000
   0.22185598358426262E-007  -0.257464344E-004   0.000000000E+000
   0.22216411689479632E-007   0.288373485E-006   0.000000000E+000
   0.22247225020533001E-007   0.298636369E-004   0.000000000E+000
   0.22278038351586371E-007   0.199076276E-004   0.000000000E+000
   0.22308851682639741E-007  -0.159346237E-004   0.000000000E+000
   0.22339665013693111E-007  -0.271431563E-004   0.000000000E+000
   0.22370478344746481E-007  -0.226137672E-005   0.000000000E+000
   0.22401291675799850E-007   0.180307070E-004   0.000000000E+000
   0.22432105006853220E-007   0.778065623E-005   0.000000000E+000
   0.22462918337906590E-007  -0.757009548E-005   0.000000000E+000
   0.22493731668959960E-007  -0.503279352E-006   0.000000000E+000
   0.22524545000013330E-007   0.108898148E-004   0.000000000E+000
   0.22555358331066699E-007  -0.189607636E-005   0.000000000E+000
   0.22586171662120069E-007  -0.221066020E-004   0.000000000E+000
   0.22616984993173439E-007  -0.113221804E-004   0.000000000E+000
   0.22647798324226809E-007   0.227461096E-004   0.000000000E+000
   0.22678611655280179E-007   0.300820375E-004   0.000000000E+000
   0.22709424986333548E-007  -0.457033275E-005   0.000000000E+000
   0.22740238317386918E-007  -0.338440223E-004   0.000000000E+000
   0.22771051648440288E-007  -0.174110846E-004   0.000000000E+000
   0.22801864979493658E-007   0.185061926E-004   0.000000000E+000
   0.22832678310547028E-007   0.238162011E-004   0.000000000E+000
   0.22863491641600397E-007  -0.740563337E-006   0.000000000E+000
   0.22894304972653767E-007  -0.133026460E-004   0.000000000E+000
   0.22925118303707137E-007  -0.131630804E-005   0.000000000E+000
   0.22955931634760507E-007   0.498454119E-005   0.000000000E+000
   0.22986744965813877E-007  -0.817844375E-005   0.000000000E+000
   0.23017558296867247E-007  -0.124529706E-004   0.000000000E+000
   0.23048371627920616E-007   0.983369318E-005   0.000000000E+000
   0.23079184958973986E-007   0.272007765E-004   0.000000000E+000
   0.23109998290027356E-007   0.661700142E-005   0.000000000E+000
   0.23140811621080726E-007  -0.280348740E-004   0.000000000E+000
   0.23171624952134096E-007  -0.268670246E-004   0.000000000E+000
   0.23202438283187465E-007   0.975896364E-005   0.000000000E+000
   0.23233251614240835E-007   0.306800939E-004   0.000000000E+000
   0.23264064945294205E-007   0.106645966E-004   0.000000000E+000
   0.23294878276347575E-007  -0.161401076E-004   0.000000000E+000
   0.23325691607400945E-007  -0.139288259E-004   0.000000000E+000
   0.23356504938454314E-007   0.304079367E-005   0.000000000E+000
   0.23387318269507684E-007   0.363377148E-005   0.000000000E+000
   0.23418131600561054E-007  -0.602557157E-005   0.000000000E+000
   0.23448944931614424E-007   0.642291070E-006   0.000000000E+000
   0.23479758262667794E-007   0.173171702E-004   0.000000000E+000
   0.23510571593721163E-007   0.116570009E-004   0.000000000E+000
   0.23541384924774533E-007  -0.165688143E-004   0.000000000E+000
   0.23572198255827903E-007  -0.270277487E-004   0.000000000E+000
   0.23603011586881273E-007  -0.698690201E-006   0.000000000E+000
   0.23633824917934643E-007   0.270301462E-004   0.000000000E+000
   0.23664638248988012E-007   0.183626289E-004   0.000000000E+000
   0.23695451580041382E-007  -0.110194705E-004   0.000000000E+000
   0.23726264911094752E-007  -0.193873930E-004   0.000000000E+000
   0.23757078242148122E-007  -0.238358552E-005   0.000000000E+000
   0.23787891573201492E-007   0.828423072E-005   0.000000000E+000
   0.23818704904254862E-007   0.784065378E-006   0.000000000E+000
   0.23849518235308231E-007  -0.265932476E-005   0.000000000E+000
   0.23880331566361601E-007   0.831469697E-005   0.000000000E+000
   0.23911144897414971E-007   0.111785503E-004   0.000000000E+000
   0.23941958228468341E-007  -0.756656118E-005   0.000000000E+000
   0.23972771559521711E-007  -0.221413338E-004   0.000000000E+000
   0.24003584890575080E-007  -0.626955079E-005   0.000000000E+000
   0.24034398221628450E-007   0.207929625E-004   0.000000000E+000
   0.24065211552681820E-007   0.202310002E-004   0.000000000E+000
   0.24096024883735190E-007  -0.666686901E-005   0.000000000E+000
   0.24126838214788560E-007  -0.208379370E-004   0.000000000E+000
   0.24157651545841929E-007  -0.571343662E-005   0.000000000E+000
   0.24188464876895299E-007   0.112733687E-004   0.000000000E+000
   0.24219278207948669E-007   0.651486516E-005   0.000000000E+000
   0.24250091539002039E-007  -0.460698539E-005   0.000000000E+000
   0.24280904870055409E-007  -0.259171429E-006   0.000000000E+000
   0.24311718201108778E-007   0.845990326E-005   0.000000000E+000
   0.24342531532162148E-007  -0.119493052E-006   0.000000000E+000
   0.24373344863215518E-007  -0.154002719E-004   0.000000000E+000
   0.24404158194268888E-007  -0.918508977E-005   0.000000000E+000
   0.24434971525322258E-007   0.143058633E-004   0.000000000E+000
   0.24465784856375627E-007   0.199634615E-004   0.000000000E+000
   0.24496598187428997E-007  -0.276414903E-005   0.000000000E+000
   0.24527411518482367E-007  -0.209941754E-004   0.000000000E+000
   0.24558224849535737E-007  -0.907546018E-005   0.000000000E+000
   0.24589038180589107E-007   0.125283150E-004   0.000000000E+000
   0.24619851511642477E-007   0.120074637E-004   0.000000000E+000
   0.24650664842695846E-007  -0.421991354E-005   0.000000000E+000
   0.24681478173749216E-007  -0.718280444E-005   0.000000000E+000
   0.24712291504802586E-007   0.441104021E-005   0.000000000E+000
   0.24743104835855956E-007   0.527049951E-005   0.000000000E+000
   0.24773918166909326E-007  -0.881338201E-005   0.000000000E+000
   0.24804731497962695E-007  -0.114742779E-004   0.000000000E+000
   0.24835544829016065E-007   0.748120874E-005   0.000000000E+000
   0.24866358160069435E-007   0.198881426E-004   0.000000000E+000
   0.24897171491122805E-007   0.338286009E-005   0.000000000E+000
   0.24927984822176175E-007  -0.195864068E-004   0.000000000E+000
   0.24958798153229544E-007  -0.148499412E-004   0.000000000E+000
   0.24989611484282914E-007   0.981267567E-005   0.000000000E+000
   0.25020424815336284E-007   0.174820925E-004   0.000000000E+000
   0.25051238146389654E-007   0.215100954E-006   0.000000000E+000
   0.25082051477443024E-007  -0.118144735E-004   0.000000000E+000
   0.25112864808496393E-007  -0.192537846E-005   0.000000000E+000
   0.25143678139549763E-007   0.817574619E-005   0.000000000E+000
   0.25174491470603133E-007  -0.773323336E-006   0.000000000E+000
   0.25205304801656503E-007  -0.114471659E-004   0.000000000E+000
   0.25236118132709873E-007  -0.116891079E-005   0.000000000E+000
   0.25266931463763243E-007   0.160134150E-004   0.000000000E+000
   0.25297744794816612E-007   0.104023711E-004   0.000000000E+000
   0.25328558125869982E-007  -0.126561608E-004   0.000000000E+000
   0.25359371456923352E-007  -0.183628927E-004   0.000000000E+000
   0.25390184787976722E-007   0.232867933E-005   0.000000000E+000
   0.25420998119030092E-007   0.179325016E-004   0.000000000E+000
   0.25451811450083461E-007   0.648545665E-005   0.000000000E+000
   0.25482624781136831E-007  -0.112145672E-004   0.000000000E+000
   0.25513438112190201E-007  -0.777309651E-005   0.000000000E+000
   0.25544251443243571E-007   0.701803128E-005   0.000000000E+000
   0.25575064774296941E-007   0.612963504E-005   0.000000000E+000
   0.25605878105350310E-007  -0.772398562E-005   0.000000000E+000
   0.25636691436403680E-007  -0.803911098E-005   0.000000000E+000
   0.25667504767457050E-007   0.825915595E-005   0.000000000E+000
   0.25698318098510420E-007   0.138887353E-004   0.000000000E+000
   0.25729131429563790E-007  -0.284455018E-005   0.000000000E+000
   0.25759944760617159E-007  -0.167243452E-004   0.000000000E+000
   0.25790758091670529E-007  -0.576158800E-005   0.000000000E+000
   0.25821571422723899E-007   0.130784583E-004   0.000000000E+000
   0.25852384753777269E-007   0.113020596E-004   0.000000000E+000
   0.25883198084830639E-007  -0.604093839E-005   0.000000000E+000
   0.25914011415884008E-007  -0.107984233E-004   0.000000000E+000
   0.25944824746937378E-007   0.196727706E-005   0.000000000E+000
   0.25975638077990748E-007   0.866269147E-005   0.000000000E+000
   0.26006451409044118E-007  -0.135857226E-005   0.000000000E+000
   0.26037264740097488E-007  -0.890221418E-005   0.000000000E+000
   0.26068078071150858E-007   0.524544703E-006   0.000000000E+000
   0.26098891402204227E-007   0.111837226E-004   0.000000000E+000
   0.26129704733257597E-007   0.393499204E-005   0.000000000E+000
   0.26160518064310967E-007  -0.106962088E-004   0.000000000E+000
   0.26191331395364337E-007  -0.928795271E-005   0.000000000E+000
   0.26222144726417707E-007   0.604892739E-005   0.000000000E+000
   0.26252958057471076E-007   0.114272825E-004   0.000000000E+000
   0.26283771388524446E-007  -0.636528057E-007   0.000000000E+000
   0.26314584719577816E-007  -0.888436625E-005   0.000000000E+000
   0.26345398050631186E-007  -0.241801308E-005   0.000000000E+000
   0.26376211381684556E-007   0.589531237E-005   0.000000000E+000
   0.26407024712737925E-007   0.173703484E-005   0.000000000E+000
   0.26437838043791295E-007  -0.579062134E-005   0.000000000E+000
   0.26468651374844665E-007  -0.165956089E-005   0.000000000E+000
   0.26499464705898035E-007   0.780460141E-005   0.000000000E+000
   0.26530278036951405E-007   0.546047977E-005   0.000000000E+000
   0.26561091368004774E-007  -0.672390161E-005   0.000000000E+000
   0.26591904699058144E-007  -0.982237816E-005   0.000000000E+000
   0.26622718030111514E-007   0.128382271E-005   0.000000000E+000
   0.26653531361164884E-007   0.986019768E-005   0.000000000E+000
   0.26684344692218254E-007   0.436721484E-005   0.000000000E+000
   0.26715158023271623E-007  -0.475651314E-005   0.000000000E+000
   0.26745971354324993E-007  -0.430966111E-005   0.000000000E+000
   0.26776784685378363E-007   0.106130346E-005   0.000000000E+000
   0.26807598016431733E-007   0.392533536E-006   0.000000000E+000
   0.26838411347485103E-007  -0.313919509E-005   0.000000000E+000
   0.26869224678538473E-007   0.550807272E-006   0.000000000E+000
   0.26900038009591842E-007   0.771341001E-005   0.000000000E+000
   0.26930851340645212E-007   0.515234660E-005   0.000000000E+000
   0.26961664671698582E-007  -0.636452569E-005   0.000000000E+000
   0.26992478002751952E-007  -0.107151354E-004   0.000000000E+000
   0.27023291333805322E-007  -0.130000353E-005   0.000000000E+000
   0.27054104664858691E-007   0.866645860E-005   0.000000000E+000
   0.27084917995912061E-007   0.693810944E-005   0.000000000E+000
   0.27115731326965431E-007  -0.736123184E-006   0.000000000E+000
   0.27146544658018801E-007  -0.331380761E-005   0.000000000E+000
   0.27177357989072171E-007  -0.207019480E-005   0.000000000E+000
   0.27208171320125540E-007  -0.355627344E-005   0.000000000E+000
   0.27238984651178910E-007  -0.426303450E-005   0.000000000E+000
   0.27269797982232280E-007   0.279295728E-005   0.000000000E+000
   0.27300611313285650E-007   0.111761856E-004   0.000000000E+000
   0.27331424644339020E-007   0.715682927E-005   0.000000000E+000
   0.27362237975392389E-007  -0.733384786E-005   0.000000000E+000
   0.27393051306445759E-007  -0.139042932E-004   0.000000000E+000
   0.27423864637499129E-007  -0.397807253E-005   0.000000000E+000
   0.27454677968552499E-007   0.875193928E-005   0.000000000E+000
   0.27485491299605869E-007   0.935367643E-005   0.000000000E+000
   0.27516304630659238E-007   0.179454810E-005   0.000000000E+000
   0.27547117961712608E-007  -0.225259237E-005   0.000000000E+000
   0.27577931292765978E-007  -0.287431362E-005   0.000000000E+000
   0.27608744623819348E-007  -0.605579453E-005   0.000000000E+000
   0.27639557954872718E-007  -0.710669519E-005   0.000000000E+000
   0.27670371285926088E-007   0.238233497E-005   0.000000000E+000
   0.27701184616979457E-007   0.145241493E-004   0.000000000E+000
   0.27731997948032827E-007   0.112247290E-004   0.000000000E+000
   0.27762811279086197E-007  -0.726686812E-005   0.000000000E+000
   0.27793624610139567E-007  -0.180657735E-004   0.000000000E+000
   0.27824437941192937E-007  -0.731052751E-005   0.000000000E+000
   0.27855251272246306E-007   0.992035348E-005   0.000000000E+000
   0.27886064603299676E-007   0.125982424E-004   0.000000000E+000
   0.27916877934353046E-007   0.280084441E-005   0.000000000E+000
   0.27947691265406416E-007  -0.340341967E-005   0.000000000E+000
   0.27978504596459786E-007  -0.320004256E-005   0.000000000E+000
   0.28009317927513155E-007  -0.558753709E-005   0.000000000E+000
   0.28040131258566525E-007  -0.845498926E-005   0.000000000E+000
   0.28070944589619895E-007   0.573199941E-007   0.000000000E+000
   0.28101757920673265E-007   0.155681882E-004   0.000000000E+000
   0.28132571251726635E-007   0.158360981E-004   0.000000000E+000
   0.28163384582780004E-007  -0.535867548E-005   0.000000000E+000
   0.28194197913833374E-007  -0.225925178E-004   0.000000000E+000
   0.28225011244886744E-007  -0.126133600E-004   0.000000000E+000
   0.28255824575940114E-007   0.113692913E-004   0.000000000E+000
   0.28286637906993484E-007   0.188276863E-004   0.000000000E+000
   0.28317451238046853E-007   0.511344751E-005   0.000000000E+000
   0.28348264569100223E-007  -0.742292377E-005   0.000000000E+000
   0.28379077900153593E-007  -0.684363386E-005   0.000000000E+000
   0.28409891231206963E-007  -0.428642306E-005   0.000000000E+000
   0.28440704562260333E-007  -0.629427268E-005   0.000000000E+000
   0.28471517893313703E-007  -0.122501160E-005   0.000000000E+000
   0.28502331224367072E-007   0.143734178E-004   0.000000000E+000
   0.28533144555420442E-007   0.192827501E-004   0.000000000E+000
   0.28563957886473812E-007  -0.156837086E-005   0.000000000E+000
   0.28594771217527182E-007  -0.260169327E-004   0.000000000E+000
   0.28625584548580552E-007  -0.205653887E-004   0.000000000E+000
   0.28656397879633921E-007   0.100620673E-004   0.000000000E+000
   0.28687211210687291E-007   0.271113222E-004   0.000000000E+000
   0.28718024541740661E-007   0.121312787E-004   0.000000000E+000
   0.28748837872794031E-007  -0.107086180E-004   0.000000000E+000
   0.28779651203847401E-007  -0.147077371E-004   0.000000000E+000
   0.28810464534900770E-007  -0.600597923E-005   0.000000000E+000
   0.28841277865954140E-007  -0.225783401E-005   0.000000000E+000
   0.28872091197007510E-007   0.252656491E-006   0.000000000E+000
   0.28902904528060880E-007   0.123386162E-004   0.000000000E+000
   0.28933717859114250E-007   0.207517842E-004   0.000000000E+000
   0.28964531190167619E-007   0.383679435E-005   0.000000000E+000
   0.28995344521220989E-007  -0.260491561E-004   0.000000000E+000
   0.29026157852274359E-007  -0.295179707E-004   0.000000000E+000
   0.29056971183327729E-007   0.323974746E-005   0.000000000E+000
   0.29087784514381099E-007   0.328773604E-004   0.000000000E+000
   0.29118597845434468E-007   0.237484310E-004   0.000000000E+000
   0.29149411176487838E-007  -0.833260128E-005   0.000000000E+000
   0.29180224507541208E-007  -0.233356659E-004   0.000000000E+000
   0.29211037838594578E-007  -0.128058655E-004   0.000000000E+000
   0.29241851169647948E-007   0.670279405E-007   0.000000000E+000
   0.29272664500701318E-007   0.438585676E-005   0.000000000E+000
   0.29303477831754687E-007   0.112106918E-004   0.000000000E+000
   0.29334291162808057E-007   0.195897264E-004   0.000000000E+000
   0.29365104493861427E-007   0.892882690E-005   0.000000000E+000
   0.29395917824914797E-007  -0.213287931E-004   0.000000000E+000
   0.29426731155968167E-007  -0.352705720E-004   0.000000000E+000
   0.29457544487021536E-007  -0.798943438E-005   0.000000000E+000
   0.29488357818074906E-007   0.316475853E-004   0.000000000E+000
   0.29519171149128276E-007   0.352991483E-004   0.000000000E+000
   0.29549984480181646E-007   0.844025635E-006   0.000000000E+000
   0.29580797811235016E-007  -0.276580031E-004   0.000000000E+000
   0.29611611142288385E-007  -0.224793857E-004   0.000000000E+000
   0.29642424473341755E-007  -0.181563701E-005   0.000000000E+000
   0.29673237804395125E-007   0.891485979E-005   0.000000000E+000
   0.29704051135448495E-007   0.120940822E-004   0.000000000E+000
   0.29734864466501865E-007   0.167831367E-004   0.000000000E+000
   0.29765677797555234E-007   0.113286060E-004   0.000000000E+000
   0.29796491128608604E-007  -0.140055345E-004   0.000000000E+000
   0.29827304459661974E-007  -0.349045404E-004   0.000000000E+000
   0.29858117790715344E-007  -0.185244462E-004   0.000000000E+000
   0.29888931121768714E-007   0.233658575E-004   0.000000000E+000
   0.29919744452822084E-007   0.410761349E-004   0.000000000E+000
   0.29950557783875453E-007   0.130862354E-004   0.000000000E+000
   0.29981371114928823E-007  -0.248865908E-004   0.000000000E+000
   0.30012184445982193E-007  -0.304965579E-004   0.000000000E+000
   0.30042997777035563E-007  -0.778059621E-005   0.000000000E+000
   0.30073811108088933E-007   0.110786368E-004   0.000000000E+000
   0.30104624439142302E-007   0.147295996E-004   0.000000000E+000
   0.30135437770195672E-007   0.144564347E-004   0.000000000E+000
   0.30166251101249042E-007   0.105969521E-004   0.000000000E+000
   0.30197064432302412E-007  -0.770524457E-005   0.000000000E+000
   0.30227877763355782E-007  -0.295960181E-004   0.000000000E+000
   0.30258691094409151E-007  -0.241982452E-004   0.000000000E+000
   0.30289504425462521E-007   0.123033751E-004   0.000000000E+000
   0.30320317756515891E-007   0.394800409E-004   0.000000000E+000
   0.30351131087569261E-007   0.231472677E-004   0.000000000E+000
   0.30381944418622631E-007  -0.168588031E-004   0.000000000E+000
   0.30412757749676000E-007  -0.336801386E-004   0.000000000E+000
   0.30443571080729370E-007  -0.149736570E-004   0.000000000E+000
   0.30474384411782740E-007   0.986654595E-005   0.000000000E+000
   0.30505197742836110E-007   0.172994096E-004   0.000000000E+000
   0.30536011073889480E-007   0.136026829E-004   0.000000000E+000
   0.30566824404942849E-007   0.844101487E-005   0.000000000E+000
   0.30597637735996219E-007  -0.398185057E-005   0.000000000E+000
   0.30628451067049589E-007  -0.226706870E-004   0.000000000E+000
   0.30659264398102959E-007  -0.248497272E-004   0.000000000E+000
   0.30690077729156329E-007   0.266310053E-005   0.000000000E+000
   0.30720891060209699E-007   0.331068513E-004   0.000000000E+000
   0.30751704391263068E-007   0.284964444E-004   0.000000000E+000
   0.30782517722316438E-007  -0.745299621E-005   0.000000000E+000
   0.30813331053369808E-007  -0.321320913E-004   0.000000000E+000
   0.30844144384423178E-007  -0.206331897E-004   0.000000000E+000
   0.30874957715476548E-007   0.639524114E-005   0.000000000E+000
   0.30905771046529917E-007   0.184806959E-004   0.000000000E+000
   0.30936584377583287E-007   0.136765748E-004   0.000000000E+000
   0.30967397708636657E-007   0.622199650E-005   0.000000000E+000
   0.30998211039690027E-007  -0.232820867E-005   0.000000000E+000
   0.31029024370743397E-007  -0.160695017E-004   0.000000000E+000
   0.31059837701796766E-007  -0.222562558E-004   0.000000000E+000
   0.31090651032850136E-007  -0.435492620E-005   0.000000000E+000
   0.31121464363903506E-007   0.246929485E-004   0.000000000E+000
   0.31152277694956876E-007   0.298114355E-004   0.000000000E+000
   0.31183091026010246E-007   0.137107600E-005   0.000000000E+000
   0.31213904357063615E-007  -0.276153551E-004   0.000000000E+000
   0.31244717688116985E-007  -0.244395451E-004   0.000000000E+000
   0.31275531019170355E-007   0.184675082E-005   0.000000000E+000
   0.31306344350223725E-007   0.186338111E-004   0.000000000E+000
   0.31337157681277095E-007   0.145118802E-004   0.000000000E+000
   0.31367971012330464E-007   0.414347960E-005   0.000000000E+000
   0.31398784343383834E-007  -0.262737512E-005   0.000000000E+000
   0.31429597674437204E-007  -0.104969622E-004   0.000000000E+000
   0.31460411005490574E-007  -0.171915126E-004   0.000000000E+000
   0.31491224336543944E-007  -0.843194903E-005   0.000000000E+000
   0.31522037667597314E-007   0.151939639E-004   0.000000000E+000
   0.31552850998650683E-007   0.273719725E-004   0.000000000E+000
   0.31583664329704053E-007   0.920691673E-005   0.000000000E+000
   0.31614477660757423E-007  -0.202759311E-004   0.000000000E+000
   0.31645290991810793E-007  -0.263502898E-004   0.000000000E+000
   0.31676104322864163E-007  -0.430928412E-005   0.000000000E+000
   0.31706917653917532E-007   0.172063137E-004   0.000000000E+000
   0.31737730984970902E-007   0.168580973E-004   0.000000000E+000
   0.31768544316024272E-007   0.368879228E-005   0.000000000E+000
   0.31799357647077642E-007  -0.490930597E-005   0.000000000E+000
   0.31830170978131012E-007  -0.784393433E-005   0.000000000E+000
   0.31860984309184381E-007  -0.107651831E-004   0.000000000E+000
   0.31891797640237751E-007  -0.812953385E-005   0.000000000E+000
   0.31922610971291121E-007   0.650263974E-005   0.000000000E+000
   0.31953424302344491E-007   0.206012919E-004   0.000000000E+000
   0.31984237633397861E-007   0.139374679E-004   0.000000000E+000
   0.32015050964451230E-007  -0.102765898E-004   0.000000000E+000
   0.32045864295504600E-007  -0.242234382E-004   0.000000000E+000
   0.32076677626557970E-007  -0.113026454E-004   0.000000000E+000
   0.32107490957611340E-007   0.119521046E-004   0.000000000E+000
   0.32138304288664710E-007   0.190906503E-004   0.000000000E+000
   0.32169117619718079E-007   0.702289344E-005   0.000000000E+000
   0.32199930950771449E-007  -0.632192678E-005   0.000000000E+000
   0.32230744281824819E-007  -0.944528983E-005   0.000000000E+000
   0.32261557612878189E-007  -0.689799526E-005   0.000000000E+000
   0.32292370943931559E-007  -0.382270582E-005   0.000000000E+000
   0.32323184274984929E-007   0.265095923E-005   0.000000000E+000
   0.32353997606038298E-007   0.117957679E-004   0.000000000E+000
   0.32384810937091668E-007   0.125879042E-004   0.000000000E+000
   0.32415624268145038E-007  -0.115617058E-005   0.000000000E+000
   0.32446437599198408E-007  -0.166681129E-004   0.000000000E+000
   0.32477250930251778E-007  -0.152199091E-004   0.000000000E+000
   0.32508064261305147E-007   0.289428590E-005   0.000000000E+000
   0.32538877592358517E-007   0.172609180E-004   0.000000000E+000
   0.32569690923411887E-007   0.127935582E-004   0.000000000E+000
   0.32600504254465257E-007  -0.297686893E-005   0.000000000E+000
   0.32631317585518627E-007  -0.122232123E-004   0.000000000E+000
   0.32662130916571996E-007  -0.872304918E-005   0.000000000E+000
   0.32692944247625366E-007  -0.453707798E-006   0.000000000E+000
   0.32723757578678736E-007   0.475307570E-005   0.000000000E+000
   0.32754570909732106E-007   0.679279765E-005   0.000000000E+000
   0.32785384240785476E-007   0.674938929E-005   0.000000000E+000
   0.32816197571838845E-007   0.197663940E-005   0.000000000E+000
   0.32847010902892215E-007  -0.737303526E-005   0.000000000E+000
   0.32877824233945585E-007  -0.126427240E-004   0.000000000E+000
   0.32908637564998955E-007  -0.528603505E-005   0.000000000E+000
   0.32939450896052325E-007   0.958997498E-005   0.000000000E+000
   0.32970264227105694E-007   0.157878585E-004   0.000000000E+000
   0.33001077558159064E-007   0.528647615E-005   0.000000000E+000
   0.33031890889212434E-007  -0.105035651E-004   0.000000000E+000
   0.33062704220265804E-007  -0.141111732E-004   0.000000000E+000
   0.33093517551319174E-007  -0.329126578E-005   0.000000000E+000
   0.33124330882372544E-007   0.798024394E-005   0.000000000E+000
   0.33155144213425913E-007   0.875906426E-005   0.000000000E+000
   0.33185957544479283E-007   0.292846244E-005   0.000000000E+000
   0.33216770875532653E-007  -0.907531557E-006   0.000000000E+000
   0.33247584206586023E-007  -0.263834045E-005   0.000000000E+000
   0.33278397537639393E-007  -0.615758017E-005   0.000000000E+000
   0.33309210868692762E-007  -0.761073716E-005   0.000000000E+000
   0.33340024199746132E-007   0.234741492E-006   0.000000000E+000
   0.33370837530799502E-007   0.123894179E-004   0.000000000E+000
   0.33401650861852872E-007   0.130187846E-004   0.000000000E+000
   0.33432464192906242E-007  -0.231276044E-005   0.000000000E+000
   0.33463277523959611E-007  -0.163562690E-004   0.000000000E+000
   0.33494090855012981E-007  -0.115661896E-004   0.000000000E+000
   0.33524904186066351E-007   0.556037958E-005   0.000000000E+000
   0.33555717517119721E-007   0.136191456E-004   0.000000000E+000
   0.33586530848173091E-007   0.587739578E-005   0.000000000E+000
   0.33617344179226460E-007  -0.362576338E-005   0.000000000E+000
   0.33648157510279830E-007  -0.408231244E-005   0.000000000E+000
   0.33678970841333200E-007  -0.208182905E-005   0.000000000E+000
   0.33709784172386570E-007  -0.500899205E-005   0.000000000E+000
   0.33740597503439940E-007  -0.527331713E-005   0.000000000E+000
   0.33771410834493309E-007   0.525296809E-005   0.000000000E+000
   0.33802224165546679E-007   0.154247628E-004   0.000000000E+000
   0.33833037496600049E-007   0.780878872E-005   0.000000000E+000
   0.33863850827653419E-007  -0.120215118E-004   0.000000000E+000
   0.33894664158706789E-007  -0.187534024E-004   0.000000000E+000
   0.33925477489760159E-007  -0.304149762E-005   0.000000000E+000
   0.33956290820813528E-007   0.143500311E-004   0.000000000E+000
   0.33987104151866898E-007   0.126230761E-004   0.000000000E+000
   0.34017917482920268E-007  -0.965179424E-006   0.000000000E+000
   0.34048730813973638E-007  -0.664741447E-005   0.000000000E+000
   0.34079544145027008E-007  -0.288623596E-005   0.000000000E+000
   0.34110357476080377E-007  -0.270780788E-005   0.000000000E+000
   0.34141170807133747E-007  -0.640646704E-005   0.000000000E+000
   0.34171984138187117E-007  -0.731474302E-006   0.000000000E+000
   0.34202797469240487E-007   0.133236372E-004   0.000000000E+000
   0.34233610800293857E-007   0.150109026E-004   0.000000000E+000
   0.34264424131347226E-007  -0.391169306E-005   0.000000000E+000
   0.34295237462400596E-007  -0.208706588E-004   0.000000000E+000
   0.34326050793453966E-007  -0.127388012E-004   0.000000000E+000
   0.34356864124507336E-007   0.966334665E-005   0.000000000E+000
   0.34387677455560706E-007   0.174099187E-004   0.000000000E+000
   0.34418490786614075E-007   0.510170776E-005   0.000000000E+000
   0.34449304117667445E-007  -0.621533127E-005   0.000000000E+000
   0.34480117448720815E-007  -0.493333164E-005   0.000000000E+000
   0.34510930779774185E-007  -0.258124078E-005   0.000000000E+000
   0.34541744110827555E-007  -0.667985751E-005   0.000000000E+000
   0.34572557441880925E-007  -0.483739677E-005   0.000000000E+000
   0.34603370772934294E-007   0.100228917E-004   0.000000000E+000
   0.34634184103987664E-007   0.191755462E-004   0.000000000E+000
   0.34664997435041034E-007   0.424653172E-005   0.000000000E+000
   0.34695810766094404E-007  -0.193166852E-004   0.000000000E+000
   0.34726624097147774E-007  -0.201478488E-004   0.000000000E+000
   0.34757437428201143E-007   0.294912206E-005   0.000000000E+000
   0.34788250759254513E-007   0.190244373E-004   0.000000000E+000
   0.34819064090307883E-007   0.107349688E-004   0.000000000E+000
   0.34849877421361253E-007  -0.420632023E-005   0.000000000E+000
   0.34880690752414623E-007  -0.607365746E-005   0.000000000E+000
   0.34911504083467992E-007  -0.227117744E-005   0.000000000E+000
   0.34942317414521362E-007  -0.625739722E-005   0.000000000E+000
   0.34973130745574732E-007  -0.864668709E-005   0.000000000E+000
   0.35003944076628102E-007   0.511173675E-005   0.000000000E+000
   0.35034757407681472E-007   0.212760588E-004   0.000000000E+000
   0.35065570738734841E-007   0.127131771E-004   0.000000000E+000
   0.35096384069788211E-007  -0.154139198E-004   0.000000000E+000
   0.35127197400841581E-007  -0.262493795E-004   0.000000000E+000
   0.35158010731894951E-007  -0.455615009E-005   0.000000000E+000
   0.35188824062948321E-007   0.197363461E-004   0.000000000E+000
   0.35219637394001690E-007   0.163439145E-004   0.000000000E+000
   0.35250450725055060E-007  -0.282554174E-005   0.000000000E+000
   0.35281264056108430E-007  -0.865984839E-005   0.000000000E+000
   0.35312077387161800E-007  -0.156577971E-005   0.000000000E+000
   0.35342890718215170E-007  -0.263115908E-005   0.000000000E+000
   0.35373704049268540E-007  -0.102937656E-004   0.000000000E+000
   0.35404517380321909E-007  -0.229251600E-005   0.000000000E+000
   0.35435330711375279E-007   0.190501269E-004   0.000000000E+000
   0.35466144042428649E-007   0.209235022E-004   0.000000000E+000
   0.35496957373482019E-007  -0.757414819E-005   0.000000000E+000
   0.35527770704535389E-007  -0.301963664E-004   0.000000000E+000
   0.35558584035588758E-007  -0.143611651E-004   0.000000000E+000
   0.35589397366642128E-007   0.183740085E-004   0.000000000E+000
   0.35620210697695498E-007   0.238872872E-004   0.000000000E+000
   0.35651024028748868E-007   0.608601113E-006   0.000000000E+000
   0.35681837359802238E-007  -0.139082003E-004   0.000000000E+000
   0.35712650690855607E-007  -0.475647084E-005   0.000000000E+000
   0.35743464021908977E-007   0.290288062E-005   0.000000000E+000
   0.35774277352962347E-007  -0.576614366E-005   0.000000000E+000
   0.35805090684015717E-007  -0.837397602E-005   0.000000000E+000
   0.35835904015069087E-007   0.107179694E-004   0.000000000E+000
   0.35866717346122456E-007   0.243684462E-004   0.000000000E+000
   0.35897530677175826E-007   0.371691931E-005   0.000000000E+000
   0.35928344008229196E-007  -0.282039036E-004   0.000000000E+000
   0.35959157339282566E-007  -0.248601646E-004   0.000000000E+000
   0.35989970670335936E-007   0.116864358E-004   0.000000000E+000
   0.36020784001389305E-007   0.308606213E-004   0.000000000E+000
   0.36051597332442675E-007   0.915169767E-005   0.000000000E+000
   0.36082410663496045E-007  -0.175678342E-004   0.000000000E+000
   0.36113223994549415E-007  -0.135784967E-004   0.000000000E+000
   0.36144037325602785E-007   0.440348867E-005   0.000000000E+000
   0.36174850656656155E-007   0.366489189E-005   0.000000000E+000
   0.36205663987709524E-007  -0.740326141E-005   0.000000000E+000
   0.36236477318762894E-007   0.646630724E-006   0.000000000E+000
   0.36267290649816264E-007   0.196185410E-004   0.000000000E+000
   0.36298103980869634E-007   0.127316280E-004   0.000000000E+000
   0.36328917311923004E-007  -0.195068205E-004   0.000000000E+000
   0.36359730642976373E-007  -0.305536742E-004   0.000000000E+000
   0.36390543974029743E-007   0.685504347E-006   0.000000000E+000
   0.36421357305083113E-007   0.321991902E-004   0.000000000E+000
   0.36452170636136483E-007   0.203070740E-004   0.000000000E+000
   0.36482983967189853E-007  -0.149387924E-004   0.000000000E+000
   0.36513797298243222E-007  -0.234491235E-004   0.000000000E+000
   0.36544610629296592E-007  -0.138096948E-005   0.000000000E+000
   0.36575423960349962E-007   0.114354298E-004   0.000000000E+000
   0.36606237291403332E-007   0.815767635E-006   0.000000000E+000
   0.36637050622456702E-007  -0.433444347E-005   0.000000000E+000
   0.36667863953510071E-007   0.983324571E-005   0.000000000E+000
   0.36698677284563441E-007   0.144210881E-004   0.000000000E+000
   0.36729490615616811E-007  -0.924614869E-005   0.000000000E+000
   0.36760303946670181E-007  -0.288676856E-004   0.000000000E+000
   0.36791117277723551E-007  -0.902060856E-005   0.000000000E+000
   0.36821930608776920E-007   0.273087644E-004   0.000000000E+000
   0.36852743939830290E-007   0.284888174E-004   0.000000000E+000
   0.36883557270883660E-007  -0.715960596E-005   0.000000000E+000
   0.36914370601937030E-007  -0.289389973E-004   0.000000000E+000
   0.36945183932990400E-007  -0.111529680E-004   0.000000000E+000
   0.36975997264043770E-007   0.132007845E-004   0.000000000E+000
   0.37006810595097139E-007   0.108427066E-004   0.000000000E+000
   0.37037623926150509E-007  -0.238942175E-005   0.000000000E+000
   0.37068437257203879E-007   0.130919580E-005   0.000000000E+000
   0.37099250588257249E-007   0.999920667E-005   0.000000000E+000
   0.37130063919310619E-007  -0.280184850E-005   0.000000000E+000
   0.37160877250363988E-007  -0.232073689E-004   0.000000000E+000
   0.37191690581417358E-007  -0.138727364E-004   0.000000000E+000
   0.37222503912470728E-007   0.205111683E-004   0.000000000E+000
   0.37253317243524098E-007   0.318078164E-004   0.000000000E+000
   0.37284130574577468E-007   0.116565934E-005   0.000000000E+000
   0.37314943905630837E-007  -0.295886239E-004   0.000000000E+000
   0.37345757236684207E-007  -0.202037190E-004   0.000000000E+000
   0.37376570567737577E-007   0.101818969E-004   0.000000000E+000
   0.37407383898790947E-007   0.184462624E-004   0.000000000E+000
   0.37438197229844317E-007   0.341697432E-005   0.000000000E+000
   0.37469010560897686E-007  -0.329162094E-005   0.000000000E+000
   0.37499823891951056E-007   0.366935683E-005   0.000000000E+000
   0.37530637223004426E-007  -0.559367891E-006   0.000000000E+000
   0.37561450554057796E-007  -0.175732439E-004   0.000000000E+000
   0.37592263885111166E-007  -0.153894653E-004   0.000000000E+000
   0.37623077216164535E-007   0.146560942E-004   0.000000000E+000
   0.37653890547217905E-007   0.326653244E-004   0.000000000E+000
   0.37684703878271275E-007   0.835148785E-005   0.000000000E+000
   0.37715517209324645E-007  -0.279922879E-004   0.000000000E+000
   0.37746330540378015E-007  -0.276357441E-004   0.000000000E+000
   0.37777143871431385E-007   0.508923222E-005   0.000000000E+000
   0.37807957202484754E-007   0.235288935E-004   0.000000000E+000
   0.37838770533538124E-007   0.103706934E-004   0.000000000E+000
   0.37869583864591494E-007  -0.498100235E-005   0.000000000E+000
   0.37900397195644864E-007  -0.251147276E-005   0.000000000E+000
   0.37931210526698234E-007  -0.571731789E-006   0.000000000E+000
   0.37962023857751603E-007  -0.126328760E-004   0.000000000E+000
   0.37992837188804973E-007  -0.155318303E-004   0.000000000E+000
   0.38023650519858343E-007   0.908988841E-005   0.000000000E+000
   0.38054463850911713E-007   0.321471889E-004   0.000000000E+000
   0.38085277181965083E-007   0.154889331E-004   0.000000000E+000
   0.38116090513018452E-007  -0.243451705E-004   0.000000000E+000
   0.38146903844071822E-007  -0.342294406E-004   0.000000000E+000
   0.38177717175125192E-007  -0.215247928E-005   0.000000000E+000
   0.38208530506178562E-007   0.265989183E-004   0.000000000E+000
   0.38239343837231932E-007   0.185227800E-004   0.000000000E+000
   0.38270157168285301E-007  -0.431356057E-005   0.000000000E+000
   0.38300970499338671E-007  -0.888823342E-005   0.000000000E+000
   0.38331783830392041E-007  -0.247519938E-005   0.000000000E+000
   0.38362597161445411E-007  -0.759950854E-005   0.000000000E+000
   0.38393410492498781E-007  -0.138418709E-004   0.000000000E+000
   0.38424223823552150E-007   0.322658525E-005   0.000000000E+000
   0.38455037154605520E-007   0.289333821E-004   0.000000000E+000
   0.38485850485658890E-007   0.221174723E-004   0.000000000E+000
   0.38516663816712260E-007  -0.173466597E-004   0.000000000E+000
   0.38547477147765630E-007  -0.384718624E-004   0.000000000E+000
   0.38578290478819000E-007  -0.119305350E-004   0.000000000E+000
   0.38609103809872369E-007   0.259255521E-004   0.000000000E+000
   0.38639917140925739E-007   0.273533024E-004   0.000000000E+000
   0.38670730471979109E-007   0.372310751E-007   0.000000000E+000
   0.38701543803032479E-007  -0.145903959E-004   0.000000000E+000
   0.38732357134085849E-007  -0.736195670E-005   0.000000000E+000
   0.38763170465139218E-007  -0.361002094E-005   0.000000000E+000
   0.38793983796192588E-007  -0.920418734E-005   0.000000000E+000
   0.38824797127245958E-007  -0.102839931E-005   0.000000000E+000
   0.38855610458299328E-007   0.223989737E-004   0.000000000E+000
   0.38886423789352698E-007   0.254710285E-004   0.000000000E+000
   0.38917237120406067E-007  -0.777097375E-005   0.000000000E+000
   0.38948050451459437E-007  -0.376496973E-004   0.000000000E+000
   0.38978863782512807E-007  -0.219248795E-004   0.000000000E+000
   0.39009677113566177E-007   0.199833848E-004   0.000000000E+000
   0.39040490444619547E-007   0.338850950E-004   0.000000000E+000
   0.39071303775672916E-007   0.817137879E-005   0.000000000E+000
   0.39102117106726286E-007  -0.168831630E-004   0.000000000E+000
   0.39132930437779656E-007  -0.144649493E-004   0.000000000E+000
   0.39163743768833026E-007  -0.309595544E-005   0.000000000E+000
   0.39194557099886396E-007  -0.299342310E-005   0.000000000E+000
   0.39225370430939765E-007  -0.128851696E-005   0.000000000E+000
   0.39256183761993135E-007   0.149733032E-004   0.000000000E+000
   0.39286997093046505E-007   0.236633932E-004   0.000000000E+000
   0.39317810424099875E-007   0.662130333E-006   0.000000000E+000
   0.39348623755153245E-007  -0.314475910E-004   0.000000000E+000
   0.39379437086206615E-007  -0.279688520E-004   0.000000000E+000
   0.39410250417259984E-007   0.105074087E-004   0.000000000E+000
   0.39441063748313354E-007   0.348758695E-004   0.000000000E+000
   0.39471877079366724E-007   0.170273706E-004   0.000000000E+000
   0.39502690410420094E-007  -0.140622360E-004   0.000000000E+000
   0.39533503741473464E-007  -0.204481712E-004   0.000000000E+000
   0.39564317072526833E-007  -0.660795195E-005   0.000000000E+000
   0.39595130403580203E-007   0.145381637E-005   0.000000000E+000
   0.39625943734633573E-007   0.215482078E-005   0.000000000E+000
   0.39656757065686943E-007   0.102516951E-004   0.000000000E+000
   0.39687570396740313E-007   0.183097709E-004   0.000000000E+000
   0.39718383727793682E-007   0.446803006E-005   0.000000000E+000
   0.39749197058847052E-007  -0.233168903E-004   0.000000000E+000
   0.39780010389900422E-007  -0.279264823E-004   0.000000000E+000
   0.39810823720953792E-007   0.218525020E-005   0.000000000E+000
   0.39841637052007162E-007   0.304595542E-004   0.000000000E+000
   0.39872450383060531E-007   0.221667615E-004   0.000000000E+000
   0.39903263714113901E-007  -0.815446583E-005   0.000000000E+000
   0.39934077045167271E-007  -0.221079226E-004   0.000000000E+000
   0.39964890376220641E-007  -0.112781063E-004   0.000000000E+000
