t              AirBox.fdtd_Point probe B_Ex_50_50_13.dat       incid
   0.00000000000000000E+000   0.000000000E+000   0.000000000E+000
   0.30813331053369808E-010   0.000000000E+000   0.000000000E+000
   0.61626662106739616E-010   0.000000000E+000   0.000000000E+000
   0.92439993160109424E-010   0.000000000E+000   0.000000000E+000
   0.12325332421347923E-009   0.000000000E+000   0.000000000E+000
   0.15406665526684904E-009   0.000000000E+000   0.000000000E+000
   0.18487998632021885E-009   0.440502135E-009   0.000000000E+000
   0.21569331737358866E-009   0.348758977E-008   0.000000000E+000
   0.24650664842695846E-009   0.152427564E-007   0.000000000E+000
   0.27731997948032827E-009   0.490494827E-007   0.000000000E+000
   0.30813331053369808E-009   0.132396607E-006   0.543364429E-007
   0.33894664158706789E-009   0.323388605E-006   0.130312955E-006
   0.36975997264043770E-009   0.745452326E-006   0.323846933E-006
   0.40057330369380750E-009   0.165031281E-005   0.760842454E-006
   0.43138663474717731E-009   0.352813595E-005   0.168002134E-005
   0.46219996580054712E-009   0.733522666E-005   0.345463172E-005
   0.49301329685391693E-009   0.149535663E-004   0.736915536E-005
   0.52382662790728673E-009   0.299863132E-004   0.160410909E-004
   0.55463995896065654E-009   0.589481169E-004   0.332269665E-004
   0.58545329001402635E-009   0.113011629E-003   0.653352618E-004
   0.61626662106739616E-009   0.211149105E-003   0.121569610E-003
   0.64707995212076597E-009   0.385749736E-003   0.230606995E-003
   0.67789328317413577E-009   0.690969231E-003   0.440437172E-003
   0.70870661422750558E-009   0.121284404E-002   0.805525691E-003
   0.73951994528087539E-009   0.208076043E-002   0.141093775E-002
   0.77033327633424520E-009   0.348466286E-002   0.236807764E-002
   0.80114660738761501E-009   0.570230279E-002   0.399364904E-002
   0.83195993844098481E-009   0.913238060E-002   0.670463685E-002
   0.86277326949435462E-009   0.143202990E-001   0.108426828E-001
   0.89358660054772443E-009   0.219669603E-001   0.169194546E-001
   0.92439993160109424E-009   0.329320617E-001   0.255346466E-001
   0.95521326265446405E-009   0.482437536E-001   0.382758677E-001
   0.98602659370783385E-009   0.690979362E-001   0.565969534E-001
   0.10168399247612037E-008   0.968052670E-001   0.810456946E-001
   0.10476532558145735E-008   0.132660702E+000   0.112656519E+000
   0.10784665868679433E-008   0.177761674E+000   0.152419046E+000
   0.11092799179213131E-008   0.232824087E+000   0.203027517E+000
   0.11400932489746829E-008   0.298022985E+000   0.264987230E+000
   0.11709065800280527E-008   0.372852594E+000   0.336443633E+000
   0.12017199110814225E-008   0.455993414E+000   0.416465849E+000
   0.12325332421347923E-008   0.545186102E+000   0.503646970E+000
   0.12633465731881621E-008   0.637157559E+000   0.596037149E+000
   0.12941599042415319E-008   0.727696121E+000   0.688264132E+000
   0.13249732352949017E-008   0.811960995E+000   0.775755405E+000
   0.13557865663482715E-008   0.885003328E+000   0.854680955E+000
   0.13865998974016414E-008   0.942327142E+000   0.921269536E+000
   0.14174132284550112E-008   0.980306745E+000   0.968485117E+000
   0.14482265595083810E-008   0.996417582E+000   0.991896391E+000
   0.14790398905617508E-008   0.989385843E+000   0.993554115E+000
   0.15098532216151206E-008   0.959365964E+000   0.973572791E+000
   0.15406665526684904E-008   0.908117592E+000   0.932850718E+000
   0.15714798837218602E-008   0.839013636E+000   0.871012032E+000
   0.16022932147752300E-008   0.756709218E+000   0.793296158E+000
   0.16331065458285998E-008   0.666469097E+000   0.706839740E+000
   0.16639198768819696E-008   0.573375642E+000   0.615463376E+000
   0.16947332079353394E-008   0.481748670E+000   0.522866011E+000
   0.17255465389887092E-008   0.394974709E+000   0.433583945E+000
   0.17563598700420791E-008   0.315651029E+000   0.352153987E+000
   0.17871732010954489E-008   0.245747849E+000   0.279322058E+000
   0.18179865321488187E-008   0.186551616E+000   0.215887427E+000
   0.18487998632021885E-008   0.138428837E+000   0.162220582E+000
   0.18796131942555583E-008   0.100685164E+000   0.119465530E+000
   0.19104265253089281E-008   0.717752874E-001   0.867801160E-001
   0.19412398563622979E-008   0.498536751E-001   0.613083057E-001
   0.19720531874156677E-008   0.333664268E-001   0.420108363E-001
   0.20028665184690375E-008   0.213237815E-001   0.278575365E-001
   0.20336798495224073E-008   0.131224878E-001   0.182191674E-001
   0.20644931805757771E-008   0.812860951E-002   0.118726734E-001
   0.20953065116291469E-008   0.540555641E-002   0.747349299E-002
   0.21261198426825167E-008   0.383274816E-002   0.453438563E-002
   0.21569331737358866E-008   0.252014212E-002   0.264776987E-002
   0.21877465047892564E-008   0.116386637E-002   0.153786724E-002
   0.22185598358426262E-008   0.264357077E-004   0.901897030E-003
   0.22493731668959960E-008  -0.467948208E-003   0.505901524E-003
   0.22801864979493658E-008  -0.211361883E-003   0.271402154E-003
   0.23109998290027356E-008   0.414436887E-003   0.139283598E-003
   0.23418131600561054E-008   0.799947768E-003   0.718446026E-004
   0.23726264911094752E-008   0.578804640E-003   0.380426864E-004
   0.24034398221628450E-008  -0.896410784E-004   0.190140527E-004
   0.24342531532162148E-008  -0.665016181E-003   0.900645773E-005
   0.24650664842695846E-008  -0.680519210E-003   0.405493711E-005
   0.24958798153229544E-008  -0.131803681E-003   0.185749309E-005
   0.25266931463763243E-008   0.520780683E-003   0.891057255E-006
   0.25575064774296941E-008   0.735892681E-003   0.396717127E-006
   0.25883198084830639E-008   0.339903025E-003   0.165677008E-006
   0.26191331395364337E-008  -0.332556927E-003   0.653293029E-007
   0.26499464705898035E-008  -0.720958109E-003   0.265743694E-007
   0.26807598016431733E-008  -0.506418990E-003   0.115891421E-007
   0.27115731326965431E-008   0.125763123E-003   0.459402560E-008
   0.27423864637499129E-008   0.645290129E-003   0.168907677E-008
   0.27731997948032827E-008   0.621583080E-003   0.582448645E-009
   0.28040131258566525E-008   0.810915953E-004   0.210357565E-009
   0.28348264569100223E-008  -0.519728404E-003   0.836936839E-010
   0.28656397879633921E-008  -0.679564197E-003   0.295206845E-010
   0.28964531190167619E-008  -0.270762510E-003   0.954202169E-011
   0.29272664500701318E-008   0.358388264E-003   0.287352347E-011
   0.29580797811235016E-008   0.679803314E-003   0.921128408E-012
   0.29888931121768714E-008   0.428699277E-003   0.335580820E-012
   0.30197064432302412E-008  -0.178197311E-003   0.105238829E-012
   0.30505197742836110E-008  -0.629428308E-003   0.000000000E+000
   0.30813331053369808E-008  -0.550062512E-003   0.000000000E+000
   0.31121464363903506E-008  -0.139452750E-004   0.000000000E+000
   0.31429597674437204E-008   0.523208932E-003   0.000000000E+000
   0.31737730984970902E-008   0.609791081E-003   0.000000000E+000
   0.32045864295504600E-008   0.176523143E-003   0.000000000E+000
   0.32353997606038298E-008  -0.410015433E-003   0.000000000E+000
   0.32662130916571996E-008  -0.659960089E-003   0.000000000E+000
   0.32970264227105694E-008  -0.372705166E-003   0.000000000E+000
   0.33278397537639393E-008   0.197853660E-003   0.000000000E+000
   0.33586530848173091E-008   0.561484252E-003   0.000000000E+000
   0.33894664158706789E-008   0.405958504E-003   0.000000000E+000
   0.34202797469240487E-008  -0.142515521E-003   0.000000000E+000
   0.34510930779774185E-008  -0.629945542E-003   0.000000000E+000
   0.34819064090307883E-008  -0.659366313E-003   0.000000000E+000
   0.35127197400841581E-008  -0.223390089E-003   0.000000000E+000
   0.35435330711375279E-008   0.294666126E-003   0.000000000E+000
   0.35743464021908977E-008   0.448617327E-003   0.000000000E+000
   0.36051597332442675E-008   0.106957566E-003   0.000000000E+000
   0.36359730642976373E-008  -0.438241812E-003   0.000000000E+000
   0.36667863953510071E-008  -0.720194133E-003   0.000000000E+000
   0.36975997264043770E-008  -0.491067651E-003   0.000000000E+000
   0.37284130574577468E-008   0.723403646E-004   0.000000000E+000
   0.37592263885111166E-008   0.522153568E-003   0.000000000E+000
   0.37900397195644864E-008   0.519153313E-003   0.000000000E+000
   0.38208530506178562E-008   0.116390671E-003   0.000000000E+000
   0.38516663816712260E-008  -0.291493576E-003   0.000000000E+000
   0.38824797127245958E-008  -0.307277689E-003   0.000000000E+000
   0.39132930437779656E-008   0.130238623E-003   0.000000000E+000
   0.39441063748313354E-008   0.693855109E-003   0.000000000E+000
   0.39749197058847052E-008   0.943695195E-003   0.000000000E+000
   0.40057330369380750E-008   0.695847615E-003   0.000000000E+000
   0.40365463679914448E-008   0.172534259E-003   0.000000000E+000
   0.40673596990448146E-008  -0.190464925E-003   0.000000000E+000
   0.40981730300981845E-008  -0.113219219E-003   0.000000000E+000
   0.41289863611515543E-008   0.295491860E-003   0.000000000E+000
   0.41597996922049241E-008   0.636888552E-003   0.000000000E+000
   0.41906130232582939E-008   0.565682771E-003   0.000000000E+000
   0.42214263543116637E-008   0.856683473E-004   0.000000000E+000
   0.42522396853650335E-008  -0.452135224E-003   0.000000000E+000
   0.42830530164184033E-008  -0.644871732E-003   0.000000000E+000
   0.43138663474717731E-008  -0.375027797E-003   0.000000000E+000
   0.43446796785251429E-008   0.952999399E-004   0.000000000E+000
   0.43754930095785127E-008   0.350046321E-003   0.000000000E+000
   0.44063063406318825E-008   0.171074396E-003   0.000000000E+000
   0.44371196716852523E-008  -0.281763496E-003   0.000000000E+000
   0.44679330027386222E-008  -0.612225733E-003   0.000000000E+000
   0.44987463337919920E-008  -0.527547381E-003   0.000000000E+000
   0.45295596648453618E-008  -0.869890791E-004   0.000000000E+000
   0.45603729958987316E-008   0.350303802E-003   0.000000000E+000
   0.45911863269521014E-008   0.431016902E-003   0.000000000E+000
   0.46219996580054712E-008   0.105656713E-003   0.000000000E+000
   0.46528129890588410E-008  -0.333418604E-003   0.000000000E+000
   0.46836263201122108E-008  -0.503508549E-003   0.000000000E+000
   0.47144396511655806E-008  -0.256615866E-003   0.000000000E+000
   0.47452529822189504E-008   0.198078109E-003   0.000000000E+000
   0.47760663132723202E-008   0.475876790E-003   0.000000000E+000
   0.48068796443256900E-008   0.345054170E-003   0.000000000E+000
   0.48376929753790598E-008  -0.780455302E-004   0.000000000E+000
   0.48685063064324297E-008  -0.431506021E-003   0.000000000E+000
   0.48993196374857995E-008  -0.417907053E-003   0.000000000E+000
   0.49301329685391693E-008  -0.564824732E-004   0.000000000E+000
   0.49609462995925391E-008   0.336466153E-003   0.000000000E+000
   0.49917596306459089E-008   0.419793156E-003   0.000000000E+000
   0.50225729616992787E-008   0.118588941E-003   0.000000000E+000
   0.50533862927526485E-008  -0.313691184E-003   0.000000000E+000
   0.50841996238060183E-008  -0.513083418E-003   0.000000000E+000
   0.51150129548593881E-008  -0.315542333E-003   0.000000000E+000
   0.51458262859127579E-008   0.104778301E-003   0.000000000E+000
   0.51766396169661277E-008   0.386062980E-003   0.000000000E+000
   0.52074529480194975E-008   0.288643787E-003   0.000000000E+000
   0.52382662790728673E-008  -0.100553472E-003   0.000000000E+000
   0.52690796101262372E-008  -0.443239172E-003   0.000000000E+000
   0.52998929411796070E-008  -0.440208358E-003   0.000000000E+000
   0.53307062722329768E-008  -0.885248883E-004   0.000000000E+000
   0.53615196032863466E-008   0.315092242E-003   0.000000000E+000
   0.53923329343397164E-008   0.428359228E-003   0.000000000E+000
   0.54231462653930862E-008   0.157702365E-003   0.000000000E+000
   0.54539595964464560E-008  -0.260230532E-003   0.000000000E+000
   0.54847729274998258E-008  -0.461194053E-003   0.000000000E+000
   0.55155862585531956E-008  -0.267029915E-003   0.000000000E+000
   0.55463995896065654E-008   0.159720774E-003   0.000000000E+000
   0.55772129206599352E-008   0.454562629E-003   0.000000000E+000
   0.56080262517133050E-008   0.364319305E-003   0.000000000E+000
   0.56388395827666749E-008  -0.350236951E-004   0.000000000E+000
   0.56696529138200447E-008  -0.403192505E-003   0.000000000E+000
   0.57004662448734145E-008  -0.426292914E-003   0.000000000E+000
   0.57312795759267843E-008  -0.833827362E-004   0.000000000E+000
   0.57620929069801541E-008   0.337140897E-003   0.000000000E+000
   0.57929062380335239E-008   0.481775845E-003   0.000000000E+000
   0.58237195690868937E-008   0.228031742E-003   0.000000000E+000
   0.58545329001402635E-008  -0.214718195E-003   0.000000000E+000
   0.58853462311936333E-008  -0.479622133E-003   0.000000000E+000
   0.59161595622470031E-008  -0.344979751E-003   0.000000000E+000
   0.59469728933003729E-008   0.827932381E-004   0.000000000E+000
   0.59777862243537427E-008   0.453671033E-003   0.000000000E+000
   0.60085995554071125E-008   0.458276045E-003   0.000000000E+000
   0.60394128864604824E-008   0.837899861E-004   0.000000000E+000
   0.60702262175138522E-008  -0.367386150E-003   0.000000000E+000
   0.61010395485672220E-008  -0.518977467E-003   0.000000000E+000
   0.61318528796205918E-008  -0.233397179E-003   0.000000000E+000
   0.61626662106739616E-008   0.261877372E-003   0.000000000E+000
   0.61934795417273314E-008   0.551360543E-003   0.000000000E+000
   0.62242928727807012E-008   0.379539211E-003   0.000000000E+000
   0.62551062038340710E-008  -0.120228797E-003   0.000000000E+000
   0.62859195348874408E-008  -0.524389732E-003   0.000000000E+000
   0.63167328659408106E-008  -0.479220413E-003   0.000000000E+000
   0.63475461969941804E-008  -0.158378389E-004   0.000000000E+000
   0.63783595280475502E-008   0.466098340E-003   0.000000000E+000
   0.64091728591009200E-008   0.545600546E-003   0.000000000E+000
   0.64399861901542899E-008   0.154053181E-003   0.000000000E+000
   0.64707995212076597E-008  -0.362909370E-003   0.000000000E+000
   0.65016128522610295E-008  -0.553656020E-003   0.000000000E+000
   0.65324261833143993E-008  -0.260289002E-003   0.000000000E+000
   0.65632395143677691E-008   0.248845725E-003   0.000000000E+000
   0.65940528454211389E-008   0.526134158E-003   0.000000000E+000
   0.66248661764745087E-008   0.342418702E-003   0.000000000E+000
   0.66556795075278785E-008  -0.121100398E-003   0.000000000E+000
   0.66864928385812483E-008  -0.450482592E-003   0.000000000E+000
   0.67173061696346181E-008  -0.374223629E-003   0.000000000E+000
   0.67481195006879879E-008   0.944550266E-005   0.000000000E+000
   0.67789328317413577E-008   0.349297188E-003   0.000000000E+000
   0.68097461627947276E-008   0.369698973E-003   0.000000000E+000
   0.68405594938480974E-008   0.944242347E-004   0.000000000E+000
   0.68713728249014672E-008  -0.217949419E-003   0.000000000E+000
   0.69021861559548370E-008  -0.321954547E-003   0.000000000E+000
   0.69329994870082068E-008  -0.171815380E-003   0.000000000E+000
   0.69638128180615766E-008   0.859403372E-004   0.000000000E+000
   0.69946261491149464E-008   0.254668092E-003   0.000000000E+000
   0.70254394801683162E-008   0.228178746E-003   0.000000000E+000
   0.70562528112216860E-008   0.434737012E-004   0.000000000E+000
   0.70870661422750558E-008  -0.161855482E-003   0.000000000E+000
   0.71178794733284256E-008  -0.245741161E-003   0.000000000E+000
   0.71486928043817954E-008  -0.151233951E-003   0.000000000E+000
   0.71795061354351652E-008   0.587796239E-004   0.000000000E+000
   0.72103194664885351E-008   0.237247092E-003   0.000000000E+000
   0.72411327975419049E-008   0.244364666E-003   0.000000000E+000
   0.72719461285952747E-008   0.536762964E-004   0.000000000E+000
   0.73027594596486445E-008  -0.201041330E-003   0.000000000E+000
   0.73335727907020143E-008  -0.307142356E-003   0.000000000E+000
   0.73643861217553841E-008  -0.152738139E-003   0.000000000E+000
   0.73951994528087539E-008   0.150444408E-003   0.000000000E+000
   0.74260127838621237E-008   0.341932202E-003   0.000000000E+000
   0.74568261149154935E-008   0.241129514E-003   0.000000000E+000
   0.74876394459688633E-008  -0.794162333E-004   0.000000000E+000
   0.75184527770222331E-008  -0.344145257E-003   0.000000000E+000
   0.75492661080756029E-008  -0.311976357E-003   0.000000000E+000
   0.75800794391289728E-008   0.352668576E-005   0.000000000E+000
   0.76108927701823426E-008   0.329659582E-003   0.000000000E+000
   0.76417061012357124E-008   0.368306122E-003   0.000000000E+000
   0.76725194322890822E-008   0.727233710E-004   0.000000000E+000
   0.77033327633424520E-008  -0.294509955E-003   0.000000000E+000
   0.77341460943958218E-008  -0.396913383E-003   0.000000000E+000
   0.77649594254491916E-008  -0.138647243E-003   0.000000000E+000
   0.77957727565025614E-008   0.244695490E-003   0.000000000E+000
   0.78265860875559312E-008   0.404977938E-003   0.000000000E+000
   0.78573994186093010E-008   0.199993665E-003   0.000000000E+000
   0.78882127496626708E-008  -0.181159499E-003   0.000000000E+000
   0.79190260807160406E-008  -0.392958464E-003   0.000000000E+000
   0.79498394117694104E-008  -0.247156655E-003   0.000000000E+000
   0.79806527428227803E-008   0.118182041E-003   0.000000000E+000
   0.80114660738761501E-008   0.368805195E-003   0.000000000E+000
   0.80422794049295199E-008   0.282479596E-003   0.000000000E+000
   0.80730927359828897E-008  -0.528283999E-004   0.000000000E+000
   0.81039060670362595E-008  -0.329426402E-003   0.000000000E+000
   0.81347193980896293E-008  -0.303387555E-003   0.000000000E+000
   0.81655327291429991E-008  -0.829042983E-005   0.000000000E+000
   0.81963460601963689E-008   0.284413371E-003   0.000000000E+000
   0.82271593912497387E-008   0.313813536E-003   0.000000000E+000
   0.82579727223031085E-008   0.631225994E-004   0.000000000E+000
   0.82887860533564783E-008  -0.231817452E-003   0.000000000E+000
   0.83195993844098481E-008  -0.305581547E-003   0.000000000E+000
   0.83504127154632179E-008  -0.105333776E-003   0.000000000E+000
   0.83812260465165878E-008   0.174999557E-003   0.000000000E+000
   0.84120393775699576E-008   0.285562506E-003   0.000000000E+000
   0.84428527086233274E-008   0.142825651E-003   0.000000000E+000
   0.84736660396766972E-008  -0.113772199E-003   0.000000000E+000
   0.85044793707300670E-008  -0.257898588E-003   0.000000000E+000
   0.85352927017834368E-008  -0.172369721E-003   0.000000000E+000
   0.85661060328368066E-008   0.582627399E-004   0.000000000E+000
   0.85969193638901764E-008   0.228469071E-003   0.000000000E+000
   0.86277326949435462E-008   0.193215586E-003   0.000000000E+000
   0.86585460259969160E-008  -0.787893077E-005   0.000000000E+000
   0.86893593570502858E-008  -0.192060397E-003   0.000000000E+000
   0.87201726881036556E-008  -0.199886868E-003   0.000000000E+000
   0.87509860191570255E-008  -0.341616105E-004   0.000000000E+000
   0.87817993502103953E-008   0.151290689E-003   0.000000000E+000
   0.88126126812637651E-008   0.195481509E-003   0.000000000E+000
   0.88434260123171349E-008   0.705902203E-004   0.000000000E+000
   0.88742393433705047E-008  -0.105329571E-003   0.000000000E+000
   0.89050526744238745E-008  -0.181639713E-003   0.000000000E+000
   0.89358660054772443E-008  -0.102217469E-003   0.000000000E+000
   0.89666793365306141E-008   0.589495467E-004   0.000000000E+000
   0.89974926675839839E-008   0.166389276E-003   0.000000000E+000
   0.90283059986373537E-008   0.132208937E-003   0.000000000E+000
   0.90591193296907235E-008  -0.141693308E-004   0.000000000E+000
   0.90899326607440933E-008  -0.147764484E-003   0.000000000E+000
   0.91207459917974631E-008  -0.152352499E-003   0.000000000E+000
   0.91515593228508330E-008  -0.243401737E-004   0.000000000E+000
   0.91823726539042028E-008   0.122097350E-003   0.000000000E+000
   0.92131859849575726E-008   0.159385323E-003   0.000000000E+000
   0.92439993160109424E-008   0.606249596E-004   0.000000000E+000
   0.92748126470643122E-008  -0.840529610E-004   0.000000000E+000
   0.93056259781176820E-008  -0.153657893E-003   0.000000000E+000
   0.93364393091710518E-008  -0.964880310E-004   0.000000000E+000
   0.93672526402244216E-008   0.376902026E-004   0.000000000E+000
   0.93980659712777914E-008   0.142701785E-003   0.000000000E+000
   0.94288793023311612E-008   0.134518457E-003   0.000000000E+000
   0.94596926333845310E-008   0.135850278E-004   0.000000000E+000
   0.94905059644379008E-008  -0.127313091E-003   0.000000000E+000
   0.95213192954912707E-008  -0.167488397E-003   0.000000000E+000
   0.95521326265446405E-008  -0.619210332E-004   0.000000000E+000
   0.95829459575980103E-008   0.105376545E-003   0.000000000E+000
   0.96137592886513801E-008   0.186235236E-003   0.000000000E+000
   0.96445726197047499E-008   0.104754334E-003   0.000000000E+000
   0.96753859507581197E-008  -0.687405991E-004   0.000000000E+000
   0.97061992818114895E-008  -0.182877062E-003   0.000000000E+000
   0.97370126128648593E-008  -0.142056626E-003   0.000000000E+000
   0.97678259439182291E-008   0.164662488E-004   0.000000000E+000
   0.97986392749715989E-008   0.162321099E-003   0.000000000E+000
   0.98294526060249687E-008   0.178175265E-003   0.000000000E+000
   0.98602659370783385E-008   0.474047411E-004   0.000000000E+000
   0.98910792681317083E-008  -0.130873188E-003   0.000000000E+000
   0.99218925991850782E-008  -0.210298254E-003   0.000000000E+000
   0.99527059302384480E-008  -0.113169655E-003   0.000000000E+000
   0.99835192612918178E-008   0.914192133E-004   0.000000000E+000
   0.10014332592345188E-007   0.229770900E-003   0.000000000E+000
   0.10045145923398557E-007   0.172449276E-003   0.000000000E+000
   0.10075959254451927E-007  -0.403408485E-004   0.000000000E+000
   0.10106772585505297E-007  -0.225288051E-003   0.000000000E+000
   0.10137585916558667E-007  -0.218848785E-003   0.000000000E+000
   0.10168399247612037E-007  -0.236105407E-004   0.000000000E+000
   0.10199212578665406E-007   0.195636283E-003   0.000000000E+000
   0.10230025909718776E-007   0.254078215E-003   0.000000000E+000
   0.10260839240772146E-007   0.993957219E-004   0.000000000E+000
   0.10291652571825516E-007  -0.145731989E-003   0.000000000E+000
   0.10322465902878886E-007  -0.278674182E-003   0.000000000E+000
   0.10353279233932255E-007  -0.179291557E-003   0.000000000E+000
   0.10384092564985625E-007   0.823535956E-004   0.000000000E+000
   0.10414905896038995E-007   0.288993790E-003   0.000000000E+000
   0.10445719227092365E-007   0.254290382E-003   0.000000000E+000
   0.10476532558145735E-007  -0.669341534E-005   0.000000000E+000
   0.10507345889199105E-007  -0.274928374E-003   0.000000000E+000
   0.10538159220252474E-007  -0.312756601E-003   0.000000000E+000
   0.10568972551305844E-007  -0.774525543E-004   0.000000000E+000
   0.10599785882359214E-007   0.233774525E-003   0.000000000E+000
   0.10630599213412584E-007   0.352286035E-003   0.000000000E+000
   0.10661412544465954E-007   0.170846979E-003   0.000000000E+000
   0.10692225875519323E-007  -0.161890537E-003   0.000000000E+000
   0.10723039206572693E-007  -0.363775354E-003   0.000000000E+000
   0.10753852537626063E-007  -0.255444844E-003   0.000000000E+000
   0.10784665868679433E-007   0.836323597E-004   0.000000000E+000
   0.10815479199732803E-007   0.371616974E-003   0.000000000E+000
   0.10846292530786172E-007   0.357131852E-003   0.000000000E+000
   0.10877105861839542E-007   0.407256885E-004   0.000000000E+000
   0.10907919192892912E-007  -0.310238858E-003   0.000000000E+000
   0.10938732523946282E-007  -0.383435166E-003   0.000000000E+000
   0.10969545854999652E-007  -0.979578472E-004   0.000000000E+000
   0.11000359186053021E-007   0.312586519E-003   0.000000000E+000
   0.11031172517106391E-007   0.496691850E-003   0.000000000E+000
   0.11061985848159761E-007   0.293803430E-003   0.000000000E+000
   0.11092799179213131E-007  -0.120483543E-003   0.000000000E+000
   0.11123612510266501E-007  -0.384270301E-003   0.000000000E+000
   0.11154425841319870E-007  -0.262530782E-003   0.000000000E+000
   0.11185239172373240E-007   0.148436084E-003   0.000000000E+000
   0.11216052503426610E-007   0.498676673E-003   0.000000000E+000
   0.11246865834479980E-007   0.478263129E-003   0.000000000E+000
   0.11277679165533350E-007   0.826242322E-004   0.000000000E+000
   0.11308492496586720E-007  -0.374329044E-003   0.000000000E+000
   0.11339305827640089E-007  -0.520416535E-003   0.000000000E+000
   0.11370119158693459E-007  -0.248382159E-003   0.000000000E+000
   0.11400932489746829E-007   0.178368035E-003   0.000000000E+000
   0.11431745820800199E-007   0.345883716E-003   0.000000000E+000
   0.11462559151853569E-007   0.557696912E-004   0.000000000E+000
   0.11493372482906938E-007  -0.488884107E-003   0.000000000E+000
   0.11524185813960308E-007  -0.853051199E-003   0.000000000E+000
   0.11554999145013678E-007  -0.747522339E-003   0.000000000E+000
   0.11585812476067048E-007  -0.277552026E-003   0.000000000E+000
   0.11616625807120418E-007   0.153927976E-003   0.000000000E+000
   0.11647439138173787E-007   0.196300985E-003   0.000000000E+000
   0.11678252469227157E-007  -0.149347718E-003   0.000000000E+000
   0.11709065800280527E-007  -0.531104801E-003   0.000000000E+000
   0.11739879131333897E-007  -0.544483308E-003   0.000000000E+000
   0.11770692462387267E-007  -0.824046729E-004   0.000000000E+000
   0.11801505793440636E-007   0.556984334E-003   0.000000000E+000
   0.11832319124494006E-007   0.908132177E-003   0.000000000E+000
   0.11863132455547376E-007   0.732320477E-003   0.000000000E+000
   0.11893945786600746E-007   0.227286539E-003   0.000000000E+000
   0.11924759117654116E-007  -0.143635756E-003   0.000000000E+000
   0.11955572448707485E-007  -0.606200483E-004   0.000000000E+000
   0.11986385779760855E-007   0.370812340E-003   0.000000000E+000
   0.12017199110814225E-007   0.718501280E-003   0.000000000E+000
   0.12048012441867595E-007   0.610137882E-003   0.000000000E+000
   0.12078825772920965E-007   0.625721295E-004   0.000000000E+000
   0.12109639103974335E-007  -0.527094584E-003   0.000000000E+000
   0.12140452435027704E-007  -0.711605186E-003   0.000000000E+000
   0.12171265766081074E-007  -0.364455685E-003   0.000000000E+000
   0.12202079097134444E-007   0.214065250E-003   0.000000000E+000
   0.12232892428187814E-007   0.545333372E-003   0.000000000E+000
   0.12263705759241184E-007   0.375040632E-003   0.000000000E+000
   0.12294519090294553E-007  -0.109200773E-003   0.000000000E+000
   0.12325332421347923E-007  -0.442497054E-003   0.000000000E+000
   0.12356145752401293E-007  -0.297148828E-003   0.000000000E+000
   0.12386959083454663E-007   0.218825240E-003   0.000000000E+000
   0.12417772414508033E-007   0.651465263E-003   0.000000000E+000
   0.12448585745561402E-007   0.600251078E-003   0.000000000E+000
   0.12479399076614772E-007   0.685931300E-004   0.000000000E+000
   0.12510212407668142E-007  -0.539474189E-003   0.000000000E+000
   0.12541025738721512E-007  -0.760811614E-003   0.000000000E+000
   0.12571839069774882E-007  -0.454393070E-003   0.000000000E+000
   0.12602652400828251E-007   0.907334907E-004   0.000000000E+000
   0.12633465731881621E-007   0.401209516E-003   0.000000000E+000
   0.12664279062934991E-007   0.217250359E-003   0.000000000E+000
   0.12695092393988361E-007  -0.284226029E-003   0.000000000E+000
   0.12725905725041731E-007  -0.637714867E-003   0.000000000E+000
   0.12756719056095100E-007  -0.496834982E-003   0.000000000E+000
   0.12787532387148470E-007   0.509356614E-004   0.000000000E+000
   0.12818345718201840E-007   0.552549900E-003   0.000000000E+000
   0.12849159049255210E-007   0.587818038E-003   0.000000000E+000
   0.12879972380308580E-007   0.137175259E-003   0.000000000E+000
   0.12910785711361950E-007  -0.409675180E-003   0.000000000E+000
   0.12941599042415319E-007  -0.596094585E-003   0.000000000E+000
   0.12972412373468689E-007  -0.279427710E-003   0.000000000E+000
   0.13003225704522059E-007   0.264859380E-003   0.000000000E+000
   0.13034039035575429E-007   0.579825137E-003   0.000000000E+000
   0.13064852366628799E-007   0.403599319E-003   0.000000000E+000
   0.13095665697682168E-007  -0.110855355E-003   0.000000000E+000
   0.13126479028735538E-007  -0.514910906E-003   0.000000000E+000
   0.13157292359788908E-007  -0.444197707E-003   0.000000000E+000
   0.13188105690842278E-007   0.541333866E-004   0.000000000E+000
   0.13218919021895648E-007   0.549703138E-003   0.000000000E+000
   0.13249732352949017E-007   0.608694390E-003   0.000000000E+000
   0.13280545684002387E-007   0.182147574E-003   0.000000000E+000
   0.13311359015055757E-007  -0.357916899E-003   0.000000000E+000
   0.13342172346109127E-007  -0.556784624E-003   0.000000000E+000
   0.13372985677162497E-007  -0.266720628E-003   0.000000000E+000
   0.13403799008215866E-007   0.248860597E-003   0.000000000E+000
   0.13434612339269236E-007   0.551510835E-003   0.000000000E+000
   0.13465425670322606E-007   0.385074527E-003   0.000000000E+000
   0.13496239001375976E-007  -0.122601399E-003   0.000000000E+000
   0.13527052332429346E-007  -0.558045576E-003   0.000000000E+000
   0.13557865663482715E-007  -0.555128150E-003   0.000000000E+000
   0.13588678994536085E-007  -0.111323985E-003   0.000000000E+000
   0.13619492325589455E-007   0.391585199E-003   0.000000000E+000
   0.13650305656642825E-007   0.515596417E-003   0.000000000E+000
   0.13681118987696195E-007   0.163205172E-003   0.000000000E+000
   0.13711932318749565E-007  -0.334886514E-003   0.000000000E+000
   0.13742745649802934E-007  -0.529197976E-003   0.000000000E+000
   0.13773558980856304E-007  -0.255729043E-003   0.000000000E+000
   0.13804372311909674E-007   0.240536901E-003   0.000000000E+000
   0.13835185642963044E-007   0.541527173E-003   0.000000000E+000
   0.13865998974016414E-007   0.407995132E-003   0.000000000E+000
   0.13896812305069783E-007  -0.428710773E-004   0.000000000E+000
   0.13927625636123153E-007  -0.440788048E-003   0.000000000E+000
   0.13958438967176523E-007  -0.453109911E-003   0.000000000E+000
   0.13989252298229893E-007  -0.580509659E-004   0.000000000E+000
   0.14020065629283263E-007   0.413593370E-003   0.000000000E+000
   0.14050878960336632E-007   0.542107271E-003   0.000000000E+000
   0.14081692291390002E-007   0.195191795E-003   0.000000000E+000
   0.14112505622443372E-007  -0.333006872E-003   0.000000000E+000
   0.14143318953496742E-007  -0.581508968E-003   0.000000000E+000
   0.14174132284550112E-007  -0.343365071E-003   0.000000000E+000
   0.14204945615603481E-007   0.160669151E-003   0.000000000E+000
   0.14235758946656851E-007   0.502844225E-003   0.000000000E+000
   0.14266572277710221E-007   0.421473407E-003   0.000000000E+000
   0.14297385608763591E-007   0.902495231E-005   0.000000000E+000
   0.14328198939816961E-007  -0.394800445E-003   0.000000000E+000
   0.14359012270870330E-007  -0.472303742E-003   0.000000000E+000
   0.14389825601923700E-007  -0.163010671E-003   0.000000000E+000
   0.14420638932977070E-007   0.282359426E-003   0.000000000E+000
   0.14451452264030440E-007   0.487379933E-003   0.000000000E+000
   0.14482265595083810E-007   0.269378594E-003   0.000000000E+000
   0.14513078926137180E-007  -0.178447546E-003   0.000000000E+000
   0.14543892257190549E-007  -0.450032676E-003   0.000000000E+000
   0.14574705588243919E-007  -0.308518938E-003   0.000000000E+000
   0.14605518919297289E-007   0.940292666E-004   0.000000000E+000
   0.14636332250350659E-007   0.381342164E-003   0.000000000E+000
   0.14667145581404029E-007   0.313996017E-003   0.000000000E+000
   0.14697958912457398E-007  -0.191816362E-004   0.000000000E+000
   0.14728772243510768E-007  -0.319973100E-003   0.000000000E+000
   0.14759585574564138E-007  -0.342792337E-003   0.000000000E+000
   0.14790398905617508E-007  -0.724139973E-004   0.000000000E+000
   0.14821212236670878E-007   0.274696940E-003   0.000000000E+000
   0.14852025567724247E-007   0.405443716E-003   0.000000000E+000
   0.14882838898777617E-007   0.182184405E-003   0.000000000E+000
   0.14913652229830987E-007  -0.229073266E-003   0.000000000E+000
   0.14944465560884357E-007  -0.465234800E-003   0.000000000E+000
   0.14975278891937727E-007  -0.292347773E-003   0.000000000E+000
   0.15006092222991096E-007   0.151600398E-003   0.000000000E+000
   0.15036905554044466E-007   0.470702566E-003   0.000000000E+000
   0.15067718885097836E-007   0.384966523E-003   0.000000000E+000
   0.15098532216151206E-007  -0.191615836E-004   0.000000000E+000
   0.15129345547204576E-007  -0.395407551E-003   0.000000000E+000
   0.15160158878257946E-007  -0.451212341E-003   0.000000000E+000
   0.15190972209311315E-007  -0.161294505E-003   0.000000000E+000
   0.15221785540364685E-007   0.249654724E-003   0.000000000E+000
   0.15252598871418055E-007   0.476578192E-003   0.000000000E+000
   0.15283412202471425E-007   0.338898273E-003   0.000000000E+000
   0.15314225533524795E-007  -0.754594803E-004   0.000000000E+000
   0.15345038864578164E-007  -0.441666925E-003   0.000000000E+000
   0.15375852195631534E-007  -0.448033970E-003   0.000000000E+000
   0.15406665526684904E-007  -0.835615792E-004   0.000000000E+000
   0.15437478857738274E-007   0.333456526E-003   0.000000000E+000
   0.15468292188791644E-007   0.449667801E-003   0.000000000E+000
   0.15499105519845013E-007   0.199217349E-003   0.000000000E+000
   0.15529918850898383E-007  -0.171642896E-003   0.000000000E+000
   0.15560732181951753E-007  -0.362519524E-003   0.000000000E+000
   0.15591545513005123E-007  -0.264958013E-003   0.000000000E+000
   0.15622358844058493E-007   0.666501001E-005   0.000000000E+000
   0.15653172175111862E-007   0.242959519E-003   0.000000000E+000
   0.15683985506165232E-007   0.281793997E-003   0.000000000E+000
   0.15714798837218602E-007   0.103442901E-003   0.000000000E+000
   0.15745612168271972E-007  -0.146580336E-003   0.000000000E+000
   0.15776425499325342E-007  -0.255746651E-003   0.000000000E+000
   0.15807238830378711E-007  -0.132410583E-003   0.000000000E+000
   0.15838052161432081E-007   0.940938044E-004   0.000000000E+000
   0.15868865492485451E-007   0.199574017E-003   0.000000000E+000
   0.15899678823538821E-007   0.991205015E-004   0.000000000E+000
   0.15930492154592191E-007  -0.768402824E-004   0.000000000E+000
   0.15961305485645561E-007  -0.143975078E-003   0.000000000E+000
   0.15992118816698930E-007  -0.580052802E-004   0.000000000E+000
   0.16022932147752300E-007   0.724710044E-004   0.000000000E+000
   0.16053745478805670E-007   0.122794881E-003   0.000000000E+000
   0.16084558809859040E-007   0.588715557E-004   0.000000000E+000
   0.16115372140912410E-007  -0.643684834E-004   0.000000000E+000
   0.16146185471965779E-007  -0.151914574E-003   0.000000000E+000
   0.16176998803019149E-007  -0.119468699E-003   0.000000000E+000
   0.16207812134072519E-007   0.396626929E-004   0.000000000E+000
   0.16238625465125889E-007   0.208416226E-003   0.000000000E+000
   0.16269438796179259E-007   0.216295914E-003   0.000000000E+000
   0.16300252127232628E-007   0.123898499E-004   0.000000000E+000
   0.16331065458285998E-007  -0.243225106E-003   0.000000000E+000
   0.16361878789339368E-007  -0.310040225E-003   0.000000000E+000
   0.16392692120392738E-007  -0.104663806E-003   0.000000000E+000
   0.16423505451446108E-007   0.208912039E-003   0.000000000E+000
   0.16454318782499477E-007   0.367276458E-003   0.000000000E+000
   0.16485132113552847E-007   0.234625637E-003   0.000000000E+000
   0.16515945444606217E-007  -0.946232321E-004   0.000000000E+000
   0.16546758775659587E-007  -0.372209761E-003   0.000000000E+000
   0.16577572106712957E-007  -0.374555209E-003   0.000000000E+000
   0.16608385437766326E-007  -0.729555031E-004   0.000000000E+000
   0.16639198768819696E-007   0.315968442E-003   0.000000000E+000
   0.16670012099873066E-007   0.473442080E-003   0.000000000E+000
   0.16700825430926436E-007   0.245358126E-003   0.000000000E+000
   0.16731638761979806E-007  -0.197244488E-003   0.000000000E+000
   0.16762452093033176E-007  -0.486750505E-003   0.000000000E+000
   0.16793265424086545E-007  -0.381352031E-003   0.000000000E+000
   0.16824078755139915E-007   0.252231839E-004   0.000000000E+000
   0.16854892086193285E-007   0.399360753E-003   0.000000000E+000
   0.16885705417246655E-007   0.455064728E-003   0.000000000E+000
   0.16916518748300025E-007   0.167285150E-003   0.000000000E+000
   0.16947332079353394E-007  -0.236461376E-003   0.000000000E+000
   0.16978145410406764E-007  -0.456263893E-003   0.000000000E+000
   0.17008958741460134E-007  -0.331975287E-003   0.000000000E+000
   0.17039772072513504E-007   0.423197635E-004   0.000000000E+000
   0.17070585403566874E-007   0.380922866E-003   0.000000000E+000
   0.17101398734620243E-007   0.422128593E-003   0.000000000E+000
   0.17132212065673613E-007   0.139004784E-003   0.000000000E+000
   0.17163025396726983E-007  -0.239094486E-003   0.000000000E+000
   0.17193838727780353E-007  -0.419473625E-003   0.000000000E+000
   0.17224652058833723E-007  -0.279257540E-003   0.000000000E+000
   0.17255465389887092E-007   0.579575135E-004   0.000000000E+000
   0.17286278720940462E-007   0.336848927E-003   0.000000000E+000
   0.17317092051993832E-007   0.359509228E-003   0.000000000E+000
   0.17347905383047202E-007   0.116373965E-003   0.000000000E+000
   0.17378718714100572E-007  -0.209686696E-003   0.000000000E+000
   0.17409532045153941E-007  -0.370391703E-003   0.000000000E+000
   0.17440345376207311E-007  -0.240688722E-003   0.000000000E+000
   0.17471158707260681E-007   0.723831618E-004   0.000000000E+000
   0.17501972038314051E-007   0.312045857E-003   0.000000000E+000
   0.17532785369367421E-007   0.291003787E-003   0.000000000E+000
   0.17563598700420791E-007   0.477465801E-004   0.000000000E+000
   0.17594412031474160E-007  -0.204687647E-003   0.000000000E+000
   0.17625225362527530E-007  -0.273641577E-003   0.000000000E+000
   0.17656038693580900E-007  -0.134200571E-003   0.000000000E+000
   0.17686852024634270E-007   0.829788623E-004   0.000000000E+000
   0.17717665355687640E-007   0.213244930E-003   0.000000000E+000
   0.17748478686741009E-007   0.174669825E-003   0.000000000E+000
   0.17779292017794379E-007   0.125492370E-004   0.000000000E+000
   0.17810105348847749E-007  -0.140077522E-003   0.000000000E+000
   0.17840918679901119E-007  -0.165065925E-003   0.000000000E+000
   0.17871732010954489E-007  -0.574854203E-004   0.000000000E+000
   0.17902545342007858E-007   0.729868771E-004   0.000000000E+000
   0.17933358673061228E-007   0.112453476E-003   0.000000000E+000
   0.17964172004114598E-007   0.520254689E-004   0.000000000E+000
   0.17994985335167968E-007  -0.240197114E-004   0.000000000E+000
   0.18025798666221338E-007  -0.448326682E-004   0.000000000E+000
   0.18056611997274707E-007  -0.190452429E-004   0.000000000E+000
   0.18087425328328077E-007   0.294049460E-005   0.000000000E+000
   0.18118238659381447E-007  -0.282327392E-005   0.000000000E+000
   0.18149051990434817E-007  -0.196431120E-004   0.000000000E+000
   0.18179865321488187E-007  -0.205980905E-004   0.000000000E+000
   0.18210678652541556E-007   0.673977593E-005   0.000000000E+000
   0.18241491983594926E-007   0.504424534E-004   0.000000000E+000
   0.18272305314648296E-007   0.716115028E-004   0.000000000E+000
   0.18303118645701666E-007   0.292634977E-004   0.000000000E+000
   0.18333931976755036E-007  -0.657448109E-004   0.000000000E+000
   0.18364745307808406E-007  -0.131969558E-003   0.000000000E+000
   0.18395558638861775E-007  -0.873307872E-004   0.000000000E+000
   0.18426371969915145E-007   0.523200433E-004   0.000000000E+000
   0.18457185300968515E-007   0.167837163E-003   0.000000000E+000
   0.18487998632021885E-007   0.147847648E-003   0.000000000E+000
   0.18518811963075255E-007  -0.794883817E-006   0.000000000E+000
   0.18549625294128624E-007  -0.158773808E-003   0.000000000E+000
   0.18580438625181994E-007  -0.199493574E-003   0.000000000E+000
   0.18611251956235364E-007  -0.869935611E-004   0.000000000E+000
   0.18642065287288734E-007   0.102768492E-003   0.000000000E+000
   0.18672878618342104E-007   0.231495957E-003   0.000000000E+000
   0.18703691949395473E-007   0.188799051E-003   0.000000000E+000
   0.18734505280448843E-007  -0.159106567E-004   0.000000000E+000
   0.18765318611502213E-007  -0.231881480E-003   0.000000000E+000
   0.18796131942555583E-007  -0.272511097E-003   0.000000000E+000
   0.18826945273608953E-007  -0.846677576E-004   0.000000000E+000
   0.18857758604662322E-007   0.184292847E-003   0.000000000E+000
   0.18888571935715692E-007   0.309190305E-003   0.000000000E+000
   0.18919385266769062E-007   0.186288438E-003   0.000000000E+000
   0.18950198597822432E-007  -0.839990098E-004   0.000000000E+000
   0.18981011928875802E-007  -0.291490578E-003   0.000000000E+000
   0.19011825259929171E-007  -0.280463923E-003   0.000000000E+000
   0.19042638590982541E-007  -0.542834168E-004   0.000000000E+000
   0.19073451922035911E-007   0.227361161E-003   0.000000000E+000
   0.19104265253089281E-007   0.348946196E-003   0.000000000E+000
   0.19135078584142651E-007   0.196258348E-003   0.000000000E+000
   0.19165891915196021E-007  -0.130436281E-003   0.000000000E+000
   0.19196705246249390E-007  -0.368655368E-003   0.000000000E+000
   0.19227518577302760E-007  -0.309491588E-003   0.000000000E+000
   0.19258331908356130E-007   0.792456558E-005   0.000000000E+000
   0.19289145239409500E-007   0.321260508E-003   0.000000000E+000
   0.19319958570462870E-007   0.374316005E-003   0.000000000E+000
   0.19350771901516239E-007   0.131166147E-003   0.000000000E+000
   0.19381585232569609E-007  -0.210951388E-003   0.000000000E+000
   0.19412398563622979E-007  -0.389714900E-003   0.000000000E+000
   0.19443211894676349E-007  -0.270659279E-003   0.000000000E+000
   0.19474025225729719E-007   0.622399384E-004   0.000000000E+000
   0.19504838556783088E-007   0.359495782E-003   0.000000000E+000
   0.19535651887836458E-007   0.380213867E-003   0.000000000E+000
   0.19566465218889828E-007   0.893805700E-004   0.000000000E+000
   0.19597278549943198E-007  -0.285779097E-003   0.000000000E+000
   0.19628091880996568E-007  -0.430769665E-003   0.000000000E+000
   0.19658905212049937E-007  -0.220182439E-003   0.000000000E+000
   0.19689718543103307E-007   0.167067687E-003   0.000000000E+000
   0.19720531874156677E-007   0.409527827E-003   0.000000000E+000
   0.19751345205210047E-007   0.320240884E-003   0.000000000E+000
   0.19782158536263417E-007  -0.155133603E-004   0.000000000E+000
   0.19812971867316787E-007  -0.331020914E-003   0.000000000E+000
   0.19843785198370156E-007  -0.387070701E-003   0.000000000E+000
   0.19874598529423526E-007  -0.140960794E-003   0.000000000E+000
   0.19905411860476896E-007   0.220788876E-003   0.000000000E+000
   0.19936225191530266E-007   0.410778681E-003   0.000000000E+000
   0.19967038522583636E-007   0.265711104E-003   0.000000000E+000
   0.19997851853637005E-007  -0.101190642E-003   0.000000000E+000
   0.20028665184690375E-007  -0.380352751E-003   0.000000000E+000
   0.20059478515743745E-007  -0.336954254E-003   0.000000000E+000
   0.20090291846797115E-007  -0.203780073E-004   0.000000000E+000
   0.20121105177850485E-007   0.293368008E-003   0.000000000E+000
   0.20151918508903854E-007   0.355171505E-003   0.000000000E+000
   0.20182731839957224E-007   0.138911928E-003   0.000000000E+000
   0.20213545171010594E-007  -0.171116655E-003   0.000000000E+000
   0.20244358502063964E-007  -0.339029473E-003   0.000000000E+000
   0.20275171833117334E-007  -0.241867412E-003   0.000000000E+000
   0.20305985164170703E-007   0.475310371E-004   0.000000000E+000
   0.20336798495224073E-007   0.301335938E-003   0.000000000E+000
   0.20367611826277443E-007   0.304951303E-003   0.000000000E+000
   0.20398425157330813E-007   0.488345977E-004   0.000000000E+000
   0.20429238488384183E-007  -0.242874463E-003   0.000000000E+000
   0.20460051819437552E-007  -0.312991557E-003   0.000000000E+000
   0.20490865150490922E-007  -0.114678493E-003   0.000000000E+000
   0.20521678481544292E-007   0.157933770E-003   0.000000000E+000
   0.20552491812597662E-007   0.272382516E-003   0.000000000E+000
   0.20583305143651032E-007   0.162524666E-003   0.000000000E+000
   0.20614118474704402E-007  -0.558114552E-004   0.000000000E+000
   0.20644931805757771E-007  -0.212912579E-003   0.000000000E+000
   0.20675745136811141E-007  -0.203982738E-003   0.000000000E+000
   0.20706558467864511E-007  -0.384517480E-004   0.000000000E+000
   0.20737371798917881E-007   0.161990378E-003   0.000000000E+000
   0.20768185129971251E-007   0.231197657E-003   0.000000000E+000
   0.20798998461024620E-007   0.965244544E-004   0.000000000E+000
   0.20829811792077990E-007  -0.127406514E-003   0.000000000E+000
   0.20860625123131360E-007  -0.228564604E-003   0.000000000E+000
   0.20891438454184730E-007  -0.113338843E-003   0.000000000E+000
   0.20922251785238100E-007   0.936163269E-004   0.000000000E+000
   0.20953065116291469E-007   0.190114661E-003   0.000000000E+000
   0.20983878447344839E-007   0.108225220E-003   0.000000000E+000
   0.21014691778398209E-007  -0.464776458E-004   0.000000000E+000
   0.21045505109451579E-007  -0.135369075E-003   0.000000000E+000
   0.21076318440504949E-007  -0.110589237E-003   0.000000000E+000
   0.21107131771558318E-007  -0.109541506E-004   0.000000000E+000
   0.21137945102611688E-007   0.938569647E-004   0.000000000E+000
   0.21168758433665058E-007   0.130549539E-003   0.000000000E+000
   0.21199571764718428E-007   0.556603700E-004   0.000000000E+000
   0.21230385095771798E-007  -0.835818282E-004   0.000000000E+000
   0.21261198426825167E-007  -0.154878115E-003   0.000000000E+000
   0.21292011757878537E-007  -0.707650179E-004   0.000000000E+000
   0.21322825088931907E-007   0.921312167E-004   0.000000000E+000
   0.21353638419985277E-007   0.160381198E-003   0.000000000E+000
   0.21384451751038647E-007   0.617179467E-004   0.000000000E+000
   0.21415265082092017E-007  -0.923815096E-004   0.000000000E+000
   0.21446078413145386E-007  -0.142724733E-003   0.000000000E+000
   0.21476891744198756E-007  -0.567922980E-004   0.000000000E+000
   0.21507705075252126E-007   0.652388844E-004   0.000000000E+000
   0.21538518406305496E-007   0.118750024E-003   0.000000000E+000
   0.21569331737358866E-007   0.786537566E-004   0.000000000E+000
   0.21600145068412235E-007  -0.190641949E-004   0.000000000E+000
   0.21630958399465605E-007  -0.112404297E-003   0.000000000E+000
   0.21661771730518975E-007  -0.127000618E-003   0.000000000E+000
   0.21692585061572345E-007  -0.243859104E-004   0.000000000E+000
   0.21723398392625715E-007   0.126535233E-003   0.000000000E+000
   0.21754211723679084E-007   0.176285612E-003   0.000000000E+000
   0.21785025054732454E-007   0.504458294E-004   0.000000000E+000
   0.21815838385785824E-007  -0.140600590E-003   0.000000000E+000
   0.21846651716839194E-007  -0.202589465E-003   0.000000000E+000
   0.21877465047892564E-007  -0.699511729E-004   0.000000000E+000
   0.21908278378945933E-007   0.125053004E-003   0.000000000E+000
   0.21939091709999303E-007   0.201054238E-003   0.000000000E+000
   0.21969905041052673E-007   0.104400366E-003   0.000000000E+000
   0.22000718372106043E-007  -0.709374217E-004   0.000000000E+000
   0.22031531703159413E-007  -0.188654609E-003   0.000000000E+000
   0.22062345034212782E-007  -0.164798403E-003   0.000000000E+000
   0.22093158365266152E-007  -0.681522943E-005   0.000000000E+000
   0.22123971696319522E-007   0.178644070E-003   0.000000000E+000
   0.22154785027372892E-007   0.234177598E-003   0.000000000E+000
   0.22185598358426262E-007   0.821636495E-004   0.000000000E+000
   0.22216411689479632E-007  -0.166538215E-003   0.000000000E+000
   0.22247225020533001E-007  -0.283115834E-003   0.000000000E+000
   0.22278038351586371E-007  -0.144233578E-003   0.000000000E+000
   0.22308851682639741E-007   0.129964232E-003   0.000000000E+000
   0.22339665013693111E-007   0.289911462E-003   0.000000000E+000
   0.22370478344746481E-007   0.198976981E-003   0.000000000E+000
   0.22401291675799850E-007  -0.542569614E-004   0.000000000E+000
   0.22432105006853220E-007  -0.258514017E-003   0.000000000E+000
   0.22462918337906590E-007  -0.258017535E-003   0.000000000E+000
   0.22493731668959960E-007  -0.535773434E-004   0.000000000E+000
   0.22524545000013330E-007   0.205634555E-003   0.000000000E+000
   0.22555358331066699E-007   0.315064593E-003   0.000000000E+000
   0.22586171662120069E-007   0.164681158E-003   0.000000000E+000
   0.22616984993173439E-007  -0.143699654E-003   0.000000000E+000
   0.22647798324226809E-007  -0.347993569E-003   0.000000000E+000
   0.22678611655280179E-007  -0.254134298E-003   0.000000000E+000
   0.22709424986333548E-007   0.670276058E-004   0.000000000E+000
   0.22740238317386918E-007   0.333226315E-003   0.000000000E+000
   0.22771051648440288E-007   0.313522847E-003   0.000000000E+000
   0.22801864979493658E-007   0.329237664E-004   0.000000000E+000
   0.22832678310547028E-007  -0.268952426E-003   0.000000000E+000
   0.22863491641600397E-007  -0.351135299E-003   0.000000000E+000
   0.22894304972653767E-007  -0.153255198E-003   0.000000000E+000
   0.22925118303707137E-007   0.172300948E-003   0.000000000E+000
   0.22955931634760507E-007   0.370548601E-003   0.000000000E+000
   0.22986744965813877E-007   0.269930984E-003   0.000000000E+000
   0.23017558296867247E-007  -0.666535925E-004   0.000000000E+000
   0.23048371627920616E-007  -0.363206404E-003   0.000000000E+000
   0.23079184958973986E-007  -0.355753989E-003   0.000000000E+000
   0.23109998290027356E-007  -0.396935211E-004   0.000000000E+000
   0.23140811621080726E-007   0.312133954E-003   0.000000000E+000
   0.23171624952134096E-007   0.396285555E-003   0.000000000E+000
   0.23202438283187465E-007   0.148909545E-003   0.000000000E+000
   0.23233251614240835E-007  -0.214838830E-003   0.000000000E+000
   0.23264064945294205E-007  -0.398708158E-003   0.000000000E+000
   0.23294878276347575E-007  -0.261488458E-003   0.000000000E+000
   0.23325691607400945E-007   0.875436817E-004   0.000000000E+000
   0.23356504938454314E-007   0.373926363E-003   0.000000000E+000
   0.23387318269507684E-007   0.360495935E-003   0.000000000E+000
   0.23418131600561054E-007   0.418921991E-004   0.000000000E+000
   0.23448944931614424E-007  -0.324852997E-003   0.000000000E+000
   0.23479758262667794E-007  -0.421929057E-003   0.000000000E+000
   0.23510571593721163E-007  -0.156838942E-003   0.000000000E+000
   0.23541384924774533E-007   0.241733622E-003   0.000000000E+000
   0.23572198255827903E-007   0.429433421E-003   0.000000000E+000
   0.23603011586881273E-007   0.255253195E-003   0.000000000E+000
   0.23633824917934643E-007  -0.121875782E-003   0.000000000E+000
   0.23664638248988012E-007  -0.390191708E-003   0.000000000E+000
   0.23695451580041382E-007  -0.341997133E-003   0.000000000E+000
   0.23726264911094752E-007  -0.202665397E-004   0.000000000E+000
   0.23757078242148122E-007   0.322306121E-003   0.000000000E+000
   0.23787891573201492E-007   0.408430380E-003   0.000000000E+000
   0.23818704904254862E-007   0.154118985E-003   0.000000000E+000
   0.23849518235308231E-007  -0.239810179E-003   0.000000000E+000
   0.23880331566361601E-007  -0.435687485E-003   0.000000000E+000
   0.23911144897414971E-007  -0.256920175E-003   0.000000000E+000
   0.23941958228468341E-007   0.140194461E-003   0.000000000E+000
   0.23972771559521711E-007   0.407302781E-003   0.000000000E+000
   0.24003584890575080E-007   0.324161490E-003   0.000000000E+000
   0.24034398221628450E-007  -0.192863517E-004   0.000000000E+000
   0.24065211552681820E-007  -0.330340379E-003   0.000000000E+000
   0.24096024883735190E-007  -0.368003180E-003   0.000000000E+000
   0.24126838214788560E-007  -0.114763068E-003   0.000000000E+000
   0.24157651545841929E-007   0.229608122E-003   0.000000000E+000
   0.24188464876895299E-007   0.393521332E-003   0.000000000E+000
   0.24219278207948669E-007   0.233909916E-003   0.000000000E+000
   0.24250091539002039E-007  -0.131078399E-003   0.000000000E+000
   0.24280904870055409E-007  -0.391597976E-003   0.000000000E+000
   0.24311718201108778E-007  -0.311846728E-003   0.000000000E+000
   0.24342531532162148E-007   0.396397954E-004   0.000000000E+000
   0.24373344863215518E-007   0.345341978E-003   0.000000000E+000
   0.24404158194268888E-007   0.341238512E-003   0.000000000E+000
   0.24434971525322258E-007   0.539215398E-004   0.000000000E+000
   0.24465784856375627E-007  -0.255366787E-003   0.000000000E+000
   0.24496598187428997E-007  -0.340697938E-003   0.000000000E+000
   0.24527411518482367E-007  -0.156209600E-003   0.000000000E+000
   0.24558224849535737E-007   0.144380931E-003   0.000000000E+000
   0.24589038180589107E-007   0.330796523E-003   0.000000000E+000
   0.24619851511642477E-007   0.251318095E-003   0.000000000E+000
   0.24650664842695846E-007  -0.452426902E-004   0.000000000E+000
   0.24681478173749216E-007  -0.315611018E-003   0.000000000E+000
   0.24712291504802586E-007  -0.313088298E-003   0.000000000E+000
   0.24743104835855956E-007  -0.285379356E-004   0.000000000E+000
   0.24773918166909326E-007   0.277859857E-003   0.000000000E+000
   0.24804731497962695E-007   0.325371162E-003   0.000000000E+000
   0.24835544829016065E-007   0.872066012E-004   0.000000000E+000
   0.24866358160069435E-007  -0.204183947E-003   0.000000000E+000
   0.24897171491122805E-007  -0.301065942E-003   0.000000000E+000
   0.24927984822176175E-007  -0.151872067E-003   0.000000000E+000
   0.24958798153229544E-007   0.102262406E-003   0.000000000E+000
   0.24989611484282914E-007   0.267588010E-003   0.000000000E+000
   0.25020424815336284E-007   0.224500094E-003   0.000000000E+000
   0.25051238146389654E-007  -0.325970177E-005   0.000000000E+000
   0.25082051477443024E-007  -0.243567250E-003   0.000000000E+000
   0.25112864808496393E-007  -0.284145732E-003   0.000000000E+000
   0.25143678139549763E-007  -0.673179020E-004   0.000000000E+000
   0.25174491470603133E-007   0.218730551E-003   0.000000000E+000
   0.25205304801656503E-007   0.302950008E-003   0.000000000E+000
   0.25236118132709873E-007   0.108069813E-003   0.000000000E+000
   0.25266931463763243E-007  -0.170823696E-003   0.000000000E+000
   0.25297744794816612E-007  -0.276967883E-003   0.000000000E+000
   0.25328558125869982E-007  -0.141921948E-003   0.000000000E+000
   0.25359371456923352E-007   0.894748227E-004   0.000000000E+000
   0.25390184787976722E-007   0.227888100E-003   0.000000000E+000
   0.25420998119030092E-007   0.186348014E-003   0.000000000E+000
   0.25451811450083461E-007   0.525190262E-005   0.000000000E+000
   0.25482624781136831E-007  -0.186181278E-003   0.000000000E+000
   0.25513438112190201E-007  -0.235733736E-003   0.000000000E+000
   0.25544251443243571E-007  -0.809495541E-004   0.000000000E+000
   0.25575064774296941E-007   0.159931718E-003   0.000000000E+000
   0.25605878105350310E-007   0.262247398E-003   0.000000000E+000
   0.25636691436403680E-007   0.118213313E-003   0.000000000E+000
   0.25667504767457050E-007  -0.133410227E-003   0.000000000E+000
   0.25698318098510420E-007  -0.247233693E-003   0.000000000E+000
   0.25729131429563790E-007  -0.129532622E-003   0.000000000E+000
   0.25759944760617159E-007   0.846527983E-004   0.000000000E+000
   0.25790758091670529E-007   0.198507711E-003   0.000000000E+000
   0.25821571422723899E-007   0.140765551E-003   0.000000000E+000
   0.25852384753777269E-007  -0.150802662E-004   0.000000000E+000
   0.25883198084830639E-007  -0.147878498E-003   0.000000000E+000
   0.25914011415884008E-007  -0.167091333E-003   0.000000000E+000
   0.25944824746937378E-007  -0.517029475E-004   0.000000000E+000
   0.25975638077990748E-007   0.119361801E-003   0.000000000E+000
   0.26006451409044118E-007   0.195875138E-003   0.000000000E+000
   0.26037264740097488E-007   0.886460111E-004   0.000000000E+000
   0.26068078071150858E-007  -0.112083369E-003   0.000000000E+000
   0.26098891402204227E-007  -0.205224089E-003   0.000000000E+000
   0.26129704733257597E-007  -0.944187195E-004   0.000000000E+000
   0.26160518064310967E-007   0.102029080E-003   0.000000000E+000
   0.26191331395364337E-007   0.185882978E-003   0.000000000E+000
   0.26222144726417707E-007   0.913723052E-004   0.000000000E+000
   0.26252958057471076E-007  -0.715333445E-004   0.000000000E+000
   0.26283771388524446E-007  -0.155463116E-003   0.000000000E+000
   0.26314584719577816E-007  -0.106907071E-003   0.000000000E+000
   0.26345398050631186E-007   0.237399654E-004   0.000000000E+000
   0.26376211381684556E-007   0.138272240E-003   0.000000000E+000
   0.26407024712737925E-007   0.145049315E-003   0.000000000E+000
   0.26437838043791295E-007   0.200553332E-004   0.000000000E+000
   0.26468651374844665E-007  -0.143882804E-003   0.000000000E+000
   0.26499464705898035E-007  -0.188474893E-003   0.000000000E+000
   0.26530278036951405E-007  -0.477522553E-004   0.000000000E+000
   0.26561091368004774E-007   0.154431007E-003   0.000000000E+000
   0.26591904699058144E-007   0.214599626E-003   0.000000000E+000
   0.26622718030111514E-007   0.668389257E-004   0.000000000E+000
   0.26653531361164884E-007  -0.144637088E-003   0.000000000E+000
   0.26684344692218254E-007  -0.219888156E-003   0.000000000E+000
   0.26715158023271623E-007  -0.995635128E-004   0.000000000E+000
   0.26745971354324993E-007   0.101454199E-003   0.000000000E+000
   0.26776784685378363E-007   0.216108063E-003   0.000000000E+000
   0.26807598016431733E-007   0.156211347E-003   0.000000000E+000
   0.26838411347485103E-007  -0.364303560E-004   0.000000000E+000
   0.26869224678538473E-007  -0.216078464E-003   0.000000000E+000
   0.26900038009591842E-007  -0.226100921E-003   0.000000000E+000
   0.26930851340645212E-007  -0.320837280E-004   0.000000000E+000
   0.26961664671698582E-007   0.213417356E-003   0.000000000E+000
   0.26992478002751952E-007   0.282880443E-003   0.000000000E+000
   0.27023291333805322E-007   0.941106555E-004   0.000000000E+000
   0.27054104664858691E-007  -0.189944825E-003   0.000000000E+000
   0.27084917995912061E-007  -0.309377880E-003   0.000000000E+000
   0.27115731326965431E-007  -0.156634589E-003   0.000000000E+000
   0.27146544658018801E-007   0.130037122E-003   0.000000000E+000
   0.27177357989072171E-007   0.304743095E-003   0.000000000E+000
   0.27208171320125540E-007   0.226616423E-003   0.000000000E+000
   0.27238984651178910E-007  -0.390520727E-004   0.000000000E+000
   0.27269797982232280E-007  -0.281037966E-003   0.000000000E+000
   0.27300611313285650E-007  -0.299924868E-003   0.000000000E+000
   0.27331424644339020E-007  -0.642297819E-004   0.000000000E+000
   0.27362237975392389E-007   0.243261878E-003   0.000000000E+000
   0.27393051306445759E-007   0.356502162E-003   0.000000000E+000
   0.27423864637499129E-007   0.159825577E-003   0.000000000E+000
   0.27454677968552499E-007  -0.186973688E-003   0.000000000E+000
   0.27485491299605869E-007  -0.378431112E-003   0.000000000E+000
   0.27516304630659238E-007  -0.242232709E-003   0.000000000E+000
   0.27547117961712608E-007   0.103022103E-003   0.000000000E+000
   0.27577931292765978E-007   0.359563681E-003   0.000000000E+000
   0.27608744623819348E-007   0.312978227E-003   0.000000000E+000
   0.27639557954872718E-007   0.532879494E-005   0.000000000E+000
   0.27670371285926088E-007  -0.309791998E-003   0.000000000E+000
   0.27701184616979457E-007  -0.372618175E-003   0.000000000E+000
   0.27731997948032827E-007  -0.123639125E-003   0.000000000E+000
   0.27762811279086197E-007   0.239434041E-003   0.000000000E+000
   0.27793624610139567E-007   0.410494045E-003   0.000000000E+000
   0.27824437941192937E-007   0.232118982E-003   0.000000000E+000
   0.27855251272246306E-007  -0.153657093E-003   0.000000000E+000
   0.27886064603299676E-007  -0.414959737E-003   0.000000000E+000
   0.27916877934353046E-007  -0.320962805E-003   0.000000000E+000
   0.27947691265406416E-007   0.501243048E-004   0.000000000E+000
   0.27978504596459786E-007   0.379838544E-003   0.000000000E+000
   0.28009317927513155E-007   0.387785025E-003   0.000000000E+000
   0.28040131258566525E-007   0.679768273E-004   0.000000000E+000
   0.28070944589619895E-007  -0.311933225E-003   0.000000000E+000
   0.28101757920673265E-007  -0.433950860E-003   0.000000000E+000
   0.28132571251726635E-007  -0.190833423E-003   0.000000000E+000
   0.28163384582780004E-007   0.220443573E-003   0.000000000E+000
   0.28194197913833374E-007   0.453476736E-003   0.000000000E+000
   0.28225011244886744E-007   0.302452914E-003   0.000000000E+000
   0.28255824575940114E-007  -0.112788694E-003   0.000000000E+000
   0.28286637906993484E-007  -0.439088646E-003   0.000000000E+000
   0.28317451238046853E-007  -0.393109920E-003   0.000000000E+000
   0.28348264569100223E-007  -0.987088424E-005   0.000000000E+000
   0.28379077900153593E-007   0.385795982E-003   0.000000000E+000
   0.28409891231206963E-007   0.457623042E-003   0.000000000E+000
   0.28440704562260333E-007   0.142148667E-003   0.000000000E+000
   0.28471517893313703E-007  -0.298743485E-003   0.000000000E+000
   0.28502331224367072E-007  -0.494503707E-003   0.000000000E+000
   0.28533144555420442E-007  -0.273910060E-003   0.000000000E+000
   0.28563957886473812E-007   0.185474928E-003   0.000000000E+000
   0.28594771217527182E-007   0.496745226E-003   0.000000000E+000
   0.28625584548580552E-007   0.389026274E-003   0.000000000E+000
   0.28656397879633921E-007  -0.539335888E-004   0.000000000E+000
   0.28687211210687291E-007  -0.457598042E-003   0.000000000E+000
   0.28718024541740661E-007  -0.476678630E-003   0.000000000E+000
   0.28748837872794031E-007  -0.920742459E-004   0.000000000E+000
   0.28779651203847401E-007   0.373815303E-003   0.000000000E+000
   0.28810464534900770E-007   0.530163466E-003   0.000000000E+000
   0.28841277865954140E-007   0.242993556E-003   0.000000000E+000
   0.28872091197007510E-007  -0.253674196E-003   0.000000000E+000
   0.28902904528060880E-007  -0.546787458E-003   0.000000000E+000
   0.28933717859114250E-007  -0.383833161E-003   0.000000000E+000
   0.28964531190167619E-007   0.108941487E-003   0.000000000E+000
   0.28995344521220989E-007   0.519365421E-003   0.000000000E+000
   0.29026157852274359E-007   0.494181179E-003   0.000000000E+000
   0.29056971183327729E-007   0.479063601E-004   0.000000000E+000
   0.29087784514381099E-007  -0.442442426E-003   0.000000000E+000
   0.29118597845434468E-007  -0.561136927E-003   0.000000000E+000
   0.29149411176487838E-007  -0.209575432E-003   0.000000000E+000
   0.29180224507541208E-007   0.316242600E-003   0.000000000E+000
   0.29211037838594578E-007   0.580018095E-003   0.000000000E+000
   0.29241851169647948E-007   0.364383624E-003   0.000000000E+000
   0.29272664500701318E-007  -0.155838905E-003   0.000000000E+000
   0.29303477831754687E-007  -0.554025988E-003   0.000000000E+000
   0.29334291162808057E-007  -0.495295390E-003   0.000000000E+000
   0.29365104493861427E-007  -0.179497292E-004   0.000000000E+000
   0.29395917824914797E-007   0.482801814E-003   0.000000000E+000
   0.29426731155968167E-007   0.579839398E-003   0.000000000E+000
   0.29457544487021536E-007   0.185135432E-003   0.000000000E+000
   0.29488357818074906E-007  -0.365976739E-003   0.000000000E+000
   0.29519171149128276E-007  -0.605171721E-003   0.000000000E+000
   0.29549984480181646E-007  -0.336294790E-003   0.000000000E+000
   0.29580797811235016E-007   0.206814060E-003   0.000000000E+000
   0.29611611142288385E-007   0.571710640E-003   0.000000000E+000
   0.29642424473341755E-007   0.463999517E-003   0.000000000E+000
   0.29673237804395125E-007  -0.237426721E-004   0.000000000E+000
   0.29704051135448495E-007  -0.493455387E-003   0.000000000E+000
   0.29734864466501865E-007  -0.558275555E-003   0.000000000E+000
   0.29765677797555234E-007  -0.156821217E-003   0.000000000E+000
   0.29796491128608604E-007   0.382111990E-003   0.000000000E+000
   0.29827304459661974E-007   0.601666979E-003   0.000000000E+000
   0.29858117790715344E-007   0.309603580E-003   0.000000000E+000
   0.29888931121768714E-007  -0.244194001E-003   0.000000000E+000
   0.29919744452822084E-007  -0.583504676E-003   0.000000000E+000
   0.29950557783875453E-007  -0.425429054E-003   0.000000000E+000
   0.29981371114928823E-007   0.820996065E-004   0.000000000E+000
   0.30012184445982193E-007   0.506921439E-003   0.000000000E+000
   0.30042997777035563E-007   0.505207339E-003   0.000000000E+000
   0.30073811108088933E-007   0.911868119E-004   0.000000000E+000
   0.30104624439142302E-007  -0.392562157E-003   0.000000000E+000
   0.30135437770195672E-007  -0.552118407E-003   0.000000000E+000
   0.30166251101249042E-007  -0.253341394E-003   0.000000000E+000
   0.30197064432302412E-007   0.261601992E-003   0.000000000E+000
   0.30227877763355782E-007   0.559062115E-003   0.000000000E+000
   0.30258691094409151E-007   0.378997152E-003   0.000000000E+000
   0.30289504425462521E-007  -0.126517582E-003   0.000000000E+000
   0.30320317756515891E-007  -0.517437933E-003   0.000000000E+000
   0.30351131087569261E-007  -0.458320370E-003   0.000000000E+000
   0.30381944418622631E-007  -0.136200688E-004   0.000000000E+000
   0.30412757749676000E-007   0.426267128E-003   0.000000000E+000
   0.30443571080729370E-007   0.496826193E-003   0.000000000E+000
   0.30474384411782740E-007   0.156932947E-003   0.000000000E+000
   0.30505197742836110E-007  -0.303047913E-003   0.000000000E+000
   0.30536011073889480E-007  -0.508069352E-003   0.000000000E+000
   0.30566824404942849E-007  -0.291945122E-003   0.000000000E+000
   0.30597637735996219E-007   0.170936692E-003   0.000000000E+000
   0.30628451067049589E-007   0.494755339E-003   0.000000000E+000
   0.30659264398102959E-007   0.396926305E-003   0.000000000E+000
   0.30690077729156329E-007  -0.466975034E-004   0.000000000E+000
   0.30720891060209699E-007  -0.450233958E-003   0.000000000E+000
   0.30751704391263068E-007  -0.458484021E-003   0.000000000E+000
   0.30782517722316438E-007  -0.705865677E-004   0.000000000E+000
   0.30813331053369808E-007   0.366070075E-003   0.000000000E+000
   0.30844144384423178E-007   0.477957423E-003   0.000000000E+000
   0.30874957715476548E-007   0.186876830E-003   0.000000000E+000
   0.30905771046529917E-007  -0.249423465E-003   0.000000000E+000
   0.30936584377583287E-007  -0.470807456E-003   0.000000000E+000
   0.30967397708636657E-007  -0.301792781E-003   0.000000000E+000
   0.30998211039690027E-007   0.119360222E-003   0.000000000E+000
   0.31029024370743397E-007   0.446706457E-003   0.000000000E+000
   0.31059837701796766E-007   0.398698205E-003   0.000000000E+000
   0.31090651032850136E-007   0.305389403E-005   0.000000000E+000
   0.31121464363903506E-007  -0.403173442E-003   0.000000000E+000
   0.31152277694956876E-007  -0.459314178E-003   0.000000000E+000
   0.31183091026010246E-007  -0.112595473E-003   0.000000000E+000
   0.31213904357063615E-007   0.327560934E-003   0.000000000E+000
   0.31244717688116985E-007   0.475355220E-003   0.000000000E+000
   0.31275531019170355E-007   0.214953674E-003   0.000000000E+000
   0.31306344350223725E-007  -0.217102526E-003   0.000000000E+000
   0.31337157681277095E-007  -0.457149581E-003   0.000000000E+000
   0.31367971012330464E-007  -0.316492515E-003   0.000000000E+000
   0.31398784343383834E-007   0.840178982E-004   0.000000000E+000
   0.31429597674437204E-007   0.418302545E-003   0.000000000E+000
   0.31460411005490574E-007   0.407519023E-003   0.000000000E+000
   0.31491224336543944E-007   0.478012662E-004   0.000000000E+000
   0.31522037667597314E-007  -0.364678475E-003   0.000000000E+000
   0.31552850998650683E-007  -0.469067134E-003   0.000000000E+000
   0.31583664329704053E-007  -0.163177814E-003   0.000000000E+000
   0.31614477660757423E-007   0.287401810E-003   0.000000000E+000
   0.31645290991810793E-007   0.484200864E-003   0.000000000E+000
   0.31676104322864163E-007   0.260119181E-003   0.000000000E+000
   0.31706917653917532E-007  -0.178915972E-003   0.000000000E+000
   0.31737730984970902E-007  -0.454716792E-003   0.000000000E+000
   0.31768544316024272E-007  -0.346713292E-003   0.000000000E+000
   0.31799357647077642E-007   0.434289104E-004   0.000000000E+000
   0.31830170978131012E-007   0.394562841E-003   0.000000000E+000
   0.31860984309184381E-007   0.421979727E-003   0.000000000E+000
   0.31891797640237751E-007   0.971860136E-004   0.000000000E+000
   0.31922610971291121E-007  -0.319031940E-003   0.000000000E+000
   0.31953424302344491E-007  -0.473497639E-003   0.000000000E+000
   0.31984237633397861E-007  -0.220750022E-003   0.000000000E+000
   0.32015050964451230E-007   0.229485857E-003   0.000000000E+000
   0.32045864295504600E-007   0.482598174E-003   0.000000000E+000
   0.32076677626557970E-007   0.315118115E-003   0.000000000E+000
   0.32107490957611340E-007  -0.120926474E-003   0.000000000E+000
   0.32138304288664710E-007  -0.443288300E-003   0.000000000E+000
   0.32169117619718079E-007  -0.384362938E-003   0.000000000E+000
   0.32199930950771449E-007  -0.903964974E-005   0.000000000E+000
   0.32230744281824819E-007   0.364428299E-003   0.000000000E+000
   0.32261557612878189E-007   0.434115267E-003   0.000000000E+000
   0.32292370943931559E-007   0.146671926E-003   0.000000000E+000
   0.32323184274984929E-007  -0.265896146E-003   0.000000000E+000
   0.32353997606038298E-007  -0.463214412E-003   0.000000000E+000
   0.32384810937091668E-007  -0.270391523E-003   0.000000000E+000
   0.32415624268145038E-007   0.159936171E-003   0.000000000E+000
   0.32446437599198408E-007   0.458749622E-003   0.000000000E+000
   0.32477250930251778E-007   0.361093553E-003   0.000000000E+000
   0.32508064261305147E-007  -0.491700484E-004   0.000000000E+000
   0.32538877592358517E-007  -0.411667424E-003   0.000000000E+000
   0.32569690923411887E-007  -0.415791379E-003   0.000000000E+000
   0.32600504254465257E-007  -0.701532408E-004   0.000000000E+000
   0.32631317585518627E-007   0.323610846E-003   0.000000000E+000
   0.32662130916571996E-007   0.440171745E-003   0.000000000E+000
   0.32692944247625366E-007   0.192948151E-003   0.000000000E+000
   0.32723757578678736E-007  -0.211150764E-003   0.000000000E+000
   0.32754570909732106E-007  -0.441717159E-003   0.000000000E+000
   0.32785384240785476E-007  -0.305467926E-003   0.000000000E+000
   0.32816197571838845E-007   0.918061996E-004   0.000000000E+000
   0.32847010902892215E-007   0.417748466E-003   0.000000000E+000
   0.32877824233945585E-007   0.388293091E-003   0.000000000E+000
   0.32908637564998955E-007   0.226874254E-004   0.000000000E+000
   0.32939450896052325E-007  -0.362234074E-003   0.000000000E+000
   0.32970264227105694E-007  -0.431885797E-003   0.000000000E+000
   0.33001077558159064E-007  -0.132070883E-003   0.000000000E+000
   0.33031890889212434E-007   0.271740486E-003   0.000000000E+000
   0.33062704220265804E-007   0.437194394E-003   0.000000000E+000
   0.33093517551319174E-007   0.235736006E-003   0.000000000E+000
   0.33124330882372544E-007  -0.156059934E-003   0.000000000E+000
   0.33155144213425913E-007  -0.414242095E-003   0.000000000E+000
   0.33185957544479283E-007  -0.328787311E-003   0.000000000E+000
   0.33216770875532653E-007   0.311774202E-004   0.000000000E+000
   0.33247584206586023E-007   0.368839974E-003   0.000000000E+000
   0.33278397537639393E-007   0.397512573E-003   0.000000000E+000
   0.33309210868692762E-007   0.858407293E-004   0.000000000E+000
   0.33340024199746132E-007  -0.302407076E-003   0.000000000E+000
   0.33370837530799502E-007  -0.430679705E-003   0.000000000E+000
   0.33401650861852872E-007  -0.187975980E-003   0.000000000E+000
   0.33432464192906242E-007   0.211784165E-003   0.000000000E+000
   0.33463277523959611E-007   0.423363585E-003   0.000000000E+000
   0.33494090855012981E-007   0.273507088E-003   0.000000000E+000
   0.33524904186066351E-007  -0.100630044E-003   0.000000000E+000
   0.33555717517119721E-007  -0.382677186E-003   0.000000000E+000
   0.33586530848173091E-007  -0.343705819E-003   0.000000000E+000
   0.33617344179226460E-007  -0.211124425E-004   0.000000000E+000
   0.33648157510279830E-007   0.318364910E-003   0.000000000E+000
   0.33678970841333200E-007   0.393176684E-003   0.000000000E+000
   0.33709784172386570E-007   0.136576302E-003   0.000000000E+000
   0.33740597503439940E-007  -0.239603192E-003   0.000000000E+000
   0.33771410834493309E-007  -0.414311071E-003   0.000000000E+000
   0.33802224165546679E-007  -0.233523766E-003   0.000000000E+000
   0.33833037496600049E-007   0.147990955E-003   0.000000000E+000
   0.33863850827653419E-007   0.399030978E-003   0.000000000E+000
   0.33894664158706789E-007   0.305407390E-003   0.000000000E+000
   0.33925477489760159E-007  -0.448823557E-004   0.000000000E+000
   0.33956290820813528E-007  -0.348737434E-003   0.000000000E+000
   0.33987104151866898E-007  -0.354535441E-003   0.000000000E+000
   0.34017917482920268E-007  -0.668566790E-004   0.000000000E+000
   0.34048730813973638E-007   0.271276716E-003   0.000000000E+000
   0.34079544145027008E-007   0.382394122E-003   0.000000000E+000
   0.34110357476080377E-007   0.175649693E-003   0.000000000E+000
   0.34141170807133747E-007  -0.180176590E-003   0.000000000E+000
   0.34171984138187117E-007  -0.388371933E-003   0.000000000E+000
   0.34202797469240487E-007  -0.268222851E-003   0.000000000E+000
   0.34233610800293857E-007   0.836695253E-004   0.000000000E+000
   0.34264424131347226E-007   0.365724351E-003   0.000000000E+000
   0.34295237462400596E-007   0.332450843E-003   0.000000000E+000
   0.34326050793453966E-007   0.141029595E-004   0.000000000E+000
   0.34356864124507336E-007  -0.311091426E-003   0.000000000E+000
   0.34387677455560706E-007  -0.366335327E-003   0.000000000E+000
   0.34418490786614075E-007  -0.113952818E-003   0.000000000E+000
   0.34449304117667445E-007   0.226324017E-003   0.000000000E+000
   0.34480117448720815E-007   0.373023096E-003   0.000000000E+000
   0.34510930779774185E-007   0.211333638E-003   0.000000000E+000
   0.34541744110827555E-007  -0.123921156E-003   0.000000000E+000
   0.34572557441880925E-007  -0.358755991E-003   0.000000000E+000
   0.34603370772934294E-007  -0.296653947E-003   0.000000000E+000
   0.34634184103987664E-007   0.176248432E-004   0.000000000E+000
   0.34664997435041034E-007   0.322601263E-003   0.000000000E+000
   0.34695810766094404E-007   0.354643475E-003   0.000000000E+000
   0.34726624097147774E-007   0.815326348E-004   0.000000000E+000
   0.34757437428201143E-007  -0.260999601E-003   0.000000000E+000
   0.34788250759254513E-007  -0.376859098E-003   0.000000000E+000
   0.34819064090307883E-007  -0.172108761E-003   0.000000000E+000
   0.34849877421361253E-007   0.170836080E-003   0.000000000E+000
   0.34880690752414623E-007   0.362956169E-003   0.000000000E+000
   0.34911504083467992E-007   0.253362639E-003   0.000000000E+000
   0.34942317414521362E-007  -0.602146320E-004   0.000000000E+000
   0.34973130745574732E-007  -0.322362554E-003   0.000000000E+000
   0.35003944076628102E-007  -0.321950472E-003   0.000000000E+000
   0.35034757407681472E-007  -0.557118328E-004   0.000000000E+000
   0.35065570738734841E-007   0.262294809E-003   0.000000000E+000
   0.35096384069788211E-007   0.365149172E-003   0.000000000E+000
   0.35127197400841581E-007   0.158492840E-003   0.000000000E+000
   0.35158010731894951E-007  -0.185654775E-003   0.000000000E+000
   0.35188824062948321E-007  -0.370955619E-003   0.000000000E+000
   0.35219637394001690E-007  -0.239591114E-003   0.000000000E+000
   0.35250450725055060E-007   0.894078985E-004   0.000000000E+000
   0.35281264056108430E-007   0.334093638E-003   0.000000000E+000
   0.35312077387161800E-007   0.297701394E-003   0.000000000E+000
   0.35342890718215170E-007   0.223697280E-004   0.000000000E+000
   0.35373704049268540E-007  -0.264079514E-003   0.000000000E+000
   0.35404517380321909E-007  -0.335480610E-003   0.000000000E+000
   0.35435330711375279E-007  -0.136913848E-003   0.000000000E+000
   0.35466144042428649E-007   0.175057270E-003   0.000000000E+000
   0.35496957373482019E-007   0.347784662E-003   0.000000000E+000
   0.35527770704535389E-007   0.232943843E-003   0.000000000E+000
   0.35558584035588758E-007  -0.797549583E-004   0.000000000E+000
   0.35589397366642128E-007  -0.326234382E-003   0.000000000E+000
   0.35620210697695498E-007  -0.295749720E-003   0.000000000E+000
   0.35651024028748868E-007  -0.189198472E-004   0.000000000E+000
   0.35681837359802238E-007   0.264206057E-003   0.000000000E+000
   0.35712650690855607E-007   0.320918101E-003   0.000000000E+000
   0.35743464021908977E-007   0.118303098E-003   0.000000000E+000
   0.35774277352962347E-007  -0.169701714E-003   0.000000000E+000
   0.35805090684015717E-007  -0.315700774E-003   0.000000000E+000
   0.35835904015069087E-007  -0.211137769E-003   0.000000000E+000
   0.35866717346122456E-007   0.603540248E-004   0.000000000E+000
   0.35897530677175826E-007   0.285155053E-003   0.000000000E+000
   0.35928344008229196E-007   0.279787666E-003   0.000000000E+000
   0.35959157339282566E-007   0.430365762E-004   0.000000000E+000
   0.35989970670335936E-007  -0.230127815E-003   0.000000000E+000
   0.36020784001389305E-007  -0.309086172E-003   0.000000000E+000
   0.36051597332442675E-007  -0.130660919E-003   0.000000000E+000
   0.36082410663496045E-007   0.147548504E-003   0.000000000E+000
   0.36113223994549415E-007   0.293467834E-003   0.000000000E+000
   0.36144037325602785E-007   0.199689646E-003   0.000000000E+000
   0.36174850656656155E-007  -0.443115714E-004   0.000000000E+000
   0.36205663987709524E-007  -0.243422415E-003   0.000000000E+000
   0.36236477318762894E-007  -0.249743112E-003   0.000000000E+000
   0.36267290649816264E-007  -0.629864517E-004   0.000000000E+000
   0.36298103980869634E-007   0.172923712E-003   0.000000000E+000
   0.36328917311923004E-007   0.272222620E-003   0.000000000E+000
   0.36359730642976373E-007   0.151405518E-003   0.000000000E+000
   0.36390543974029743E-007  -0.931176764E-004   0.000000000E+000
   0.36421357305083113E-007  -0.257835141E-003   0.000000000E+000
   0.36452170636136483E-007  -0.207888515E-003   0.000000000E+000
   0.36482983967189853E-007   0.639392238E-005   0.000000000E+000
   0.36513797298243222E-007   0.203049931E-003   0.000000000E+000
   0.36544610629296592E-007   0.230528109E-003   0.000000000E+000
   0.36575423960349962E-007   0.819329871E-004   0.000000000E+000
   0.36606237291403332E-007  -0.120474157E-003   0.000000000E+000
   0.36637050622456702E-007  -0.226524688E-003   0.000000000E+000
   0.36667863953510071E-007  -0.160396012E-003   0.000000000E+000
   0.36698677284563441E-007   0.293907360E-004   0.000000000E+000
   0.36729490615616811E-007   0.198246868E-003   0.000000000E+000
   0.36760303946670181E-007   0.210080529E-003   0.000000000E+000
   0.36791117277723551E-007   0.523006456E-004   0.000000000E+000
   0.36821930608776920E-007  -0.145027268E-003   0.000000000E+000
   0.36852743939830290E-007  -0.219901180E-003   0.000000000E+000
   0.36883557270883660E-007  -0.118936900E-003   0.000000000E+000
   0.36914370601937030E-007   0.666879278E-004   0.000000000E+000
   0.36945183932990400E-007   0.190883584E-003   0.000000000E+000
   0.36975997264043770E-007   0.168630067E-003   0.000000000E+000
   0.37006810595097139E-007   0.242453098E-004   0.000000000E+000
   0.37037623926150509E-007  -0.137118812E-003   0.000000000E+000
   0.37068437257203879E-007  -0.198310736E-003   0.000000000E+000
   0.37099250588257249E-007  -0.108225300E-003   0.000000000E+000
   0.37130063919310619E-007   0.707331928E-004   0.000000000E+000
   0.37160877250363988E-007   0.197414134E-003   0.000000000E+000
   0.37191690581417358E-007   0.165739853E-003   0.000000000E+000
   0.37222503912470728E-007   0.125060615E-005   0.000000000E+000
   0.37253317243524098E-007  -0.159853545E-003   0.000000000E+000
   0.37284130574577468E-007  -0.191312574E-003   0.000000000E+000
   0.37314943905630837E-007  -0.774292785E-004   0.000000000E+000
   0.37345757236684207E-007   0.896578349E-004   0.000000000E+000
   0.37376570567737577E-007   0.188505466E-003   0.000000000E+000
   0.37407383898790947E-007   0.148939769E-003   0.000000000E+000
   0.37438197229844317E-007  -0.523898052E-005   0.000000000E+000
   0.37469010560897686E-007  -0.164142722E-003   0.000000000E+000
   0.37499823891951056E-007  -0.200931521E-003   0.000000000E+000
   0.37530637223004426E-007  -0.752128835E-004   0.000000000E+000
   0.37561450554057796E-007   0.117327130E-003   0.000000000E+000
   0.37592263885111166E-007   0.216948189E-003   0.000000000E+000
   0.37623077216164535E-007   0.140247634E-003   0.000000000E+000
   0.37653890547217905E-007  -0.473039690E-004   0.000000000E+000
   0.37684703878271275E-007  -0.194080727E-003   0.000000000E+000
   0.37715517209324645E-007  -0.189493425E-003   0.000000000E+000
   0.37746330540378015E-007  -0.410494977E-004   0.000000000E+000
   0.37777143871431385E-007   0.141068784E-003   0.000000000E+000
   0.37807957202484754E-007   0.220871996E-003   0.000000000E+000
   0.37838770533538124E-007   0.129588501E-003   0.000000000E+000
   0.37869583864591494E-007  -0.733264169E-004   0.000000000E+000
   0.37900397195644864E-007  -0.227949466E-003   0.000000000E+000
   0.37931210526698234E-007  -0.198935275E-003   0.000000000E+000
   0.37962023857751603E-007  -0.168800761E-005   0.000000000E+000
   0.37992837188804973E-007   0.199951886E-003   0.000000000E+000
   0.38023650519858343E-007   0.236684777E-003   0.000000000E+000
   0.38054463850911713E-007   0.812409126E-004   0.000000000E+000
   0.38085277181965083E-007  -0.136718387E-003   0.000000000E+000
   0.38116090513018452E-007  -0.245367642E-003   0.000000000E+000
   0.38146903844071822E-007  -0.162627213E-003   0.000000000E+000
   0.38177717175125192E-007   0.498054869E-004   0.000000000E+000
   0.38208530506178562E-007   0.230579230E-003   0.000000000E+000
   0.38239343837231932E-007   0.232240433E-003   0.000000000E+000
   0.38270157168285301E-007   0.405312749E-004   0.000000000E+000
   0.38300970499338671E-007  -0.195072469E-003   0.000000000E+000
   0.38331783830392041E-007  -0.273851736E-003   0.000000000E+000
   0.38362597161445411E-007  -0.121742269E-003   0.000000000E+000
   0.38393410492498781E-007   0.134057787E-003   0.000000000E+000
   0.38424223823552150E-007   0.276438310E-003   0.000000000E+000
   0.38455037154605520E-007   0.189892889E-003   0.000000000E+000
   0.38485850485658890E-007  -0.485026685E-004   0.000000000E+000
   0.38516663816712260E-007  -0.245251693E-003   0.000000000E+000
   0.38547477147765630E-007  -0.246802083E-003   0.000000000E+000
   0.38578290478819000E-007  -0.509014790E-004   0.000000000E+000
   0.38609103809872369E-007   0.192160223E-003   0.000000000E+000
   0.38639917140925739E-007   0.286124618E-003   0.000000000E+000
   0.38670730471979109E-007   0.143268931E-003   0.000000000E+000
   0.38701543803032479E-007  -0.127570209E-003   0.000000000E+000
   0.38732357134085849E-007  -0.296908780E-003   0.000000000E+000
   0.38763170465139218E-007  -0.214119893E-003   0.000000000E+000
   0.38793983796192588E-007   0.510982209E-004   0.000000000E+000
   0.38824797127245958E-007   0.269806216E-003   0.000000000E+000
   0.38855610458299328E-007   0.259761844E-003   0.000000000E+000
   0.38886423789352698E-007   0.374474621E-004   0.000000000E+000
   0.38917237120406067E-007  -0.210690981E-003   0.000000000E+000
   0.38948050451459437E-007  -0.286928727E-003   0.000000000E+000
   0.38978863782512807E-007  -0.131761422E-003   0.000000000E+000
   0.39009677113566177E-007   0.134308735E-003   0.000000000E+000
   0.39040490444619547E-007   0.297047343E-003   0.000000000E+000
   0.39071303775672916E-007   0.214042666E-003   0.000000000E+000
   0.39102117106726286E-007  -0.560022308E-004   0.000000000E+000
   0.39132930437779656E-007  -0.284857117E-003   0.000000000E+000
   0.39163743768833026E-007  -0.269733719E-003   0.000000000E+000
   0.39194557099886396E-007  -0.216355838E-004   0.000000000E+000
   0.39225370430939765E-007   0.241547998E-003   0.000000000E+000
   0.39256183761993135E-007   0.294642377E-003   0.000000000E+000
   0.39286997093046505E-007   0.101143814E-003   0.000000000E+000
   0.39317810424099875E-007  -0.170390093E-003   0.000000000E+000
   0.39348623755153245E-007  -0.298280269E-003   0.000000000E+000
   0.39379437086206615E-007  -0.182418444E-003   0.000000000E+000
   0.39410250417259984E-007   0.848920608E-004   0.000000000E+000
   0.39441063748313354E-007   0.287962495E-003   0.000000000E+000
   0.39471877079366724E-007   0.252783182E-003   0.000000000E+000
   0.39502690410420094E-007  -0.230479054E-005   0.000000000E+000
   0.39533503741473464E-007  -0.263247231E-003   0.000000000E+000
   0.39564317072526833E-007  -0.298426079E-003   0.000000000E+000
   0.39595130403580203E-007  -0.723893900E-004   0.000000000E+000
   0.39625943734633573E-007   0.215260938E-003   0.000000000E+000
   0.39656757065686943E-007   0.312929449E-003   0.000000000E+000
   0.39687570396740313E-007   0.142774443E-003   0.000000000E+000
   0.39718383727793682E-007  -0.142898425E-003   0.000000000E+000
   0.39749197058847052E-007  -0.304866000E-003   0.000000000E+000
   0.39780010389900422E-007  -0.213736348E-003   0.000000000E+000
   0.39810823720953792E-007   0.555297011E-004   0.000000000E+000
   0.39841637052007162E-007   0.284035865E-003   0.000000000E+000
   0.39872450383060531E-007   0.277527346E-003   0.000000000E+000
   0.39903263714113901E-007   0.298945815E-004   0.000000000E+000
   0.39934077045167271E-007  -0.253256818E-003   0.000000000E+000
   0.39964890376220641E-007  -0.321002677E-003   0.000000000E+000
