 f_at_0.19967038522583636E-007   Theta    Phi    Etheta_mod    Etheta_phase    Ephi_mod    Ephi_phase    RCS(ARIT) RCS(GEOM)
   0.30000000000000000E+009   0.000000000E+000   0.000000000E+000                NaN                NaN                NaN                NaN   0.109179268E+002                NaN
   0.30000000000000000E+009   0.000000000E+000   0.805536583E-001   0.434233146E-009   0.604156890E+000   0.350544366E-010  -0.253741733E+001   0.109179268E+002   0.109385548E+002
   0.30000000000000000E+009   0.000000000E+000   0.161107317E+000   0.430004330E-009   0.604156769E+000   0.698820176E-010  -0.253742655E+001   0.109179258E+002   0.109385538E+002
   0.30000000000000000E+009   0.000000000E+000   0.241660982E+000   0.422986815E-009   0.604156645E+000   0.104256389E-009  -0.253742965E+001   0.109179277E+002   0.109385548E+002
   0.30000000000000000E+009   0.000000000E+000   0.322214633E+000   0.413226041E-009   0.604156516E+000   0.137954614E-009  -0.253743122E+001   0.109179268E+002   0.109385548E+002
   0.30000000000000000E+009   0.000000000E+000   0.402768284E+000   0.400785340E-009   0.604156379E+000   0.170758147E-009  -0.253743217E+001   0.109179268E+002   0.109385548E+002
   0.30000000000000000E+009   0.000000000E+000   0.483321935E+000   0.385745391E-009   0.604156233E+000   0.202454251E-009  -0.253743283E+001   0.109179268E+002   0.109385548E+002
   0.30000000000000000E+009   0.000000000E+000   0.563875616E+000   0.368203748E-009   0.604156074E+000   0.232837373E-009  -0.253743331E+001   0.109179277E+002   0.109385548E+002
   0.30000000000000000E+009   0.000000000E+000   0.644429266E+000   0.348274146E-009   0.604155898E+000   0.261710442E-009  -0.253743368E+001   0.109179268E+002   0.109385548E+002
   0.30000000000000000E+009   0.000000000E+000   0.724982917E+000   0.326085870E-009   0.604155700E+000   0.288886212E-009  -0.253743398E+001   0.109179268E+002   0.109385548E+002
   0.30000000000000000E+009   0.000000000E+000   0.805536568E+000   0.301782776E-009   0.604155470E+000   0.314188448E-009  -0.253743422E+001   0.109179268E+002   0.109385538E+002
   0.30000000000000000E+009   0.000000000E+000   0.886090219E+000   0.275522532E-009   0.604155199E+000   0.337453069E-009  -0.253743444E+001   0.109179277E+002   0.109385548E+002
   0.30000000000000000E+009   0.000000000E+000   0.966643870E+000   0.247475400E-009   0.604154867E+000   0.358529156E-009  -0.253743462E+001   0.109179268E+002   0.109385548E+002
   0.30000000000000000E+009   0.000000000E+000   0.104719758E+001   0.217823288E-009   0.604154449E+000   0.377280074E-009  -0.253743479E+001   0.109179277E+002   0.109385548E+002
   0.30000000000000000E+009   0.000000000E+000   0.112775123E+001   0.186758530E-009   0.604153894E+000   0.393584144E-009  -0.253743494E+001   0.109179268E+002   0.109385548E+002
   0.30000000000000000E+009   0.000000000E+000   0.120830488E+001   0.154482562E-009   0.604153111E+000   0.407335706E-009  -0.253743508E+001   0.109179277E+002   0.109385548E+002
   0.30000000000000000E+009   0.000000000E+000   0.128885853E+001   0.121204725E-009   0.604151905E+000   0.418445515E-009  -0.253743522E+001   0.109179268E+002   0.109385548E+002
   0.30000000000000000E+009   0.000000000E+000   0.136941218E+001   0.871408202E-010   0.604149768E+000   0.426841538E-009  -0.253743534E+001   0.109179258E+002   0.109385538E+002
   0.30000000000000000E+009   0.000000000E+000   0.144996583E+001   0.525117771E-010   0.604144833E+000   0.432469351E-009  -0.253743546E+001   0.109179268E+002   0.109385538E+002
   0.30000000000000000E+009   0.000000000E+000   0.153051949E+001   0.175421753E-010   0.604120323E+000   0.435292443E-009  -0.253743558E+001   0.109179277E+002   0.109385548E+002
   0.30000000000000000E+009   0.000000000E+000   0.161107314E+001   0.175411939E-010  -0.253739896E+001   0.435292482E-009  -0.253743570E+001   0.109179268E+002   0.109385548E+002
   0.30000000000000000E+009   0.000000000E+000   0.169162679E+001   0.525108020E-010  -0.253742347E+001   0.432469468E-009  -0.253743582E+001   0.109179268E+002   0.109385538E+002
   0.30000000000000000E+009   0.000000000E+000   0.177218044E+001   0.871398576E-010  -0.253742840E+001   0.426841732E-009  -0.253743595E+001   0.109179258E+002   0.109385538E+002
   0.30000000000000000E+009   0.000000000E+000   0.185273409E+001   0.121203781E-009  -0.253743054E+001   0.418445785E-009  -0.253743607E+001   0.109179268E+002   0.109385548E+002
   0.30000000000000000E+009   0.000000000E+000   0.193328774E+001   0.154481643E-009  -0.253743175E+001   0.407336050E-009  -0.253743620E+001   0.109179268E+002   0.109385548E+002
   0.30000000000000000E+009   0.000000000E+000   0.201384139E+001   0.186757642E-009  -0.253743253E+001   0.393584559E-009  -0.253743635E+001   0.109179268E+002   0.109385538E+002
   0.30000000000000000E+009   0.000000000E+000   0.209439516E+001   0.217822488E-009  -0.253743308E+001   0.377280533E-009  -0.253743650E+001   0.109179268E+002   0.109385548E+002
   0.30000000000000000E+009   0.000000000E+000   0.217494893E+001   0.247474654E-009  -0.253743350E+001   0.358529655E-009  -0.253743666E+001   0.109179258E+002   0.109385538E+002
   0.30000000000000000E+009   0.000000000E+000   0.225550270E+001   0.275521859E-009  -0.253743383E+001   0.337453604E-009  -0.253743685E+001   0.109179268E+002   0.109385548E+002
   0.30000000000000000E+009   0.000000000E+000   0.233605647E+001   0.301782207E-009  -0.253743411E+001   0.314189016E-009  -0.253743706E+001   0.109179268E+002   0.109385548E+002
   0.30000000000000000E+009   0.000000000E+000   0.241661024E+001   0.326085357E-009  -0.253743433E+001   0.288886781E-009  -0.253743731E+001   0.109179268E+002   0.109385548E+002
   0.30000000000000000E+009   0.000000000E+000   0.249716401E+001   0.348273719E-009  -0.253743453E+001   0.261710983E-009  -0.253743761E+001   0.109179268E+002   0.109385538E+002
   0.30000000000000000E+009   0.000000000E+000   0.257771778E+001   0.368203386E-009  -0.253743471E+001   0.232837907E-009  -0.253743798E+001   0.109179268E+002   0.109385538E+002
   0.30000000000000000E+009   0.000000000E+000   0.265827155E+001   0.385745122E-009  -0.253743487E+001   0.202454784E-009  -0.253743846E+001   0.109179277E+002   0.109385548E+002
   0.30000000000000000E+009   0.000000000E+000   0.273882532E+001   0.400785116E-009  -0.253743501E+001   0.170758650E-009  -0.253743911E+001   0.109179268E+002   0.109385538E+002
   0.30000000000000000E+009   0.000000000E+000   0.281937909E+001   0.413225864E-009  -0.253743515E+001   0.137955092E-009  -0.253744007E+001   0.109179268E+002   0.109385538E+002
   0.30000000000000000E+009   0.000000000E+000   0.289993286E+001   0.422986687E-009  -0.253743528E+001   0.104256823E-009  -0.253744164E+001   0.109179268E+002   0.109385538E+002
   0.30000000000000000E+009   0.000000000E+000   0.298048663E+001   0.430004279E-009  -0.253743540E+001   0.698824159E-010  -0.253744474E+001   0.109179268E+002   0.109385548E+002
   0.30000000000000000E+009   0.000000000E+000   0.306104040E+001   0.434233119E-009  -0.253743552E+001   0.350547924E-010  -0.253745396E+001   0.109179277E+002   0.109385548E+002
   0.30000000000000000E+009   0.000000000E+000   0.314159274E+001   0.435645763E-009  -0.253743564E+001   0.783718341E-015   0.278115428E+001   0.109179268E+002   0.109385548E+002
   0.30000000000000000E+009   0.157079637E+001   0.000000000E+000   0.646599417E-010   0.839092990E+000   0.336734912E-013  -0.143198243E+001   0.241064057E+000   0.240970388E+000
   0.30000000000000000E+009   0.157079637E+001   0.805536583E-001   0.644786594E-010   0.132578226E+001   0.103824731E-010   0.988553346E+000   0.245906815E+000   0.245833948E+000
   0.30000000000000000E+009   0.157079637E+001   0.161107317E+000   0.639247686E-010   0.176977373E+001   0.206996115E-010   0.143487109E+001   0.260224491E+000   0.260217369E+000
   0.30000000000000000E+009   0.157079637E+001   0.241660982E+000   0.630205336E-010   0.216688664E+001   0.308797717E-010   0.183386257E+001   0.283744693E+000   0.283865243E+000
   0.30000000000000000E+009   0.157079637E+001   0.322214633E+000   0.617650265E-010   0.251325472E+001   0.408890658E-010   0.218205810E+001   0.315919101E+000   0.316238523E+000
   0.30000000000000000E+009   0.157079637E+001   0.402768284E+000   0.601119847E-010   0.280619049E+001   0.507100086E-010   0.247597866E+001   0.355903387E+000   0.356475383E+000
   0.30000000000000000E+009   0.157079637E+001   0.483321935E+000   0.579783341E-010   0.304466538E+001   0.603218247E-010   0.271322336E+001   0.402637720E+000   0.403463274E+000
   0.30000000000000000E+009   0.157079637E+001   0.563875616E+000   0.552875575E-010  -0.305410489E+001   0.696790756E-010   0.289284376E+001   0.455004841E+000   0.456008613E+000
   0.30000000000000000E+009   0.157079637E+001   0.644429266E+000   0.520304483E-010  -0.292284968E+001   0.786971561E-010   0.301518580E+001   0.511943638E+000   0.512982965E+000
   0.30000000000000000E+009   0.157079637E+001   0.724982917E+000   0.483062100E-010  -0.284454639E+001   0.872520996E-010   0.308133664E+001   0.572356701E+000   0.573270619E+000
   0.30000000000000000E+009   0.157079637E+001   0.805536568E+000   0.443080818E-010  -0.282056905E+001   0.951988110E-010   0.309241923E+001   0.634812057E+000   0.635494351E+000
   0.30000000000000000E+009   0.157079637E+001   0.886090219E+000   0.402492876E-010  -0.285386777E+001   0.102402007E-009   0.304906842E+001   0.697287560E+000   0.697750151E+000
   0.30000000000000000E+009   0.157079637E+001   0.966643870E+000   0.362691126E-010  -0.294778554E+001   0.108764792E-009   0.295127622E+001   0.757245183E+000   0.757636845E+000
   0.30000000000000000E+009   0.157079637E+001   0.104719758E+001   0.323743951E-010  -0.310414775E+001   0.114241292E-009   0.279863319E+001   0.812050343E+000   0.812618375E+000
   0.30000000000000000E+009   0.157079637E+001   0.112775123E+001   0.284444346E-010   0.296125696E+001   0.118830815E-009   0.259079446E+001   0.859484792E+000   0.860494971E+000
   0.30000000000000000E+009   0.157079637E+001   0.120830488E+001   0.242895619E-010   0.268567821E+001   0.122561863E-009   0.232796852E+001   0.898125052E+000   0.899776399E+000
   0.30000000000000000E+009   0.157079637E+001   0.128885853E+001   0.197330793E-010   0.235700684E+001   0.125475588E-009   0.201121931E+001   0.927500367E+000   0.929869533E+000
   0.30000000000000000E+009   0.157079637E+001   0.136941218E+001   0.146817355E-010   0.197960007E+001   0.127613288E-009   0.164251781E+001   0.948001802E+000   0.951032698E+000
   0.30000000000000000E+009   0.157079637E+001   0.144996583E+001   0.915830057E-011   0.155709904E+001   0.129008784E-009   0.122456384E+001   0.960553825E+000   0.964083552E+000
   0.30000000000000000E+009   0.157079637E+001   0.153051949E+001   0.329273217E-011   0.109496682E+001   0.129684852E-009   0.760500907E+000   0.966155410E+000   0.969954431E+000
   0.30000000000000000E+009   0.157079637E+001   0.161107314E+001   0.271312831E-011  -0.256771870E+001   0.129652983E-009   0.253648134E+000   0.965469182E+000   0.969277442E+000
   0.30000000000000000E+009   0.157079637E+001   0.169162679E+001   0.862836568E-011  -0.310600925E+001   0.128914531E-009  -0.292670239E+000   0.958583713E+000   0.962139130E+000
   0.30000000000000000E+009   0.157079637E+001   0.177218044E+001   0.142393813E-010   0.260089696E+001   0.127462238E-009  -0.875152455E+000   0.945007920E+000   0.948074639E+000
   0.30000000000000000E+009   0.157079637E+001   0.185273409E+001   0.193947480E-010   0.199420297E+001   0.125280540E-009  -0.149040442E+001   0.923882604E+000   0.926287591E+000
   0.30000000000000000E+009   0.157079637E+001   0.193328774E+001   0.240463059E-010   0.136065082E+001   0.122345206E-009  -0.213472340E+001   0.894365847E+000   0.896040499E+000
   0.30000000000000000E+009   0.157079637E+001   0.201384139E+001   0.282680913E-010   0.702640197E+000   0.118623374E-009  -0.280386089E+001   0.856069744E+000   0.857079566E+000
   0.30000000000000000E+009   0.157079637E+001   0.209439516E+001   0.322336832E-010   0.220440903E-001   0.114076281E-009   0.279030240E+001   0.809383750E+000   0.809922934E+000
   0.30000000000000000E+009   0.157079637E+001   0.217494893E+001   0.361489050E-010  -0.678525530E+000   0.108668623E-009   0.208693455E+001   0.755590260E+000   0.755929947E+000
   0.30000000000000000E+009   0.157079637E+001   0.225550270E+001   0.401610134E-010  -0.139441165E+001   0.102385780E-009   0.137504134E+001   0.696746409E+000   0.697149515E+000
   0.30000000000000000E+009   0.157079637E+001   0.233605647E+001   0.442842161E-010  -0.211871674E+001   0.952551767E-010   0.660221582E+000   0.635353684E+000   0.635991216E+000
   0.30000000000000000E+009   0.157079637E+001   0.241661024E+001   0.483824670E-010  -0.284355921E+001   0.873597392E-010  -0.526226592E-001   0.573873699E+000   0.574778855E+000
   0.30000000000000000E+009   0.157079637E+001   0.249716401E+001   0.522267023E-010   0.272135378E+001   0.788309606E-010  -0.759543086E+000   0.514297724E+000   0.515377104E+000
   0.30000000000000000E+009   0.157079637E+001   0.257771778E+001   0.555984799E-010   0.201493318E+001   0.698203269E-010  -0.145742867E+001   0.458039254E+000   0.459131420E+000
   0.30000000000000000E+009   0.157079637E+001   0.265827155E+001   0.583777897E-010   0.132385663E+001   0.604626215E-010  -0.214354565E+001   0.406172752E+000   0.407122284E+000
   0.30000000000000000E+009   0.157079637E+001   0.273882532E+001   0.605667928E-010   0.650652752E+000   0.508498429E-010  -0.281489659E+001   0.359745175E+000   0.360457271E+000
   0.30000000000000000E+009   0.157079637E+001   0.281937909E+001   0.622485641E-010  -0.204696706E-002   0.410268108E-010   0.281547584E+001   0.319888085E+000   0.320345014E+000
   0.30000000000000000E+009   0.157079637E+001   0.289993286E+001   0.635184997E-010  -0.630713382E+000   0.310071308E-010   0.218587244E+001   0.287708342E+000   0.287951291E+000
   0.30000000000000000E+009   0.157079637E+001   0.298048663E+001   0.644320844E-010  -0.123075312E+001   0.208006810E-010   0.158468232E+001   0.264115959E+000   0.264212221E+000
   0.30000000000000000E+009   0.157079637E+001   0.306104040E+001   0.649928428E-010  -0.179699897E+001   0.104393435E-010   0.101654261E+001   0.249723539E+000   0.249739125E+000
   0.30000000000000000E+009   0.157079637E+001   0.314159274E+001   0.651769717E-010  -0.232451457E+001   0.344072147E-013  -0.140344982E+001   0.244850174E+000   0.244839460E+000
