t              SphereRCS.fdtd_Point probe_Ex_50_50_13.dat       incid
   0.00000000000000000E+000   0.000000000E+000   0.000000000E+000
   0.30813331053369808E-010   0.000000000E+000   0.000000000E+000
   0.61626662106739616E-010   0.000000000E+000   0.000000000E+000
   0.92439993160109424E-010   0.000000000E+000   0.000000000E+000
   0.12325332421347923E-009   0.000000000E+000   0.000000000E+000
   0.15406665526684904E-009   0.000000000E+000   0.000000000E+000
   0.18487998632021885E-009   0.440502052E-009   0.000000000E+000
   0.21569331737358866E-009   0.348758888E-008   0.000000000E+000
   0.24650664842695846E-009   0.152427582E-007   0.000000000E+000
   0.27731997948032827E-009   0.490494934E-007   0.000000000E+000
   0.30813331053369808E-009   0.132396593E-006   0.543364251E-007
   0.33894664158706789E-009   0.323388520E-006   0.130312770E-006
   0.36975997264043770E-009   0.745451985E-006   0.323846649E-006
   0.40057330369380750E-009   0.165031270E-005   0.760842340E-006
   0.43138663474717731E-009   0.352813686E-005   0.168002202E-005
   0.46219996580054712E-009   0.733522756E-005   0.345464150E-005
   0.49301329685391693E-009   0.149535636E-004   0.736913944E-005
   0.52382662790728673E-009   0.299863023E-004   0.160410582E-004
   0.55463995896065654E-009   0.589481060E-004   0.332269738E-004
   0.58545329001402635E-009   0.113011658E-003   0.653353054E-004
   0.61626662106739616E-009   0.211149149E-003   0.121570214E-003
   0.64707995212076597E-009   0.385749678E-003   0.230606602E-003
   0.67789328317413577E-009   0.690968940E-003   0.440436852E-003
   0.70870661422750558E-009   0.121284369E-002   0.805525400E-003
   0.73951994528087539E-009   0.208075996E-002   0.141094124E-002
   0.77033327633424520E-009   0.348466332E-002   0.236808578E-002
   0.80114660738761501E-009   0.570230372E-002   0.399364019E-002
   0.83195993844098481E-009   0.913238060E-002   0.670462381E-002
   0.86277326949435462E-009   0.143202990E-001   0.108426837E-001
   0.89358660054772443E-009   0.219669640E-001   0.169194657E-001
   0.92439993160109424E-009   0.329320692E-001   0.255347174E-001
   0.95521326265446405E-009   0.482437685E-001   0.382758118E-001
   0.98602659370783385E-009   0.690979585E-001   0.565968901E-001
   0.10168399247612037E-008   0.968052968E-001   0.810457245E-001
   0.10476532558145735E-008   0.132660747E+000   0.112656720E+000
   0.10784665868679433E-008   0.177761748E+000   0.152419314E+000
   0.11092799179213131E-008   0.232824162E+000   0.203027412E+000
   0.11400932489746829E-008   0.298023015E+000   0.264987141E+000
   0.11709065800280527E-008   0.372852564E+000   0.336443782E+000
   0.12017199110814225E-008   0.455993354E+000   0.416465968E+000
   0.12325332421347923E-008   0.545186043E+000   0.503646910E+000
   0.12633465731881621E-008   0.637157559E+000   0.596037030E+000
   0.12941599042415319E-008   0.727696180E+000   0.688264251E+000
   0.13249732352949017E-008   0.811961174E+000   0.775755644E+000
   0.13557865663482715E-008   0.885003626E+000   0.854680836E+000
   0.13865998974016414E-008   0.942327380E+000   0.921269238E+000
   0.14174132284550112E-008   0.980306804E+000   0.968485713E+000
   0.14482265595083810E-008   0.996417463E+000   0.991896629E+000
   0.14790398905617508E-008   0.989385664E+000   0.993553996E+000
   0.15098532216151206E-008   0.959365904E+000   0.973572373E+000
   0.15406665526684904E-008   0.908117771E+000   0.932850182E+000
   0.15714798837218602E-008   0.839013875E+000   0.871012330E+000
   0.16022932147752300E-008   0.756709218E+000   0.793296039E+000
   0.16331065458285998E-008   0.666468799E+000   0.706839621E+000
   0.16639198768819696E-008   0.573375046E+000   0.615463018E+000
   0.16947332079353394E-008   0.481748044E+000   0.522866011E+000
   0.17255465389887092E-008   0.394974291E+000   0.433583587E+000
   0.17563598700420791E-008   0.315650851E+000   0.352153510E+000
   0.17871732010954489E-008   0.245747715E+000   0.279321641E+000
   0.18179865321488187E-008   0.186551258E+000   0.215887368E+000
   0.18487998632021885E-008   0.138428107E+000   0.162220791E+000
   0.18796131942555583E-008   0.100683972E+000   0.119465098E+000
   0.19104265253089281E-008   0.717734694E-001   0.867798403E-001
   0.19412398563622979E-008   0.498506725E-001   0.613082498E-001
   0.19720531874156677E-008   0.333609954E-001   0.420109108E-001
   0.20028665184690375E-008   0.213135835E-001   0.278576072E-001
   0.20336798495224073E-008   0.131035093E-001   0.182189774E-001
   0.20644931805757771E-008   0.809425488E-002   0.118726026E-001
   0.20953065116291469E-008   0.534500601E-002   0.747348322E-002
   0.21261198426825167E-008   0.372808473E-002   0.453440193E-002
   0.21569331737358866E-008   0.234184461E-002   0.264779292E-002
   0.21877465047892564E-008   0.864422414E-003   0.153784628E-002
   0.22185598358426262E-008  -0.468560145E-003   0.901892432E-003
   0.22493731668959960E-008  -0.127247372E-002   0.505900767E-003
   0.22801864979493658E-008  -0.149682164E-002   0.271403900E-003
   0.23109998290027356E-008  -0.160492165E-002   0.139285505E-003
   0.23418131600561054E-008  -0.231922977E-002   0.718428637E-004
   0.23726264911094752E-008  -0.415856019E-002   0.380421297E-004
   0.24034398221628450E-008  -0.716366991E-002   0.190140272E-004
   0.24342531532162148E-008  -0.110491291E-001   0.900654777E-005
   0.24650664842695846E-008  -0.156629961E-001   0.405500214E-005
   0.24958798153229544E-008  -0.213768706E-001   0.185740521E-005
   0.25266931463763243E-008  -0.290827360E-001   0.891039008E-006
   0.25575064774296941E-008  -0.397948809E-001   0.396716814E-006
   0.25883198084830639E-008  -0.541760996E-001   0.165679452E-006
   0.26191331395364337E-008  -0.723599046E-001   0.653311076E-007
   0.26499464705898035E-008  -0.941831321E-001   0.265728151E-007
   0.26807598016431733E-008  -0.119593553E+000   0.115888268E-007
   0.27115731326965431E-008  -0.148846835E+000   0.459402694E-008
   0.27423864637499129E-008  -0.182282880E+000   0.168911163E-008
   0.27731997948032827E-008  -0.219825715E+000   0.582469961E-009
   0.28040131258566525E-008  -0.260590106E+000   0.210339759E-009
   0.28348264569100223E-008  -0.302901924E+000   0.836915121E-010
   0.28656397879633921E-008  -0.344714403E+000   0.295207435E-010
   0.28964531190167619E-008  -0.384100199E+000   0.954228536E-011
   0.29272664500701318E-008  -0.419468135E+000   0.287365878E-011
   0.29580797811235016E-008  -0.449413329E+000   0.921019446E-012
   0.29888931121768714E-008  -0.472438991E+000   0.335569571E-012
   0.30197064432302412E-008  -0.486902773E+000   0.105240124E-012
   0.30505197742836110E-008  -0.491345853E+000   0.000000000E+000
   0.30813331053369808E-008  -0.485023558E+000   0.000000000E+000
   0.31121464363903506E-008  -0.468259454E+000   0.000000000E+000
   0.31429597674437204E-008  -0.442355007E+000   0.000000000E+000
   0.31737730984970902E-008  -0.409117103E+000   0.000000000E+000
   0.32045864295504600E-008  -0.370344043E+000   0.000000000E+000
   0.32353997606038298E-008  -0.327607214E+000   0.000000000E+000
   0.32662130916571996E-008  -0.282394707E+000   0.000000000E+000
   0.32970264227105694E-008  -0.236373723E+000   0.000000000E+000
   0.33278397537639393E-008  -0.191441566E+000   0.000000000E+000
   0.33586530848173091E-008  -0.149436712E+000   0.000000000E+000
   0.33894664158706789E-008  -0.111694679E+000   0.000000000E+000
   0.34202797469240487E-008  -0.787899345E-001   0.000000000E+000
   0.34510930779774185E-008  -0.506687127E-001   0.000000000E+000
   0.34819064090307883E-008  -0.270648915E-001   0.000000000E+000
   0.35127197400841581E-008  -0.786576234E-002   0.000000000E+000
   0.35435330711375279E-008   0.685373042E-002   0.000000000E+000
   0.35743464021908977E-008   0.171242524E-001   0.000000000E+000
   0.36051597332442675E-008   0.234208163E-001   0.000000000E+000
   0.36359730642976373E-008   0.267267097E-001   0.000000000E+000
   0.36667863953510071E-008   0.282341633E-001   0.000000000E+000
   0.36975997264043770E-008   0.288970359E-001   0.000000000E+000
   0.37284130574577468E-008   0.291706398E-001   0.000000000E+000
   0.37592263885111166E-008   0.291136578E-001   0.000000000E+000
   0.37900397195644864E-008   0.287266560E-001   0.000000000E+000
   0.38208530506178562E-008   0.282151271E-001   0.000000000E+000
   0.38516663816712260E-008   0.279474389E-001   0.000000000E+000
   0.38824797127245958E-008   0.281571709E-001   0.000000000E+000
   0.39132930437779656E-008   0.286736507E-001   0.000000000E+000
   0.39441063748313354E-008   0.289499518E-001   0.000000000E+000
   0.39749197058847052E-008   0.284055695E-001   0.000000000E+000
   0.40057330369380750E-008   0.268281624E-001   0.000000000E+000
   0.40365463679914448E-008   0.245179068E-001   0.000000000E+000
   0.40673596990448146E-008   0.220622160E-001   0.000000000E+000
   0.40981730300981845E-008   0.199290812E-001   0.000000000E+000
   0.41289863611515543E-008   0.182127506E-001   0.000000000E+000
   0.41597996922049241E-008   0.167306997E-001   0.000000000E+000
   0.41906130232582939E-008   0.153676234E-001   0.000000000E+000
   0.42214263543116637E-008   0.143481381E-001   0.000000000E+000
   0.42522396853650335E-008   0.141777704E-001   0.000000000E+000
   0.42830530164184033E-008   0.152733736E-001   0.000000000E+000
   0.43138663474717731E-008   0.175749287E-001   0.000000000E+000
   0.43446796785251429E-008   0.204654168E-001   0.000000000E+000
   0.43754930095785127E-008   0.230904371E-001   0.000000000E+000
   0.44063063406318825E-008   0.248520337E-001   0.000000000E+000
   0.44371196716852523E-008   0.257105343E-001   0.000000000E+000
   0.44679330027386222E-008   0.260803141E-001   0.000000000E+000
   0.44987463337919920E-008   0.264252536E-001   0.000000000E+000
   0.45295596648453618E-008   0.268868916E-001   0.000000000E+000
   0.45603729958987316E-008   0.272334702E-001   0.000000000E+000
   0.45911863269521014E-008   0.271460284E-001   0.000000000E+000
   0.46219996580054712E-008   0.265833419E-001   0.000000000E+000
   0.46528129890588410E-008   0.259109698E-001   0.000000000E+000
   0.46836263201122108E-008   0.256787948E-001   0.000000000E+000
   0.47144396511655806E-008   0.262179989E-001   0.000000000E+000
   0.47452529822189504E-008   0.273710508E-001   0.000000000E+000
   0.47760663132723202E-008   0.285602938E-001   0.000000000E+000
   0.48068796443256900E-008   0.291378703E-001   0.000000000E+000
   0.48376929753790598E-008   0.287550371E-001   0.000000000E+000
   0.48685063064324297E-008   0.274970084E-001   0.000000000E+000
   0.48993196374857995E-008   0.257268641E-001   0.000000000E+000
   0.49301329685391693E-008   0.237980783E-001   0.000000000E+000
   0.49609462995925391E-008   0.218628310E-001   0.000000000E+000
   0.49917596306459089E-008   0.198916290E-001   0.000000000E+000
   0.50225729616992787E-008   0.178406145E-001   0.000000000E+000
   0.50533862927526485E-008   0.158039220E-001   0.000000000E+000
   0.50841996238060183E-008   0.140324058E-001   0.000000000E+000
   0.51150129548593881E-008   0.128268255E-001   0.000000000E+000
   0.51458262859127579E-008   0.124054607E-001   0.000000000E+000
   0.51766396169661277E-008   0.128363157E-001   0.000000000E+000
   0.52074529480194975E-008   0.140459584E-001   0.000000000E+000
   0.52382662790728673E-008   0.158580579E-001   0.000000000E+000
   0.52690796101262372E-008   0.180242490E-001   0.000000000E+000
   0.52998929411796070E-008   0.202585571E-001   0.000000000E+000
   0.53307062722329768E-008   0.223060995E-001   0.000000000E+000
   0.53615196032863466E-008   0.240355935E-001   0.000000000E+000
   0.53923329343397164E-008   0.254857801E-001   0.000000000E+000
   0.54231462653930862E-008   0.267956164E-001   0.000000000E+000
   0.54539595964464560E-008   0.280356407E-001   0.000000000E+000
   0.54847729274998258E-008   0.290669501E-001   0.000000000E+000
   0.55155862585531956E-008   0.295721274E-001   0.000000000E+000
   0.55463995896065654E-008   0.292816907E-001   0.000000000E+000
   0.55772129206599352E-008   0.282409731E-001   0.000000000E+000
   0.56080262517133050E-008   0.268831179E-001   0.000000000E+000
   0.56388395827666749E-008   0.257937033E-001   0.000000000E+000
   0.56696529138200447E-008   0.253038816E-001   0.000000000E+000
   0.57004662448734145E-008   0.252263006E-001   0.000000000E+000
   0.57312795759267843E-008   0.249753688E-001   0.000000000E+000
   0.57620929069801541E-008   0.240183510E-001   0.000000000E+000
   0.57929062380335239E-008   0.223191231E-001   0.000000000E+000
   0.58237195690868937E-008   0.204107966E-001   0.000000000E+000
   0.58545329001402635E-008   0.190118514E-001   0.000000000E+000
   0.58853462311936333E-008   0.184709039E-001   0.000000000E+000
   0.59161595622470031E-008   0.184840653E-001   0.000000000E+000
   0.59469728933003729E-008   0.183317605E-001   0.000000000E+000
   0.59777862243537427E-008   0.174735524E-001   0.000000000E+000
   0.60085995554071125E-008   0.160416923E-001   0.000000000E+000
   0.60394128864604824E-008   0.148282703E-001   0.000000000E+000
   0.60702262175138522E-008   0.147373984E-001   0.000000000E+000
   0.61010395485672220E-008   0.160936490E-001   0.000000000E+000
   0.61318528796205918E-008   0.183372106E-001   0.000000000E+000
   0.61626662106739616E-008   0.203696992E-001   0.000000000E+000
   0.61934795417273314E-008   0.213231165E-001   0.000000000E+000
   0.62242928727807012E-008   0.211761482E-001   0.000000000E+000
   0.62551062038340710E-008   0.207222551E-001   0.000000000E+000
   0.62859195348874408E-008   0.208783746E-001   0.000000000E+000
   0.63167328659408106E-008   0.218619592E-001   0.000000000E+000
   0.63475461969941804E-008   0.229187366E-001   0.000000000E+000
   0.63783595280475502E-008   0.228773989E-001   0.000000000E+000
   0.64091728591009200E-008   0.211247839E-001   0.000000000E+000
   0.64399861901542899E-008   0.182018839E-001   0.000000000E+000
   0.64707995212076597E-008   0.154895326E-001   0.000000000E+000
   0.65016128522610295E-008   0.141987801E-001   0.000000000E+000
   0.65324261833143993E-008   0.144797368E-001   0.000000000E+000
   0.65632395143677691E-008   0.153856343E-001   0.000000000E+000
   0.65940528454211389E-008   0.157230217E-001   0.000000000E+000
   0.66248661764745087E-008   0.150790941E-001   0.000000000E+000
   0.66556795075278785E-008   0.141704073E-001   0.000000000E+000
   0.66864928385812483E-008   0.142266629E-001   0.000000000E+000
   0.67173061696346181E-008   0.159295015E-001   0.000000000E+000
   0.67481195006879879E-008   0.187927224E-001   0.000000000E+000
   0.67789328317413577E-008   0.214901455E-001   0.000000000E+000
   0.68097461627947276E-008   0.228415243E-001   0.000000000E+000
   0.68405594938480974E-008   0.226426814E-001   0.000000000E+000
   0.68713728249014672E-008   0.217025727E-001   0.000000000E+000
   0.69021861559548370E-008   0.211243276E-001   0.000000000E+000
   0.69329994870082068E-008   0.214389693E-001   0.000000000E+000
   0.69638128180615766E-008   0.222435500E-001   0.000000000E+000
   0.69946261491149464E-008   0.225671027E-001   0.000000000E+000
   0.70254394801683162E-008   0.216588229E-001   0.000000000E+000
   0.70562528112216860E-008   0.196138918E-001   0.000000000E+000
   0.70870661422750558E-008   0.173754524E-001   0.000000000E+000
   0.71178794733284256E-008   0.160954688E-001   0.000000000E+000
   0.71486928043817954E-008   0.163122807E-001   0.000000000E+000
   0.71795061354351652E-008   0.175582897E-001   0.000000000E+000
   0.72103194664885351E-008   0.187076237E-001   0.000000000E+000
   0.72411327975419049E-008   0.188240912E-001   0.000000000E+000
   0.72719461285952747E-008   0.178798679E-001   0.000000000E+000
   0.73027594596486445E-008   0.167781543E-001   0.000000000E+000
   0.73335727907020143E-008   0.166175645E-001   0.000000000E+000
   0.73643861217553841E-008   0.177485775E-001   0.000000000E+000
   0.73951994528087539E-008   0.194034651E-001   0.000000000E+000
   0.74260127838621237E-008   0.202610940E-001   0.000000000E+000
   0.74568261149154935E-008   0.195216332E-001   0.000000000E+000
   0.74876394459688633E-008   0.175965708E-001   0.000000000E+000
   0.75184527770222331E-008   0.158146415E-001   0.000000000E+000
   0.75492661080756029E-008   0.153643098E-001   0.000000000E+000
   0.75800794391289728E-008   0.163368247E-001   0.000000000E+000
   0.76108927701823426E-008   0.176646709E-001   0.000000000E+000
   0.76417061012357124E-008   0.180201586E-001   0.000000000E+000
   0.76725194322890822E-008   0.169336684E-001   0.000000000E+000
   0.77033327633424520E-008   0.151877617E-001   0.000000000E+000
   0.77341460943958218E-008   0.141483014E-001   0.000000000E+000
   0.77649594254491916E-008   0.146036893E-001   0.000000000E+000
   0.77957727565025614E-008   0.160980616E-001   0.000000000E+000
   0.78265860875559312E-008   0.173085630E-001   0.000000000E+000
   0.78573994186093010E-008   0.171345919E-001   0.000000000E+000
   0.78882127496626708E-008   0.155914174E-001   0.000000000E+000
   0.79190260807160406E-008   0.137812383E-001   0.000000000E+000
   0.79498394117694104E-008   0.129808197E-001   0.000000000E+000
   0.79806527428227803E-008   0.136098135E-001   0.000000000E+000
   0.80114660738761501E-008   0.149290357E-001   0.000000000E+000
   0.80422794049295199E-008   0.156917516E-001   0.000000000E+000
   0.80730927359828897E-008   0.151790520E-001   0.000000000E+000
   0.81039060670362595E-008   0.137664862E-001   0.000000000E+000
   0.81347193980896293E-008   0.125888176E-001   0.000000000E+000
   0.81655327291429991E-008   0.126026282E-001   0.000000000E+000
   0.81963460601963689E-008   0.138106821E-001   0.000000000E+000
   0.82271593912497387E-008   0.152688678E-001   0.000000000E+000
   0.82579727223031085E-008   0.158576556E-001   0.000000000E+000
   0.82887860533564783E-008   0.151732275E-001   0.000000000E+000
   0.83195993844098481E-008   0.138124805E-001   0.000000000E+000
   0.83504127154632179E-008   0.128552448E-001   0.000000000E+000
   0.83812260465165878E-008   0.129986051E-001   0.000000000E+000
   0.84120393775699576E-008   0.140283620E-001   0.000000000E+000
   0.84428527086233274E-008   0.150089897E-001   0.000000000E+000
   0.84736660396766972E-008   0.150263384E-001   0.000000000E+000
   0.85044793707300670E-008   0.139103904E-001   0.000000000E+000
   0.85352927017834368E-008   0.123728346E-001   0.000000000E+000
   0.85661060328368066E-008   0.114440648E-001   0.000000000E+000
   0.85969193638901764E-008   0.116627375E-001   0.000000000E+000
   0.86277326949435462E-008   0.126730045E-001   0.000000000E+000
   0.86585460259969160E-008   0.135365324E-001   0.000000000E+000
   0.86893593570502858E-008   0.134866172E-001   0.000000000E+000
   0.87201726881036556E-008   0.125273177E-001   0.000000000E+000
   0.87509860191570255E-008   0.114269275E-001   0.000000000E+000
   0.87817993502103953E-008   0.111192558E-001   0.000000000E+000
   0.88126126812637651E-008   0.119689042E-001   0.000000000E+000
   0.88434260123171349E-008   0.134670371E-001   0.000000000E+000
   0.88742393433705047E-008   0.146057392E-001   0.000000000E+000
   0.89050526744238745E-008   0.146525111E-001   0.000000000E+000
   0.89358660054772443E-008   0.137196230E-001   0.000000000E+000
   0.89666793365306141E-008   0.126685007E-001   0.000000000E+000
   0.89974926675839839E-008   0.124111036E-001   0.000000000E+000
   0.90283059986373537E-008   0.131632537E-001   0.000000000E+000
   0.90591193296907235E-008   0.142608173E-001   0.000000000E+000
   0.90899326607440933E-008   0.146963950E-001   0.000000000E+000
   0.91207459917974631E-008   0.139381047E-001   0.000000000E+000
   0.91515593228508330E-008   0.123633882E-001   0.000000000E+000
   0.91823726539042028E-008   0.109666279E-001   0.000000000E+000
   0.92131859849575726E-008   0.105838962E-001   0.000000000E+000
   0.92439993160109424E-008   0.112449396E-001   0.000000000E+000
   0.92748126470643122E-008   0.121563319E-001   0.000000000E+000
   0.93056259781176820E-008   0.123382946E-001   0.000000000E+000
   0.93364393091710518E-008   0.114233186E-001   0.000000000E+000
   0.93672526402244216E-008   0.996752176E-002   0.000000000E+000
   0.93980659712777914E-008   0.899788830E-002   0.000000000E+000
   0.94288793023311612E-008   0.915941503E-002   0.000000000E+000
   0.94596926333845310E-008   0.101812417E-001   0.000000000E+000
   0.94905059644379008E-008   0.111090224E-001   0.000000000E+000
   0.95213192954912707E-008   0.110907471E-001   0.000000000E+000
   0.95521326265446405E-008   0.100513157E-001   0.000000000E+000
   0.95829459575980103E-008   0.872117095E-002   0.000000000E+000
   0.96137592886513801E-008   0.803294219E-002   0.000000000E+000
   0.96445726197047499E-008   0.838737655E-002   0.000000000E+000
   0.96753859507581197E-008   0.935727172E-002   0.000000000E+000
   0.97061992818114895E-008   0.100436900E-001   0.000000000E+000
   0.97370126128648593E-008   0.980312191E-002   0.000000000E+000
   0.97678259439182291E-008   0.877684262E-002   0.000000000E+000
   0.97986392749715989E-008   0.778946001E-002   0.000000000E+000
   0.98294526060249687E-008   0.767671783E-002   0.000000000E+000
   0.98602659370783385E-008   0.858885236E-002   0.000000000E+000
   0.98910792681317083E-008   0.986344274E-002   0.000000000E+000
   0.99218925991850782E-008   0.105784042E-001   0.000000000E+000
   0.99527059302384480E-008   0.102991480E-001   0.000000000E+000
   0.99835192612918178E-008   0.938302372E-002   0.000000000E+000
   0.10014332592345188E-007   0.862228870E-002   0.000000000E+000
   0.10045145923398557E-007   0.857022125E-002   0.000000000E+000
   0.10075959254451927E-007   0.910792220E-002   0.000000000E+000
   0.10106772585505297E-007   0.956590567E-002   0.000000000E+000
   0.10137585916558667E-007   0.927625783E-002   0.000000000E+000
   0.10168399247612037E-007   0.812131539E-002   0.000000000E+000
   0.10199212578665406E-007   0.665155286E-002   0.000000000E+000
   0.10230025909718776E-007   0.566871278E-002   0.000000000E+000
   0.10260839240772146E-007   0.559793739E-002   0.000000000E+000
   0.10291652571825516E-007   0.616567582E-002   0.000000000E+000
   0.10322465902878886E-007   0.665948587E-002   0.000000000E+000
   0.10353279233932255E-007   0.654547848E-002   0.000000000E+000
   0.10384092564985625E-007   0.590366218E-002   0.000000000E+000
   0.10414905896038995E-007   0.531284930E-002   0.000000000E+000
   0.10445719227092365E-007   0.531607540E-002   0.000000000E+000
   0.10476532558145735E-007   0.595002901E-002   0.000000000E+000
   0.10507345889199105E-007   0.672179554E-002   0.000000000E+000
   0.10538159220252474E-007   0.701030158E-002   0.000000000E+000
   0.10568972551305844E-007   0.654418999E-002   0.000000000E+000
   0.10599785882359214E-007   0.559121324E-002   0.000000000E+000
   0.10630599213412584E-007   0.473346375E-002   0.000000000E+000
   0.10661412544465954E-007   0.440762658E-002   0.000000000E+000
   0.10692225875519323E-007   0.456709834E-002   0.000000000E+000
   0.10723039206572693E-007   0.474129850E-002   0.000000000E+000
   0.10753852537626063E-007   0.445316639E-002   0.000000000E+000
   0.10784665868679433E-007   0.364470528E-002   0.000000000E+000
   0.10815479199732803E-007   0.273759244E-002   0.000000000E+000
   0.10846292530786172E-007   0.227223849E-002   0.000000000E+000
   0.10877105861839542E-007   0.244744914E-002   0.000000000E+000
   0.10907919192892912E-007   0.296591432E-002   0.000000000E+000
   0.10938732523946282E-007   0.330152246E-002   0.000000000E+000
   0.10969545854999652E-007   0.313226623E-002   0.000000000E+000
   0.11000359186053021E-007   0.257341866E-002   0.000000000E+000
   0.11031172517106391E-007   0.205166964E-002   0.000000000E+000
   0.11061985848159761E-007   0.194957561E-002   0.000000000E+000
   0.11092799179213131E-007   0.229546730E-002   0.000000000E+000
   0.11123612510266501E-007   0.272602355E-002   0.000000000E+000
   0.11154425841319870E-007   0.276105851E-002   0.000000000E+000
   0.11185239172373240E-007   0.219542580E-002   0.000000000E+000
   0.11216052503426610E-007   0.128803868E-002   0.000000000E+000
   0.11246865834479980E-007   0.561083900E-003   0.000000000E+000
   0.11277679165533350E-007   0.357208832E-003   0.000000000E+000
   0.11308492496586720E-007   0.542193768E-003   0.000000000E+000
   0.11339305827640089E-007   0.626804656E-003   0.000000000E+000
   0.11370119158693459E-007   0.199550734E-003   0.000000000E+000
   0.11400932489746829E-007  -0.717025832E-003   0.000000000E+000
   0.11431745820800199E-007  -0.168627664E-002   0.000000000E+000
   0.11462559151853569E-007  -0.221355655E-002   0.000000000E+000
   0.11493372482906938E-007  -0.213676528E-002   0.000000000E+000
   0.11524185813960308E-007  -0.175468205E-002   0.000000000E+000
   0.11554999145013678E-007  -0.160266017E-002   0.000000000E+000
   0.11585812476067048E-007  -0.203298521E-002   0.000000000E+000
   0.11616625807120418E-007  -0.291334814E-002   0.000000000E+000
   0.11647439138173787E-007  -0.370737212E-002   0.000000000E+000
   0.11678252469227157E-007  -0.391633203E-002   0.000000000E+000
   0.11709065800280527E-007  -0.352931861E-002   0.000000000E+000
   0.11739879131333897E-007  -0.307216938E-002   0.000000000E+000
   0.11770692462387267E-007  -0.317926193E-002   0.000000000E+000
   0.11801505793440636E-007  -0.405157171E-002   0.000000000E+000
   0.11832319124494006E-007  -0.528042531E-002   0.000000000E+000
   0.11863132455547376E-007  -0.619019009E-002   0.000000000E+000
   0.11893945786600746E-007  -0.640057307E-002   0.000000000E+000
   0.11924759117654116E-007  -0.614037784E-002   0.000000000E+000
   0.11955572448707485E-007  -0.606817054E-002   0.000000000E+000
   0.11986385779760855E-007  -0.674590236E-002   0.000000000E+000
   0.12017199110814225E-007  -0.817197282E-002   0.000000000E+000
   0.12048012441867595E-007  -0.974804163E-002   0.000000000E+000
   0.12078825772920965E-007  -0.107410233E-001   0.000000000E+000
   0.12109639103974335E-007  -0.108976038E-001   0.000000000E+000
   0.12140452435027704E-007  -0.106923422E-001   0.000000000E+000
   0.12171265766081074E-007  -0.109551819E-001   0.000000000E+000
   0.12202079097134444E-007  -0.121616879E-001   0.000000000E+000
   0.12232892428187814E-007  -0.139983064E-001   0.000000000E+000
   0.12263705759241184E-007  -0.155982086E-001   0.000000000E+000
   0.12294519090294553E-007  -0.162578281E-001   0.000000000E+000
   0.12325332421347923E-007  -0.160247758E-001   0.000000000E+000
   0.12356145752401293E-007  -0.156642795E-001   0.000000000E+000
   0.12386959083454663E-007  -0.160369556E-001   0.000000000E+000
   0.12417772414508033E-007  -0.173976216E-001   0.000000000E+000
   0.12448585745561402E-007  -0.191829037E-001   0.000000000E+000
   0.12479399076614772E-007  -0.204717182E-001   0.000000000E+000
   0.12510212407668142E-007  -0.207676236E-001   0.000000000E+000
   0.12541025738721512E-007  -0.204661973E-001   0.000000000E+000
   0.12571839069774882E-007  -0.205865595E-001   0.000000000E+000
   0.12602652400828251E-007  -0.219443049E-001   0.000000000E+000
   0.12633465731881621E-007  -0.244444069E-001   0.000000000E+000
   0.12664279062934991E-007  -0.271120742E-001   0.000000000E+000
   0.12695092393988361E-007  -0.288624503E-001   0.000000000E+000
   0.12725905725041731E-007  -0.293656513E-001   0.000000000E+000
   0.12756719056095100E-007  -0.292709731E-001   0.000000000E+000
   0.12787532387148470E-007  -0.295990873E-001   0.000000000E+000
   0.12818345718201840E-007  -0.308151748E-001   0.000000000E+000
   0.12849159049255210E-007  -0.323617309E-001   0.000000000E+000
   0.12879972380308580E-007  -0.330503955E-001   0.000000000E+000
   0.12910785711361950E-007  -0.320085287E-001   0.000000000E+000
   0.12941599042415319E-007  -0.294128656E-001   0.000000000E+000
   0.12972412373468689E-007  -0.263941102E-001   0.000000000E+000
   0.13003225704522059E-007  -0.241615195E-001   0.000000000E+000
   0.13034039035575429E-007  -0.230517685E-001   0.000000000E+000
   0.13064852366628799E-007  -0.222986657E-001   0.000000000E+000
   0.13095665697682168E-007  -0.207364690E-001   0.000000000E+000
   0.13126479028735538E-007  -0.178587828E-001   0.000000000E+000
   0.13157292359788908E-007  -0.143340584E-001   0.000000000E+000
   0.13188105690842278E-007  -0.115220873E-001   0.000000000E+000
   0.13218919021895648E-007  -0.103807123E-001   0.000000000E+000
   0.13249732352949017E-007  -0.106792934E-001   0.000000000E+000
   0.13280545684002387E-007  -0.111890510E-001   0.000000000E+000
   0.13311359015055757E-007  -0.107028130E-001   0.000000000E+000
   0.13342172346109127E-007  -0.903815590E-002   0.000000000E+000
   0.13372985677162497E-007  -0.718664285E-002   0.000000000E+000
   0.13403799008215866E-007  -0.647894572E-002   0.000000000E+000
   0.13434612339269236E-007  -0.745242741E-002   0.000000000E+000
   0.13465425670322606E-007  -0.936018489E-002   0.000000000E+000
   0.13496239001375976E-007  -0.107396571E-001   0.000000000E+000
   0.13527052332429346E-007  -0.105859451E-001   0.000000000E+000
   0.13557865663482715E-007  -0.916312635E-002   0.000000000E+000
   0.13588678994536085E-007  -0.776776345E-002   0.000000000E+000
   0.13619492325589455E-007  -0.762285478E-002   0.000000000E+000
   0.13650305656642825E-007  -0.882167742E-002   0.000000000E+000
   0.13681118987696195E-007  -0.102223521E-001   0.000000000E+000
   0.13711932318749565E-007  -0.104002757E-001   0.000000000E+000
   0.13742745649802934E-007  -0.885959342E-002   0.000000000E+000
   0.13773558980856304E-007  -0.647528097E-002   0.000000000E+000
   0.13804372311909674E-007  -0.479099248E-002   0.000000000E+000
   0.13835185642963044E-007  -0.476440601E-002   0.000000000E+000
   0.13865998974016414E-007  -0.600299751E-002   0.000000000E+000
   0.13896812305069783E-007  -0.711146882E-002   0.000000000E+000
   0.13927625636123153E-007  -0.685597025E-002   0.000000000E+000
   0.13958438967176523E-007  -0.519011170E-002   0.000000000E+000
   0.13989252298229893E-007  -0.329982024E-002   0.000000000E+000
   0.14020065629283263E-007  -0.261775870E-002   0.000000000E+000
   0.14050878960336632E-007  -0.361073273E-002   0.000000000E+000
   0.14081692291390002E-007  -0.535817724E-002   0.000000000E+000
   0.14112505622443372E-007  -0.630015135E-002   0.000000000E+000
   0.14143318953496742E-007  -0.554051250E-002   0.000000000E+000
   0.14174132284550112E-007  -0.359834312E-002   0.000000000E+000
   0.14204945615603481E-007  -0.196518516E-002   0.000000000E+000
   0.14235758946656851E-007  -0.185234693E-002   0.000000000E+000
   0.14266572277710221E-007  -0.319370208E-002   0.000000000E+000
   0.14297385608763591E-007  -0.472507719E-002   0.000000000E+000
   0.14328198939816961E-007  -0.504534505E-002   0.000000000E+000
   0.14359012270870330E-007  -0.377140939E-002   0.000000000E+000
   0.14389825601923700E-007  -0.184994459E-002   0.000000000E+000
   0.14420638932977070E-007  -0.778070418E-003   0.000000000E+000
   0.14451452264030440E-007  -0.136290514E-002   0.000000000E+000
   0.14482265595083810E-007  -0.303800590E-002   0.000000000E+000
   0.14513078926137180E-007  -0.432258239E-002   0.000000000E+000
   0.14543892257190549E-007  -0.406156620E-002   0.000000000E+000
   0.14574705588243919E-007  -0.240114797E-002   0.000000000E+000
   0.14605518919297289E-007  -0.659641228E-003   0.000000000E+000
   0.14636332250350659E-007  -0.205428281E-003   0.000000000E+000
   0.14667145581404029E-007  -0.131043489E-002   0.000000000E+000
   0.14697958912457398E-007  -0.294564385E-002   0.000000000E+000
   0.14728772243510768E-007  -0.365860946E-002   0.000000000E+000
   0.14759585574564138E-007  -0.277546630E-002   0.000000000E+000
   0.14790398905617508E-007  -0.942255952E-003   0.000000000E+000
   0.14821212236670878E-007   0.415168470E-003   0.000000000E+000
   0.14852025567724247E-007   0.265073031E-003   0.000000000E+000
   0.14882838898777617E-007  -0.117597403E-002   0.000000000E+000
   0.14913652229830987E-007  -0.261813961E-002   0.000000000E+000
   0.14944465560884357E-007  -0.277722673E-002   0.000000000E+000
   0.14975278891937727E-007  -0.145983114E-002   0.000000000E+000
   0.15006092222991096E-007   0.274960068E-003   0.000000000E+000
   0.15036905554044466E-007   0.102069054E-002   0.000000000E+000
   0.15067718885097836E-007   0.211979903E-003   0.000000000E+000
   0.15098532216151206E-007  -0.141876796E-002   0.000000000E+000
   0.15129345547204576E-007  -0.247673620E-002   0.000000000E+000
   0.15160158878257946E-007  -0.206591818E-002   0.000000000E+000
   0.15190972209311315E-007  -0.509685138E-003   0.000000000E+000
   0.15221785540364685E-007   0.935385237E-003   0.000000000E+000
   0.15252598871418055E-007   0.111966336E-002   0.000000000E+000
   0.15283412202471425E-007  -0.512840925E-004   0.000000000E+000
   0.15314225533524795E-007  -0.153642392E-002   0.000000000E+000
   0.15345038864578164E-007  -0.202861754E-002   0.000000000E+000
   0.15375852195631534E-007  -0.105800061E-002   0.000000000E+000
   0.15406665526684904E-007   0.611837138E-003   0.000000000E+000
   0.15437478857738274E-007   0.164102251E-002   0.000000000E+000
   0.15468292188791644E-007   0.125011802E-002   0.000000000E+000
   0.15499105519845013E-007  -0.145366183E-003   0.000000000E+000
   0.15529918850898383E-007  -0.131814624E-002   0.000000000E+000
   0.15560732181951753E-007  -0.126469415E-002   0.000000000E+000
   0.15591545513005123E-007  -0.184442615E-004   0.000000000E+000
   0.15622358844058493E-007   0.140070997E-002   0.000000000E+000
   0.15653172175111862E-007   0.183308113E-002   0.000000000E+000
   0.15683985506165232E-007   0.935945543E-003   0.000000000E+000
   0.15714798837218602E-007  -0.524613191E-003   0.000000000E+000
   0.15745612168271972E-007  -0.130540552E-002   0.000000000E+000
   0.15776425499325342E-007  -0.735372130E-003   0.000000000E+000
   0.15807238830378711E-007   0.712708745E-003   0.000000000E+000
   0.15838052161432081E-007   0.183682772E-002   0.000000000E+000
   0.15868865492485451E-007   0.174303760E-002   0.000000000E+000
   0.15899678823538821E-007   0.588931842E-003   0.000000000E+000
   0.15930492154592191E-007  -0.591389951E-003   0.000000000E+000
   0.15961305485645561E-007  -0.778661692E-003   0.000000000E+000
   0.15992118816698930E-007   0.201398972E-003   0.000000000E+000
   0.16022932147752300E-007   0.156333565E-002   0.000000000E+000
   0.16053745478805670E-007   0.221134815E-002   0.000000000E+000
   0.16084558809859040E-007   0.162824919E-002   0.000000000E+000
   0.16115372140912410E-007   0.307981274E-003   0.000000000E+000
   0.16146185471965779E-007  -0.634895870E-003   0.000000000E+000
   0.16176998803019149E-007  -0.397266587E-003   0.000000000E+000
   0.16207812134072519E-007   0.816442189E-003   0.000000000E+000
   0.16238625465125889E-007   0.196623756E-002   0.000000000E+000
   0.16269438796179259E-007   0.208735839E-002   0.000000000E+000
   0.16300252127232628E-007   0.112130912E-002   0.000000000E+000
   0.16331065458285998E-007  -0.696135685E-004   0.000000000E+000
   0.16361878789339368E-007  -0.469733437E-003   0.000000000E+000
   0.16392692120392738E-007   0.250479847E-003   0.000000000E+000
   0.16423505451446108E-007   0.150695723E-002   0.000000000E+000
   0.16454318782499477E-007   0.230030343E-002   0.000000000E+000
   0.16485132113552847E-007   0.200945977E-002   0.000000000E+000
   0.16515945444606217E-007   0.885243062E-003   0.000000000E+000
   0.16546758775659587E-007  -0.132478890E-003   0.000000000E+000
   0.16577572106712957E-007  -0.173528868E-003   0.000000000E+000
   0.16608385437766326E-007   0.813976221E-003   0.000000000E+000
   0.16639198768819696E-007   0.199133367E-002   0.000000000E+000
   0.16670012099873066E-007   0.235368125E-002   0.000000000E+000
   0.16700825430926436E-007   0.161727471E-002   0.000000000E+000
   0.16731638761979806E-007   0.450520427E-003   0.000000000E+000
   0.16762452093033176E-007  -0.141844212E-003   0.000000000E+000
   0.16793265424086545E-007   0.320295047E-003   0.000000000E+000
   0.16824078755139915E-007   0.144069572E-002   0.000000000E+000
   0.16854892086193285E-007   0.232201698E-002   0.000000000E+000
   0.16885705417246655E-007   0.228633569E-002   0.000000000E+000
   0.16916518748300025E-007   0.138589041E-002   0.000000000E+000
   0.16947332079353394E-007   0.361429993E-003   0.000000000E+000
   0.16978145410406764E-007   0.694784394E-004   0.000000000E+000
   0.17008958741460134E-007   0.774783781E-003   0.000000000E+000
   0.17039772072513504E-007   0.188860775E-002   0.000000000E+000
   0.17070585403566874E-007   0.244849920E-002   0.000000000E+000
   0.17101398734620243E-007   0.196842849E-002   0.000000000E+000
   0.17132212065673613E-007   0.874967431E-003   0.000000000E+000
   0.17163025396726983E-007   0.109126384E-003   0.000000000E+000
   0.17193838727780353E-007   0.288284296E-003   0.000000000E+000
   0.17224652058833723E-007   0.121414254E-002   0.000000000E+000
   0.17255465389887092E-007   0.210739067E-002   0.000000000E+000
   0.17286278720940462E-007   0.227004755E-002   0.000000000E+000
   0.17317092051993832E-007   0.160783599E-002   0.000000000E+000
   0.17347905383047202E-007   0.670415408E-003   0.000000000E+000
   0.17378718714100572E-007   0.227022072E-003   0.000000000E+000
   0.17409532045153941E-007   0.664556632E-003   0.000000000E+000
   0.17440345376207311E-007   0.164338108E-002   0.000000000E+000
   0.17471158707260681E-007   0.234155217E-002   0.000000000E+000
   0.17501972038314051E-007   0.215777685E-002   0.000000000E+000
   0.17532785369367421E-007   0.125998119E-002   0.000000000E+000
   0.17563598700420791E-007   0.436766830E-003   0.000000000E+000
   0.17594412031474160E-007   0.379431673E-003   0.000000000E+000
   0.17625225362527530E-007   0.108907674E-002   0.000000000E+000
   0.17656038693580900E-007   0.193678448E-002   0.000000000E+000
   0.17686852024634270E-007   0.223830063E-002   0.000000000E+000
   0.17717665355687640E-007   0.179053564E-002   0.000000000E+000
   0.17748478686741009E-007   0.978184165E-003   0.000000000E+000
   0.17779292017794379E-007   0.454641064E-003   0.000000000E+000
   0.17810105348847749E-007   0.648005807E-003   0.000000000E+000
   0.17840918679901119E-007   0.141566829E-002   0.000000000E+000
   0.17871732010954489E-007   0.212334236E-002   0.000000000E+000
   0.17902545342007858E-007   0.215994148E-002   0.000000000E+000
   0.17933358673061228E-007   0.148707535E-002   0.000000000E+000
   0.17964172004114598E-007   0.692849164E-003   0.000000000E+000
   0.17994985335167968E-007   0.457598653E-003   0.000000000E+000
   0.18025798666221338E-007   0.942773535E-003   0.000000000E+000
   0.18056611997274707E-007   0.168864580E-002   0.000000000E+000
   0.18087425328328077E-007   0.206452888E-002   0.000000000E+000
   0.18118238659381447E-007   0.179773988E-002   0.000000000E+000
   0.18149051990434817E-007   0.113963976E-002   0.000000000E+000
   0.18179865321488187E-007   0.625177694E-003   0.000000000E+000
   0.18210678652541556E-007   0.664650928E-003   0.000000000E+000
   0.18241491983594926E-007   0.123700174E-002   0.000000000E+000
   0.18272305314648296E-007   0.188503112E-002   0.000000000E+000
   0.18303118645701666E-007   0.206479197E-002   0.000000000E+000
   0.18333931976755036E-007   0.161803572E-002   0.000000000E+000
   0.18364745307808406E-007   0.938145211E-003   0.000000000E+000
   0.18395558638861775E-007   0.621814397E-003   0.000000000E+000
   0.18426371969915145E-007   0.919136917E-003   0.000000000E+000
   0.18457185300968515E-007   0.152611174E-002   0.000000000E+000
   0.18487998632021885E-007   0.190018385E-002   0.000000000E+000
   0.18518811963075255E-007   0.174595707E-002   0.000000000E+000
   0.18549625294128624E-007   0.121872500E-002   0.000000000E+000
   0.18580438625181994E-007   0.744752237E-003   0.000000000E+000
   0.18611251956235364E-007   0.681658683E-003   0.000000000E+000
   0.18642065287288734E-007   0.106745434E-002   0.000000000E+000
   0.18672878618342104E-007   0.159072271E-002   0.000000000E+000
   0.18703691949395473E-007   0.181538775E-002   0.000000000E+000
   0.18734505280448843E-007   0.154235004E-002   0.000000000E+000
   0.18765318611502213E-007   0.101031212E-002   0.000000000E+000
   0.18796131942555583E-007   0.698485645E-003   0.000000000E+000
   0.18826945273608953E-007   0.877699524E-003   0.000000000E+000
   0.18857758604662322E-007   0.135928916E-002   0.000000000E+000
   0.18888571935715692E-007   0.169826881E-002   0.000000000E+000
   0.18919385266769062E-007   0.161675259E-002   0.000000000E+000
   0.18950198597822432E-007   0.121623080E-002   0.000000000E+000
   0.18981011928875802E-007   0.833580038E-003   0.000000000E+000
   0.19011825259929171E-007   0.750938954E-003   0.000000000E+000
   0.19042638590982541E-007   0.100734085E-002   0.000000000E+000
   0.19073451922035911E-007   0.138977985E-002   0.000000000E+000
   0.19104265253089281E-007   0.158124219E-002   0.000000000E+000
   0.19135078584142651E-007   0.140491710E-002   0.000000000E+000
   0.19165891915196021E-007   0.100054138E-002   0.000000000E+000
   0.19196705246249390E-007   0.730807078E-003   0.000000000E+000
   0.19227518577302760E-007   0.843545364E-003   0.000000000E+000
   0.19258331908356130E-007   0.122042757E-002   0.000000000E+000
   0.19289145239409500E-007   0.149744772E-002   0.000000000E+000
   0.19319958570462870E-007   0.143034325E-002   0.000000000E+000
   0.19350771901516239E-007   0.110681192E-002   0.000000000E+000
   0.19381585232569609E-007   0.815957319E-003   0.000000000E+000
   0.19412398563622979E-007   0.772099651E-003   0.000000000E+000
   0.19443211894676349E-007   0.971639995E-003   0.000000000E+000
   0.19474025225729719E-007   0.123882666E-002   0.000000000E+000
   0.19504838556783088E-007   0.135695213E-002   0.000000000E+000
   0.19535651887836458E-007   0.121349085E-002   0.000000000E+000
   0.19566465218889828E-007   0.906515983E-003   0.000000000E+000
   0.19597278549943198E-007   0.700926990E-003   0.000000000E+000
   0.19628091880996568E-007   0.796544715E-003   0.000000000E+000
   0.19658905212049937E-007   0.110896188E-002   0.000000000E+000
   0.19689718543103307E-007   0.133163063E-002   0.000000000E+000
   0.19720531874156677E-007   0.124888076E-002   0.000000000E+000
   0.19751345205210047E-007   0.952931121E-003   0.000000000E+000
   0.19782158536263417E-007   0.725463848E-003   0.000000000E+000
   0.19812971867316787E-007   0.745965925E-003   0.000000000E+000
   0.19843785198370156E-007   0.954133691E-003   0.000000000E+000
   0.19874598529423526E-007   0.115413463E-002   0.000000000E+000
   0.19905411860476896E-007   0.118650799E-002   0.000000000E+000
   0.19936225191530266E-007   0.102045783E-002   0.000000000E+000
   0.19967038522583636E-007   0.767427147E-003   0.000000000E+000
