t              SphereGround.fdtd_Point probe_1_Ex_50_50_50.dat       incid
   0.00000000000000000E+000   0.000000000E+000   0.000000000E+000
   0.30813327583922856E-010   0.000000000E+000   0.000000000E+000
   0.61626655167845712E-010   0.000000000E+000   0.000000000E+000
   0.92439982751768568E-010   0.000000000E+000   0.000000000E+000
   0.12325331033569142E-009   0.000000000E+000   0.000000000E+000
   0.15406663791961428E-009   0.000000000E+000   0.000000000E+000
   0.18487996550353714E-009   0.000000000E+000   0.000000000E+000
   0.21569329308745999E-009   0.000000000E+000   0.000000000E+000
   0.24650662067138285E-009   0.000000000E+000   0.000000000E+000
   0.27731994825530570E-009   0.000000000E+000   0.000000000E+000
   0.30813327583922856E-009   0.000000000E+000   0.000000000E+000
   0.33894660342315142E-009   0.000000000E+000   0.000000000E+000
   0.36975993100707427E-009   0.000000000E+000   0.000000000E+000
   0.40057325859099713E-009   0.000000000E+000   0.000000000E+000
   0.43138658617491998E-009   0.000000000E+000   0.000000000E+000
   0.46219991375884284E-009   0.000000000E+000   0.000000000E+000
   0.49301324134276570E-009   0.000000000E+000   0.000000000E+000
   0.52382656892668855E-009   0.000000000E+000   0.000000000E+000
   0.55463989651061141E-009   0.000000000E+000   0.000000000E+000
   0.58545322409453426E-009   0.000000000E+000   0.000000000E+000
   0.61626655167845712E-009   0.000000000E+000   0.000000000E+000
   0.64707987926237998E-009   0.000000000E+000   0.000000000E+000
   0.67789320684630283E-009   0.000000000E+000   0.000000000E+000
   0.70870653443022569E-009   0.000000000E+000   0.000000000E+000
   0.73951986201414854E-009   0.000000000E+000   0.000000000E+000
   0.77033318959807140E-009   0.000000000E+000   0.000000000E+000
   0.80114651718199426E-009   0.000000000E+000   0.000000000E+000
   0.83195984476591711E-009   0.000000000E+000   0.000000000E+000
   0.86277317234983997E-009   0.000000000E+000   0.000000000E+000
   0.89358649993376282E-009   0.000000000E+000   0.000000000E+000
   0.92439982751768568E-009   0.000000000E+000   0.000000000E+000
   0.95521315510160854E-009   0.000000000E+000   0.000000000E+000
   0.98602648268553139E-009   0.000000000E+000   0.000000000E+000
   0.10168398102694542E-008   0.000000000E+000   0.000000000E+000
   0.10476531378533771E-008   0.000000000E+000   0.000000000E+000
   0.10784664654373000E-008   0.000000000E+000   0.000000000E+000
   0.11092797930212228E-008   0.000000000E+000   0.000000000E+000
   0.11400931206051457E-008   0.000000000E+000   0.000000000E+000
   0.11709064481890685E-008   0.000000000E+000   0.000000000E+000
   0.12017197757729914E-008   0.000000000E+000   0.000000000E+000
   0.12325331033569142E-008   0.000000000E+000   0.000000000E+000
   0.12633464309408371E-008   0.000000000E+000   0.000000000E+000
   0.12941597585247600E-008   0.000000000E+000   0.000000000E+000
   0.13249730861086828E-008   0.131870076E-034   0.000000000E+000
   0.13557864136926057E-008   0.876566046E-033   0.000000000E+000
   0.13865997412765285E-008   0.293216134E-031   0.000000000E+000
   0.14174130688604514E-008   0.658002288E-030   0.000000000E+000
   0.14482263964443742E-008   0.111427272E-028   0.000000000E+000
   0.14790397240282971E-008   0.151861839E-027   0.000000000E+000
   0.15098530516122199E-008   0.173488386E-026   0.000000000E+000
   0.15406663791961428E-008   0.170858798E-025   0.000000000E+000
   0.15714797067800657E-008   0.148065519E-024   0.000000000E+000
   0.16022930343639885E-008   0.114686630E-023   0.000000000E+000
   0.16331063619479114E-008   0.803832854E-023   0.000000000E+000
   0.16639196895318342E-008   0.514918006E-022   0.000000000E+000
   0.16947330171157571E-008   0.303947349E-021   0.000000000E+000
   0.17255463446996799E-008   0.166472138E-020   0.000000000E+000
   0.17563596722836028E-008   0.850976999E-020   0.000000000E+000
   0.17871729998675256E-008   0.408061799E-019   0.000000000E+000
   0.18179863274514485E-008   0.184366681E-018   0.000000000E+000
   0.18487996550353714E-008   0.787905457E-018   0.000000000E+000
   0.18796129826192942E-008   0.319594237E-017   0.000000000E+000
   0.19104263102032171E-008   0.123423379E-016   0.000000000E+000
   0.19412396377871399E-008   0.455070535E-016   0.000000000E+000
   0.19720529653710628E-008   0.160598254E-015   0.000000000E+000
   0.20028662929549856E-008   0.543735277E-015   0.000000000E+000
   0.20336796205389085E-008   0.176987365E-014   0.000000000E+000
   0.20644929481228314E-008   0.554957310E-014   0.000000000E+000
   0.20953062757067542E-008   0.167932532E-013   0.000000000E+000
   0.21261196032906771E-008   0.491261085E-013   0.000000000E+000
   0.21569329308745999E-008   0.139152822E-012   0.000000000E+000
   0.21877462584585228E-008   0.382239108E-012   0.000000000E+000
   0.22185595860424456E-008   0.101969041E-011   0.000000000E+000
   0.22493729136263685E-008   0.264537827E-011   0.000000000E+000
   0.22801862412102913E-008   0.668284308E-011   0.000000000E+000
   0.23109995687942142E-008   0.164600226E-010   0.000000000E+000
   0.23418128963781371E-008   0.395741426E-010   0.000000000E+000
   0.23726262239620599E-008   0.929813379E-010   0.000000000E+000
   0.24034395515459828E-008   0.213722040E-009   0.000000000E+000
   0.24342528791299056E-008   0.481074014E-009   0.000000000E+000
   0.24650662067138285E-008   0.106144171E-008   0.000000000E+000
   0.24958795342977513E-008   0.229766073E-008   0.000000000E+000
   0.25266928618816742E-008   0.488354424E-008   0.000000000E+000
   0.25575061894655970E-008   0.101992068E-007   0.000000000E+000
   0.25883195170495199E-008   0.209445119E-007   0.000000000E+000
   0.26191328446334428E-008   0.423159960E-007   0.000000000E+000
   0.26499461722173656E-008   0.841579961E-007   0.000000000E+000
   0.26807594998012885E-008   0.164830382E-006   0.000000000E+000
   0.27115728273852113E-008   0.318049558E-006   0.000000000E+000
   0.27423861549691342E-008   0.604790671E-006   0.000000000E+000
   0.27731994825530570E-008   0.113365184E-005   0.000000000E+000
   0.28040128101369799E-008   0.209511472E-005   0.122159008E-006
   0.28348261377209028E-008   0.381820018E-005   0.300713680E-006
   0.28656394653048256E-008   0.686254043E-005   0.697667360E-006
   0.28964527928887485E-008   0.121653575E-004   0.151396091E-005
   0.29272661204726713E-008   0.212718478E-004   0.306132301E-005
   0.29580794480565942E-008   0.366896093E-004   0.694904338E-005
   0.29888927756405170E-008   0.624234599E-004   0.150183023E-004
   0.30197061032244399E-008   0.104766550E-003   0.308312883E-004
   0.30505194308083627E-008   0.173446635E-003   0.599366576E-004
   0.30813327583922856E-008   0.283250964E-003   0.110238943E-003
   0.31121460859762085E-008   0.456278212E-003   0.218904548E-003
   0.31429594135601313E-008   0.724983925E-003   0.416043447E-003
   0.31737727411440542E-008   0.113619282E-002   0.756631605E-003
   0.32045860687279770E-008   0.175623549E-002   0.131673168E-002
   0.32353993963118999E-008   0.267731794E-002   0.219460903E-002
   0.32662127238958227E-008   0.402513519E-002   0.381918461E-002
   0.32970260514797456E-008   0.596758397E-002   0.639428478E-002
   0.33278393790636684E-008   0.872419588E-002   0.103125330E-001
   0.33586527066475913E-008   0.125756236E-001   0.160501860E-001
   0.33894660342315142E-008   0.178721286E-001   0.241673570E-001
   0.34202793618154370E-008   0.250396151E-001   0.369084775E-001
   0.34510926893993599E-008   0.345813707E-001   0.545350835E-001
   0.34819060169832827E-008   0.470733233E-001   0.780678689E-001
   0.35127193445672056E-008   0.631504878E-001   0.108542137E+000
   0.35435326721511284E-008   0.834823549E-001   0.146987841E+000
   0.35743459997350513E-008   0.108735442E+000   0.197595954E+000
   0.36051593273189741E-008   0.139522403E+000   0.258150935E+000
   0.36359726549028970E-008   0.176338062E+000   0.328261167E+000
   0.36667859824868199E-008   0.219485044E+000   0.407186300E+000
   0.36975993100707427E-008   0.268993944E+000   0.493731588E+000
   0.37284126376546656E-008   0.324544668E+000   0.586121678E+000
   0.37592259652385884E-008   0.385398626E+000   0.678368330E+000
   0.37900392928225113E-008   0.450351655E+000   0.766671121E+000
   0.38208526204064341E-008   0.517718911E+000   0.847234011E+000
   0.38516659479903570E-008   0.585360527E+000   0.916201770E+000
   0.38824792755742799E-008   0.650755286E+000   0.963418126E+000
   0.39132926031582027E-008   0.711123288E+000   0.989741564E+000
   0.39441059307421256E-008   0.763594031E+000   0.994544744E+000
   0.39749192583260484E-008   0.805409670E+000   0.977601528E+000
   0.40057325859099713E-008   0.834144711E+000   0.939487219E+000
   0.40365459134938941E-008   0.847921729E+000   0.877649546E+000
   0.40673592410778170E-008   0.845597923E+000   0.801864326E+000
   0.40981725686617398E-008   0.826899230E+000   0.716530263E+000
   0.41289858962456627E-008   0.792481363E+000   0.625457048E+000
   0.41597992238295856E-008   0.743906796E+000   0.532448888E+000
   0.41906125514135084E-008   0.683536172E+000   0.443165779E+000
   0.42214258789974313E-008   0.614343107E+000   0.360785365E+000
   0.42522392065813541E-008   0.539672732E+000   0.286677539E+000
   0.42830525341652770E-008   0.462971330E+000   0.221839026E+000
   0.43138658617491998E-008   0.387518734E+000   0.166810170E+000
   0.43446791893331227E-008   0.316193879E+000   0.124054000E+000
   0.43754925169170455E-008   0.251298994E+000   0.901572183E-001
   0.44063058445009684E-008   0.194457024E+000   0.636855066E-001
   0.44371191720848913E-008   0.146586239E+000   0.436127372E-001
   0.44679324996688141E-008   0.107945636E+000   0.288921036E-001
   0.44987458272527370E-008   0.782355294E-001   0.192535426E-001
   0.45295591548366598E-008   0.567307696E-001   0.125133134E-001
   0.45603724824205827E-008   0.424244441E-001   0.785432290E-002
   0.45911858100045055E-008   0.341622233E-001   0.475172419E-002
   0.46219991375884284E-008   0.307530630E-001   0.276692142E-002
   0.46528124651723513E-008   0.310491659E-001   0.165698270E-002
   0.46836257927562741E-008   0.339953676E-001   0.964632607E-003
   0.47144391203401970E-008   0.386530682E-001   0.537671731E-003
   0.47452524479241198E-008   0.442063995E-001   0.286865630E-003
   0.47760657755080427E-008   0.499585792E-001   0.146524486E-003
   0.48068791030919655E-008   0.553253777E-001   0.790823251E-004
   0.48376924306758884E-008   0.598300323E-001   0.413010930E-004
   0.48685057582598112E-008   0.631005988E-001   0.204256321E-004
   0.48993190858437341E-008   0.648686215E-001   0.959474892E-005
   0.49301324134276570E-008   0.649671406E-001   0.429086640E-005
   0.49609457410115798E-008   0.633265898E-001   0.209325299E-005
   0.49917590685955027E-008   0.599672347E-001   0.982059987E-006
   0.50225723961794255E-008   0.549880117E-001   0.430521936E-006
   0.50533857237633484E-008   0.485525206E-001   0.177766253E-006
   0.50841990513472712E-008   0.408735871E-001   0.694912359E-007
   0.51150123789311941E-008   0.321971588E-001   0.307326644E-007
   0.51458257065151169E-008   0.227858350E-001   0.129672149E-007
   0.51766390340990398E-008   0.129023232E-001   0.503370590E-008
   0.52074523616829627E-008   0.279363059E-002   0.182416726E-008
   0.52382656892668855E-008  -0.732353143E-002   0.622410234E-009
   0.52690790168508084E-008  -0.172760598E-001   0.250280019E-009
   0.52998923444347312E-008  -0.269456580E-001   0.950654555E-010
   0.53307056720186541E-008  -0.362762064E-001   0.326402932E-010
   0.53615189996025769E-008  -0.452761389E-001   0.103662599E-010
   0.53923323271864998E-008  -0.540158823E-001   0.308323159E-011
   0.54231456547704227E-008  -0.626206100E-001   0.113060624E-011
   0.54539589823543455E-008  -0.712585002E-001   0.386910014E-012
   0.54847723099382684E-008  -0.801261365E-001   0.117354531E-012
   0.55155856375221912E-008  -0.894331038E-001   0.000000000E+000
   0.55463989651061141E-008  -0.993844867E-001   0.000000000E+000
   0.55772122926900369E-008  -0.110157117E+000   0.000000000E+000
   0.56080256202739598E-008  -0.121866822E+000   0.000000000E+000
   0.56388389478578826E-008  -0.134528592E+000   0.000000000E+000
   0.56696522754418055E-008  -0.148015797E+000   0.000000000E+000
   0.57004656030257284E-008  -0.162027642E+000   0.000000000E+000
   0.57312789306096512E-008  -0.176072329E+000   0.000000000E+000
   0.57620922581935741E-008  -0.189467236E+000   0.000000000E+000
   0.57929055857774969E-008  -0.201351225E+000   0.000000000E+000
   0.58237189133614198E-008  -0.210706204E+000   0.000000000E+000
   0.58545322409453426E-008  -0.216392860E+000   0.000000000E+000
   0.58853455685292655E-008  -0.217212036E+000   0.000000000E+000
   0.59161588961131883E-008  -0.212001085E+000   0.000000000E+000
   0.59469722236971112E-008  -0.199763089E+000   0.000000000E+000
   0.59777855512810341E-008  -0.179809555E+000   0.000000000E+000
   0.60085988788649569E-008  -0.151886865E+000   0.000000000E+000
   0.60394122064488798E-008  -0.116264254E+000   0.000000000E+000
   0.60702255340328026E-008  -0.737792701E-001   0.000000000E+000
   0.61010388616167255E-008  -0.258482397E-001   0.000000000E+000
   0.61318521892006483E-008   0.255564600E-001   0.000000000E+000
   0.61626655167845712E-008   0.779767632E-001   0.000000000E+000
   0.61934788443684941E-008   0.128610060E+000   0.000000000E+000
   0.62242921719524169E-008   0.174530059E+000   0.000000000E+000
   0.62551054995363398E-008   0.212965071E+000   0.000000000E+000
   0.62859188271202626E-008   0.241583616E+000   0.000000000E+000
   0.63167321547041855E-008   0.258734673E+000   0.000000000E+000
   0.63475454822881083E-008   0.263613403E+000   0.000000000E+000
   0.63783588098720312E-008   0.256350249E+000   0.000000000E+000
   0.64091721374559540E-008   0.238030002E+000   0.000000000E+000
   0.64399854650398769E-008   0.210635394E+000   0.000000000E+000
   0.64707987926237998E-008   0.176895902E+000   0.000000000E+000
   0.65016121202077226E-008   0.140032679E+000   0.000000000E+000
   0.65324254477916455E-008   0.103422165E+000   0.000000000E+000
   0.65632387753755683E-008   0.702334344E-001   0.000000000E+000
   0.65940521029594912E-008   0.431049615E-001   0.000000000E+000
   0.66248654305434140E-008   0.239107795E-001   0.000000000E+000
   0.66556787581273369E-008   0.136355562E-001   0.000000000E+000
   0.66864920857112597E-008   0.123505201E-001   0.000000000E+000
   0.67173054132951826E-008   0.192725621E-001   0.000000000E+000
   0.67481187408791055E-008   0.328955203E-001   0.000000000E+000
   0.67789320684630283E-008   0.511886254E-001   0.000000000E+000
   0.68097453960469512E-008   0.718473643E-001   0.000000000E+000
   0.68405587236308740E-008   0.925616473E-001   0.000000000E+000
   0.68713720512147969E-008   0.111253738E+000   0.000000000E+000
   0.69021853787987197E-008   0.126246840E+000   0.000000000E+000
   0.69329987063826426E-008   0.136349514E+000   0.000000000E+000
   0.69638120339665655E-008   0.140865386E+000   0.000000000E+000
   0.69946253615504883E-008   0.139551431E+000   0.000000000E+000
   0.70254386891344112E-008   0.132551730E+000   0.000000000E+000
   0.70562520167183340E-008   0.120324820E+000   0.000000000E+000
   0.70870653443022569E-008   0.103568822E+000   0.000000000E+000
   0.71178786718861797E-008   0.831386298E-001   0.000000000E+000
   0.71486919994701026E-008   0.599554181E-001   0.000000000E+000
   0.71795053270540254E-008   0.349238217E-001   0.000000000E+000
   0.72103186546379483E-008   0.887848064E-002   0.000000000E+000
   0.72411319822218712E-008  -0.174328573E-001   0.000000000E+000
   0.72719453098057940E-008  -0.433438942E-001   0.000000000E+000
   0.73027586373897169E-008  -0.682635978E-001   0.000000000E+000
   0.73335719649736397E-008  -0.916787684E-001   0.000000000E+000
   0.73643852925575626E-008  -0.113161378E+000   0.000000000E+000
   0.73951986201414854E-008  -0.132372767E+000   0.000000000E+000
   0.74260119477254083E-008  -0.149056107E+000   0.000000000E+000
   0.74568252753093311E-008  -0.163009763E+000   0.000000000E+000
   0.74876386028932540E-008  -0.174047515E+000   0.000000000E+000
   0.75184519304771769E-008  -0.181970984E+000   0.000000000E+000
   0.75492652580610997E-008  -0.186579004E+000   0.000000000E+000
   0.75800785856450226E-008  -0.187710404E+000   0.000000000E+000
   0.76108919132289454E-008  -0.185291559E+000   0.000000000E+000
   0.76417052408128683E-008  -0.179367334E+000   0.000000000E+000
   0.76725185683967911E-008  -0.170116186E+000   0.000000000E+000
   0.77033318959807140E-008  -0.157858387E+000   0.000000000E+000
   0.77341452235646369E-008  -0.143061042E+000   0.000000000E+000
   0.77649585511485597E-008  -0.126340672E+000   0.000000000E+000
   0.77957718787324826E-008  -0.108461730E+000   0.000000000E+000
   0.78265852063164054E-008  -0.903154463E-001   0.000000000E+000
   0.78573985339003283E-008  -0.728568733E-001   0.000000000E+000
   0.78882118614842511E-008  -0.570012853E-001   0.000000000E+000
   0.79190251890681740E-008  -0.435148291E-001   0.000000000E+000
   0.79498385166520968E-008  -0.329353735E-001   0.000000000E+000
   0.79806518442360197E-008  -0.255271010E-001   0.000000000E+000
   0.80114651718199426E-008  -0.212506671E-001   0.000000000E+000
   0.80422784994038654E-008  -0.197424032E-001   0.000000000E+000
   0.80730918269877883E-008  -0.203138888E-001   0.000000000E+000
   0.81039051545717111E-008  -0.219852794E-001   0.000000000E+000
   0.81347184821556340E-008  -0.235619880E-001   0.000000000E+000
   0.81655318097395568E-008  -0.237604938E-001   0.000000000E+000
   0.81963451373234797E-008  -0.213722195E-001   0.000000000E+000
   0.82271584649074025E-008  -0.154310912E-001   0.000000000E+000
   0.82579717924913254E-008  -0.535155088E-002   0.000000000E+000
   0.82887851200752483E-008   0.896890555E-002   0.000000000E+000
   0.83195984476591711E-008   0.270776488E-001   0.000000000E+000
   0.83504117752430940E-008   0.479423925E-001   0.000000000E+000
   0.83812251028270168E-008   0.700055808E-001   0.000000000E+000
   0.84120384304109397E-008   0.913259238E-001   0.000000000E+000
   0.84428517579948625E-008   0.109783903E+000   0.000000000E+000
   0.84736650855787854E-008   0.123322055E+000   0.000000000E+000
   0.85044784131627083E-008   0.130197361E+000   0.000000000E+000
   0.85352917407466311E-008   0.129217535E+000   0.000000000E+000
   0.85661050683305540E-008   0.119928092E+000   0.000000000E+000
   0.85969183959144768E-008   0.102727480E+000   0.000000000E+000
   0.86277317234983997E-008   0.788916051E-001   0.000000000E+000
   0.86585450510823225E-008   0.504800864E-001   0.000000000E+000
   0.86893583786662454E-008   0.201086495E-001   0.000000000E+000
   0.87201717062501682E-008  -0.937822461E-002   0.000000000E+000
   0.87509850338340911E-008  -0.352574363E-001   0.000000000E+000
   0.87817983614180140E-008  -0.552316159E-001   0.000000000E+000
   0.88126116890019368E-008  -0.676579922E-001   0.000000000E+000
   0.88434250165858597E-008  -0.716975629E-001   0.000000000E+000
   0.88742383441697825E-008  -0.673823431E-001   0.000000000E+000
   0.89050516717537054E-008  -0.555888973E-001   0.000000000E+000
   0.89358649993376282E-008  -0.378975831E-001   0.000000000E+000
   0.89666783269215511E-008  -0.163321495E-001   0.000000000E+000
   0.89974916545054739E-008   0.697261468E-002   0.000000000E+000
   0.90283049820893968E-008   0.300766286E-001   0.000000000E+000
   0.90591183096733197E-008   0.514284074E-001   0.000000000E+000
   0.90899316372572425E-008   0.699344054E-001   0.000000000E+000
   0.91207449648411654E-008   0.849492550E-001   0.000000000E+000
   0.91515582924250882E-008   0.962293744E-001   0.000000000E+000
   0.91823716200090111E-008   0.103857175E+000   0.000000000E+000
   0.92131849475929339E-008   0.108124435E+000   0.000000000E+000
   0.92439982751768568E-008   0.109377868E+000   0.000000000E+000
   0.92748116027607796E-008   0.107865542E+000   0.000000000E+000
   0.93056249303447025E-008   0.103652239E+000   0.000000000E+000
   0.93364382579286254E-008   0.966549665E-001   0.000000000E+000
   0.93672515855125482E-008   0.867781043E-001   0.000000000E+000
   0.93980649130964711E-008   0.740577877E-001   0.000000000E+000
   0.94288782406803939E-008   0.587290041E-001   0.000000000E+000
   0.94596915682643168E-008   0.412041992E-001   0.000000000E+000
   0.94905048958482396E-008   0.220211092E-001   0.000000000E+000
   0.95213182234321625E-008   0.181660801E-002   0.000000000E+000
   0.95521315510160854E-008  -0.186758637E-001   0.000000000E+000
   0.95829448786000082E-008  -0.386567637E-001   0.000000000E+000
   0.96137582061839311E-008  -0.573523045E-001   0.000000000E+000
   0.96445715337678539E-008  -0.741313919E-001   0.000000000E+000
   0.96753848613517768E-008  -0.885714591E-001   0.000000000E+000
   0.97061981889356996E-008  -0.100437999E+000   0.000000000E+000
   0.97370115165196225E-008  -0.109613828E+000   0.000000000E+000
   0.97678248441035453E-008  -0.116035007E+000   0.000000000E+000
   0.97986381716874682E-008  -0.119657882E+000   0.000000000E+000
   0.98294514992713911E-008  -0.120452642E+000   0.000000000E+000
   0.98602648268553139E-008  -0.118415803E+000   0.000000000E+000
   0.98910781544392368E-008  -0.113596998E+000   0.000000000E+000
   0.99218914820231596E-008  -0.106134430E+000   0.000000000E+000
   0.99527048096070825E-008  -0.962929428E-001   0.000000000E+000
   0.99835181371910053E-008  -0.844923183E-001   0.000000000E+000
   0.10014331464774928E-007  -0.713038817E-001   0.000000000E+000
   0.10045144792358851E-007  -0.574035607E-001   0.000000000E+000
   0.10075958119942774E-007  -0.435046777E-001   0.000000000E+000
   0.10106771447526697E-007  -0.303108394E-001   0.000000000E+000
   0.10137584775110620E-007  -0.184984952E-001   0.000000000E+000
   0.10168398102694542E-007  -0.869117491E-002   0.000000000E+000
   0.10199211430278465E-007  -0.138535537E-002   0.000000000E+000
   0.10230024757862388E-007   0.315959053E-002   0.000000000E+000
   0.10260838085446311E-007   0.500619691E-002   0.000000000E+000
   0.10291651413030234E-007   0.454917364E-002   0.000000000E+000
   0.10322464740614157E-007   0.246191956E-002   0.000000000E+000
   0.10353278068198080E-007  -0.368810026E-003   0.000000000E+000
   0.10384091395782002E-007  -0.289106928E-002   0.000000000E+000
   0.10414904723365925E-007  -0.394816278E-002   0.000000000E+000
   0.10445718050949848E-007  -0.240257871E-002   0.000000000E+000
   0.10476531378533771E-007   0.267403456E-002   0.000000000E+000
   0.10507344706117694E-007   0.118115554E-001   0.000000000E+000
   0.10538158033701617E-007   0.250292644E-001   0.000000000E+000
   0.10568971361285540E-007   0.418158546E-001   0.000000000E+000
   0.10599784688869462E-007   0.611573532E-001   0.000000000E+000
   0.10630598016453385E-007   0.815788880E-001   0.000000000E+000
   0.10661411344037308E-007   0.101223722E+000   0.000000000E+000
   0.10692224671621231E-007   0.118020348E+000   0.000000000E+000
   0.10723037999205154E-007   0.129947901E+000   0.000000000E+000
   0.10753851326789077E-007   0.135339499E+000   0.000000000E+000
   0.10784664654373000E-007   0.133128852E+000   0.000000000E+000
   0.10815477981956922E-007   0.122976638E+000   0.000000000E+000
   0.10846291309540845E-007   0.105280787E+000   0.000000000E+000
   0.10877104637124768E-007   0.811199322E-001   0.000000000E+000
   0.10907917964708691E-007   0.521693490E-001   0.000000000E+000
   0.10938731292292614E-007   0.205808841E-001   0.000000000E+000
   0.10969544619876537E-007  -0.112128742E-001   0.000000000E+000
   0.11000357947460460E-007  -0.407836586E-001   0.000000000E+000
   0.11031171275044382E-007  -0.660274252E-001   0.000000000E+000
   0.11061984602628305E-007  -0.854196846E-001   0.000000000E+000
   0.11092797930212228E-007  -0.981326848E-001   0.000000000E+000
   0.11123611257796151E-007  -0.104017861E+000   0.000000000E+000
   0.11154424585380074E-007  -0.103512220E+000   0.000000000E+000
   0.11185237912963997E-007  -0.975170434E-001   0.000000000E+000
   0.11216051240547920E-007  -0.872499719E-001   0.000000000E+000
   0.11246864568131842E-007  -0.740581304E-001   0.000000000E+000
   0.11277677895715765E-007  -0.592207015E-001   0.000000000E+000
   0.11308491223299688E-007  -0.438029803E-001   0.000000000E+000
   0.11339304550883611E-007  -0.285948329E-001   0.000000000E+000
   0.11370117878467534E-007  -0.141107701E-001   0.000000000E+000
   0.11400931206051457E-007  -0.619959086E-003   0.000000000E+000
   0.11431744533635380E-007   0.117944041E-001   0.000000000E+000
   0.11462557861219302E-007   0.231425278E-001   0.000000000E+000
   0.11493371188803225E-007   0.334298089E-001   0.000000000E+000
   0.11524184516387148E-007   0.425909236E-001   0.000000000E+000
   0.11554997843971071E-007   0.504659973E-001   0.000000000E+000
   0.11585811171554994E-007   0.568073802E-001   0.000000000E+000
   0.11616624499138917E-007   0.613151491E-001   0.000000000E+000
   0.11647437826722840E-007   0.637047738E-001   0.000000000E+000
   0.11678251154306762E-007   0.637864023E-001   0.000000000E+000
   0.11709064481890685E-007   0.615121946E-001   0.000000000E+000
   0.11739877809474608E-007   0.569675751E-001   0.000000000E+000
   0.11770691137058531E-007   0.503319763E-001   0.000000000E+000
   0.11801504464642454E-007   0.418555215E-001   0.000000000E+000
   0.11832317792226377E-007   0.318627581E-001   0.000000000E+000
   0.11863131119810300E-007   0.207519718E-001   0.000000000E+000
   0.11893944447394222E-007   0.896694046E-002   0.000000000E+000
   0.11924757774978145E-007  -0.304082967E-002   0.000000000E+000
   0.11955571102562068E-007  -0.148324985E-001   0.000000000E+000
   0.11986384430145991E-007  -0.259858631E-001   0.000000000E+000
   0.12017197757729914E-007  -0.360954814E-001   0.000000000E+000
   0.12048011085313837E-007  -0.447679311E-001   0.000000000E+000
   0.12078824412897760E-007  -0.516181551E-001   0.000000000E+000
   0.12109637740481682E-007  -0.563004650E-001   0.000000000E+000
   0.12140451068065605E-007  -0.585917234E-001   0.000000000E+000
   0.12171264395649528E-007  -0.584757887E-001   0.000000000E+000
   0.12202077723233451E-007  -0.561503842E-001   0.000000000E+000
   0.12232891050817374E-007  -0.519505069E-001   0.000000000E+000
   0.12263704378401297E-007  -0.462715849E-001   0.000000000E+000
   0.12294517705985220E-007  -0.395614989E-001   0.000000000E+000
   0.12325331033569142E-007  -0.323542804E-001   0.000000000E+000
   0.12356144361153065E-007  -0.252683610E-001   0.000000000E+000
   0.12386957688736988E-007  -0.189363062E-001   0.000000000E+000
   0.12417771016320911E-007  -0.138938008E-001   0.000000000E+000
   0.12448584343904834E-007  -0.104695177E-001   0.000000000E+000
   0.12479397671488757E-007  -0.871172082E-002   0.000000000E+000
   0.12510210999072680E-007  -0.838514045E-002   0.000000000E+000
   0.12541024326656602E-007  -0.904157571E-002   0.000000000E+000
   0.12571837654240525E-007  -0.101104286E-001   0.000000000E+000
   0.12602650981824448E-007  -0.109449774E-001   0.000000000E+000
   0.12633464309408371E-007  -0.108303446E-001   0.000000000E+000
   0.12664277636992294E-007  -0.902592577E-002   0.000000000E+000
   0.12695090964576217E-007  -0.488750124E-002   0.000000000E+000
   0.12725904292160140E-007   0.197250070E-002   0.000000000E+000
   0.12756717619744062E-007   0.115652978E-001   0.000000000E+000
   0.12787530947327985E-007   0.234832577E-001   0.000000000E+000
   0.12818344274911908E-007   0.369224697E-001   0.000000000E+000
   0.12849157602495831E-007   0.507558957E-001   0.000000000E+000
   0.12879970930079754E-007   0.636562631E-001   0.000000000E+000
   0.12910784257663677E-007   0.742575526E-001   0.000000000E+000
   0.12941597585247600E-007   0.813260749E-001   0.000000000E+000
   0.12972410912831522E-007   0.839153752E-001   0.000000000E+000
   0.13003224240415445E-007   0.814901143E-001   0.000000000E+000
   0.13034037567999368E-007   0.740014091E-001   0.000000000E+000
   0.13064850895583291E-007   0.618977249E-001   0.000000000E+000
   0.13095664223167214E-007   0.460774004E-001   0.000000000E+000
   0.13126477550751137E-007   0.278045442E-001   0.000000000E+000
   0.13157290878335060E-007   0.859521516E-002   0.000000000E+000
   0.13188104205918982E-007  -0.993925147E-002   0.000000000E+000
   0.13218917533502905E-007  -0.262922179E-001   0.000000000E+000
   0.13249730861086828E-007  -0.392690599E-001   0.000000000E+000
   0.13280544188670751E-007  -0.481454395E-001   0.000000000E+000
   0.13311357516254674E-007  -0.527326353E-001   0.000000000E+000
   0.13342170843838597E-007  -0.533399768E-001   0.000000000E+000
   0.13372984171422519E-007  -0.506629609E-001   0.000000000E+000
   0.13403797499006442E-007  -0.456456132E-001   0.000000000E+000
   0.13434610826590365E-007  -0.393486805E-001   0.000000000E+000
   0.13465424154174288E-007  -0.328190848E-001   0.000000000E+000
   0.13496237481758211E-007  -0.269491039E-001   0.000000000E+000
   0.13527050809342134E-007  -0.223470964E-001   0.000000000E+000
   0.13557864136926057E-007  -0.192647409E-001   0.000000000E+000
   0.13588677464509979E-007  -0.176018998E-001   0.000000000E+000
   0.13619490792093902E-007  -0.169742908E-001   0.000000000E+000
   0.13650304119677825E-007  -0.168244820E-001   0.000000000E+000
   0.13681117447261748E-007  -0.165604055E-001   0.000000000E+000
   0.13711930774845671E-007  -0.156850666E-001   0.000000000E+000
   0.13742744102429594E-007  -0.138703408E-001   0.000000000E+000
   0.13773557430013517E-007  -0.109691545E-001   0.000000000E+000
   0.13804370757597439E-007  -0.700839004E-002   0.000000000E+000
   0.13835184085181362E-007  -0.218728138E-002   0.000000000E+000
   0.13865997412765285E-007   0.314846355E-002   0.000000000E+000
   0.13896810740349208E-007   0.858752429E-002   0.000000000E+000
   0.13927624067933131E-007   0.137607744E-001   0.000000000E+000
   0.13958437395517054E-007   0.184128266E-001   0.000000000E+000
   0.13989250723100977E-007   0.224020891E-001   0.000000000E+000
   0.14020064050684899E-007   0.256436281E-001   0.000000000E+000
   0.14050877378268822E-007   0.280417036E-001   0.000000000E+000
   0.14081690705852745E-007   0.294693112E-001   0.000000000E+000
   0.14112504033436668E-007   0.298226327E-001   0.000000000E+000
   0.14143317361020591E-007   0.291051436E-001   0.000000000E+000
   0.14174130688604514E-007   0.274484307E-001   0.000000000E+000
   0.14204944016188437E-007   0.250318050E-001   0.000000000E+000
   0.14235757343772359E-007   0.219765939E-001   0.000000000E+000
   0.14266570671356282E-007   0.183304474E-001   0.000000000E+000
   0.14297383998940205E-007   0.141705563E-001   0.000000000E+000
   0.14328197326524128E-007   0.973389484E-002   0.000000000E+000
   0.14359010654108051E-007   0.544431200E-002   0.000000000E+000
   0.14389823981691974E-007   0.178141869E-002   0.000000000E+000
   0.14420637309275897E-007  -0.934126554E-003   0.000000000E+000
   0.14451450636859819E-007  -0.268276013E-002   0.000000000E+000
   0.14482263964443742E-007  -0.370751112E-002   0.000000000E+000
   0.14513077292027665E-007  -0.433700951E-002   0.000000000E+000
   0.14543890619611588E-007  -0.482489821E-002   0.000000000E+000
   0.14574703947195511E-007  -0.532601587E-002   0.000000000E+000
   0.14605517274779434E-007  -0.599276926E-002   0.000000000E+000
   0.14636330602363357E-007  -0.707268249E-002   0.000000000E+000
   0.14667143929947279E-007  -0.889869221E-002   0.000000000E+000
   0.14697957257531202E-007  -0.117585436E-001   0.000000000E+000
   0.14728770585115125E-007  -0.157289896E-001   0.000000000E+000
   0.14759583912699048E-007  -0.205910373E-001   0.000000000E+000
   0.14790397240282971E-007  -0.258807149E-001   0.000000000E+000
   0.14821210567866894E-007  -0.310288537E-001   0.000000000E+000
   0.14852023895450817E-007  -0.354912952E-001   0.000000000E+000
   0.14882837223034739E-007  -0.388011932E-001   0.000000000E+000
   0.14913650550618662E-007  -0.405448899E-001   0.000000000E+000
   0.14944463878202585E-007  -0.403170437E-001   0.000000000E+000
   0.14975277205786508E-007  -0.377246626E-001   0.000000000E+000
   0.15006090533370431E-007  -0.324778371E-001   0.000000000E+000
   0.15036903860954354E-007  -0.245384611E-001   0.000000000E+000
   0.15067717188538277E-007  -0.142405499E-001   0.000000000E+000
   0.15098530516122199E-007  -0.229691714E-002   0.000000000E+000
   0.15129343843706122E-007   0.103291087E-001   0.000000000E+000
   0.15160157171290045E-007   0.226260535E-001   0.000000000E+000
   0.15190970498873968E-007   0.337052159E-001   0.000000000E+000
   0.15221783826457891E-007   0.428642854E-001   0.000000000E+000
   0.15252597154041814E-007   0.495607667E-001   0.000000000E+000
   0.15283410481625737E-007   0.533901453E-001   0.000000000E+000
   0.15314223809209659E-007   0.541422255E-001   0.000000000E+000
   0.15345037136793582E-007   0.519043989E-001   0.000000000E+000
   0.15375850464377505E-007   0.471082702E-001   0.000000000E+000
   0.15406663791961428E-007   0.404496081E-001   0.000000000E+000
   0.15437477119545351E-007   0.327057615E-001   0.000000000E+000
   0.15468290447129274E-007   0.245426092E-001   0.000000000E+000
   0.15499103774713197E-007   0.164073743E-001   0.000000000E+000
   0.15529917102297119E-007   0.854721572E-002   0.000000000E+000
   0.15560730429881042E-007   0.110266171E-002   0.000000000E+000
   0.15591543757464965E-007  -0.582874287E-002   0.000000000E+000
   0.15622357085048888E-007  -0.122123519E-001   0.000000000E+000
   0.15653170412632811E-007  -0.181206763E-001   0.000000000E+000
   0.15683983740216734E-007  -0.236992054E-001   0.000000000E+000
   0.15714797067800657E-007  -0.290334150E-001   0.000000000E+000
   0.15745610395384579E-007  -0.340090804E-001   0.000000000E+000
   0.15776423722968502E-007  -0.382764675E-001   0.000000000E+000
   0.15807237050552425E-007  -0.413443074E-001   0.000000000E+000
   0.15838050378136348E-007  -0.427340567E-001   0.000000000E+000
   0.15868863705720271E-007  -0.421000235E-001   0.000000000E+000
   0.15899677033304194E-007  -0.392705463E-001   0.000000000E+000
   0.15930490360888117E-007  -0.342361704E-001   0.000000000E+000
   0.15961303688472039E-007  -0.271441266E-001   0.000000000E+000
   0.15992117016055962E-007  -0.183309652E-001   0.000000000E+000
   0.16022930343639885E-007  -0.836487859E-002   0.000000000E+000
   0.16053743671223808E-007   0.196848996E-002   0.000000000E+000
   0.16084556998807731E-007   0.117790718E-001   0.000000000E+000
   0.16115370326391654E-007   0.202542208E-001   0.000000000E+000
   0.16146183653975577E-007   0.268191285E-001   0.000000000E+000
   0.16176996981559499E-007   0.311947726E-001   0.000000000E+000
   0.16207810309143422E-007   0.333476514E-001   0.000000000E+000
   0.16238623636727345E-007   0.333972685E-001   0.000000000E+000
   0.16269436964311268E-007   0.315507762E-001   0.000000000E+000
   0.16300250291895191E-007   0.280831717E-001   0.000000000E+000
   0.16331063619479114E-007   0.233402345E-001   0.000000000E+000
   0.16361876947063037E-007   0.177383926E-001   0.000000000E+000
   0.16392690274646959E-007   0.117439097E-001   0.000000000E+000
   0.16423503602230882E-007   0.581873581E-002   0.000000000E+000
   0.16454316929814805E-007   0.342630316E-003   0.000000000E+000
   0.16485130257398728E-007  -0.444217678E-002   0.000000000E+000
   0.16515943584982651E-007  -0.841310062E-002   0.000000000E+000
   0.16546756912566574E-007  -0.114778141E-001   0.000000000E+000
   0.16577570240150497E-007  -0.134810386E-001   0.000000000E+000
   0.16608383567734419E-007  -0.141895497E-001   0.000000000E+000
   0.16639196895318342E-007  -0.133829117E-001   0.000000000E+000
   0.16670010222902265E-007  -0.109983860E-001   0.000000000E+000
   0.16700823550486188E-007  -0.723738596E-002   0.000000000E+000
   0.16731636878070111E-007  -0.256406981E-002   0.000000000E+000
   0.16762450205654034E-007   0.240900507E-002   0.000000000E+000
   0.16793263533237957E-007   0.708642509E-002   0.000000000E+000
   0.16824076860821879E-007   0.110080559E-001   0.000000000E+000
   0.16854890188405802E-007   0.138485264E-001   0.000000000E+000
   0.16885703515989725E-007   0.153247761E-001   0.000000000E+000
   0.16916516843573648E-007   0.151307397E-001   0.000000000E+000
   0.16947330171157571E-007   0.129981078E-001   0.000000000E+000
   0.16978143498741494E-007   0.885604601E-002   0.000000000E+000
   0.17008956826325417E-007   0.296506193E-002   0.000000000E+000
   0.17039770153909339E-007  -0.407546200E-002   0.000000000E+000
   0.17070583481493262E-007  -0.114522399E-001   0.000000000E+000
   0.17101396809077185E-007  -0.183317289E-001   0.000000000E+000
   0.17132210136661108E-007  -0.240327306E-001   0.000000000E+000
   0.17163023464245031E-007  -0.280929282E-001   0.000000000E+000
   0.17193836791828954E-007  -0.302016754E-001   0.000000000E+000
   0.17224650119412876E-007  -0.300812703E-001   0.000000000E+000
   0.17255463446996799E-007  -0.274666566E-001   0.000000000E+000
   0.17286276774580722E-007  -0.222565494E-001   0.000000000E+000
   0.17317090102164645E-007  -0.147326645E-001   0.000000000E+000
   0.17347903429748568E-007  -0.564834848E-002   0.000000000E+000
   0.17378716757332491E-007   0.391643122E-002   0.000000000E+000
   0.17409530084916414E-007   0.128471572E-001   0.000000000E+000
   0.17440343412500336E-007   0.202504117E-001   0.000000000E+000
   0.17471156740084259E-007   0.255498216E-001   0.000000000E+000
   0.17501970067668182E-007   0.284269527E-001   0.000000000E+000
   0.17532783395252105E-007   0.287066810E-001   0.000000000E+000
   0.17563596722836028E-007   0.263124965E-001   0.000000000E+000
   0.17594410050419951E-007   0.213597734E-001   0.000000000E+000
   0.17625223378003874E-007   0.143217482E-001   0.000000000E+000
   0.17656036705587796E-007   0.609314069E-002   0.000000000E+000
   0.17686850033171719E-007  -0.217558164E-002   0.000000000E+000
   0.17717663360755642E-007  -0.940640830E-002   0.000000000E+000
   0.17748476688339565E-007  -0.148700345E-001   0.000000000E+000
   0.17779290015923488E-007  -0.182483457E-001   0.000000000E+000
   0.17810103343507411E-007  -0.195080619E-001   0.000000000E+000
   0.17840916671091334E-007  -0.187397562E-001   0.000000000E+000
   0.17871729998675256E-007  -0.160910580E-001   0.000000000E+000
   0.17902543326259179E-007  -0.118066017E-001   0.000000000E+000
   0.17933356653843102E-007  -0.629734294E-002   0.000000000E+000
   0.17964169981427025E-007  -0.154256821E-003   0.000000000E+000
   0.17994983309010948E-007   0.592793571E-002   0.000000000E+000
   0.18025796636594871E-007   0.112934923E-001   0.000000000E+000
   0.18056609964178794E-007   0.154727809E-001   0.000000000E+000
   0.18087423291762716E-007   0.182586536E-001   0.000000000E+000
   0.18118236619346639E-007   0.196652263E-001   0.000000000E+000
   0.18149049946930562E-007   0.197973456E-001   0.000000000E+000
   0.18179863274514485E-007   0.187278874E-001   0.000000000E+000
   0.18210676602098408E-007   0.164684765E-001   0.000000000E+000
   0.18241489929682331E-007   0.130340047E-001   0.000000000E+000
   0.18272303257266254E-007   0.853409059E-002   0.000000000E+000
   0.18303116584850176E-007   0.323050795E-002   0.000000000E+000
   0.18333929912434099E-007  -0.246379385E-002   0.000000000E+000
   0.18364743240018022E-007  -0.805015117E-002   0.000000000E+000
   0.18395556567601945E-007  -0.130581968E-001   0.000000000E+000
   0.18426369895185868E-007  -0.171446949E-001   0.000000000E+000
   0.18457183222769791E-007  -0.200999100E-001   0.000000000E+000
   0.18487996550353714E-007  -0.217646174E-001   0.000000000E+000
   0.18518809877937636E-007  -0.219656527E-001   0.000000000E+000
   0.18549623205521559E-007  -0.205681864E-001   0.000000000E+000
   0.18580436533105482E-007  -0.176118240E-001   0.000000000E+000
   0.18611249860689405E-007  -0.134002743E-001   0.000000000E+000
   0.18642063188273328E-007  -0.846132450E-002   0.000000000E+000
   0.18672876515857251E-007  -0.340933632E-002   0.000000000E+000
   0.18703689843441174E-007   0.120653817E-002   0.000000000E+000
   0.18734503171025096E-007   0.501153897E-002   0.000000000E+000
   0.18765316498609019E-007   0.784558058E-002   0.000000000E+000
   0.18796129826192942E-007   0.972623751E-002   0.000000000E+000
   0.18826943153776865E-007   0.107649546E-001   0.000000000E+000
   0.18857756481360788E-007   0.111052040E-001   0.000000000E+000
   0.18888569808944711E-007   0.109235998E-001   0.000000000E+000
   0.18919383136528634E-007   0.104540233E-001   0.000000000E+000
   0.18950196464112556E-007   0.996096339E-002   0.000000000E+000
   0.18981009791696479E-007   0.965011306E-002   0.000000000E+000
   0.19011823119280402E-007   0.958261546E-002   0.000000000E+000
   0.19042636446864325E-007   0.965709519E-002   0.000000000E+000
   0.19073449774448248E-007   0.965651404E-002   0.000000000E+000
   0.19104263102032171E-007   0.931612682E-002   0.000000000E+000
   0.19135076429616094E-007   0.838658493E-002   0.000000000E+000
   0.19165889757200016E-007   0.669025816E-002   0.000000000E+000
   0.19196703084783939E-007   0.416193157E-002   0.000000000E+000
   0.19227516412367862E-007   0.858186977E-003   0.000000000E+000
   0.19258329739951785E-007  -0.305703166E-002   0.000000000E+000
   0.19289143067535708E-007  -0.732172187E-002   0.000000000E+000
   0.19319956395119631E-007  -0.115732783E-001   0.000000000E+000
   0.19350769722703554E-007  -0.153679922E-001   0.000000000E+000
   0.19381583050287476E-007  -0.182515979E-001   0.000000000E+000
   0.19412396377871399E-007  -0.198538564E-001   0.000000000E+000
   0.19443209705455322E-007  -0.199452862E-001   0.000000000E+000
   0.19474023033039245E-007  -0.184324645E-001   0.000000000E+000
   0.19504836360623168E-007  -0.153351016E-001   0.000000000E+000
   0.19535649688207091E-007  -0.107988752E-001   0.000000000E+000
   0.19566463015791014E-007  -0.514274277E-002   0.000000000E+000
   0.19597276343374936E-007   0.111169415E-002   0.000000000E+000
   0.19628089670958859E-007   0.727664912E-002   0.000000000E+000
   0.19658902998542782E-007   0.126076462E-001   0.000000000E+000
   0.19689716326126705E-007   0.164544489E-001   0.000000000E+000
   0.19720529653710628E-007   0.183950495E-001   0.000000000E+000
   0.19751342981294551E-007   0.182908829E-001   0.000000000E+000
   0.19782156308878474E-007   0.162469912E-001   0.000000000E+000
   0.19812969636462396E-007   0.125365313E-001   0.000000000E+000
   0.19843782964046319E-007   0.757306023E-002   0.000000000E+000
   0.19874596291630242E-007   0.194070721E-002   0.000000000E+000
   0.19905409619214165E-007  -0.360291079E-002   0.000000000E+000
   0.19936222946798088E-007  -0.823551789E-002   0.000000000E+000
   0.19967036274382011E-007  -0.112699978E-001   0.000000000E+000
