t              SphereGround.fdtd_Point probe_1_Ey_50_50_50.dat       incid
   0.00000000000000000E+000   0.000000000E+000   0.000000000E+000
   0.30813327583922856E-010   0.000000000E+000   0.000000000E+000
   0.61626655167845712E-010   0.000000000E+000   0.000000000E+000
   0.92439982751768568E-010   0.000000000E+000   0.000000000E+000
   0.12325331033569142E-009   0.000000000E+000   0.000000000E+000
   0.15406663791961428E-009   0.000000000E+000   0.000000000E+000
   0.18487996550353714E-009   0.000000000E+000   0.000000000E+000
   0.21569329308745999E-009   0.000000000E+000   0.000000000E+000
   0.24650662067138285E-009   0.000000000E+000   0.000000000E+000
   0.27731994825530570E-009   0.000000000E+000   0.000000000E+000
   0.30813327583922856E-009   0.000000000E+000   0.000000000E+000
   0.33894660342315142E-009   0.000000000E+000   0.000000000E+000
   0.36975993100707427E-009   0.000000000E+000   0.000000000E+000
   0.40057325859099713E-009   0.000000000E+000   0.000000000E+000
   0.43138658617491998E-009   0.000000000E+000   0.000000000E+000
   0.46219991375884284E-009   0.000000000E+000   0.000000000E+000
   0.49301324134276570E-009   0.000000000E+000   0.000000000E+000
   0.52382656892668855E-009   0.000000000E+000   0.000000000E+000
   0.55463989651061141E-009   0.000000000E+000   0.000000000E+000
   0.58545322409453426E-009   0.000000000E+000   0.000000000E+000
   0.61626655167845712E-009   0.000000000E+000   0.000000000E+000
   0.64707987926237998E-009   0.000000000E+000   0.000000000E+000
   0.67789320684630283E-009   0.000000000E+000   0.000000000E+000
   0.70870653443022569E-009   0.000000000E+000   0.000000000E+000
   0.73951986201414854E-009   0.000000000E+000   0.000000000E+000
   0.77033318959807140E-009   0.000000000E+000   0.000000000E+000
   0.80114651718199426E-009   0.000000000E+000   0.000000000E+000
   0.83195984476591711E-009   0.000000000E+000   0.000000000E+000
   0.86277317234983997E-009   0.000000000E+000   0.000000000E+000
   0.89358649993376282E-009   0.000000000E+000   0.000000000E+000
   0.92439982751768568E-009   0.000000000E+000   0.000000000E+000
   0.95521315510160854E-009   0.000000000E+000   0.000000000E+000
   0.98602648268553139E-009   0.000000000E+000   0.000000000E+000
   0.10168398102694542E-008   0.000000000E+000   0.000000000E+000
   0.10476531378533771E-008   0.000000000E+000   0.000000000E+000
   0.10784664654373000E-008   0.000000000E+000   0.000000000E+000
   0.11092797930212228E-008   0.000000000E+000   0.000000000E+000
   0.11400931206051457E-008   0.000000000E+000   0.000000000E+000
   0.11709064481890685E-008   0.000000000E+000   0.000000000E+000
   0.12017197757729914E-008   0.000000000E+000   0.000000000E+000
   0.12325331033569142E-008   0.000000000E+000   0.000000000E+000
   0.12633464309408371E-008   0.000000000E+000   0.000000000E+000
   0.12941597585247600E-008   0.000000000E+000   0.000000000E+000
   0.13249730861086828E-008   0.000000000E+000   0.000000000E+000
   0.13557864136926057E-008   0.000000000E+000   0.000000000E+000
   0.13865997412765285E-008   0.000000000E+000   0.000000000E+000
   0.14174130688604514E-008   0.000000000E+000   0.000000000E+000
   0.14482263964443742E-008   0.000000000E+000   0.000000000E+000
   0.14790397240282971E-008   0.000000000E+000   0.000000000E+000
   0.15098530516122199E-008   0.000000000E+000   0.000000000E+000
   0.15406663791961428E-008   0.000000000E+000   0.000000000E+000
   0.15714797067800657E-008   0.000000000E+000   0.000000000E+000
   0.16022930343639885E-008   0.000000000E+000   0.000000000E+000
   0.16331063619479114E-008   0.000000000E+000   0.000000000E+000
   0.16639196895318342E-008   0.000000000E+000   0.000000000E+000
   0.16947330171157571E-008   0.000000000E+000   0.000000000E+000
   0.17255463446996799E-008   0.000000000E+000   0.000000000E+000
   0.17563596722836028E-008   0.000000000E+000   0.000000000E+000
   0.17871729998675256E-008   0.000000000E+000   0.000000000E+000
   0.18179863274514485E-008   0.000000000E+000   0.000000000E+000
   0.18487996550353714E-008   0.000000000E+000   0.000000000E+000
   0.18796129826192942E-008   0.000000000E+000   0.000000000E+000
   0.19104263102032171E-008   0.000000000E+000   0.000000000E+000
   0.19412396377871399E-008   0.000000000E+000   0.000000000E+000
   0.19720529653710628E-008   0.000000000E+000   0.000000000E+000
   0.20028662929549856E-008   0.000000000E+000   0.000000000E+000
   0.20336796205389085E-008   0.000000000E+000   0.000000000E+000
   0.20644929481228314E-008   0.000000000E+000   0.000000000E+000
   0.20953062757067542E-008   0.000000000E+000   0.000000000E+000
   0.21261196032906771E-008   0.000000000E+000   0.000000000E+000
   0.21569329308745999E-008   0.000000000E+000   0.000000000E+000
   0.21877462584585228E-008   0.000000000E+000   0.000000000E+000
   0.22185595860424456E-008   0.000000000E+000   0.000000000E+000
   0.22493729136263685E-008   0.000000000E+000   0.000000000E+000
   0.22801862412102913E-008   0.000000000E+000   0.000000000E+000
   0.23109995687942142E-008   0.000000000E+000   0.000000000E+000
   0.23418128963781371E-008   0.000000000E+000   0.000000000E+000
   0.23726262239620599E-008   0.000000000E+000   0.000000000E+000
   0.24034395515459828E-008   0.000000000E+000   0.000000000E+000
   0.24342528791299056E-008   0.000000000E+000   0.000000000E+000
   0.24650662067138285E-008   0.000000000E+000   0.000000000E+000
   0.24958795342977513E-008   0.000000000E+000   0.000000000E+000
   0.25266928618816742E-008   0.000000000E+000   0.000000000E+000
   0.25575061894655970E-008   0.000000000E+000   0.000000000E+000
   0.25883195170495199E-008   0.000000000E+000   0.000000000E+000
   0.26191328446334428E-008   0.000000000E+000   0.000000000E+000
   0.26499461722173656E-008   0.000000000E+000   0.000000000E+000
   0.26807594998012885E-008   0.000000000E+000   0.000000000E+000
   0.27115728273852113E-008   0.000000000E+000   0.000000000E+000
   0.27423861549691342E-008   0.000000000E+000   0.000000000E+000
   0.27731994825530570E-008   0.000000000E+000   0.000000000E+000
   0.28040128101369799E-008  -0.127992308E-034   0.000000000E+000
   0.28348261377209028E-008  -0.158113931E-033   0.000000000E+000
   0.28656394653048256E-008  -0.148348719E-032   0.000000000E+000
   0.28964527928887485E-008  -0.124300373E-031   0.000000000E+000
   0.29272661204726713E-008  -0.952181457E-031   0.000000000E+000
   0.29580794480565942E-008  -0.671943557E-030   0.000000000E+000
   0.29888927756405170E-008  -0.439399826E-029   0.000000000E+000
   0.30197061032244399E-008  -0.267589820E-028   0.000000000E+000
   0.30505194308083627E-008  -0.152396273E-027   0.000000000E+000
   0.30813327583922856E-008  -0.814538270E-027   0.000000000E+000
   0.31121460859762085E-008  -0.409866434E-026   0.000000000E+000
   0.31429594135601313E-008  -0.194723936E-025   0.000000000E+000
   0.31737727411440542E-008  -0.875814454E-025   0.000000000E+000
   0.32045860687279770E-008  -0.373856369E-024   0.000000000E+000
   0.32353993963118999E-008  -0.151806046E-023   0.000000000E+000
   0.32662127238958227E-008  -0.587574841E-023   0.000000000E+000
   0.32970260514797456E-008  -0.217190431E-022   0.000000000E+000
   0.33278393790636684E-008  -0.768006768E-022   0.000000000E+000
   0.33586527066475913E-008  -0.260211285E-021   0.000000000E+000
   0.33894660342315142E-008  -0.846009069E-021   0.000000000E+000
   0.34202793618154370E-008  -0.264323343E-020   0.000000000E+000
   0.34510926893993599E-008   0.596146586E-018   0.000000000E+000
   0.34819060169832827E-008   0.128900722E-014   0.000000000E+000
   0.35127193445672056E-008   0.783740423E-012   0.000000000E+000
   0.35435326721511284E-008  -0.253765012E-010   0.000000000E+000
   0.35743459997350513E-008  -0.817027002E-010   0.000000000E+000
   0.36051593273189741E-008  -0.154414898E-009   0.000000000E+000
   0.36359726549028970E-008  -0.232644251E-009   0.000000000E+000
   0.36667859824868199E-008   0.153237079E-008   0.000000000E+000
   0.36975993100707427E-008   0.194839389E-008   0.000000000E+000
   0.37284126376546656E-008   0.236911646E-008   0.000000000E+000
   0.37592259652385884E-008   0.487903629E-008   0.000000000E+000
   0.37900392928225113E-008   0.737025818E-008   0.000000000E+000
   0.38208526204064341E-008   0.145475347E-007   0.000000000E+000
   0.38516659479903570E-008   0.124094228E-007   0.000000000E+000
   0.38824792755742799E-008  -0.167202465E-007   0.000000000E+000
   0.39132926031582027E-008  -0.252204160E-007   0.000000000E+000
   0.39441059307421256E-008   0.106015392E-007   0.000000000E+000
   0.39749192583260484E-008   0.265451412E-007   0.000000000E+000
   0.40057325859099713E-008  -0.105379634E-007   0.000000000E+000
   0.40365459134938941E-008  -0.234521842E-007   0.000000000E+000
   0.40673592410778170E-008   0.397388256E-008   0.000000000E+000
   0.40981725686617398E-008   0.952115009E-008   0.000000000E+000
   0.41289858962456627E-008  -0.172733827E-009   0.000000000E+000
   0.41597992238295856E-008   0.256911292E-007   0.000000000E+000
   0.41906125514135084E-008   0.421528341E-007   0.000000000E+000
   0.42214258789974313E-008   0.830862135E-008   0.000000000E+000
   0.42522392065813541E-008  -0.160045310E-009   0.000000000E+000
   0.42830525341652770E-008   0.432018865E-007   0.000000000E+000
   0.43138658617491998E-008   0.603148536E-007   0.000000000E+000
   0.43446791893331227E-008   0.292550482E-007   0.000000000E+000
   0.43754925169170455E-008   0.685737511E-008   0.000000000E+000
   0.44063058445009684E-008   0.190750384E-007   0.000000000E+000
   0.44371191720848913E-008   0.373822502E-007   0.000000000E+000
   0.44679324996688141E-008   0.482554086E-007   0.000000000E+000
   0.44987458272527370E-008   0.439796644E-007   0.000000000E+000
   0.45295591548366598E-008   0.882803874E-008   0.000000000E+000
   0.45603724824205827E-008  -0.194548377E-007   0.000000000E+000
   0.45911858100045055E-008   0.129594575E-007   0.000000000E+000
   0.46219991375884284E-008   0.595363474E-007   0.000000000E+000
   0.46528124651723513E-008   0.350485294E-007   0.000000000E+000
   0.46836257927562741E-008  -0.219721734E-007   0.000000000E+000
   0.47144391203401970E-008  -0.670691058E-008   0.000000000E+000
   0.47452524479241198E-008   0.507716749E-007   0.000000000E+000
   0.47760657755080427E-008   0.379708140E-007   0.000000000E+000
   0.48068791030919655E-008  -0.305354462E-007   0.000000000E+000
   0.48376924306758884E-008  -0.504050277E-007   0.000000000E+000
   0.48685057582598112E-008  -0.185339992E-007   0.000000000E+000
   0.48993190858437341E-008  -0.117359100E-007   0.000000000E+000
   0.49301324134276570E-008  -0.358694408E-007   0.000000000E+000
   0.49609457410115798E-008  -0.475627786E-007   0.000000000E+000
   0.49917590685955027E-008  -0.375494800E-007   0.000000000E+000
   0.50225723961794255E-008  -0.201052490E-007   0.000000000E+000
   0.50533857237633484E-008   0.794739563E-008   0.000000000E+000
   0.50841990513472712E-008   0.404192875E-007   0.000000000E+000
   0.51150123789311941E-008   0.613632238E-007   0.000000000E+000
   0.51458257065151169E-008   0.713789490E-007   0.000000000E+000
   0.51766390340990398E-008   0.839757277E-007   0.000000000E+000
   0.52074523616829627E-008   0.988809887E-007   0.000000000E+000
   0.52382656892668855E-008   0.977053460E-007   0.000000000E+000
   0.52690790168508084E-008   0.575188466E-007   0.000000000E+000
   0.52998923444347312E-008  -0.317767714E-007   0.000000000E+000
   0.53307056720186541E-008  -0.154717043E-006   0.000000000E+000
   0.53615189996025769E-008  -0.291317633E-006   0.000000000E+000
   0.53923323271864998E-008  -0.441862539E-006   0.000000000E+000
   0.54231456547704227E-008  -0.602560647E-006   0.000000000E+000
   0.54539589823543455E-008  -0.740458063E-006   0.000000000E+000
   0.54847723099382684E-008  -0.826342671E-006   0.000000000E+000
   0.55155856375221912E-008  -0.855894484E-006   0.000000000E+000
   0.55463989651061141E-008  -0.797056657E-006   0.000000000E+000
   0.55772122926900369E-008  -0.571889075E-006   0.000000000E+000
   0.56080256202739598E-008  -0.117491624E-006   0.000000000E+000
   0.56388389478578826E-008   0.544843488E-006   0.000000000E+000
   0.56696522754418055E-008   0.124069743E-005   0.000000000E+000
   0.57004656030257284E-008   0.168077554E-005   0.000000000E+000
   0.57312789306096512E-008   0.165738879E-005   0.000000000E+000
   0.57620922581935741E-008   0.139353483E-005   0.000000000E+000
   0.57929055857774969E-008   0.155599014E-005   0.000000000E+000
   0.58237189133614198E-008   0.260853653E-005   0.000000000E+000
   0.58545322409453426E-008   0.394994822E-005   0.000000000E+000
   0.58853455685292655E-008   0.391390085E-005   0.000000000E+000
   0.59161588961131883E-008   0.124551343E-005   0.000000000E+000
   0.59469722236971112E-008  -0.292249661E-005   0.000000000E+000
   0.59777855512810341E-008  -0.502140665E-005   0.000000000E+000
   0.60085988788649569E-008  -0.216526996E-005   0.000000000E+000
   0.60394122064488798E-008   0.390919104E-005   0.000000000E+000
   0.60702255340328026E-008   0.682735345E-005   0.000000000E+000
   0.61010388616167255E-008   0.139463282E-005   0.000000000E+000
   0.61318521892006483E-008  -0.948805700E-005   0.000000000E+000
   0.61626655167845712E-008  -0.151708755E-004   0.000000000E+000
   0.61934788443684941E-008  -0.740682299E-005   0.000000000E+000
   0.62242921719524169E-008   0.899006227E-005   0.000000000E+000
   0.62551054995363398E-008   0.181420291E-004   0.000000000E+000
   0.62859188271202626E-008   0.891026866E-005   0.000000000E+000
   0.63167321547041855E-008  -0.113969872E-004   0.000000000E+000
   0.63475454822881083E-008  -0.222807630E-004   0.000000000E+000
   0.63783588098720312E-008  -0.112358866E-004   0.000000000E+000
   0.64091721374559540E-008   0.118129137E-004   0.000000000E+000
   0.64399854650398769E-008   0.240034897E-004   0.000000000E+000
   0.64707987926237998E-008   0.134147858E-004   0.000000000E+000
   0.65016121202077226E-008  -0.896183246E-005   0.000000000E+000
   0.65324254477916455E-008  -0.216351364E-004   0.000000000E+000
   0.65632387753755683E-008  -0.142795152E-004   0.000000000E+000
   0.65940521029594912E-008   0.440449821E-005   0.000000000E+000
   0.66248654305434140E-008   0.172644577E-004   0.000000000E+000
   0.66556787581273369E-008   0.138935320E-004   0.000000000E+000
   0.66864920857112597E-008  -0.228158751E-005   0.000000000E+000
   0.67173054132951826E-008  -0.170503827E-004   0.000000000E+000
   0.67481187408791055E-008  -0.161572934E-004   0.000000000E+000
   0.67789320684630283E-008   0.109824396E-005   0.000000000E+000
   0.68097453960469512E-008   0.176904123E-004   0.000000000E+000
   0.68405587236308740E-008   0.147715191E-004   0.000000000E+000
   0.68713720512147969E-008  -0.485505643E-005   0.000000000E+000
   0.69021853787987197E-008  -0.165210658E-004   0.000000000E+000
   0.69329987063826426E-008  -0.402991645E-005   0.000000000E+000
   0.69638120339665655E-008   0.168972547E-004   0.000000000E+000
   0.69946253615504883E-008   0.179241470E-004   0.000000000E+000
   0.70254386891344112E-008  -0.269613884E-005   0.000000000E+000
   0.70562520167183340E-008  -0.172344371E-004   0.000000000E+000
   0.70870653443022569E-008  -0.821767117E-005   0.000000000E+000
   0.71178786718861797E-008   0.758356964E-005   0.000000000E+000
   0.71486919994701026E-008   0.663127548E-005   0.000000000E+000
   0.71795053270540254E-008  -0.635872630E-005   0.000000000E+000
   0.72103186546379483E-008  -0.103344737E-004   0.000000000E+000
   0.72411319822218712E-008  -0.353514815E-005   0.000000000E+000
   0.72719453098057940E-008  -0.189304239E-005   0.000000000E+000
   0.73027586373897169E-008  -0.611054247E-005   0.000000000E+000
   0.73335719649736397E-008   0.280334461E-006   0.000000000E+000
   0.73643852925575626E-008   0.159620904E-004   0.000000000E+000
   0.73951986201414854E-008   0.162621727E-004   0.000000000E+000
   0.74260119477254083E-008  -0.427966370E-005   0.000000000E+000
   0.74568252753093311E-008  -0.145654276E-004   0.000000000E+000
   0.74876386028932540E-008   0.523347899E-005   0.000000000E+000
   0.75184519304771769E-008   0.263725778E-004   0.000000000E+000
   0.75492652580610997E-008   0.139888089E-004   0.000000000E+000
   0.75800785856450226E-008  -0.153252640E-004   0.000000000E+000
   0.76108919132289454E-008  -0.187606674E-004   0.000000000E+000
   0.76417052408128683E-008   0.371700844E-005   0.000000000E+000
   0.76725185683967911E-008   0.121444818E-004   0.000000000E+000
   0.77033318959807140E-008  -0.497427845E-005   0.000000000E+000
   0.77341452235646369E-008  -0.148254685E-004   0.000000000E+000
   0.77649585511485597E-008  -0.113538681E-005   0.000000000E+000
   0.77957718787324826E-008   0.872771398E-005   0.000000000E+000
   0.78265852063164054E-008  -0.352318966E-005   0.000000000E+000
   0.78573985339003283E-008  -0.134317443E-004   0.000000000E+000
   0.78882118614842511E-008  -0.466748133E-006   0.000000000E+000
   0.79190251890681740E-008   0.128618867E-004   0.000000000E+000
   0.79498385166520968E-008   0.256463682E-005   0.000000000E+000
   0.79806518442360197E-008  -0.121307030E-004   0.000000000E+000
   0.80114651718199426E-008  -0.441713109E-005   0.000000000E+000
   0.80422784994038654E-008   0.105141535E-004   0.000000000E+000
   0.80730918269877883E-008   0.421276263E-005   0.000000000E+000
   0.81039051545717111E-008  -0.118725511E-004   0.000000000E+000
   0.81347184821556340E-008  -0.754482380E-005   0.000000000E+000
   0.81655318097395568E-008   0.107024134E-004   0.000000000E+000
   0.81963451373234797E-008   0.119696233E-004   0.000000000E+000
   0.82271584649074025E-008  -0.405066021E-005   0.000000000E+000
   0.82579717924913254E-008  -0.980386540E-005   0.000000000E+000
   0.82887851200752483E-008   0.265273229E-006   0.000000000E+000
   0.83195984476591711E-008   0.557351723E-005   0.000000000E+000
   0.83504117752430940E-008   0.461680884E-006   0.000000000E+000
   0.83812251028270168E-008  -0.601825604E-006   0.000000000E+000
   0.84120384304109397E-008   0.405158426E-005   0.000000000E+000
   0.84428517579948625E-008   0.186283614E-005   0.000000000E+000
   0.84736650855787854E-008  -0.513733858E-005   0.000000000E+000
   0.85044784131627083E-008  -0.361398861E-005   0.000000000E+000
   0.85352917407466311E-008   0.307174696E-005   0.000000000E+000
   0.85661050683305540E-008   0.144499029E-005   0.000000000E+000
   0.85969183959144768E-008  -0.403730837E-005   0.000000000E+000
   0.86277317234983997E-008   0.247900971E-007   0.000000000E+000
   0.86585450510823225E-008   0.737642404E-005   0.000000000E+000
   0.86893583786662454E-008   0.301521140E-005   0.000000000E+000
   0.87201717062501682E-008  -0.673201339E-005   0.000000000E+000
   0.87509850338340911E-008  -0.509436359E-005   0.000000000E+000
   0.87817983614180140E-008   0.421220011E-005   0.000000000E+000
   0.88126116890019368E-008   0.574528667E-005   0.000000000E+000
   0.88434250165858597E-008   0.940417067E-006   0.000000000E+000
   0.88742383441697825E-008   0.539108896E-006   0.000000000E+000
   0.89050516717537054E-008   0.107990820E-005   0.000000000E+000
   0.89358649993376282E-008  -0.445492606E-005   0.000000000E+000
   0.89666783269215511E-008  -0.656346083E-005   0.000000000E+000
   0.89974916545054739E-008   0.365864662E-005   0.000000000E+000
   0.90283049820893968E-008   0.119364395E-004   0.000000000E+000
   0.90591183096733197E-008   0.215975160E-005   0.000000000E+000
   0.90899316372572425E-008  -0.133043450E-004   0.000000000E+000
   0.91207449648411654E-008  -0.113017468E-004   0.000000000E+000
   0.91515582924250882E-008   0.510458267E-005   0.000000000E+000
   0.91823716200090111E-008   0.124314829E-004   0.000000000E+000
   0.92131849475929339E-008   0.240926693E-005   0.000000000E+000
   0.92439982751768568E-008  -0.958007968E-005   0.000000000E+000
   0.92748116027607796E-008  -0.856252609E-005   0.000000000E+000
   0.93056249303447025E-008   0.274275135E-005   0.000000000E+000
   0.93364382579286254E-008   0.104194296E-004   0.000000000E+000
   0.93672515855125482E-008   0.583882866E-005   0.000000000E+000
   0.93980649130964711E-008  -0.465002722E-005   0.000000000E+000
   0.94288782406803939E-008  -0.721019114E-005   0.000000000E+000
   0.94596915682643168E-008   0.100329999E-005   0.000000000E+000
   0.94905048958482396E-008   0.791626007E-005   0.000000000E+000
   0.95213182234321625E-008   0.490579305E-005   0.000000000E+000
   0.95521315510160854E-008  -0.213196017E-005   0.000000000E+000
   0.95829448786000082E-008  -0.559814089E-005   0.000000000E+000
   0.96137582061839311E-008  -0.600061639E-005   0.000000000E+000
   0.96445715337678539E-008  -0.317637796E-005   0.000000000E+000
   0.96753848613517768E-008   0.534930086E-005   0.000000000E+000
   0.97061981889356996E-008   0.115586936E-004   0.000000000E+000
   0.97370115165196225E-008   0.241188718E-005   0.000000000E+000
   0.97678248441035453E-008  -0.155875587E-004   0.000000000E+000
   0.97986381716874682E-008  -0.189151378E-004   0.000000000E+000
   0.98294514992713911E-008  -0.124868529E-005   0.000000000E+000
   0.98602648268553139E-008   0.162479300E-004   0.000000000E+000
   0.98910781544392368E-008   0.156341703E-004   0.000000000E+000
   0.99218914820231596E-008   0.257903594E-005   0.000000000E+000
   0.99527048096070825E-008  -0.937139703E-005   0.000000000E+000
   0.99835181371910053E-008  -0.145141148E-004   0.000000000E+000
   0.10014331464774928E-007  -0.995255323E-005   0.000000000E+000
   0.10045144792358851E-007   0.546031333E-005   0.000000000E+000
   0.10075958119942774E-007   0.211445658E-004   0.000000000E+000
   0.10106771447526697E-007   0.201747189E-004   0.000000000E+000
   0.10137584775110620E-007   0.731466571E-006   0.000000000E+000
   0.10168398102694542E-007  -0.192100706E-004   0.000000000E+000
   0.10199211430278465E-007  -0.219357826E-004   0.000000000E+000
   0.10230024757862388E-007  -0.672049464E-005   0.000000000E+000
   0.10260838085446311E-007   0.130871704E-004   0.000000000E+000
   0.10291651413030234E-007   0.219427511E-004   0.000000000E+000
   0.10322464740614157E-007   0.124948147E-004   0.000000000E+000
   0.10353278068198080E-007  -0.807799370E-005   0.000000000E+000
   0.10384091395782002E-007  -0.218645582E-004   0.000000000E+000
   0.10414904723365925E-007  -0.158903822E-004   0.000000000E+000
   0.10445718050949848E-007   0.450754305E-005   0.000000000E+000
   0.10476531378533771E-007   0.201972307E-004   0.000000000E+000
   0.10507344706117694E-007   0.170735129E-004   0.000000000E+000
   0.10538158033701617E-007  -0.297382940E-006   0.000000000E+000
   0.10568971361285540E-007  -0.144312789E-004   0.000000000E+000
   0.10599784688869462E-007  -0.135517894E-004   0.000000000E+000
   0.10630598016453385E-007  -0.221221489E-005   0.000000000E+000
   0.10661411344037308E-007   0.676002128E-005   0.000000000E+000
   0.10692224671621231E-007   0.665990410E-005   0.000000000E+000
   0.10723037999205154E-007   0.721978267E-006   0.000000000E+000
   0.10753851326789077E-007  -0.447783486E-005   0.000000000E+000
   0.10784664654373000E-007  -0.545508192E-005   0.000000000E+000
   0.10815477981956922E-007  -0.325968540E-005   0.000000000E+000
   0.10846291309540845E-007  -0.882636414E-006   0.000000000E+000
   0.10877104637124768E-007   0.756726536E-006   0.000000000E+000
   0.10907917964708691E-007   0.313686496E-005   0.000000000E+000
   0.10938731292292614E-007   0.562077730E-005   0.000000000E+000
   0.10969544619876537E-007   0.447081720E-005   0.000000000E+000
   0.11000357947460460E-007  -0.890539468E-006   0.000000000E+000
   0.11031171275044382E-007  -0.497222663E-005   0.000000000E+000
   0.11061984602628305E-007  -0.301270484E-005   0.000000000E+000
   0.11092797930212228E-007   0.306631409E-005   0.000000000E+000
   0.11123611257796151E-007   0.763380922E-005   0.000000000E+000
   0.11154424585380074E-007   0.650916900E-005   0.000000000E+000
   0.11185237912963997E-007  -0.697506493E-006   0.000000000E+000
   0.11216051240547920E-007  -0.863592504E-005   0.000000000E+000
   0.11246864568131842E-007  -0.863428704E-005   0.000000000E+000
   0.11277677895715765E-007   0.946331966E-006   0.000000000E+000
   0.11308491223299688E-007   0.981195444E-005   0.000000000E+000
   0.11339304550883611E-007   0.774752789E-005   0.000000000E+000
   0.11370117878467534E-007  -0.212147734E-005   0.000000000E+000
   0.11400931206051457E-007  -0.847723095E-005   0.000000000E+000
   0.11431744533635380E-007  -0.617014530E-005   0.000000000E+000
   0.11462557861219302E-007   0.490018010E-006   0.000000000E+000
   0.11493371188803225E-007   0.494228379E-005   0.000000000E+000
   0.11524184516387148E-007   0.395792176E-005   0.000000000E+000
   0.11554997843971071E-007  -0.106088237E-005   0.000000000E+000
   0.11585811171554994E-007  -0.538440554E-005   0.000000000E+000
   0.11616624499138917E-007  -0.535962999E-005   0.000000000E+000
   0.11647437826722840E-007  -0.179977746E-005   0.000000000E+000
   0.11678251154306762E-007   0.206251866E-005   0.000000000E+000
   0.11709064481890685E-007   0.365038136E-005   0.000000000E+000
   0.11739877809474608E-007   0.157255477E-005   0.000000000E+000
   0.11770691137058531E-007  -0.257075158E-005   0.000000000E+000
   0.11801504464642454E-007  -0.332154241E-005   0.000000000E+000
   0.11832317792226377E-007   0.173700801E-005   0.000000000E+000
   0.11863131119810300E-007   0.615012277E-005   0.000000000E+000
   0.11893944447394222E-007   0.339468147E-005   0.000000000E+000
   0.11924757774978145E-007  -0.202426395E-005   0.000000000E+000
   0.11955571102562068E-007  -0.203480340E-005   0.000000000E+000
   0.11986384430145991E-007   0.109473513E-005   0.000000000E+000
   0.12017197757729914E-007   0.921404535E-007   0.000000000E+000
   0.12048011085313837E-007  -0.296250528E-005   0.000000000E+000
   0.12078824412897760E-007  -0.105286267E-005   0.000000000E+000
   0.12109637740481682E-007   0.324625785E-005   0.000000000E+000
   0.12140451068065605E-007   0.183277359E-005   0.000000000E+000
   0.12171264395649528E-007  -0.347002560E-005   0.000000000E+000
   0.12202077723233451E-007  -0.362671744E-005   0.000000000E+000
   0.12232891050817374E-007   0.160790887E-005   0.000000000E+000
   0.12263704378401297E-007   0.402240494E-005   0.000000000E+000
   0.12294517705985220E-007   0.187573232E-005   0.000000000E+000
   0.12325331033569142E-007   0.114749059E-005   0.000000000E+000
   0.12356144361153065E-007   0.244384455E-005   0.000000000E+000
   0.12386957688736988E-007   0.118491926E-006   0.000000000E+000
   0.12417771016320911E-007  -0.463515607E-005   0.000000000E+000
   0.12448584343904834E-007  -0.331515548E-005   0.000000000E+000
   0.12479397671488757E-007   0.435458242E-005   0.000000000E+000
   0.12510210999072680E-007   0.721254992E-005   0.000000000E+000
   0.12541024326656602E-007  -0.143369562E-006   0.000000000E+000
   0.12571837654240525E-007  -0.826680116E-005   0.000000000E+000
   0.12602650981824448E-007  -0.702070702E-005   0.000000000E+000
   0.12633464309408371E-007   0.749269020E-006   0.000000000E+000
   0.12664277636992294E-007   0.591816342E-005   0.000000000E+000
   0.12695090964576217E-007   0.519394098E-005   0.000000000E+000
   0.12725904292160140E-007   0.627790087E-006   0.000000000E+000
   0.12756717619744062E-007  -0.539769599E-005   0.000000000E+000
   0.12787530947327985E-007  -0.883177563E-005   0.000000000E+000
   0.12818344274911908E-007  -0.453415532E-005   0.000000000E+000
   0.12849157602495831E-007   0.564290758E-005   0.000000000E+000
   0.12879970930079754E-007   0.110217261E-004   0.000000000E+000
   0.12910784257663677E-007   0.456915132E-005   0.000000000E+000
   0.12941597585247600E-007  -0.679583263E-005   0.000000000E+000
   0.12972410912831522E-007  -0.100780262E-004   0.000000000E+000
   0.13003224240415445E-007  -0.193590677E-005   0.000000000E+000
   0.13034037567999368E-007   0.826343967E-005   0.000000000E+000
   0.13064850895583291E-007   0.988158354E-005   0.000000000E+000
   0.13095664223167214E-007   0.179833933E-005   0.000000000E+000
   0.13126477550751137E-007  -0.769626877E-005   0.000000000E+000
   0.13157290878335060E-007  -0.930349051E-005   0.000000000E+000
   0.13188104205918982E-007  -0.155778980E-005   0.000000000E+000
   0.13218917533502905E-007   0.724853999E-005   0.000000000E+000
   0.13249730861086828E-007   0.732389481E-005   0.000000000E+000
   0.13280544188670751E-007  -0.136023164E-005   0.000000000E+000
   0.13311357516254674E-007  -0.861999342E-005   0.000000000E+000
   0.13342170843838597E-007  -0.636813638E-005   0.000000000E+000
   0.13372984171422519E-007   0.219122740E-005   0.000000000E+000
   0.13403797499006442E-007   0.793921572E-005   0.000000000E+000
   0.13434610826590365E-007   0.639360997E-005   0.000000000E+000
   0.13465424154174288E-007   0.924442247E-007   0.000000000E+000
   0.13496237481758211E-007  -0.542713497E-005   0.000000000E+000
   0.13527050809342134E-007  -0.524241068E-005   0.000000000E+000
   0.13557864136926057E-007   0.110773772E-005   0.000000000E+000
   0.13588677464509979E-007   0.710014410E-005   0.000000000E+000
   0.13619490792093902E-007   0.526153644E-005   0.000000000E+000
   0.13650304119677825E-007  -0.255432542E-005   0.000000000E+000
   0.13681117447261748E-007  -0.646769195E-005   0.000000000E+000
   0.13711930774845671E-007  -0.189102957E-005   0.000000000E+000
   0.13742744102429594E-007   0.442035798E-005   0.000000000E+000
   0.13773557430013517E-007   0.409574386E-005   0.000000000E+000
   0.13804370757597439E-007  -0.212630721E-005   0.000000000E+000
   0.13835184085181362E-007  -0.628097541E-005   0.000000000E+000
   0.13865997412765285E-007  -0.297395104E-005   0.000000000E+000
   0.13896810740349208E-007   0.452413315E-005   0.000000000E+000
   0.13927624067933131E-007   0.738622839E-005   0.000000000E+000
   0.13958437395517054E-007   0.101203705E-005   0.000000000E+000
   0.13989250723100977E-007  -0.846922376E-005   0.000000000E+000
   0.14020064050684899E-007  -0.102007543E-004   0.000000000E+000
   0.14050877378268822E-007  -0.140553857E-005   0.000000000E+000
   0.14081690705852745E-007   0.913588156E-005   0.000000000E+000
   0.14112504033436668E-007   0.108983113E-004   0.000000000E+000
   0.14143317361020591E-007   0.203095897E-005   0.000000000E+000
   0.14174130688604514E-007  -0.954321968E-005   0.000000000E+000
   0.14204944016188437E-007  -0.127361709E-004   0.000000000E+000
   0.14235757343772359E-007  -0.295613609E-005   0.000000000E+000
   0.14266570671356282E-007   0.114608356E-004   0.000000000E+000
   0.14297383998940205E-007   0.153045039E-004   0.000000000E+000
   0.14328197326524128E-007   0.327373982E-005   0.000000000E+000
   0.14359010654108051E-007  -0.121162311E-004   0.000000000E+000
   0.14389823981691974E-007  -0.142173249E-004   0.000000000E+000
   0.14420637309275897E-007  -0.146041748E-005   0.000000000E+000
   0.14451450636859819E-007   0.119335327E-004   0.000000000E+000
   0.14482263964443742E-007   0.126862824E-004   0.000000000E+000
   0.14513077292027665E-007   0.146617731E-005   0.000000000E+000
   0.14543890619611588E-007  -0.981631638E-005   0.000000000E+000
   0.14574703947195511E-007  -0.102088288E-004   0.000000000E+000
   0.14605517274779434E-007   0.242416718E-006   0.000000000E+000
   0.14636330602363357E-007   0.105252238E-004   0.000000000E+000
   0.14667143929947279E-007   0.959607496E-005   0.000000000E+000
   0.14697957257531202E-007  -0.160553645E-005   0.000000000E+000
   0.14728770585115125E-007  -0.107800870E-004   0.000000000E+000
   0.14759583912699048E-007  -0.799751706E-005   0.000000000E+000
   0.14790397240282971E-007   0.325695601E-005   0.000000000E+000
   0.14821210567866894E-007   0.103802759E-004   0.000000000E+000
   0.14852023895450817E-007   0.561003753E-005   0.000000000E+000
   0.14882837223034739E-007  -0.596390646E-005   0.000000000E+000
   0.14913650550618662E-007  -0.120940458E-004   0.000000000E+000
   0.14944463878202585E-007  -0.624823224E-005   0.000000000E+000
   0.14975277205786508E-007   0.560020908E-005   0.000000000E+000
   0.15006090533370431E-007   0.112619437E-004   0.000000000E+000
   0.15036903860954354E-007   0.504944137E-005   0.000000000E+000
   0.15067717188538277E-007  -0.654610494E-005   0.000000000E+000
   0.15098530516122199E-007  -0.116950314E-004   0.000000000E+000
   0.15129343843706122E-007  -0.507340974E-005   0.000000000E+000
   0.15160157171290045E-007   0.683008784E-005   0.000000000E+000
   0.15190970498873968E-007   0.119802617E-004   0.000000000E+000
   0.15221783826457891E-007   0.518640127E-005   0.000000000E+000
   0.15252597154041814E-007  -0.600560770E-005   0.000000000E+000
   0.15283410481625737E-007  -0.959304998E-005   0.000000000E+000
   0.15314223809209659E-007  -0.282594374E-005   0.000000000E+000
   0.15345037136793582E-007   0.548284788E-005   0.000000000E+000
   0.15375850464377505E-007   0.653429652E-005   0.000000000E+000
   0.15406663791961428E-007   0.135942128E-005   0.000000000E+000
   0.15437477119545351E-007  -0.276243873E-005   0.000000000E+000
   0.15468290447129274E-007  -0.216613535E-005   0.000000000E+000
   0.15499103774713197E-007   0.309151346E-006   0.000000000E+000
   0.15529917102297119E-007   0.920907098E-006   0.000000000E+000
   0.15560730429881042E-007  -0.112931957E-007   0.000000000E+000
   0.15591543757464965E-007   0.130106699E-006   0.000000000E+000
   0.15622357085048888E-007   0.166807479E-005   0.000000000E+000
   0.15653170412632811E-007   0.236441815E-005   0.000000000E+000
   0.15683983740216734E-007   0.122416634E-005   0.000000000E+000
   0.15714797067800657E-007  -0.380871711E-006   0.000000000E+000
   0.15745610395384579E-007  -0.172244677E-005   0.000000000E+000
   0.15776423722968502E-007  -0.346895717E-005   0.000000000E+000
   0.15807237050552425E-007  -0.443137151E-005   0.000000000E+000
   0.15838050378136348E-007  -0.158429316E-005   0.000000000E+000
   0.15868863705720271E-007   0.418894797E-005   0.000000000E+000
   0.15899677033304194E-007   0.611204177E-005   0.000000000E+000
   0.15930490360888117E-007  -0.357911176E-006   0.000000000E+000
   0.15961303688472039E-007  -0.912740688E-005   0.000000000E+000
   0.15992117016055962E-007  -0.871460634E-005   0.000000000E+000
   0.16022930343639885E-007   0.248988545E-005   0.000000000E+000
   0.16053743671223808E-007   0.115396597E-004   0.000000000E+000
   0.16084556998807731E-007   0.694172240E-005   0.000000000E+000
   0.16115370326391654E-007  -0.452976883E-005   0.000000000E+000
   0.16146183653975577E-007  -0.647576917E-005   0.000000000E+000
   0.16176996981559499E-007   0.272751231E-005   0.000000000E+000
   0.16207810309143422E-007   0.733192928E-005   0.000000000E+000
   0.16238623636727345E-007  -0.387129603E-006   0.000000000E+000
   0.16269436964311268E-007  -0.736980428E-005   0.000000000E+000
   0.16300250291895191E-007  -0.177274615E-005   0.000000000E+000
   0.16331063619479114E-007   0.683696999E-005   0.000000000E+000
   0.16361876947063037E-007   0.380287679E-005   0.000000000E+000
   0.16392690274646959E-007  -0.575502236E-005   0.000000000E+000
   0.16423503602230882E-007  -0.629648866E-005   0.000000000E+000
   0.16454316929814805E-007   0.163959476E-005   0.000000000E+000
   0.16485130257398728E-007   0.399544206E-005   0.000000000E+000
   0.16515943584982651E-007  -0.134375387E-005   0.000000000E+000
   0.16546756912566574E-007  -0.215316186E-005   0.000000000E+000
   0.16577570240150497E-007   0.423337178E-005   0.000000000E+000
   0.16608383567734419E-007   0.504311765E-005   0.000000000E+000
   0.16639196895318342E-007  -0.418377613E-005   0.000000000E+000
   0.16670010222902265E-007  -0.894257573E-005   0.000000000E+000
   0.16700823550486188E-007   0.425321559E-006   0.000000000E+000
   0.16731636878070111E-007   0.102429058E-004   0.000000000E+000
   0.16762450205654034E-007   0.402658907E-005   0.000000000E+000
   0.16793263533237957E-007  -0.985429506E-005   0.000000000E+000
   0.16824076860821879E-007  -0.978158823E-005   0.000000000E+000
   0.16854890188405802E-007   0.498245026E-005   0.000000000E+000
   0.16885703515989725E-007   0.122688871E-004   0.000000000E+000
   0.16916516843573648E-007   0.135148366E-005   0.000000000E+000
   0.16947330171157571E-007  -0.104315832E-004   0.000000000E+000
   0.16978143498741494E-007  -0.509818892E-005   0.000000000E+000
   0.17008956826325417E-007   0.833301783E-005   0.000000000E+000
   0.17039770153909339E-007   0.943093437E-005   0.000000000E+000
   0.17070583481493262E-007  -0.166733298E-005   0.000000000E+000
   0.17101396809077185E-007  -0.753312861E-005   0.000000000E+000
   0.17132210136661108E-007  -0.276586934E-005   0.000000000E+000
   0.17163023464245031E-007   0.155022553E-005   0.000000000E+000
   0.17193836791828954E-007   0.102058516E-005   0.000000000E+000
   0.17224650119412876E-007   0.269624411E-005   0.000000000E+000
   0.17255463446996799E-007   0.502216608E-005   0.000000000E+000
   0.17286276774580722E-007  -0.242723308E-005   0.000000000E+000
   0.17317090102164645E-007  -0.139854810E-004   0.000000000E+000
   0.17347903429748568E-007  -0.896397250E-005   0.000000000E+000
   0.17378716757332491E-007   0.124615017E-004   0.000000000E+000
   0.17409530084916414E-007   0.212491577E-004   0.000000000E+000
   0.17440343412500336E-007   0.247639218E-005   0.000000000E+000
   0.17471156740084259E-007  -0.189863295E-004   0.000000000E+000
   0.17501970067668182E-007  -0.152772809E-004   0.000000000E+000
   0.17532783395252105E-007   0.453897337E-005   0.000000000E+000
   0.17563596722836028E-007   0.139135018E-004   0.000000000E+000
   0.17594410050419951E-007   0.847233059E-005   0.000000000E+000
   0.17625223378003874E-007   0.128372449E-005   0.000000000E+000
   0.17656036705587796E-007  -0.473787622E-005   0.000000000E+000
   0.17686850033171719E-007  -0.125459947E-004   0.000000000E+000
   0.17717663360755642E-007  -0.123052114E-004   0.000000000E+000
   0.17748476688339565E-007   0.445733076E-005   0.000000000E+000
   0.17779290015923488E-007   0.211172337E-004   0.000000000E+000
   0.17810103343507411E-007   0.145001968E-004   0.000000000E+000
   0.17840916671091334E-007  -0.859766169E-005   0.000000000E+000
   0.17871729998675256E-007  -0.198616035E-004   0.000000000E+000
   0.17902543326259179E-007  -0.100021434E-004   0.000000000E+000
   0.17933356653843102E-007   0.454334804E-005   0.000000000E+000
   0.17964169981427025E-007   0.112946473E-004   0.000000000E+000
   0.17994983309010948E-007   0.120069353E-004   0.000000000E+000
   0.18025796636594871E-007   0.595396386E-005   0.000000000E+000
   0.18056609964178794E-007  -0.976643059E-005   0.000000000E+000
   0.18087423291762716E-007  -0.223812403E-004   0.000000000E+000
   0.18118236619346639E-007  -0.126412042E-004   0.000000000E+000
   0.18149049946930562E-007   0.133830808E-004   0.000000000E+000
   0.18179863274514485E-007   0.257566171E-004   0.000000000E+000
   0.18210676602098408E-007   0.108283439E-004   0.000000000E+000
   0.18241489929682331E-007  -0.114046106E-004   0.000000000E+000
   0.18272303257266254E-007  -0.175534988E-004   0.000000000E+000
   0.18303116584850176E-007  -0.809481571E-005   0.000000000E+000
   0.18333929912434099E-007   0.422373068E-005   0.000000000E+000
   0.18364743240018022E-007   0.129414066E-004   0.000000000E+000
   0.18395556567601945E-007   0.137879142E-004   0.000000000E+000
   0.18426369895185868E-007   0.145198646E-005   0.000000000E+000
   0.18457183222769791E-007  -0.160713080E-004   0.000000000E+000
   0.18487996550353714E-007  -0.177610964E-004   0.000000000E+000
   0.18518809877937636E-007   0.109720895E-005   0.000000000E+000
   0.18549623205521559E-007   0.169120376E-004   0.000000000E+000
   0.18580436533105482E-007   0.105309755E-004   0.000000000E+000
   0.18611249860689405E-007  -0.557218300E-005   0.000000000E+000
   0.18642063188273328E-007  -0.985212318E-005   0.000000000E+000
   0.18672876515857251E-007  -0.328811939E-005   0.000000000E+000
   0.18703689843441174E-007   0.112499401E-005   0.000000000E+000
   0.18734503171025096E-007   0.295805603E-005   0.000000000E+000
   0.18765316498609019E-007   0.671286261E-005   0.000000000E+000
   0.18796129826192942E-007   0.545591683E-005   0.000000000E+000
   0.18826943153776865E-007  -0.540743531E-005   0.000000000E+000
   0.18857756481360788E-007  -0.121998091E-004   0.000000000E+000
   0.18888569808944711E-007  -0.298182476E-005   0.000000000E+000
   0.18919383136528634E-007   0.982990059E-005   0.000000000E+000
   0.18950196464112556E-007   0.839772565E-005   0.000000000E+000
   0.18981009791696479E-007  -0.212628129E-005   0.000000000E+000
   0.19011823119280402E-007  -0.551257017E-005   0.000000000E+000
   0.19042636446864325E-007  -0.184939631E-005   0.000000000E+000
   0.19073449774448248E-007  -0.122000688E-005   0.000000000E+000
   0.19104263102032171E-007  -0.183587133E-005   0.000000000E+000
   0.19135076429616094E-007   0.342215253E-005   0.000000000E+000
   0.19165889757200016E-007   0.832523256E-005   0.000000000E+000
   0.19196703084783939E-007   0.245488263E-005   0.000000000E+000
   0.19227516412367862E-007  -0.825486586E-005   0.000000000E+000
   0.19258329739951785E-007  -0.926467055E-005   0.000000000E+000
   0.19289143067535708E-007  -0.944528438E-007   0.000000000E+000
   0.19319956395119631E-007   0.709400501E-005   0.000000000E+000
   0.19350769722703554E-007   0.649049662E-005   0.000000000E+000
   0.19381583050287476E-007   0.223297184E-005   0.000000000E+000
   0.19412396377871399E-007  -0.207768653E-005   0.000000000E+000
   0.19443209705455322E-007  -0.523606150E-005   0.000000000E+000
   0.19474023033039245E-007  -0.421205777E-005   0.000000000E+000
   0.19504836360623168E-007   0.160846412E-005   0.000000000E+000
   0.19535649688207091E-007   0.592768538E-005   0.000000000E+000
   0.19566463015791014E-007   0.350839946E-005   0.000000000E+000
   0.19597276343374936E-007  -0.165677830E-005   0.000000000E+000
   0.19628089670958859E-007  -0.305246749E-005   0.000000000E+000
   0.19658902998542782E-007  -0.155014186E-005   0.000000000E+000
   0.19689716326126705E-007  -0.163068455E-005   0.000000000E+000
   0.19720529653710628E-007  -0.243748468E-005   0.000000000E+000
   0.19751342981294551E-007  -0.307508799E-006   0.000000000E+000
   0.19782156308878474E-007   0.299213593E-005   0.000000000E+000
   0.19812969636462396E-007   0.240979261E-005   0.000000000E+000
   0.19843782964046319E-007  -0.143115403E-005   0.000000000E+000
   0.19874596291630242E-007  -0.277634058E-005   0.000000000E+000
   0.19905409619214165E-007  -0.140250449E-006   0.000000000E+000
   0.19936222946798088E-007   0.180129950E-005   0.000000000E+000
   0.19967036274382011E-007   0.649031108E-006   0.000000000E+000
