t              pw-in-box.fdtd_before_Ex_3_3_1.dat       incid
   0.00000000000000000E+000   0.000000000E+000   0.000000000E+000
   0.15406665526684904E-010   0.000000000E+000   0.000000000E+000
   0.30813331053369808E-010   0.000000000E+000   0.000000000E+000
   0.46219996580054712E-010   0.000000000E+000   0.000000000E+000
   0.61626662106739616E-010   0.000000000E+000   0.000000000E+000
   0.77033327633424520E-010   0.000000000E+000   0.000000000E+000
   0.92439993160109424E-010   0.000000000E+000   0.000000000E+000
   0.10784665868679433E-009   0.000000000E+000   0.000000000E+000
   0.12325332421347923E-009   0.000000000E+000   0.126359132E-037
   0.13865998974016414E-009   0.000000000E+000   0.592014409E-037
   0.15406665526684904E-009   0.000000000E+000   0.268766108E-036
   0.16947332079353394E-009   0.000000000E+000   0.121805176E-035
   0.18487998632021885E-009   0.000000000E+000   0.541335704E-035
   0.20028665184690375E-009   0.000000000E+000   0.237356058E-034
   0.21569331737358866E-009   0.000000000E+000   0.102665530E-033
   0.23109998290027356E-009   0.254311251E-035   0.438064592E-033
   0.24650664842695846E-009   0.144282188E-034   0.184409552E-032
   0.26191331395364337E-009   0.607483370E-034   0.765808341E-032
   0.27731997948032827E-009   0.252047272E-033   0.313723279E-031
   0.29272664500701318E-009   0.402246269E-033   0.126795439E-030
   0.30813331053369808E-009   0.915655365E-033   0.505535404E-030
   0.32353997606038298E-009   0.355491606E-032   0.198834832E-029
   0.33894664158706789E-009   0.146528427E-031   0.771546344E-029
   0.35435330711375279E-009   0.576562758E-031   0.295339341E-028
   0.36975997264043770E-009   0.221053758E-030   0.111525776E-027
   0.38516663816712260E-009   0.835159208E-030   0.415486067E-027
   0.40057330369380750E-009   0.311272766E-029   0.152696171E-026
   0.41597996922049241E-009   0.114440706E-028   0.553598856E-026
   0.43138663474717731E-009   0.414996255E-028   0.198010404E-025
   0.44679330027386222E-009   0.148392950E-027   0.698670130E-025
   0.46219996580054712E-009   0.523345751E-027   0.243193639E-024
   0.47760663132723202E-009   0.182048374E-026   0.835133218E-024
   0.49301329685391693E-009   0.624413528E-026   0.282913249E-023
   0.50841996238060183E-009   0.211230234E-025   0.945466913E-023
   0.52382662790728673E-009   0.704755267E-025   0.311719144E-022
   0.53923329343397164E-009   0.231857979E-024   0.101384492E-021
   0.55463995896065654E-009   0.752278171E-024   0.325295137E-021
   0.57004662448734145E-009   0.240727571E-023   0.102968547E-020
   0.58545329001402635E-009   0.759528375E-023   0.321533990E-020
   0.60085995554071125E-009   0.236336874E-022   0.990480525E-020
   0.61626662106739616E-009   0.725268556E-022   0.301012640E-019
   0.63167328659408106E-009   0.219444165E-021   0.902442158E-019
   0.64707995212076597E-009   0.654782925E-021   0.266901741E-018
   0.66248661764745087E-009   0.192679324E-020   0.778756994E-018
   0.67789328317413577E-009   0.559002115E-020   0.224156165E-017
   0.69329994870082068E-009   0.159927197E-019   0.636493478E-017
   0.70870661422750558E-009   0.451218041E-019   0.178302057E-016
   0.72411327975419049E-009   0.125505840E-018   0.492737727E-016
   0.73951994528087539E-009   0.344229609E-018   0.134330187E-015
   0.75492661080756029E-009   0.931028382E-018   0.361283269E-015
   0.77033327633424520E-009   0.248249723E-017   0.958564317E-015
   0.78573994186093010E-009   0.652648688E-017   0.250894081E-014
   0.80114660738761501E-009   0.169195907E-016   0.647853023E-014
   0.81655327291429991E-009   0.432394471E-016   0.165029174E-013
   0.83195993844098481E-009   0.108949639E-015   0.414709804E-013
   0.84736660396766972E-009   0.270677425E-015   0.102811633E-012
   0.86277326949435462E-009   0.662885443E-015   0.251443424E-012
   0.87817993502103953E-009   0.160047924E-014   0.606645918E-012
   0.89358660054772443E-009   0.380979368E-014   0.144392679E-011
   0.90899326607440933E-009   0.893872090E-014   0.339042531E-011
   0.92439993160109424E-009   0.206749206E-013   0.785350257E-011
   0.93980659712777914E-009   0.471424488E-013   0.179467240E-010
   0.95521326265446405E-009   0.105946895E-012   0.404582028E-010
   0.97061992818114895E-009   0.234696865E-012   0.899764013E-010
   0.98602659370783385E-009   0.512538200E-012   0.197406910E-009
   0.10014332592345188E-008   0.110312237E-011   0.427263835E-009
   0.10168399247612037E-008   0.233997457E-011   0.912285858E-009
   0.10322465902878886E-008   0.489235822E-011   0.192166039E-008
   0.10476532558145735E-008   0.100791094E-010   0.399323685E-008
   0.10630599213412584E-008   0.204634816E-010   0.818597368E-008
   0.10784665868679433E-008   0.409476446E-010   0.165549565E-007
   0.10938732523946282E-008   0.807243716E-010   0.330283321E-007
   0.11092799179213131E-008   0.156809829E-009   0.650050183E-007
   0.11246865834479980E-008   0.300179381E-009   0.126216634E-006
   0.11400932489746829E-008   0.566111824E-009   0.241761740E-006
   0.11554999145013678E-008   0.105170139E-008   0.456836233E-006
   0.11709065800280527E-008   0.192529437E-008   0.851612981E-006
   0.11863132455547376E-008   0.347153239E-008   0.156612214E-005
   0.12017199110814225E-008   0.616541573E-008   0.284126213E-005
   0.12171265766081074E-008   0.107860103E-007   0.508516541E-005
   0.12325332421347923E-008   0.185812432E-007   0.897843893E-005
   0.12479399076614772E-008   0.315213669E-007   0.156386468E-004
   0.12633465731881621E-008   0.526631609E-007   0.268723124E-004
   0.12787532387148470E-008   0.866227978E-007   0.455525951E-004
   0.12941599042415319E-008   0.140277749E-006   0.761770425E-004
   0.13095665697682168E-008   0.223641123E-006   0.125673032E-003
   0.13249732352949017E-008   0.350978098E-006   0.204532626E-003
   0.13403799008215866E-008   0.542132568E-006   0.328387192E-003
   0.13557865663482715E-008   0.824137487E-006   0.520135276E-003
   0.13711932318749565E-008   0.123240147E-005   0.812735409E-003
   0.13865998974016414E-008   0.181289010E-005   0.125281047E-002
   0.14020065629283263E-008   0.262367098E-005   0.190514326E-002
   0.14174132284550112E-008   0.373345210E-005   0.285807019E-002
   0.14328198939816961E-008   0.522321989E-005   0.422981801E-002
   0.14482265595083810E-008   0.718513138E-005   0.617555622E-002
   0.14636332250350659E-008   0.971332156E-005   0.889474992E-002
   0.14790398905617508E-008   0.128986430E-004   0.126384869E-001
   0.14944465560884357E-008   0.168336173E-004   0.177158378E-001
   0.15098532216151206E-008   0.215721302E-004   0.244980603E-001
   0.15252598871418055E-008   0.271278641E-004   0.334199332E-001
   0.15406665526684904E-008   0.334644501E-004   0.449763685E-001
   0.15560732181951753E-008   0.404634775E-004   0.597128347E-001
   0.15714798837218602E-008   0.479410483E-004   0.782083645E-001
   0.15868865492485451E-008   0.556258165E-004   0.101051845E+000
   0.16022932147752300E-008   0.631154981E-004   0.128806874E+000
   0.16176998803019149E-008   0.699516677E-004   0.161971241E+000
   0.16331065458285998E-008   0.756030713E-004   0.200928360E+000
   0.16485132113552847E-008   0.795913729E-004   0.245894283E+000
   0.16639198768819696E-008   0.813472579E-004   0.296865523E+000
   0.16793265424086545E-008   0.802946743E-004   0.353569955E+000
   0.16947332079353394E-008   0.758966416E-004   0.415427178E+000
   0.17101398734620243E-008   0.679002042E-004   0.481524825E+000
   0.17255465389887092E-008   0.563571593E-004   0.550613642E+000
   0.17409532045153941E-008   0.413800044E-004   0.621124327E+000
   0.17563598700420791E-008   0.231751219E-004   0.691217542E+000
   0.17717665355687640E-008   0.216651097E-005   0.758848250E+000
   0.17871732010954489E-008  -0.209591981E-004   0.821862757E+000
   0.18025798666221338E-008  -0.453313114E-004   0.878107905E+000
   0.18179865321488187E-008  -0.701456156E-004   0.925551176E+000
   0.18333931976755036E-008  -0.946327564E-004   0.962403417E+000
   0.18487998632021885E-008  -0.118018957E-003   0.987229586E+000
   0.18642065287288734E-008  -0.139524389E-003   0.999040425E+000
   0.18796131942555583E-008  -0.158165232E-003   0.997360528E+000
   0.18950198597822432E-008  -0.172954315E-003   0.982257903E+000
   0.19104265253089281E-008  -0.183151511E-003   0.954339325E+000
   0.19258331908356130E-008  -0.188173610E-003   0.914711893E+000
   0.19412398563622979E-008  -0.187694270E-003   0.864908159E+000
   0.19566465218889828E-008  -0.181281663E-003   0.806788504E+000
   0.19720531874156677E-008  -0.168918676E-003   0.742426753E+000
   0.19874598529423526E-008  -0.150285574E-003   0.673987091E+000
   0.20028665184690375E-008  -0.126033192E-003   0.603606224E+000
   0.20182731839957224E-008  -0.968891400E-004   0.533285797E+000
   0.20336798495224073E-008  -0.644992688E-004   0.464804441E+000
   0.20490865150490922E-008  -0.301185792E-004   0.399654657E+000
   0.20644931805757771E-008   0.470382656E-005   0.339002997E+000
   0.20798998461024620E-008   0.379424346E-004   0.283678293E+000
   0.20953065116291469E-008   0.682483951E-004   0.234181806E+000
   0.21107131771558318E-008   0.938374942E-004   0.190714717E+000
   0.21261198426825167E-008   0.113772636E-003   0.153221250E+000
   0.21415265082092017E-008   0.127029038E-003   0.121439107E+000
   0.21569331737358866E-008   0.133269816E-003   0.949515402E-001
   0.21723398392625715E-008   0.132447691E-003   0.732401162E-001
   0.21877465047892564E-008   0.125550956E-003   0.557315461E-001
   0.22031531703159413E-008   0.113788374E-003   0.418366529E-001
   0.22185598358426262E-008   0.985133956E-004   0.309824776E-001
   0.22339665013693111E-008   0.809498597E-004   0.226350129E-001
   0.22493731668959960E-008   0.623610831E-004   0.163135678E-001
   0.22647798324226809E-008   0.441773736E-004   0.115989950E-001
   0.22801864979493658E-008   0.275258808E-004   0.813574903E-002
   0.22955931634760507E-008   0.131821907E-004   0.562957767E-002
   0.23109998290027356E-008   0.151209770E-005   0.384292332E-002
   0.23264064945294205E-008  -0.734875266E-005   0.258792378E-002
   0.23418131600561054E-008  -0.134787797E-004   0.171927153E-002
   0.23572198255827903E-008  -0.170868498E-004   0.112678274E-002
   0.23726264911094752E-008  -0.185145564E-004   0.728521787E-003
   0.23880331566361601E-008  -0.181887281E-004   0.464673503E-003
   0.24034398221628450E-008  -0.165552447E-004   0.292385434E-003
   0.24188464876895299E-008  -0.140701886E-004   0.181497526E-003
   0.24342531532162148E-008  -0.111985373E-004   0.111144625E-003
   0.24496598187428997E-008  -0.833568174E-005   0.671441812E-004
   0.24650664842695846E-008  -0.569959138E-005   0.400162171E-004
   0.24804731497962695E-008  -0.335753793E-005   0.235269799E-004
   0.24958798153229544E-008  -0.135394635E-005   0.136457738E-004
   0.25112864808496393E-008   0.235528660E-006   0.780797654E-005
   0.25266931463763243E-008   0.137133782E-005   0.440738540E-005
   0.25420998119030092E-008   0.209783229E-005   0.245428532E-005
   0.25575064774296941E-008   0.249838195E-005   0.134827371E-005
   0.25729131429563790E-008   0.264885580E-005   0.730689692E-006
   0.25883198084830639E-008   0.263474249E-005   0.390651081E-006
   0.26037264740097488E-008   0.255830537E-005   0.206041534E-006
   0.26191331395364337E-008   0.248006700E-005   0.107206738E-006
   0.26345398050631186E-008   0.237826521E-005   0.550288100E-007
   0.26499464705898035E-008   0.220798461E-005   0.278656120E-007
   0.26653531361164884E-008   0.198858652E-005   0.139202907E-007
   0.26807598016431733E-008   0.179914991E-005   0.686006674E-008
   0.26961664671698582E-008   0.169362784E-005   0.333518213E-008
   0.27115731326965431E-008   0.165025085E-005   0.159960090E-008
   0.27269797982232280E-008   0.160722664E-005   0.756839258E-009
   0.27423864637499129E-008   0.152579912E-005   0.353270718E-009
   0.27577931292765978E-008   0.141035162E-005   0.162671751E-009
   0.27731997948032827E-008   0.128623799E-005   0.738951747E-010
   0.27886064603299676E-008   0.117815546E-005   0.331156179E-010
   0.28040131258566525E-008   0.110272777E-005   0.146402907E-010
   0.28194197913833374E-008   0.105681988E-005   0.638506912E-011
   0.28348264569100223E-008   0.100778470E-005   0.274723148E-011
   0.28502331224367072E-008   0.917485011E-006   0.116606963E-011
   0.28656397879633921E-008   0.787708871E-006   0.488261233E-012
   0.28810464534900770E-008   0.665691118E-006   0.201694808E-012
   0.28964531190167619E-008   0.593551931E-006   0.821932922E-013
   0.29118597845434468E-008   0.564813831E-006   0.330427349E-013
   0.29272664500701318E-008   0.539007544E-006   0.131048287E-013
   0.29426731155968167E-008   0.486505542E-006   0.512719038E-014
   0.29580797811235016E-008   0.410109351E-006   0.197895907E-014
   0.29734864466501865E-008   0.333249545E-006   0.753537874E-015
   0.29888931121768714E-008   0.278618273E-006   0.283055435E-015
   0.30042997777035563E-008   0.254521836E-006   0.104890168E-015
   0.30197064432302412E-008   0.250908016E-006   0.383456381E-016
   0.30351131087569261E-008   0.244580264E-006   0.138291264E-016
   0.30505197742836110E-008   0.214838607E-006   0.492005374E-017
   0.30659264398102959E-008   0.162536210E-006   0.172688718E-017
   0.30813331053369808E-008   0.113030623E-006   0.597936605E-018
   0.30967397708636657E-008   0.927118222E-007   0.204240574E-018
   0.31121464363903506E-008   0.101186764E-006   0.688243738E-019
   0.31275531019170355E-008   0.112084990E-006   0.228798238E-019
   0.31429597674437204E-008   0.101370013E-006   0.750328264E-020
   0.31583664329704053E-008   0.692360302E-007   0.242756790E-020
   0.31737730984970902E-008   0.347824525E-007   0.774795907E-021
   0.31891797640237751E-008   0.161383511E-007   0.243948255E-021
   0.32045864295504600E-008   0.173818684E-007   0.757758329E-022
   0.32199930950771449E-008   0.288167534E-007   0.232198336E-022
   0.32353997606038298E-008   0.352508103E-007   0.701909659E-023
   0.32508064261305147E-008   0.260239066E-007   0.209327969E-023
   0.32662130916571996E-008   0.264946642E-008   0.615840191E-024
   0.32816197571838845E-008  -0.206726138E-007   0.178731796E-024
   0.32970264227105694E-008  -0.276008691E-007   0.511753606E-025
   0.33124330882372544E-008  -0.153818736E-007   0.144548654E-025
   0.33278397537639393E-008   0.790651100E-009   0.402772233E-026
   0.33432464192906242E-008   0.257176014E-008   0.110721433E-026
   0.33586530848173091E-008  -0.131958835E-007   0.300259821E-027
   0.33740597503439940E-008  -0.332553256E-007   0.803256690E-028
   0.33894664158706789E-008  -0.426151274E-007   0.212001839E-028
   0.34048730813973638E-008  -0.371301425E-007   0.551972613E-029
   0.34202797469240487E-008  -0.240514950E-007   0.141770637E-029
   0.34356864124507336E-008  -0.149854635E-007   0.359239984E-030
   0.34510930779774185E-008  -0.179378361E-007   0.897979060E-031
   0.34664997435041034E-008  -0.317549294E-007   0.221439611E-031
   0.34819064090307883E-008  -0.462065479E-007   0.538724616E-032
   0.34973130745574732E-008  -0.496527690E-007   0.129291366E-032
   0.35127197400841581E-008  -0.395233428E-007   0.306098683E-033
   0.35281264056108430E-008  -0.255735060E-007   0.714967233E-034
   0.35435330711375279E-008  -0.211014619E-007   0.164740812E-034
   0.35589397366642128E-008  -0.301775529E-007   0.374459379E-035
   0.35743464021908977E-008  -0.442978383E-007   0.844646752E-036
   0.35897530677175826E-008  -0.514068148E-007   0.187973046E-036
   0.36051597332442675E-008  -0.467746766E-007   0.405401251E-037
   0.36205663987709524E-008  -0.355422003E-007   0.000000000E+000
   0.36359730642976373E-008  -0.272556928E-007   0.000000000E+000
   0.36513797298243222E-008  -0.285020381E-007   0.000000000E+000
   0.36667863953510071E-008  -0.382549814E-007   0.000000000E+000
   0.36821930608776920E-008  -0.485283600E-007   0.000000000E+000
   0.36975997264043770E-008  -0.507085751E-007   0.000000000E+000
   0.37130063919310619E-008  -0.431056932E-007   0.000000000E+000
   0.37284130574577468E-008  -0.326669323E-007   0.000000000E+000
   0.37438197229844317E-008  -0.286814021E-007   0.000000000E+000
   0.37592263885111166E-008  -0.343369635E-007   0.000000000E+000
   0.37746330540378015E-008  -0.442167014E-007   0.000000000E+000
   0.37900397195644864E-008  -0.497441306E-007   0.000000000E+000
   0.38054463850911713E-008  -0.468075676E-007   0.000000000E+000
   0.38208530506178562E-008  -0.385509438E-007   0.000000000E+000
   0.38362597161445411E-008  -0.319725331E-007   0.000000000E+000
   0.38516663816712260E-008  -0.322413349E-007   0.000000000E+000
   0.38670730471979109E-008  -0.389587207E-007   0.000000000E+000
   0.38824797127245958E-008  -0.465002401E-007   0.000000000E+000
   0.38978863782512807E-008  -0.484619953E-007   0.000000000E+000
   0.39132930437779656E-008  -0.432251746E-007   0.000000000E+000
   0.39286997093046505E-008  -0.355661243E-007   0.000000000E+000
   0.39441063748313354E-008  -0.322626512E-007   0.000000000E+000
   0.39595130403580203E-008  -0.358724961E-007   0.000000000E+000
   0.39749197058847052E-008  -0.428023021E-007   0.000000000E+000
   0.39903263714113901E-008  -0.470415173E-007   0.000000000E+000
   0.40057330369380750E-008  -0.454168756E-007   0.000000000E+000
   0.40211397024647599E-008  -0.397189837E-007   0.000000000E+000
   0.40365463679914448E-008  -0.347175053E-007   0.000000000E+000
   0.40519530335181297E-008  -0.343363737E-007   0.000000000E+000
   0.40673596990448146E-008  -0.387828152E-007   0.000000000E+000
   0.40827663645714996E-008  -0.443691839E-007   0.000000000E+000
   0.40981730300981845E-008  -0.463475551E-007   0.000000000E+000
   0.41135796956248694E-008  -0.429820091E-007   0.000000000E+000
   0.41289863611515543E-008  -0.372972018E-007   0.000000000E+000
   0.41443930266782392E-008  -0.343815785E-007   0.000000000E+000
   0.41597996922049241E-008  -0.366272133E-007   0.000000000E+000
   0.41752063577316090E-008  -0.417118002E-007   0.000000000E+000
   0.41906130232582939E-008  -0.451189344E-007   0.000000000E+000
   0.42060196887849788E-008  -0.442433041E-007   0.000000000E+000
   0.42214263543116637E-008  -0.401972429E-007   0.000000000E+000
   0.42368330198383486E-008  -0.364033248E-007   0.000000000E+000
   0.42522396853650335E-008  -0.357985392E-007   0.000000000E+000
   0.42676463508917184E-008  -0.387606107E-007   0.000000000E+000
   0.42830530164184033E-008  -0.428757332E-007   0.000000000E+000
   0.42984596819450882E-008  -0.447169484E-007   0.000000000E+000
   0.43138663474717731E-008  -0.426505551E-007   0.000000000E+000
   0.43292730129984580E-008  -0.384459575E-007   0.000000000E+000
   0.43446796785251429E-008  -0.358586583E-007   0.000000000E+000
   0.43600863440518278E-008  -0.371518425E-007   0.000000000E+000
   0.43754930095785127E-008  -0.409821759E-007   0.000000000E+000
   0.43908996751051976E-008  -0.438399255E-007   0.000000000E+000
   0.44063063406318825E-008  -0.434058087E-007   0.000000000E+000
   0.44217130061585674E-008  -0.403834974E-007   0.000000000E+000
   0.44371196716852523E-008  -0.374479860E-007   0.000000000E+000
   0.44525263372119372E-008  -0.368702864E-007   0.000000000E+000
   0.44679330027386222E-008  -0.389350170E-007   0.000000000E+000
   0.44833396682653071E-008  -0.419401296E-007   0.000000000E+000
   0.44987463337919920E-008  -0.434724043E-007   0.000000000E+000
   0.45141529993186769E-008  -0.422276329E-007   0.000000000E+000
   0.45295596648453618E-008  -0.391989516E-007   0.000000000E+000
   0.45449663303720467E-008  -0.370217244E-007   0.000000000E+000
   0.45603729958987316E-008  -0.376517058E-007   0.000000000E+000
   0.45757796614254165E-008  -0.404729477E-007   0.000000000E+000
   0.45911863269521014E-008  -0.428742268E-007   0.000000000E+000
   0.46065929924787863E-008  -0.427821938E-007   0.000000000E+000
   0.46219996580054712E-008  -0.405054941E-007   0.000000000E+000
   0.46374063235321561E-008  -0.381621312E-007   0.000000000E+000
   0.46528129890588410E-008  -0.376343188E-007   0.000000000E+000
   0.46682196545855259E-008  -0.391439272E-007   0.000000000E+000
   0.46836263201122108E-008  -0.413701713E-007   0.000000000E+000
   0.46990329856388957E-008  -0.425647499E-007   0.000000000E+000
   0.47144396511655806E-008  -0.417934274E-007   0.000000000E+000
   0.47298463166922655E-008  -0.396540045E-007   0.000000000E+000
   0.47452529822189504E-008  -0.379291301E-007   0.000000000E+000
   0.47606596477456353E-008  -0.381477214E-007   0.000000000E+000
   0.47760663132723202E-008  -0.401423605E-007   0.000000000E+000
   0.47914729787990051E-008  -0.421018775E-007   0.000000000E+000
   0.48068796443256900E-008  -0.422707060E-007   0.000000000E+000
   0.48222863098523749E-008  -0.406082528E-007   0.000000000E+000
   0.48376929753790598E-008  -0.387041261E-007   0.000000000E+000
   0.48530996409057447E-008  -0.381783174E-007   0.000000000E+000
   0.48685063064324297E-008  -0.393026980E-007   0.000000000E+000
   0.48839129719591146E-008  -0.410146015E-007   0.000000000E+000
   0.48993196374857995E-008  -0.419430641E-007   0.000000000E+000
   0.49147263030124844E-008  -0.414215258E-007   0.000000000E+000
   0.49301329685391693E-008  -0.398912796E-007   0.000000000E+000
   0.49455396340658542E-008  -0.385835115E-007   0.000000000E+000
   0.49609462995925391E-008  -0.386062702E-007   0.000000000E+000
   0.49763529651192240E-008  -0.399801330E-007   0.000000000E+000
   0.49917596306459089E-008  -0.415087982E-007   0.000000000E+000
   0.50071662961725938E-008  -0.418177422E-007   0.000000000E+000
   0.50225729616992787E-008  -0.406587759E-007   0.000000000E+000
   0.50379796272259636E-008  -0.391341466E-007   0.000000000E+000
   0.50533862927526485E-008  -0.385988557E-007   0.000000000E+000
   0.50687929582793334E-008  -0.394148287E-007   0.000000000E+000
   0.50841996238060183E-008  -0.407675813E-007   0.000000000E+000
   0.50996062893327032E-008  -0.415185077E-007   0.000000000E+000
   0.51150129548593881E-008  -0.411386907E-007   0.000000000E+000
   0.51304196203860730E-008  -0.400023836E-007   0.000000000E+000
   0.51458262859127579E-008  -0.390263075E-007   0.000000000E+000
   0.51612329514394428E-008  -0.389917290E-007   0.000000000E+000
   0.51766396169661277E-008  -0.399413338E-007   0.000000000E+000
   0.51920462824928126E-008  -0.410838155E-007   0.000000000E+000
   0.52074529480194975E-008  -0.414183212E-007   0.000000000E+000
   0.52228596135461824E-008  -0.406427461E-007   0.000000000E+000
   0.52382662790728673E-008  -0.394682402E-007   0.000000000E+000
   0.52536729445995523E-008  -0.389542407E-007   0.000000000E+000
   0.52690796101262372E-008  -0.395105282E-007   0.000000000E+000
   0.52844862756529221E-008  -0.405730312E-007   0.000000000E+000
   0.52998929411796070E-008  -0.412049168E-007   0.000000000E+000
   0.53152996067062919E-008  -0.409351379E-007   0.000000000E+000
   0.53307062722329768E-008  -0.400647693E-007   0.000000000E+000
   0.53461129377596617E-008  -0.393238970E-007   0.000000000E+000
   0.53615196032863466E-008  -0.392859185E-007   0.000000000E+000
   0.53769262688130315E-008  -0.399621349E-007   0.000000000E+000
   0.53923329343397164E-008  -0.407975236E-007   0.000000000E+000
   0.54077395998664013E-008  -0.410900256E-007   0.000000000E+000
   0.54231462653930862E-008  -0.405794793E-007   0.000000000E+000
   0.54385529309197711E-008  -0.397105602E-007   0.000000000E+000
   0.54539595964464560E-008  -0.392571806E-007   0.000000000E+000
   0.54693662619731409E-008  -0.396088993E-007   0.000000000E+000
   0.54847729274998258E-008  -0.404174116E-007   0.000000000E+000
   0.55001795930265107E-008  -0.409528376E-007   0.000000000E+000
   0.55155862585531956E-008  -0.407842577E-007   0.000000000E+000
   0.55309929240798805E-008  -0.401157472E-007   0.000000000E+000
   0.55463995896065654E-008  -0.395347826E-007   0.000000000E+000
   0.55618062551332503E-008  -0.394965980E-007   0.000000000E+000
   0.55772129206599352E-008  -0.399952462E-007   0.000000000E+000
   0.55926195861866201E-008  -0.406104803E-007   0.000000000E+000
   0.56080262517133050E-008  -0.408418011E-007   0.000000000E+000
   0.56234329172399899E-008  -0.404991347E-007   0.000000000E+000
   0.56388395827666749E-008  -0.398714555E-007   0.000000000E+000
   0.56542462482933598E-008  -0.395015753E-007   0.000000000E+000
   0.56696529138200447E-008  -0.397116153E-007   0.000000000E+000
   0.56850595793467296E-008  -0.403042755E-007   0.000000000E+000
   0.57004662448734145E-008  -0.407455651E-007   0.000000000E+000
   0.57158729104000994E-008  -0.406611207E-007   0.000000000E+000
   0.57312795759267843E-008  -0.401599749E-007   0.000000000E+000
   0.57466862414534692E-008  -0.396961255E-007   0.000000000E+000
   0.57620929069801541E-008  -0.396481035E-007   0.000000000E+000
   0.57774995725068390E-008  -0.400204847E-007   0.000000000E+000
   0.57929062380335239E-008  -0.404846503E-007   0.000000000E+000
   0.58083129035602088E-008  -0.406641902E-007   0.000000000E+000
   0.58237195690868937E-008  -0.404249114E-007   0.000000000E+000
   0.58391262346135786E-008  -0.399716953E-007   0.000000000E+000
   0.58545329001402635E-008  -0.396856450E-007   0.000000000E+000
   0.58699395656669484E-008  -0.398095032E-007   0.000000000E+000
   0.58853462311936333E-008  -0.402324929E-007   0.000000000E+000
   0.59007528967203182E-008  -0.405810070E-007   0.000000000E+000
   0.59161595622470031E-008  -0.405538216E-007   0.000000000E+000
   0.59315662277736880E-008  -0.401914910E-007   0.000000000E+000
   0.59469728933003729E-008  -0.398244921E-007   0.000000000E+000
   0.59623795588270578E-008  -0.397637727E-007   0.000000000E+000
   0.59777862243537427E-008  -0.400366780E-007   0.000000000E+000
   0.59931928898804276E-008  -0.403932603E-007   0.000000000E+000
   0.60085995554071125E-008  -0.405378735E-007   0.000000000E+000
   0.60240062209337975E-008  -0.403670342E-007   0.000000000E+000
   0.60394128864604824E-008  -0.400344895E-007   0.000000000E+000
   0.60548195519871673E-008  -0.398173690E-007   0.000000000E+000
   0.60702262175138522E-008  -0.398926474E-007   0.000000000E+000
   0.60856328830405371E-008  -0.401922620E-007   0.000000000E+000
   0.61010395485672220E-008  -0.404577065E-007   0.000000000E+000
   0.61164462140939069E-008  -0.404615577E-007   0.000000000E+000
   0.61318528796205918E-008  -0.402076950E-007   0.000000000E+000
   0.61472595451472767E-008  -0.399247924E-007   0.000000000E+000
   0.61626662106739616E-008  -0.398569711E-007   0.000000000E+000
   0.61780728762006465E-008  -0.400493256E-007   0.000000000E+000
   0.61934795417273314E-008  -0.403229521E-007   0.000000000E+000
   0.62088862072540163E-008  -0.404447533E-007   0.000000000E+000
   0.62242928727807012E-008  -0.403250127E-007   0.000000000E+000
   0.62396995383073861E-008  -0.400770475E-007   0.000000000E+000
   0.62551062038340710E-008  -0.399100770E-007   0.000000000E+000
   0.62705128693607559E-008  -0.399568520E-007   0.000000000E+000
   0.62859195348874408E-008  -0.401712086E-007   0.000000000E+000
   0.63013262004141257E-008  -0.403701179E-007   0.000000000E+000
   0.63167328659408106E-008  -0.403867411E-007   0.000000000E+000
   0.63321395314674955E-008  -0.402113649E-007   0.000000000E+000
   0.63475461969941804E-008  -0.399989659E-007   0.000000000E+000
   0.63629528625208653E-008  -0.399325231E-007   0.000000000E+000
   0.63783595280475502E-008  -0.400628188E-007   0.000000000E+000
   0.63937661935742351E-008  -0.402693203E-007   0.000000000E+000
   0.64091728591009200E-008  -0.403732017E-007   0.000000000E+000
   0.64245795246276050E-008  -0.402935783E-007   0.000000000E+000
   0.64399861901542899E-008  -0.401081977E-007   0.000000000E+000
   0.64553928556809748E-008  -0.399766940E-007   0.000000000E+000
   0.64707995212076597E-008  -0.400040641E-007   0.000000000E+000
   0.64862061867343446E-008  -0.401595592E-007   0.000000000E+000
   0.65016128522610295E-008  -0.403093914E-007   0.000000000E+000
   0.65170195177877144E-008  -0.403297804E-007   0.000000000E+000
   0.65324261833143993E-008  -0.402080609E-007   0.000000000E+000
   0.65478328488410842E-008  -0.400507680E-007   0.000000000E+000
   0.65632395143677691E-008  -0.399917823E-007   0.000000000E+000
   0.65786461798944540E-008  -0.400778752E-007   0.000000000E+000
   0.65940528454211389E-008  -0.402305673E-007   0.000000000E+000
   0.66094595109478238E-008  -0.403174383E-007   0.000000000E+000
   0.66248661764745087E-008  -0.402680378E-007   0.000000000E+000
   0.66402728420011936E-008  -0.401310665E-007   0.000000000E+000
   0.66556795075278785E-008  -0.400262081E-007   0.000000000E+000
   0.66710861730545634E-008  -0.400390725E-007   0.000000000E+000
   0.66864928385812483E-008  -0.401523117E-007   0.000000000E+000
   0.67018995041079332E-008  -0.402668014E-007   0.000000000E+000
   0.67173061696346181E-008  -0.402878975E-007   0.000000000E+000
   0.67327128351613030E-008  -0.402024547E-007   0.000000000E+000
   0.67481195006879879E-008  -0.400857978E-007   0.000000000E+000
   0.67635261662146728E-008  -0.400362907E-007   0.000000000E+000
   0.67789328317413577E-008  -0.400929565E-007   0.000000000E+000
   0.67943394972680426E-008  -0.402044513E-007   0.000000000E+000
   0.68097461627947276E-008  -0.402748022E-007   0.000000000E+000
   0.68251528283214125E-008  -0.402461247E-007   0.000000000E+000
   0.68405594938480974E-008  -0.401467126E-007   0.000000000E+000
   0.68559661593747823E-008  -0.400636502E-007   0.000000000E+000
   0.68713728249014672E-008  -0.400661513E-007   0.000000000E+000
   0.68867794904281521E-008  -0.401477749E-007   0.000000000E+000
   0.69021861559548370E-008  -0.402360669E-007   0.000000000E+000
   0.69175928214815219E-008  -0.402570954E-007   0.000000000E+000
   0.69329994870082068E-008  -0.401969196E-007   0.000000000E+000
   0.69484061525348917E-008  -0.401095690E-007   0.000000000E+000
   0.69638128180615766E-008  -0.400687696E-007   0.000000000E+000
   0.69792194835882615E-008  -0.401063076E-007   0.000000000E+000
   0.69946261491149464E-008  -0.401876825E-007   0.000000000E+000
   0.70100328146416313E-008  -0.402432825E-007   0.000000000E+000
   0.70254394801683162E-008  -0.402275404E-007   0.000000000E+000
   0.70408461456950011E-008  -0.401563085E-007   0.000000000E+000
   0.70562528112216860E-008  -0.400916242E-007   0.000000000E+000
   0.70716594767483709E-008  -0.400878086E-007   0.000000000E+000
   0.70870661422750558E-008  -0.401455651E-007   0.000000000E+000
   0.71024728078017407E-008  -0.402134539E-007   0.000000000E+000
   0.71178794733284256E-008  -0.402338500E-007   0.000000000E+000
   0.71332861388551105E-008  -0.401920204E-007   0.000000000E+000
   0.71486928043817954E-008  -0.401261495E-007   0.000000000E+000
   0.71640994699084803E-008  -0.400923916E-007   0.000000000E+000
   0.71795061354351652E-008  -0.401171683E-007   0.000000000E+000
   0.71949128009618502E-008  -0.401770066E-007   0.000000000E+000
   0.72103194664885351E-008  -0.402206020E-007   0.000000000E+000
   0.72257261320152200E-008  -0.402124769E-007   0.000000000E+000
   0.72411327975419049E-008  -0.401615203E-007   0.000000000E+000
   0.72565394630685898E-008  -0.401119102E-007   0.000000000E+000
   0.72719461285952747E-008  -0.401051565E-007   0.000000000E+000
   0.72873527941219596E-008  -0.401453946E-007   0.000000000E+000
   0.73027594596486445E-008  -0.401969658E-007   0.000000000E+000
   0.73181661251753294E-008  -0.402158733E-007   0.000000000E+000
   0.73335727907020143E-008  -0.401875013E-007   0.000000000E+000
   0.73489794562286992E-008  -0.401379339E-007   0.000000000E+000
   0.73643861217553841E-008  -0.401099207E-007   0.000000000E+000
   0.73797927872820690E-008  -0.401258369E-007   0.000000000E+000
   0.73951994528087539E-008  -0.401700646E-007   0.000000000E+000
   0.74106061183354388E-008  -0.402043057E-007   0.000000000E+000
   0.74260127838621237E-008  -0.402006819E-007   0.000000000E+000
   0.74414194493888086E-008  -0.401640463E-007   0.000000000E+000
   0.74568261149154935E-008  -0.401262490E-007   0.000000000E+000
   0.74722327804421784E-008  -0.401187350E-007   0.000000000E+000
   0.74876394459688633E-008  -0.401466309E-007   0.000000000E+000
   0.75030461114955482E-008  -0.401853271E-007   0.000000000E+000
   0.75184527770222331E-008  -0.402018934E-007   0.000000000E+000
   0.75338594425489180E-008  -0.401831315E-007   0.000000000E+000
   0.75492661080756029E-008  -0.401462472E-007   0.000000000E+000
   0.75646727736022878E-008  -0.401231794E-007   0.000000000E+000
   0.75800794391289728E-008  -0.401327824E-007   0.000000000E+000
   0.75954861046556577E-008  -0.401653963E-007   0.000000000E+000
   0.76108927701823426E-008  -0.401924751E-007   0.000000000E+000
   0.76262994357090275E-008  -0.401916864E-007   0.000000000E+000
   0.76417061012357124E-008  -0.401651725E-007   0.000000000E+000
   0.76571127667623973E-008  -0.401362783E-007   0.000000000E+000
   0.76725194322890822E-008  -0.401290450E-007   0.000000000E+000
   0.76879260978157671E-008  -0.401484783E-007   0.000000000E+000
   0.77033327633424520E-008  -0.401773370E-007   0.000000000E+000
   0.77187394288691369E-008  -0.401912352E-007   0.000000000E+000
   0.77341460943958218E-008  -0.401790494E-007   0.000000000E+000
   0.77495527599225067E-008  -0.401518960E-007   0.000000000E+000
   0.77649594254491916E-008  -0.401332301E-007   0.000000000E+000
   0.77803660909758765E-008  -0.401385520E-007   0.000000000E+000
   0.77957727565025614E-008  -0.401623907E-007   0.000000000E+000
   0.78111794220292463E-008  -0.401837390E-007   0.000000000E+000
   0.78265860875559312E-008  -0.401847160E-007   0.000000000E+000
   0.78419927530826161E-008  -0.401655811E-007   0.000000000E+000
   0.78573994186093010E-008  -0.401434050E-007   0.000000000E+000
   0.78728060841359859E-008  -0.401367792E-007   0.000000000E+000
   0.78882127496626708E-008  -0.401503684E-007   0.000000000E+000
   0.79036194151893557E-008  -0.401719440E-007   0.000000000E+000
   0.79190260807160406E-008  -0.401832878E-007   0.000000000E+000
   0.79344327462427255E-008  -0.401753937E-007   0.000000000E+000
   0.79498394117694104E-008  -0.401555447E-007   0.000000000E+000
   0.79652460772960954E-008  -0.401407760E-007   0.000000000E+000
   0.79806527428227803E-008  -0.401433695E-007   0.000000000E+000
   0.79960594083494652E-008  -0.401605398E-007   0.000000000E+000
   0.80114660738761501E-008  -0.401771807E-007   0.000000000E+000
   0.80268727394028350E-008  -0.401792128E-007   0.000000000E+000
   0.80422794049295199E-008  -0.401656060E-007   0.000000000E+000
   0.80576860704562048E-008  -0.401486062E-007   0.000000000E+000
   0.80730927359828897E-008  -0.401426341E-007   0.000000000E+000
   0.80884994015095746E-008  -0.401520630E-007   0.000000000E+000
   0.81039060670362595E-008  -0.401682421E-007   0.000000000E+000
   0.81193127325629444E-008  -0.401774187E-007   0.000000000E+000
   0.81347193980896293E-008  -0.401723170E-007   0.000000000E+000
   0.81501260636163142E-008  -0.401577864E-007   0.000000000E+000
   0.81655327291429991E-008  -0.401463041E-007   0.000000000E+000
   0.81809393946696840E-008  -0.401473486E-007   0.000000000E+000
   0.81963460601963689E-008  -0.401596090E-007   0.000000000E+000
   0.82117527257230538E-008  -0.401723774E-007   0.000000000E+000
   0.82271593912497387E-008  -0.401748395E-007   0.000000000E+000
   0.82425660567764236E-008  -0.401652827E-007   0.000000000E+000
   0.82579727223031085E-008  -0.401523259E-007   0.000000000E+000
   0.82733793878297934E-008  -0.401470821E-007   0.000000000E+000
   0.82887860533564783E-008  -0.401535623E-007   0.000000000E+000
   0.83041927188831632E-008  -0.401657054E-007   0.000000000E+000
   0.83195993844098481E-008  -0.401730951E-007   0.000000000E+000
   0.83350060499365330E-008  -0.401698586E-007   0.000000000E+000
   0.83504127154632179E-008  -0.401592075E-007   0.000000000E+000
   0.83658193809899029E-008  -0.401503080E-007   0.000000000E+000
   0.83812260465165878E-008  -0.401504678E-007   0.000000000E+000
   0.83966327120432727E-008  -0.401592111E-007   0.000000000E+000
   0.84120393775699576E-008  -0.401689242E-007   0.000000000E+000
   0.84274460430966425E-008  -0.401713898E-007   0.000000000E+000
   0.84428527086233274E-008  -0.401647782E-007   0.000000000E+000
   0.84582593741500123E-008  -0.401550331E-007   0.000000000E+000
   0.84736660396766972E-008  -0.401505318E-007   0.000000000E+000
   0.84890727052033821E-008  -0.401548377E-007   0.000000000E+000
   0.85044793707300670E-008  -0.401638935E-007   0.000000000E+000
   0.85198860362567519E-008  -0.401698550E-007   0.000000000E+000
   0.85352927017834368E-008  -0.401679152E-007   0.000000000E+000
   0.85506993673101217E-008  -0.401601028E-007   0.000000000E+000
   0.85661060328368066E-008  -0.401531999E-007   0.000000000E+000
   0.85815126983634915E-008  -0.401528943E-007   0.000000000E+000
   0.85969193638901764E-008  -0.401591436E-007   0.000000000E+000
   0.86123260294168613E-008  -0.401664764E-007   0.000000000E+000
   0.86277326949435462E-008  -0.401687217E-007   0.000000000E+000
   0.86431393604702311E-008  -0.401641920E-007   0.000000000E+000
   0.86585460259969160E-008  -0.401569444E-007   0.000000000E+000
   0.86739526915236009E-008  -0.401531786E-007   0.000000000E+000
   0.86893593570502858E-008  -0.401559497E-007   0.000000000E+000
   0.87047660225769707E-008  -0.401626465E-007   0.000000000E+000
   0.87201726881036556E-008  -0.401674320E-007   0.000000000E+000
   0.87355793536303405E-008  -0.401663627E-007   0.000000000E+000
   0.87509860191570255E-008  -0.401606357E-007   0.000000000E+000
   0.87663926846837104E-008  -0.401552924E-007   0.000000000E+000
   0.87817993502103953E-008  -0.401547524E-007   0.000000000E+000
   0.87972060157370802E-008  -0.401592182E-007   0.000000000E+000
   0.88126126812637651E-008  -0.401647533E-007   0.000000000E+000
   0.88280193467904500E-008  -0.401667108E-007   0.000000000E+000
   0.88434260123171349E-008  -0.401636093E-007   0.000000000E+000
   0.88588326778438198E-008  -0.401582270E-007   0.000000000E+000
   0.88742393433705047E-008  -0.401551752E-007   0.000000000E+000
   0.88896460088971896E-008  -0.401569267E-007   0.000000000E+000
   0.89050526744238745E-008  -0.401618152E-007   0.000000000E+000
   0.89204593399505594E-008  -0.401655882E-007   0.000000000E+000
   0.89358660054772443E-008  -0.401651228E-007   0.000000000E+000
   0.89512726710039292E-008  -0.401610052E-007   0.000000000E+000
   0.89666793365306141E-008  -0.401568556E-007   0.000000000E+000
   0.89820860020572990E-008  -0.401561593E-007   0.000000000E+000
   0.89974926675839839E-008  -0.401593354E-007   0.000000000E+000
   0.90128993331106688E-008  -0.401635418E-007   0.000000000E+000
   0.90283059986373537E-008  -0.401652152E-007   0.000000000E+000
   0.90437126641640386E-008  -0.401630764E-007   0.000000000E+000
   0.90591193296907235E-008  -0.401590938E-007   0.000000000E+000
   0.90745259952174084E-008  -0.401566602E-007   0.000000000E+000
   0.90899326607440933E-008  -0.401577296E-007   0.000000000E+000
   0.91053393262707782E-008  -0.401612716E-007   0.000000000E+000
   0.91207459917974631E-008  -0.401642311E-007   0.000000000E+000
   0.91361526573241481E-008  -0.401641493E-007   0.000000000E+000
   0.91515593228508330E-008  -0.401611970E-007   0.000000000E+000
   0.91669659883775179E-008  -0.401579889E-007   0.000000000E+000
   0.91823726539042028E-008  -0.401572571E-007   0.000000000E+000
   0.91977793194308877E-008  -0.401594917E-007   0.000000000E+000
   0.92131859849575726E-008  -0.401626608E-007   0.000000000E+000
   0.92285926504842575E-008  -0.401640676E-007   0.000000000E+000
   0.92439993160109424E-008  -0.401626394E-007   0.000000000E+000
   0.92594059815376273E-008  -0.401596942E-007   0.000000000E+000
   0.92748126470643122E-008  -0.401577438E-007   0.000000000E+000
   0.92902193125909971E-008  -0.401583868E-007   0.000000000E+000
   0.93056259781176820E-008  -0.401609803E-007   0.000000000E+000
   0.93210326436443669E-008  -0.401632576E-007   0.000000000E+000
   0.93364393091710518E-008  -0.401633109E-007   0.000000000E+000
   0.93518459746977367E-008  -0.401612112E-007   0.000000000E+000
   0.93672526402244216E-008  -0.401588203E-007   0.000000000E+000
   0.93826593057511065E-008  -0.401581453E-007   0.000000000E+000
   0.93980659712777914E-008  -0.401596623E-007   0.000000000E+000
   0.94134726368044763E-008  -0.401620071E-007   0.000000000E+000
   0.94288793023311612E-008  -0.401632008E-007   0.000000000E+000
   0.94442859678578461E-008  -0.401622877E-007   0.000000000E+000
   0.94596926333845310E-008  -0.401601135E-007   0.000000000E+000
   0.94750992989112159E-008  -0.401585538E-007   0.000000000E+000
   0.94905059644379008E-008  -0.401588878E-007   0.000000000E+000
   0.95059126299645857E-008  -0.401607529E-007   0.000000000E+000
   0.95213192954912707E-008  -0.401625293E-007   0.000000000E+000
   0.95367259610179556E-008  -0.401627389E-007   0.000000000E+000
   0.95521326265446405E-008  -0.401612645E-007   0.000000000E+000
   0.95675392920713254E-008  -0.401594100E-007   0.000000000E+000
   0.95829459575980103E-008  -0.401587457E-007   0.000000000E+000
   0.95983526231246952E-008  -0.401598044E-007   0.000000000E+000
   0.96137592886513801E-008  -0.401616020E-007   0.000000000E+000
   0.96291659541780650E-008  -0.401625755E-007   0.000000000E+000
   0.96445726197047499E-008  -0.401619573E-007   0.000000000E+000
   0.96599792852314348E-008  -0.401603657E-007   0.000000000E+000
   0.96753859507581197E-008  -0.401591684E-007   0.000000000E+000
   0.96907926162848046E-008  -0.401593319E-007   0.000000000E+000
   0.97061992818114895E-008  -0.401606606E-007   0.000000000E+000
   0.97216059473381744E-008  -0.401620142E-007   0.000000000E+000
   0.97370126128648593E-008  -0.401622380E-007   0.000000000E+000
   0.97524192783915442E-008  -0.401611899E-007   0.000000000E+000
   0.97678259439182291E-008  -0.401598115E-007   0.000000000E+000
   0.97832326094449140E-008  -0.401592750E-007   0.000000000E+000
   0.97986392749715989E-008  -0.401599749E-007   0.000000000E+000
   0.98140459404982838E-008  -0.401612823E-007   0.000000000E+000
   0.98294526060249687E-008  -0.401620923E-007   0.000000000E+000
   0.98448592715516536E-008  -0.401617299E-007   0.000000000E+000
   0.98602659370783385E-008  -0.401605398E-007   0.000000000E+000
   0.98756726026050234E-008  -0.401595770E-007   0.000000000E+000
   0.98910792681317083E-008  -0.401596445E-007   0.000000000E+000
   0.99064859336583933E-008  -0.401606144E-007   0.000000000E+000
   0.99218925991850782E-008  -0.401616376E-007   0.000000000E+000
   0.99372992647117631E-008  -0.401618685E-007   0.000000000E+000
   0.99527059302384480E-008  -0.401611473E-007   0.000000000E+000
   0.99681125957651329E-008  -0.401600992E-007   0.000000000E+000
   0.99835192612918178E-008  -0.401596232E-007   0.000000000E+000
   0.99989259268185027E-008  -0.401601135E-007   0.000000000E+000
   0.10014332592345188E-007  -0.401611011E-007   0.000000000E+000
   0.10029739257871872E-007  -0.401617228E-007   0.000000000E+000
   0.10045145923398557E-007  -0.401614990E-007   0.000000000E+000
   0.10060552588925242E-007  -0.401606783E-007   0.000000000E+000
   0.10075959254451927E-007  -0.401599358E-007   0.000000000E+000
   0.10091365919978612E-007  -0.401598790E-007   0.000000000E+000
   0.10106772585505297E-007  -0.401605504E-007   0.000000000E+000
   0.10122179251031982E-007  -0.401613605E-007   0.000000000E+000
   0.10137585916558667E-007  -0.401616056E-007   0.000000000E+000
   0.10152992582085352E-007  -0.401610940E-007   0.000000000E+000
   0.10168399247612037E-007  -0.401603053E-007   0.000000000E+000
   0.10183805913138722E-007  -0.401599145E-007   0.000000000E+000
   0.10199212578665406E-007  -0.401602200E-007   0.000000000E+000
   0.10214619244192091E-007  -0.401609483E-007   0.000000000E+000
   0.10230025909718776E-007  -0.401614635E-007   0.000000000E+000
   0.10245432575245461E-007  -0.401613462E-007   0.000000000E+000
   0.10260839240772146E-007  -0.401607139E-007   0.000000000E+000
   0.10276245906298831E-007  -0.401601383E-007   0.000000000E+000
   0.10291652571825516E-007  -0.401600957E-007   0.000000000E+000
   0.10307059237352201E-007  -0.401605895E-007   0.000000000E+000
   0.10322465902878886E-007  -0.401611828E-007   0.000000000E+000
   0.10337872568405571E-007  -0.401613853E-007   0.000000000E+000
   0.10353279233932255E-007  -0.401610514E-007   0.000000000E+000
   0.10368685899458940E-007  -0.401604581E-007   0.000000000E+000
   0.10384092564985625E-007  -0.401601277E-007   0.000000000E+000
   0.10399499230512310E-007  -0.401603373E-007   0.000000000E+000
   0.10414905896038995E-007  -0.401608737E-007   0.000000000E+000
   0.10430312561565680E-007  -0.401612716E-007   0.000000000E+000
   0.10445719227092365E-007  -0.401612112E-007   0.000000000E+000
   0.10461125892619050E-007  -0.401607565E-007   0.000000000E+000
   0.10476532558145735E-007  -0.401603053E-007   0.000000000E+000
   0.10491939223672420E-007  -0.401602342E-007   0.000000000E+000
   0.10507345889199105E-007  -0.401605966E-007   0.000000000E+000
   0.10522752554725789E-007  -0.401610691E-007   0.000000000E+000
   0.10538159220252474E-007  -0.401612361E-007   0.000000000E+000
   0.10553565885779159E-007  -0.401609839E-007   0.000000000E+000
   0.10568972551305844E-007  -0.401605433E-007   0.000000000E+000
   0.10584379216832529E-007  -0.401603018E-007   0.000000000E+000
   0.10599785882359214E-007  -0.401604439E-007   0.000000000E+000
   0.10615192547885899E-007  -0.401608133E-007   0.000000000E+000
   0.10630599213412584E-007  -0.401610976E-007   0.000000000E+000
   0.10646005878939269E-007  -0.401610905E-007   0.000000000E+000
   0.10661412544465954E-007  -0.401607885E-007   0.000000000E+000
   0.10676819209992638E-007  -0.401604474E-007   0.000000000E+000
   0.10692225875519323E-007  -0.401603657E-007   0.000000000E+000
   0.10707632541046008E-007  -0.401606144E-007   0.000000000E+000
   0.10723039206572693E-007  -0.401609661E-007   0.000000000E+000
   0.10738445872099378E-007  -0.401611011E-007   0.000000000E+000
   0.10753852537626063E-007  -0.401609306E-007   0.000000000E+000
   0.10769259203152748E-007  -0.401606179E-007   0.000000000E+000
   0.10784665868679433E-007  -0.401604261E-007   0.000000000E+000
   0.10800072534206118E-007  -0.401604972E-007   0.000000000E+000
   0.10815479199732803E-007  -0.401607601E-007   0.000000000E+000
   0.10830885865259487E-007  -0.401610052E-007   0.000000000E+000
   0.10846292530786172E-007  -0.401610372E-007   0.000000000E+000
   0.10861699196312857E-007  -0.401608169E-007   0.000000000E+000
   0.10877105861839542E-007  -0.401605362E-007   0.000000000E+000
   0.10892512527366227E-007  -0.401604403E-007   0.000000000E+000
   0.10907919192892912E-007  -0.401606144E-007   0.000000000E+000
   0.10923325858419597E-007  -0.401608879E-007   0.000000000E+000
   0.10938732523946282E-007  -0.401610194E-007   0.000000000E+000
   0.10954139189472967E-007  -0.401609164E-007   0.000000000E+000
   0.10969545854999652E-007  -0.401606712E-007   0.000000000E+000
   0.10984952520526337E-007  -0.401605007E-007   0.000000000E+000
   0.11000359186053021E-007  -0.401605469E-007   0.000000000E+000
   0.11015765851579706E-007  -0.401607458E-007   0.000000000E+000
   0.11031172517106391E-007  -0.401609199E-007   0.000000000E+000
   0.11046579182633076E-007  -0.401609448E-007   0.000000000E+000
   0.11061985848159761E-007  -0.401608098E-007   0.000000000E+000
   0.11077392513686446E-007  -0.401606179E-007   0.000000000E+000
   0.11092799179213131E-007  -0.401605220E-007   0.000000000E+000
   0.11108205844739816E-007  -0.401606144E-007   0.000000000E+000
   0.11123612510266501E-007  -0.401608240E-007   0.000000000E+000
   0.11139019175793186E-007  -0.401609590E-007   0.000000000E+000
   0.11154425841319870E-007  -0.401608915E-007   0.000000000E+000
   0.11169832506846555E-007  -0.401606961E-007   0.000000000E+000
   0.11185239172373240E-007  -0.401605575E-007   0.000000000E+000
   0.11200645837899925E-007  -0.401605860E-007   0.000000000E+000
   0.11216052503426610E-007  -0.401607387E-007   0.000000000E+000
   0.11231459168953295E-007  -0.401608844E-007   0.000000000E+000
   0.11246865834479980E-007  -0.401609093E-007   0.000000000E+000
   0.11262272500006665E-007  -0.401607991E-007   0.000000000E+000
   0.11277679165533350E-007  -0.401606393E-007   0.000000000E+000
   0.11293085831060035E-007  -0.401605718E-007   0.000000000E+000
   0.11308492496586720E-007  -0.401606570E-007   0.000000000E+000
   0.11323899162113404E-007  -0.401608133E-007   0.000000000E+000
   0.11339305827640089E-007  -0.401609022E-007   0.000000000E+000
   0.11354712493166774E-007  -0.401608453E-007   0.000000000E+000
   0.11370119158693459E-007  -0.401607103E-007   0.000000000E+000
   0.11385525824220144E-007  -0.401606179E-007   0.000000000E+000
   0.11400932489746829E-007  -0.401606179E-007   0.000000000E+000
   0.11416339155273514E-007  -0.401607103E-007   0.000000000E+000
   0.11431745820800199E-007  -0.401608276E-007   0.000000000E+000
   0.11447152486326884E-007  -0.401608737E-007   0.000000000E+000
   0.11462559151853569E-007  -0.401608098E-007   0.000000000E+000
   0.11477965817380253E-007  -0.401606854E-007   0.000000000E+000
   0.11493372482906938E-007  -0.401606073E-007   0.000000000E+000
   0.11508779148433623E-007  -0.401606499E-007   0.000000000E+000
   0.11524185813960308E-007  -0.401607672E-007   0.000000000E+000
   0.11539592479486993E-007  -0.401608453E-007   0.000000000E+000
   0.11554999145013678E-007  -0.401608276E-007   0.000000000E+000
   0.11570405810540363E-007  -0.401607316E-007   0.000000000E+000
   0.11585812476067048E-007  -0.401606428E-007   0.000000000E+000
   0.11601219141593733E-007  -0.401606322E-007   0.000000000E+000
   0.11616625807120418E-007  -0.401607174E-007   0.000000000E+000
   0.11632032472647102E-007  -0.401608204E-007   0.000000000E+000
   0.11647439138173787E-007  -0.401608453E-007   0.000000000E+000
   0.11662845803700472E-007  -0.401607885E-007   0.000000000E+000
   0.11678252469227157E-007  -0.401607032E-007   0.000000000E+000
   0.11693659134753842E-007  -0.401606464E-007   0.000000000E+000
   0.11709065800280527E-007  -0.401606677E-007   0.000000000E+000
   0.11724472465807212E-007  -0.401607458E-007   0.000000000E+000
   0.11739879131333897E-007  -0.401608204E-007   0.000000000E+000
   0.11755285796860582E-007  -0.401608276E-007   0.000000000E+000
   0.11770692462387267E-007  -0.401607565E-007   0.000000000E+000
   0.11786099127913952E-007  -0.401606677E-007   0.000000000E+000
   0.11801505793440636E-007  -0.401606535E-007   0.000000000E+000
   0.11816912458967321E-007  -0.401607174E-007   0.000000000E+000
   0.11832319124494006E-007  -0.401607920E-007   0.000000000E+000
   0.11847725790020691E-007  -0.401608169E-007   0.000000000E+000
   0.11863132455547376E-007  -0.401607885E-007   0.000000000E+000
   0.11878539121074061E-007  -0.401607281E-007   0.000000000E+000
   0.11893945786600746E-007  -0.401606677E-007   0.000000000E+000
   0.11909352452127431E-007  -0.401606677E-007   0.000000000E+000
   0.11924759117654116E-007  -0.401607494E-007   0.000000000E+000
   0.11940165783180801E-007  -0.401608276E-007   0.000000000E+000
   0.11955572448707485E-007  -0.401608169E-007   0.000000000E+000
   0.11970979114234170E-007  -0.401607387E-007   0.000000000E+000
   0.11986385779760855E-007  -0.401606819E-007   0.000000000E+000
   0.12001792445287540E-007  -0.401606961E-007   0.000000000E+000
   0.12017199110814225E-007  -0.401607387E-007   0.000000000E+000
   0.12032605776340910E-007  -0.401607778E-007   0.000000000E+000
   0.12048012441867595E-007  -0.401607991E-007   0.000000000E+000
   0.12063419107394280E-007  -0.401607743E-007   0.000000000E+000
   0.12078825772920965E-007  -0.401607245E-007   0.000000000E+000
   0.12094232438447650E-007  -0.401606854E-007   0.000000000E+000
   0.12109639103974335E-007  -0.401606925E-007   0.000000000E+000
   0.12125045769501019E-007  -0.401607387E-007   0.000000000E+000
   0.12140452435027704E-007  -0.401607991E-007   0.000000000E+000
   0.12155859100554389E-007  -0.401608062E-007   0.000000000E+000
   0.12171265766081074E-007  -0.401607529E-007   0.000000000E+000
   0.12186672431607759E-007  -0.401606925E-007   0.000000000E+000
   0.12202079097134444E-007  -0.401606890E-007   0.000000000E+000
   0.12217485762661129E-007  -0.401607316E-007   0.000000000E+000
   0.12232892428187814E-007  -0.401607672E-007   0.000000000E+000
   0.12248299093714499E-007  -0.401607778E-007   0.000000000E+000
   0.12263705759241184E-007  -0.401607672E-007   0.000000000E+000
   0.12279112424767868E-007  -0.401607423E-007   0.000000000E+000
   0.12294519090294553E-007  -0.401607316E-007   0.000000000E+000
   0.12309925755821238E-007  -0.401607281E-007   0.000000000E+000
   0.12325332421347923E-007  -0.401607281E-007   0.000000000E+000
   0.12340739086874608E-007  -0.401607423E-007   0.000000000E+000
   0.12356145752401293E-007  -0.401607778E-007   0.000000000E+000
   0.12371552417927978E-007  -0.401607849E-007   0.000000000E+000
   0.12386959083454663E-007  -0.401607423E-007   0.000000000E+000
   0.12402365748981348E-007  -0.401607068E-007   0.000000000E+000
   0.12417772414508033E-007  -0.401607210E-007   0.000000000E+000
   0.12433179080034718E-007  -0.401607565E-007   0.000000000E+000
   0.12448585745561402E-007  -0.401607743E-007   0.000000000E+000
   0.12463992411088087E-007  -0.401607672E-007   0.000000000E+000
   0.12479399076614772E-007  -0.401607494E-007   0.000000000E+000
   0.12494805742141457E-007  -0.401607352E-007   0.000000000E+000
   0.12510212407668142E-007  -0.401607352E-007   0.000000000E+000
   0.12525619073194827E-007  -0.401607529E-007   0.000000000E+000
   0.12541025738721512E-007  -0.401607636E-007   0.000000000E+000
   0.12556432404248197E-007  -0.401607529E-007   0.000000000E+000
   0.12571839069774882E-007  -0.401607458E-007   0.000000000E+000
   0.12587245735301567E-007  -0.401607458E-007   0.000000000E+000
   0.12602652400828251E-007  -0.401607458E-007   0.000000000E+000
   0.12618059066354936E-007  -0.401607423E-007   0.000000000E+000
   0.12633465731881621E-007  -0.401607494E-007   0.000000000E+000
   0.12648872397408306E-007  -0.401607636E-007   0.000000000E+000
   0.12664279062934991E-007  -0.401607601E-007   0.000000000E+000
   0.12679685728461676E-007  -0.401607245E-007   0.000000000E+000
   0.12695092393988361E-007  -0.401607139E-007   0.000000000E+000
   0.12710499059515046E-007  -0.401607423E-007   0.000000000E+000
   0.12725905725041731E-007  -0.401607672E-007   0.000000000E+000
   0.12741312390568416E-007  -0.401607601E-007   0.000000000E+000
   0.12756719056095100E-007  -0.401607565E-007   0.000000000E+000
   0.12772125721621785E-007  -0.401607672E-007   0.000000000E+000
   0.12787532387148470E-007  -0.401607529E-007   0.000000000E+000
   0.12802939052675155E-007  -0.401607139E-007   0.000000000E+000
   0.12818345718201840E-007  -0.401607103E-007   0.000000000E+000
   0.12833752383728525E-007  -0.401607565E-007   0.000000000E+000
   0.12849159049255210E-007  -0.401607920E-007   0.000000000E+000
   0.12864565714781895E-007  -0.401607672E-007   0.000000000E+000
   0.12879972380308580E-007  -0.401607281E-007   0.000000000E+000
   0.12895379045835265E-007  -0.401607139E-007   0.000000000E+000
   0.12910785711361950E-007  -0.401607210E-007   0.000000000E+000
   0.12926192376888634E-007  -0.401607458E-007   0.000000000E+000
   0.12941599042415319E-007  -0.401607707E-007   0.000000000E+000
   0.12957005707942004E-007  -0.401607707E-007   0.000000000E+000
   0.12972412373468689E-007  -0.401607565E-007   0.000000000E+000
   0.12987819038995374E-007  -0.401607458E-007   0.000000000E+000
   0.13003225704522059E-007  -0.401607352E-007   0.000000000E+000
   0.13018632370048744E-007  -0.401607281E-007   0.000000000E+000
   0.13034039035575429E-007  -0.401607423E-007   0.000000000E+000
   0.13049445701102114E-007  -0.401607672E-007   0.000000000E+000
   0.13064852366628799E-007  -0.401607672E-007   0.000000000E+000
   0.13080259032155483E-007  -0.401607458E-007   0.000000000E+000
   0.13095665697682168E-007  -0.401607458E-007   0.000000000E+000
   0.13111072363208853E-007  -0.401607529E-007   0.000000000E+000
   0.13126479028735538E-007  -0.401607529E-007   0.000000000E+000
   0.13141885694262223E-007  -0.401607494E-007   0.000000000E+000
   0.13157292359788908E-007  -0.401607565E-007   0.000000000E+000
   0.13172699025315593E-007  -0.401607636E-007   0.000000000E+000
   0.13188105690842278E-007  -0.401607636E-007   0.000000000E+000
   0.13203512356368963E-007  -0.401607529E-007   0.000000000E+000
   0.13218919021895648E-007  -0.401607423E-007   0.000000000E+000
   0.13234325687422333E-007  -0.401607387E-007   0.000000000E+000
   0.13249732352949017E-007  -0.401607494E-007   0.000000000E+000
   0.13265139018475702E-007  -0.401607743E-007   0.000000000E+000
   0.13280545684002387E-007  -0.401607778E-007   0.000000000E+000
   0.13295952349529072E-007  -0.401607529E-007   0.000000000E+000
   0.13311359015055757E-007  -0.401607352E-007   0.000000000E+000
   0.13326765680582442E-007  -0.401607494E-007   0.000000000E+000
   0.13342172346109127E-007  -0.401607743E-007   0.000000000E+000
   0.13357579011635812E-007  -0.401607743E-007   0.000000000E+000
   0.13372985677162497E-007  -0.401607565E-007   0.000000000E+000
   0.13388392342689182E-007  -0.401607387E-007   0.000000000E+000
   0.13403799008215866E-007  -0.401607387E-007   0.000000000E+000
   0.13419205673742551E-007  -0.401607601E-007   0.000000000E+000
   0.13434612339269236E-007  -0.401607707E-007   0.000000000E+000
   0.13450019004795921E-007  -0.401607565E-007   0.000000000E+000
   0.13465425670322606E-007  -0.401607458E-007   0.000000000E+000
   0.13480832335849291E-007  -0.401607565E-007   0.000000000E+000
   0.13496239001375976E-007  -0.401607672E-007   0.000000000E+000
   0.13511645666902661E-007  -0.401607636E-007   0.000000000E+000
   0.13527052332429346E-007  -0.401607387E-007   0.000000000E+000
   0.13542458997956031E-007  -0.401607387E-007   0.000000000E+000
   0.13557865663482715E-007  -0.401607636E-007   0.000000000E+000
   0.13573272329009400E-007  -0.401607778E-007   0.000000000E+000
   0.13588678994536085E-007  -0.401607601E-007   0.000000000E+000
   0.13604085660062770E-007  -0.401607494E-007   0.000000000E+000
   0.13619492325589455E-007  -0.401607565E-007   0.000000000E+000
   0.13634898991116140E-007  -0.401607601E-007   0.000000000E+000
   0.13650305656642825E-007  -0.401607636E-007   0.000000000E+000
   0.13665712322169510E-007  -0.401607743E-007   0.000000000E+000
   0.13681118987696195E-007  -0.401607778E-007   0.000000000E+000
   0.13696525653222880E-007  -0.401607529E-007   0.000000000E+000
   0.13711932318749565E-007  -0.401607316E-007   0.000000000E+000
   0.13727338984276249E-007  -0.401607423E-007   0.000000000E+000
   0.13742745649802934E-007  -0.401607601E-007   0.000000000E+000
   0.13758152315329619E-007  -0.401607601E-007   0.000000000E+000
   0.13773558980856304E-007  -0.401607636E-007   0.000000000E+000
   0.13788965646382989E-007  -0.401607672E-007   0.000000000E+000
   0.13804372311909674E-007  -0.401607565E-007   0.000000000E+000
   0.13819778977436359E-007  -0.401607458E-007   0.000000000E+000
   0.13835185642963044E-007  -0.401607458E-007   0.000000000E+000
   0.13850592308489729E-007  -0.401607458E-007   0.000000000E+000
   0.13865998974016414E-007  -0.401607529E-007   0.000000000E+000
   0.13881405639543098E-007  -0.401607743E-007   0.000000000E+000
   0.13896812305069783E-007  -0.401607849E-007   0.000000000E+000
   0.13912218970596468E-007  -0.401607458E-007   0.000000000E+000
   0.13927625636123153E-007  -0.401607210E-007   0.000000000E+000
   0.13943032301649838E-007  -0.401607529E-007   0.000000000E+000
   0.13958438967176523E-007  -0.401607849E-007   0.000000000E+000
   0.13973845632703208E-007  -0.401607636E-007   0.000000000E+000
   0.13989252298229893E-007  -0.401607423E-007   0.000000000E+000
   0.14004658963756578E-007  -0.401607529E-007   0.000000000E+000
   0.14020065629283263E-007  -0.401607636E-007   0.000000000E+000
   0.14035472294809948E-007  -0.401607529E-007   0.000000000E+000
   0.14050878960336632E-007  -0.401607458E-007   0.000000000E+000
   0.14066285625863317E-007  -0.401607458E-007   0.000000000E+000
   0.14081692291390002E-007  -0.401607565E-007   0.000000000E+000
   0.14097098956916687E-007  -0.401607743E-007   0.000000000E+000
   0.14112505622443372E-007  -0.401607707E-007   0.000000000E+000
   0.14127912287970057E-007  -0.401607352E-007   0.000000000E+000
   0.14143318953496742E-007  -0.401607245E-007   0.000000000E+000
   0.14158725619023427E-007  -0.401607494E-007   0.000000000E+000
   0.14174132284550112E-007  -0.401607743E-007   0.000000000E+000
   0.14189538950076797E-007  -0.401607707E-007   0.000000000E+000
   0.14204945615603481E-007  -0.401607458E-007   0.000000000E+000
   0.14220352281130166E-007  -0.401607352E-007   0.000000000E+000
   0.14235758946656851E-007  -0.401607387E-007   0.000000000E+000
   0.14251165612183536E-007  -0.401607565E-007   0.000000000E+000
   0.14266572277710221E-007  -0.401607743E-007   0.000000000E+000
   0.14281978943236906E-007  -0.401607636E-007   0.000000000E+000
   0.14297385608763591E-007  -0.401607387E-007   0.000000000E+000
   0.14312792274290276E-007  -0.401607352E-007   0.000000000E+000
   0.14328198939816961E-007  -0.401607423E-007   0.000000000E+000
   0.14343605605343646E-007  -0.401607423E-007   0.000000000E+000
   0.14359012270870330E-007  -0.401607529E-007   0.000000000E+000
   0.14374418936397015E-007  -0.401607743E-007   0.000000000E+000
   0.14389825601923700E-007  -0.401607849E-007   0.000000000E+000
   0.14405232267450385E-007  -0.401607636E-007   0.000000000E+000
   0.14420638932977070E-007  -0.401607245E-007   0.000000000E+000
   0.14436045598503755E-007  -0.401607139E-007   0.000000000E+000
   0.14451452264030440E-007  -0.401607458E-007   0.000000000E+000
   0.14466858929557125E-007  -0.401607778E-007   0.000000000E+000
   0.14482265595083810E-007  -0.401607707E-007   0.000000000E+000
   0.14497672260610495E-007  -0.401607494E-007   0.000000000E+000
   0.14513078926137180E-007  -0.401607423E-007   0.000000000E+000
   0.14528485591663864E-007  -0.401607423E-007   0.000000000E+000
   0.14543892257190549E-007  -0.401607352E-007   0.000000000E+000
   0.14559298922717234E-007  -0.401607281E-007   0.000000000E+000
   0.14574705588243919E-007  -0.401607387E-007   0.000000000E+000
   0.14590112253770604E-007  -0.401607601E-007   0.000000000E+000
   0.14605518919297289E-007  -0.401607672E-007   0.000000000E+000
   0.14620925584823974E-007  -0.401607458E-007   0.000000000E+000
   0.14636332250350659E-007  -0.401607316E-007   0.000000000E+000
   0.14651738915877344E-007  -0.401607316E-007   0.000000000E+000
   0.14667145581404029E-007  -0.401607423E-007   0.000000000E+000
   0.14682552246930713E-007  -0.401607672E-007   0.000000000E+000
   0.14697958912457398E-007  -0.401607636E-007   0.000000000E+000
   0.14713365577984083E-007  -0.401607281E-007   0.000000000E+000
   0.14728772243510768E-007  -0.401607210E-007   0.000000000E+000
   0.14744178909037453E-007  -0.401607458E-007   0.000000000E+000
   0.14759585574564138E-007  -0.401607565E-007   0.000000000E+000
   0.14774992240090823E-007  -0.401607494E-007   0.000000000E+000
   0.14790398905617508E-007  -0.401607458E-007   0.000000000E+000
   0.14805805571144193E-007  -0.401607423E-007   0.000000000E+000
   0.14821212236670878E-007  -0.401607423E-007   0.000000000E+000
   0.14836618902197563E-007  -0.401607423E-007   0.000000000E+000
   0.14852025567724247E-007  -0.401607352E-007   0.000000000E+000
   0.14867432233250932E-007  -0.401607210E-007   0.000000000E+000
   0.14882838898777617E-007  -0.401607423E-007   0.000000000E+000
   0.14898245564304302E-007  -0.401607672E-007   0.000000000E+000
   0.14913652229830987E-007  -0.401607494E-007   0.000000000E+000
   0.14929058895357672E-007  -0.401607210E-007   0.000000000E+000
   0.14944465560884357E-007  -0.401607352E-007   0.000000000E+000
   0.14959872226411042E-007  -0.401607601E-007   0.000000000E+000
   0.14975278891937727E-007  -0.401607458E-007   0.000000000E+000
   0.14990685557464412E-007  -0.401607281E-007   0.000000000E+000
   0.15006092222991096E-007  -0.401607529E-007   0.000000000E+000
   0.15021498888517781E-007  -0.401607636E-007   0.000000000E+000
   0.15036905554044466E-007  -0.401607387E-007   0.000000000E+000
   0.15052312219571151E-007  -0.401607281E-007   0.000000000E+000
   0.15067718885097836E-007  -0.401607387E-007   0.000000000E+000
   0.15083125550624521E-007  -0.401607423E-007   0.000000000E+000
   0.15098532216151206E-007  -0.401607352E-007   0.000000000E+000
   0.15113938881677891E-007  -0.401607458E-007   0.000000000E+000
   0.15129345547204576E-007  -0.401607529E-007   0.000000000E+000
   0.15144752212731261E-007  -0.401607387E-007   0.000000000E+000
   0.15160158878257946E-007  -0.401607316E-007   0.000000000E+000
   0.15175565543784630E-007  -0.401607458E-007   0.000000000E+000
   0.15190972209311315E-007  -0.401607565E-007   0.000000000E+000
   0.15206378874838000E-007  -0.401607458E-007   0.000000000E+000
   0.15221785540364685E-007  -0.401607423E-007   0.000000000E+000
   0.15237192205891370E-007  -0.401607529E-007   0.000000000E+000
   0.15252598871418055E-007  -0.401607529E-007   0.000000000E+000
   0.15268005536944740E-007  -0.401607387E-007   0.000000000E+000
   0.15283412202471425E-007  -0.401607316E-007   0.000000000E+000
   0.15298818867998110E-007  -0.401607423E-007   0.000000000E+000
   0.15314225533524795E-007  -0.401607458E-007   0.000000000E+000
   0.15329632199051479E-007  -0.401607458E-007   0.000000000E+000
   0.15345038864578164E-007  -0.401607423E-007   0.000000000E+000
   0.15360445530104849E-007  -0.401607352E-007   0.000000000E+000
   0.15375852195631534E-007  -0.401607352E-007   0.000000000E+000
   0.15391258861158219E-007  -0.401607458E-007   0.000000000E+000
   0.15406665526684904E-007  -0.401607458E-007   0.000000000E+000
   0.15422072192211589E-007  -0.401607281E-007   0.000000000E+000
   0.15437478857738274E-007  -0.401607245E-007   0.000000000E+000
   0.15452885523264959E-007  -0.401607458E-007   0.000000000E+000
   0.15468292188791644E-007  -0.401607529E-007   0.000000000E+000
   0.15483698854318328E-007  -0.401607316E-007   0.000000000E+000
   0.15499105519845013E-007  -0.401607210E-007   0.000000000E+000
   0.15514512185371698E-007  -0.401607245E-007   0.000000000E+000
   0.15529918850898383E-007  -0.401607423E-007   0.000000000E+000
   0.15545325516425068E-007  -0.401607494E-007   0.000000000E+000
   0.15560732181951753E-007  -0.401607387E-007   0.000000000E+000
   0.15576138847478438E-007  -0.401607245E-007   0.000000000E+000
   0.15591545513005123E-007  -0.401607245E-007   0.000000000E+000
   0.15606952178531808E-007  -0.401607458E-007   0.000000000E+000
   0.15622358844058493E-007  -0.401607458E-007   0.000000000E+000
   0.15637765509585178E-007  -0.401607281E-007   0.000000000E+000
   0.15653172175111862E-007  -0.401607245E-007   0.000000000E+000
   0.15668578840638547E-007  -0.401607245E-007   0.000000000E+000
   0.15683985506165232E-007  -0.401607245E-007   0.000000000E+000
   0.15699392171691917E-007  -0.401607316E-007   0.000000000E+000
   0.15714798837218602E-007  -0.401607423E-007   0.000000000E+000
   0.15730205502745287E-007  -0.401607387E-007   0.000000000E+000
   0.15745612168271972E-007  -0.401607316E-007   0.000000000E+000
   0.15761018833798657E-007  -0.401607281E-007   0.000000000E+000
   0.15776425499325342E-007  -0.401607281E-007   0.000000000E+000
   0.15791832164852027E-007  -0.401607316E-007   0.000000000E+000
   0.15807238830378711E-007  -0.401607316E-007   0.000000000E+000
   0.15822645495905396E-007  -0.401607316E-007   0.000000000E+000
   0.15838052161432081E-007  -0.401607316E-007   0.000000000E+000
   0.15853458826958766E-007  -0.401607423E-007   0.000000000E+000
   0.15868865492485451E-007  -0.401607387E-007   0.000000000E+000
   0.15884272158012136E-007  -0.401607316E-007   0.000000000E+000
   0.15899678823538821E-007  -0.401607281E-007   0.000000000E+000
   0.15915085489065506E-007  -0.401607245E-007   0.000000000E+000
   0.15930492154592191E-007  -0.401607174E-007   0.000000000E+000
   0.15945898820118876E-007  -0.401607281E-007   0.000000000E+000
   0.15961305485645561E-007  -0.401607423E-007   0.000000000E+000
   0.15976712151172245E-007  -0.401607423E-007   0.000000000E+000
   0.15992118816698930E-007  -0.401607387E-007   0.000000000E+000
   0.16007525482225615E-007  -0.401607387E-007   0.000000000E+000
   0.16022932147752300E-007  -0.401607352E-007   0.000000000E+000
   0.16038338813278985E-007  -0.401607245E-007   0.000000000E+000
   0.16053745478805670E-007  -0.401607174E-007   0.000000000E+000
   0.16069152144332355E-007  -0.401607281E-007   0.000000000E+000
   0.16084558809859040E-007  -0.401607387E-007   0.000000000E+000
   0.16099965475385725E-007  -0.401607387E-007   0.000000000E+000
   0.16115372140912410E-007  -0.401607423E-007   0.000000000E+000
   0.16130778806439094E-007  -0.401607387E-007   0.000000000E+000
   0.16146185471965779E-007  -0.401607210E-007   0.000000000E+000
   0.16161592137492464E-007  -0.401607174E-007   0.000000000E+000
   0.16176998803019149E-007  -0.401607529E-007   0.000000000E+000
   0.16192405468545834E-007  -0.401607601E-007   0.000000000E+000
   0.16207812134072519E-007  -0.401607281E-007   0.000000000E+000
   0.16223218799599204E-007  -0.401607139E-007   0.000000000E+000
   0.16238625465125889E-007  -0.401607387E-007   0.000000000E+000
   0.16254032130652574E-007  -0.401607565E-007   0.000000000E+000
   0.16269438796179259E-007  -0.401607458E-007   0.000000000E+000
   0.16284845461705943E-007  -0.401607352E-007   0.000000000E+000
   0.16300252127232628E-007  -0.401607387E-007   0.000000000E+000
   0.16315658792759313E-007  -0.401607458E-007   0.000000000E+000
   0.16331065458285998E-007  -0.401607423E-007   0.000000000E+000
   0.16346472123812683E-007  -0.401607352E-007   0.000000000E+000
   0.16361878789339368E-007  -0.401607352E-007   0.000000000E+000
   0.16377285454866053E-007  -0.401607423E-007   0.000000000E+000
   0.16392692120392738E-007  -0.401607458E-007   0.000000000E+000
   0.16408098785919423E-007  -0.401607423E-007   0.000000000E+000
   0.16423505451446108E-007  -0.401607316E-007   0.000000000E+000
   0.16438912116972793E-007  -0.401607316E-007   0.000000000E+000
   0.16454318782499477E-007  -0.401607458E-007   0.000000000E+000
   0.16469725448026162E-007  -0.401607529E-007   0.000000000E+000
   0.16485132113552847E-007  -0.401607316E-007   0.000000000E+000
   0.16500538779079532E-007  -0.401607174E-007   0.000000000E+000
   0.16515945444606217E-007  -0.401607352E-007   0.000000000E+000
   0.16531352110132902E-007  -0.401607601E-007   0.000000000E+000
   0.16546758775659587E-007  -0.401607636E-007   0.000000000E+000
   0.16562165441186272E-007  -0.401607423E-007   0.000000000E+000
   0.16577572106712957E-007  -0.401607245E-007   0.000000000E+000
   0.16592978772239642E-007  -0.401607281E-007   0.000000000E+000
   0.16608385437766326E-007  -0.401607352E-007   0.000000000E+000
   0.16623792103293011E-007  -0.401607387E-007   0.000000000E+000
   0.16639198768819696E-007  -0.401607352E-007   0.000000000E+000
   0.16654605434346381E-007  -0.401607458E-007   0.000000000E+000
   0.16670012099873066E-007  -0.401607494E-007   0.000000000E+000
   0.16685418765399751E-007  -0.401607387E-007   0.000000000E+000
   0.16700825430926436E-007  -0.401607387E-007   0.000000000E+000
   0.16716232096453121E-007  -0.401607494E-007   0.000000000E+000
   0.16731638761979806E-007  -0.401607387E-007   0.000000000E+000
   0.16747045427506491E-007  -0.401607174E-007   0.000000000E+000
   0.16762452093033176E-007  -0.401607281E-007   0.000000000E+000
   0.16777858758559860E-007  -0.401607672E-007   0.000000000E+000
   0.16793265424086545E-007  -0.401607707E-007   0.000000000E+000
   0.16808672089613230E-007  -0.401607245E-007   0.000000000E+000
   0.16824078755139915E-007  -0.401607103E-007   0.000000000E+000
   0.16839485420666600E-007  -0.401607494E-007   0.000000000E+000
   0.16854892086193285E-007  -0.401607672E-007   0.000000000E+000
   0.16870298751719970E-007  -0.401607352E-007   0.000000000E+000
   0.16885705417246655E-007  -0.401607174E-007   0.000000000E+000
   0.16901112082773340E-007  -0.401607387E-007   0.000000000E+000
   0.16916518748300025E-007  -0.401607458E-007   0.000000000E+000
   0.16931925413826709E-007  -0.401607352E-007   0.000000000E+000
   0.16947332079353394E-007  -0.401607281E-007   0.000000000E+000
   0.16962738744880079E-007  -0.401607458E-007   0.000000000E+000
   0.16978145410406764E-007  -0.401607565E-007   0.000000000E+000
   0.16993552075933449E-007  -0.401607458E-007   0.000000000E+000
   0.17008958741460134E-007  -0.401607316E-007   0.000000000E+000
   0.17024365406986819E-007  -0.401607316E-007   0.000000000E+000
   0.17039772072513504E-007  -0.401607387E-007   0.000000000E+000
   0.17055178738040189E-007  -0.401607458E-007   0.000000000E+000
   0.17070585403566874E-007  -0.401607565E-007   0.000000000E+000
   0.17085992069093558E-007  -0.401607494E-007   0.000000000E+000
   0.17101398734620243E-007  -0.401607352E-007   0.000000000E+000
   0.17116805400146928E-007  -0.401607387E-007   0.000000000E+000
   0.17132212065673613E-007  -0.401607565E-007   0.000000000E+000
   0.17147618731200298E-007  -0.401607565E-007   0.000000000E+000
   0.17163025396726983E-007  -0.401607352E-007   0.000000000E+000
   0.17178432062253668E-007  -0.401607352E-007   0.000000000E+000
   0.17193838727780353E-007  -0.401607565E-007   0.000000000E+000
   0.17209245393307038E-007  -0.401607601E-007   0.000000000E+000
   0.17224652058833723E-007  -0.401607494E-007   0.000000000E+000
   0.17240058724360408E-007  -0.401607494E-007   0.000000000E+000
   0.17255465389887092E-007  -0.401607494E-007   0.000000000E+000
   0.17270872055413777E-007  -0.401607423E-007   0.000000000E+000
   0.17286278720940462E-007  -0.401607423E-007   0.000000000E+000
   0.17301685386467147E-007  -0.401607458E-007   0.000000000E+000
   0.17317092051993832E-007  -0.401607601E-007   0.000000000E+000
   0.17332498717520517E-007  -0.401607672E-007   0.000000000E+000
   0.17347905383047202E-007  -0.401607529E-007   0.000000000E+000
   0.17363312048573887E-007  -0.401607281E-007   0.000000000E+000
   0.17378718714100572E-007  -0.401607210E-007   0.000000000E+000
   0.17394125379627257E-007  -0.401607529E-007   0.000000000E+000
   0.17409532045153941E-007  -0.401607778E-007   0.000000000E+000
   0.17424938710680626E-007  -0.401607672E-007   0.000000000E+000
   0.17440345376207311E-007  -0.401607494E-007   0.000000000E+000
   0.17455752041733996E-007  -0.401607494E-007   0.000000000E+000
   0.17471158707260681E-007  -0.401607458E-007   0.000000000E+000
   0.17486565372787366E-007  -0.401607423E-007   0.000000000E+000
   0.17501972038314051E-007  -0.401607529E-007   0.000000000E+000
   0.17517378703840736E-007  -0.401607636E-007   0.000000000E+000
   0.17532785369367421E-007  -0.401607529E-007   0.000000000E+000
   0.17548192034894106E-007  -0.401607316E-007   0.000000000E+000
   0.17563598700420791E-007  -0.401607387E-007   0.000000000E+000
   0.17579005365947475E-007  -0.401607494E-007   0.000000000E+000
   0.17594412031474160E-007  -0.401607529E-007   0.000000000E+000
   0.17609818697000845E-007  -0.401607565E-007   0.000000000E+000
   0.17625225362527530E-007  -0.401607565E-007   0.000000000E+000
   0.17640632028054215E-007  -0.401607494E-007   0.000000000E+000
   0.17656038693580900E-007  -0.401607494E-007   0.000000000E+000
   0.17671445359107585E-007  -0.401607458E-007   0.000000000E+000
   0.17686852024634270E-007  -0.401607387E-007   0.000000000E+000
   0.17702258690160955E-007  -0.401607387E-007   0.000000000E+000
   0.17717665355687640E-007  -0.401607494E-007   0.000000000E+000
   0.17733072021214324E-007  -0.401607601E-007   0.000000000E+000
   0.17748478686741009E-007  -0.401607529E-007   0.000000000E+000
   0.17763885352267694E-007  -0.401607281E-007   0.000000000E+000
   0.17779292017794379E-007  -0.401607174E-007   0.000000000E+000
   0.17794698683321064E-007  -0.401607387E-007   0.000000000E+000
   0.17810105348847749E-007  -0.401607636E-007   0.000000000E+000
   0.17825512014374434E-007  -0.401607601E-007   0.000000000E+000
   0.17840918679901119E-007  -0.401607494E-007   0.000000000E+000
   0.17856325345427804E-007  -0.401607494E-007   0.000000000E+000
   0.17871732010954489E-007  -0.401607458E-007   0.000000000E+000
   0.17887138676481174E-007  -0.401607387E-007   0.000000000E+000
   0.17902545342007858E-007  -0.401607423E-007   0.000000000E+000
   0.17917952007534543E-007  -0.401607565E-007   0.000000000E+000
   0.17933358673061228E-007  -0.401607529E-007   0.000000000E+000
   0.17948765338587913E-007  -0.401607352E-007   0.000000000E+000
   0.17964172004114598E-007  -0.401607281E-007   0.000000000E+000
   0.17979578669641283E-007  -0.401607458E-007   0.000000000E+000
   0.17994985335167968E-007  -0.401607565E-007   0.000000000E+000
   0.18010392000694653E-007  -0.401607494E-007   0.000000000E+000
   0.18025798666221338E-007  -0.401607387E-007   0.000000000E+000
   0.18041205331748023E-007  -0.401607423E-007   0.000000000E+000
   0.18056611997274707E-007  -0.401607529E-007   0.000000000E+000
   0.18072018662801392E-007  -0.401607494E-007   0.000000000E+000
   0.18087425328328077E-007  -0.401607458E-007   0.000000000E+000
   0.18102831993854762E-007  -0.401607565E-007   0.000000000E+000
   0.18118238659381447E-007  -0.401607529E-007   0.000000000E+000
   0.18133645324908132E-007  -0.401607316E-007   0.000000000E+000
   0.18149051990434817E-007  -0.401607352E-007   0.000000000E+000
   0.18164458655961502E-007  -0.401607636E-007   0.000000000E+000
   0.18179865321488187E-007  -0.401607636E-007   0.000000000E+000
   0.18195271987014872E-007  -0.401607281E-007   0.000000000E+000
   0.18210678652541556E-007  -0.401607210E-007   0.000000000E+000
   0.18226085318068241E-007  -0.401607423E-007   0.000000000E+000
   0.18241491983594926E-007  -0.401607565E-007   0.000000000E+000
   0.18256898649121611E-007  -0.401607494E-007   0.000000000E+000
   0.18272305314648296E-007  -0.401607423E-007   0.000000000E+000
   0.18287711980174981E-007  -0.401607387E-007   0.000000000E+000
   0.18303118645701666E-007  -0.401607387E-007   0.000000000E+000
   0.18318525311228351E-007  -0.401607387E-007   0.000000000E+000
   0.18333931976755036E-007  -0.401607458E-007   0.000000000E+000
   0.18349338642281721E-007  -0.401607494E-007   0.000000000E+000
   0.18364745307808406E-007  -0.401607565E-007   0.000000000E+000
   0.18380151973335090E-007  -0.401607529E-007   0.000000000E+000
   0.18395558638861775E-007  -0.401607494E-007   0.000000000E+000
   0.18410965304388460E-007  -0.401607387E-007   0.000000000E+000
   0.18426371969915145E-007  -0.401607387E-007   0.000000000E+000
   0.18441778635441830E-007  -0.401607494E-007   0.000000000E+000
   0.18457185300968515E-007  -0.401607565E-007   0.000000000E+000
   0.18472591966495200E-007  -0.401607529E-007   0.000000000E+000
   0.18487998632021885E-007  -0.401607423E-007   0.000000000E+000
   0.18503405297548570E-007  -0.401607352E-007   0.000000000E+000
   0.18518811963075255E-007  -0.401607494E-007   0.000000000E+000
   0.18534218628601939E-007  -0.401607672E-007   0.000000000E+000
   0.18549625294128624E-007  -0.401607565E-007   0.000000000E+000
   0.18565031959655309E-007  -0.401607245E-007   0.000000000E+000
   0.18580438625181994E-007  -0.401607245E-007   0.000000000E+000
   0.18595845290708679E-007  -0.401607565E-007   0.000000000E+000
   0.18611251956235364E-007  -0.401607707E-007   0.000000000E+000
   0.18626658621762049E-007  -0.401607494E-007   0.000000000E+000
   0.18642065287288734E-007  -0.401607281E-007   0.000000000E+000
   0.18657471952815419E-007  -0.401607316E-007   0.000000000E+000
   0.18672878618342104E-007  -0.401607529E-007   0.000000000E+000
   0.18688285283868789E-007  -0.401607494E-007   0.000000000E+000
   0.18703691949395473E-007  -0.401607316E-007   0.000000000E+000
   0.18719098614922158E-007  -0.401607458E-007   0.000000000E+000
   0.18734505280448843E-007  -0.401607565E-007   0.000000000E+000
   0.18749911945975528E-007  -0.401607423E-007   0.000000000E+000
   0.18765318611502213E-007  -0.401607316E-007   0.000000000E+000
   0.18780725277028898E-007  -0.401607529E-007   0.000000000E+000
   0.18796131942555583E-007  -0.401607636E-007   0.000000000E+000
   0.18811538608082268E-007  -0.401607458E-007   0.000000000E+000
   0.18826945273608953E-007  -0.401607352E-007   0.000000000E+000
   0.18842351939135638E-007  -0.401607387E-007   0.000000000E+000
   0.18857758604662322E-007  -0.401607387E-007   0.000000000E+000
   0.18873165270189007E-007  -0.401607423E-007   0.000000000E+000
   0.18888571935715692E-007  -0.401607494E-007   0.000000000E+000
   0.18903978601242377E-007  -0.401607423E-007   0.000000000E+000
   0.18919385266769062E-007  -0.401607387E-007   0.000000000E+000
   0.18934791932295747E-007  -0.401607494E-007   0.000000000E+000
   0.18950198597822432E-007  -0.401607601E-007   0.000000000E+000
   0.18965605263349117E-007  -0.401607458E-007   0.000000000E+000
   0.18981011928875802E-007  -0.401607281E-007   0.000000000E+000
   0.18996418594402487E-007  -0.401607387E-007   0.000000000E+000
   0.19011825259929171E-007  -0.401607565E-007   0.000000000E+000
   0.19027231925455856E-007  -0.401607565E-007   0.000000000E+000
   0.19042638590982541E-007  -0.401607458E-007   0.000000000E+000
   0.19058045256509226E-007  -0.401607387E-007   0.000000000E+000
   0.19073451922035911E-007  -0.401607387E-007   0.000000000E+000
   0.19088858587562596E-007  -0.401607423E-007   0.000000000E+000
   0.19104265253089281E-007  -0.401607458E-007   0.000000000E+000
   0.19119671918615966E-007  -0.401607458E-007   0.000000000E+000
   0.19135078584142651E-007  -0.401607387E-007   0.000000000E+000
   0.19150485249669336E-007  -0.401607458E-007   0.000000000E+000
   0.19165891915196021E-007  -0.401607565E-007   0.000000000E+000
   0.19181298580722705E-007  -0.401607458E-007   0.000000000E+000
   0.19196705246249390E-007  -0.401607387E-007   0.000000000E+000
   0.19212111911776075E-007  -0.401607494E-007   0.000000000E+000
   0.19227518577302760E-007  -0.401607529E-007   0.000000000E+000
   0.19242925242829445E-007  -0.401607352E-007   0.000000000E+000
   0.19258331908356130E-007  -0.401607281E-007   0.000000000E+000
   0.19273738573882815E-007  -0.401607458E-007   0.000000000E+000
   0.19289145239409500E-007  -0.401607458E-007   0.000000000E+000
   0.19304551904936185E-007  -0.401607352E-007   0.000000000E+000
   0.19319958570462870E-007  -0.401607352E-007   0.000000000E+000
   0.19335365235989554E-007  -0.401607387E-007   0.000000000E+000
   0.19350771901516239E-007  -0.401607423E-007   0.000000000E+000
   0.19366178567042924E-007  -0.401607494E-007   0.000000000E+000
   0.19381585232569609E-007  -0.401607494E-007   0.000000000E+000
   0.19396991898096294E-007  -0.401607387E-007   0.000000000E+000
   0.19412398563622979E-007  -0.401607281E-007   0.000000000E+000
   0.19427805229149664E-007  -0.401607316E-007   0.000000000E+000
   0.19443211894676349E-007  -0.401607316E-007   0.000000000E+000
   0.19458618560203034E-007  -0.401607352E-007   0.000000000E+000
   0.19474025225729719E-007  -0.401607565E-007   0.000000000E+000
   0.19489431891256404E-007  -0.401607636E-007   0.000000000E+000
   0.19504838556783088E-007  -0.401607352E-007   0.000000000E+000
   0.19520245222309773E-007  -0.401607245E-007   0.000000000E+000
   0.19535651887836458E-007  -0.401607423E-007   0.000000000E+000
   0.19551058553363143E-007  -0.401607529E-007   0.000000000E+000
   0.19566465218889828E-007  -0.401607423E-007   0.000000000E+000
   0.19581871884416513E-007  -0.401607316E-007   0.000000000E+000
   0.19597278549943198E-007  -0.401607245E-007   0.000000000E+000
   0.19612685215469883E-007  -0.401607245E-007   0.000000000E+000
   0.19628091880996568E-007  -0.401607387E-007   0.000000000E+000
   0.19643498546523253E-007  -0.401607529E-007   0.000000000E+000
   0.19658905212049937E-007  -0.401607494E-007   0.000000000E+000
   0.19674311877576622E-007  -0.401607423E-007   0.000000000E+000
   0.19689718543103307E-007  -0.401607458E-007   0.000000000E+000
   0.19705125208629992E-007  -0.401607494E-007   0.000000000E+000
   0.19720531874156677E-007  -0.401607423E-007   0.000000000E+000
   0.19735938539683362E-007  -0.401607387E-007   0.000000000E+000
   0.19751345205210047E-007  -0.401607458E-007   0.000000000E+000
   0.19766751870736732E-007  -0.401607387E-007   0.000000000E+000
   0.19782158536263417E-007  -0.401607387E-007   0.000000000E+000
   0.19797565201790102E-007  -0.401607423E-007   0.000000000E+000
   0.19812971867316787E-007  -0.401607494E-007   0.000000000E+000
   0.19828378532843471E-007  -0.401607494E-007   0.000000000E+000
   0.19843785198370156E-007  -0.401607458E-007   0.000000000E+000
   0.19859191863896841E-007  -0.401607458E-007   0.000000000E+000
   0.19874598529423526E-007  -0.401607387E-007   0.000000000E+000
   0.19890005194950211E-007  -0.401607316E-007   0.000000000E+000
   0.19905411860476896E-007  -0.401607352E-007   0.000000000E+000
   0.19920818526003581E-007  -0.401607529E-007   0.000000000E+000
   0.19936225191530266E-007  -0.401607636E-007   0.000000000E+000
   0.19951631857056951E-007  -0.401607458E-007   0.000000000E+000
   0.19967038522583636E-007  -0.401607281E-007   0.000000000E+000
   0.19982445188110320E-007  -0.401607352E-007   0.000000000E+000
   0.19997851853637005E-007  -0.401607529E-007   0.000000000E+000
