FiniteElementSpace
FiniteElementCollection: H1_2D_P3
VDim: 1
Ordering: 0

0
1
0
0
0
0
0
0
0
0
0
0
0
0
0
0
0
0
0
0
0
0
0
0
0
0
0
0
0
0
0
0
0
0
0
0
0
0
0
0
0
0
0
0
0
0
0
0
0
0
0
1
1
1
1
1
1
1
1
1
1
1
1
1
1
1
1
1
1
1
1
1
1
1
1
1
1
1
1
1
1
1
1
1
1
1
1
1
1
1
1
1
1
1
1
1
1
1
1
1
0.853624
0.852079
0.849445
0.851176
0.849334
0.848235
0.853626
0.848265
0.849443
0.85208
0.848606
0.849446
0.85132
0.846816
0.848365
0.849443
0.851995
0.853627
0.840181
0.841464
0.849667
0.848454
0.169311
0.190219
0.169307
0.169308
0.176821
0.166355
0.169307
0.169306
0.136325
0.175025
0.174074
0.165345
0.17284
0.175833
0.169312
0.15442
0.164963
0.134905
0.178525
0.19336
0.14581
0.163506
0.851774
0.701199
0.700039
0.548737
0.552773
0.537478
0.388241
0.693267
0.534007
0.846521
0.691203
0.690052
0.697871
0.540325
0.541278
0.401894
0.391808
0.523584
0.397132
0.846626
0.699325
0.699444
0.549162
0.549495
0.540606
0.407734
0.390957
0.51705
0.340523
0.460629
0.67624
0.587339
0.385556
0.508907
0.316666
0.416675
0.593272
0.509957
0.778152
0.852822
0.701846
0.692844
0.551532
0.554145
0.528503
0.684466
0.494721
0.392353
0.603113
0.433001
0.54525
0.322835
0.262622
0.853625
0.703314
0.69745
0.554091
0.560088
0.54239
0.413702
0.853624
0.851778
0.701198
0.700035
0.552592
0.527633
0.5479
0.399545
0.695748
0.506729
0.859024
0.847424
0.699262
0.699069
0.555328
0.540668
0.555783
0.419222
0.359641
0.845022
0.69701
0.694041
0.532685
0.531735
0.5458
0.361378
0.368521
0.524332
0.849512
0.694777
0.530741
0.853545
0.706353
0.84775
0.841176
0.693677
0.689325
0.538814
0.5224
0.846235
0.695778
0.679956
0.530617
0.499514
0.655092
0.454531
0.317377
0.274841
0.836548
0.369734
0.313629
0.441428
0.690497
0.363854
0.706353
0.690732
0.700984
0.549651
0.251321
0.315008
0.375007
0.408451
0.338817
0.693717
0.175799
0.152497
0.687687
0.265833
0.853625
0.84929
0.849927
0.660424
0.541232
0.367966
0.222113
0.697976
0.515134
0.329797
0.136742
0.359958
0.151236
0.361043
0.397642
0.68767
0.385366
0.147235
0.359993
0.285662
0.324907
0.215805
0.223207
0.156124
0.339858
0.84768
0.695462
0.847365
0.702594
0.547892
0.413255
0.38674
0.253076
0.320381
0.156396
0.695269
0.853626
0.853627
0.851816
0.851382
0.12701
0.144544
0.151172
0.147242
0.14825
0.149707
0.146375
0.84963
0.701716
0.385209
0.373735
0.239256
0.264559
0.55014
0.693132
0.159082
0.703885
0.684229
0.144677
0.296598
0.69532
0.702355
0.491196
0.378538
0.315684
0.219567
0.145482
0.710203
0.361636
0.41056
0.42404
0.429343
0.549124
0.374887
0.119338
0.435257
0.291595
0.852593
0.423378
0.864918
0.267937
0.112486
0.280918
0.269869
0.121073
0.740314
0.586877
0.275891
0.28533
0.225036
0.556345
0.102527
0.495242
0.577922
0.280557
0.143895
0.444121
0.106911
0.745243
0.128262
0.266204
0.448233
0.270998
0.259129
0.270515
0.312443
0.279203
0.263705
0.264697
0.118035
0.115809
0.397271
0.297661
0.406681
0.114948
0.25824
0.307587
0.255781
0.448741
0.0590285
0.158787
0.0587016
0.158411
0
0
0.221139
0.294186
0.366934
0.350705
0.228193
0.317155
0.223289
0.315105
0.296346
0.345817
0.1967
0.239388
0.238747
0.313916
0.239809
0.318081
0.365095
0.368297
0.0572796
0.15375
0.220259
0.223581
0.497544
0.411796
0.554291
0.555463
0.497855
0.411112
0.38649
0.371939
0.506076
0.434915
0.548064
0.533813
0.592411
0.655541
0.568826
0.646139
0.0444463
0.118385
0.183847
0.209819
0.414571
0.497779
0.490996
0.411213
0.547582
0.550843
0.0587729
0.159249
0.0436996
0.114932
0.178438
0.207988
0.160204
0.200556
0.0369191
0.0972872
0.78721
0.704461
0.841543
0.839913
0.70358
0.784713
0.191273
0.18339
0.308178
0.225219
0.216266
0.292233
0.219554
0.304719
0.347284
0.356773
0.693529
0.696197
0.641822
0.567178
0.210288
0.276608
0.33116
0.350737
0.219815
0.30546
0.16709
0.149557
0.280075
0.189822
0.230633
0.325199
0.349945
0.290091
0.19848
0.233495
0.66858
0.686695
0.799403
0.734666
0.23287
0.325335
0.216682
0.278539
0.368013
0.337133
0.268115
0.287664
0.367477
0.295873
0.381668
0.329409
0.0568203
0.153225
0
0
0.483895
0.406632
0.538251
0.544132
0.492178
0.409155
0.633735
0.54433
0.648403
0.580933
0.528781
0.506745
0.226505
0.323011
0.223449
0.314813
0.384495
0.379347
0.162473
0.147865
0.682429
0.687569
0.794838
0.720917
0.797945
0.729166
0.0471338
0.125743
0.0469303
0.125516
0
0
0.167412
0.159294
0.26976
0.1955
0.577853
0.629462
0.532499
0.510098
0.612892
0.53908
0.352745
0.299136
0.203761
0.242888
0.217551
0.28298
0.335354
0.352751
0.225579
0.308141
0.214681
0.27973
0.369976
0.340229
0.676448
0.698785
0.589049
0.662761
0.456906
0.377725
0.511927
0.515701
0.461853
0.379019
0.213402
0.246847
0.340788
0.293777
0.2383
0.318578
0.374126
0.378074
0.240161
0.324323
0.502352
0.428943
0.371859
0.381509
0.364082
0.36346
0.483875
0.407274
0.675865
0.664703
0.722325
0.792378
0.280017
0.268268
0.349889
0.293423
0.357497
0.312746
0.19651
0.245773
0.20424
0.27015
0.287134
0.303996
0.585252
0.656197
0.6584
0.590694
0.722955
0.801754
0.846121
0.851108
0.212815
0.245326
0.295055
0.34697
0.0441088
0.117241
0.169329
0.174845
0.0515689
0.138015
0.632994
0.544094
0.693421
0.692904
0.179353
0.251021
0.168768
0.221041
0.623623
0.670576
0.55877
0.643232
0.533391
0.5712
0.337673
0.263642
0.184612
0.207137
0.0576704
0.155747
0.045385
0.121086
0.330332
0.32814
0.454216
0.37298
0.50124
0.466197
0.523415
0.474196
0.554269
0.633643
0.560666
0.636301
0.170244
0.155823
0.271376
0.191779
0.560433
0.631682
0.562647
0.638933
0.803847
0.736075
0.802368
0.731914
0.215404
0.285631
0.279836
0.202224
0.170042
0.162547
0.569897
0.645657
0.572802
0.654167
0.705181
0.699512
0.186808
0.20608
0.0465232
0.123827
0.557644
0.6383
0.62115
0.66472
0.571355
0.534023
0.561156
0.622406
0.51727
0.504567
0.213459
0.281433
0.186502
0.247169
0.179512
0.228456
0.693574
0.695693
0.80566
0.736457
0.732903
0.804211
0.386387
0.379881
0.495287
0.428538
0.490841
0.417627
0.241441
0.186054
0.1441
0.129801
0.230158
0.160668
0.632439
0.698153
0.711637
0.730625
0.382873
0.416644
0.515843
0.46633
0.728894
0.80262
0.729648
0.80527
0.854691
0.852747
0.543305
0.57135
0.672912
0.619463
0.190485
0.143676
0.0324417
0.0839402
0.17487
0.146514
0.163812
0.225354
0.154351
0.133888
0.347213
0.265039
0.349078
0.270246
0.308842
0.289733
0.197501
0.268729
0.265905
0.191534
0.154328
0.151106
0.468194
0.371813
0.522264
0.504518
0.362528
0.441351
0.392707
0.342793
0.315187
0.381924
0.847633
0.845103
0.798027
0.730127
0.190684
0.222069
0.336044
0.275878
0.0466727
0.12451
0.171762
0.163829
0.0421663
0.11211
0.461174
0.39918
0.524013
0.510065
0.481827
0.406051
0.349235
0.4028
0.490682
0.457202
0.453599
0.366821
0.572748
0.647746
0.701659
0.699023
0.651473
0.57389
0.593248
0.66016
0.703717
0.704235
0.659068
0.592698
0.653378
0.584042
0.700855
0.702441
0.400256
0.399237
0.263787
0.344864
0
0
0.042317
0.113403
0.802288
0.732299
0.849818
0.851161
0.845909
0.841562
0.798756
0.724417
0.404185
0.317166
0.441451
0.407794
0.53645
0.525881
0.580517
0.646319
0.331495
0.355246
0.484635
0.411829
0.693447
0.689684
0.735078
0.805056
0.532666
0.529342
0.575424
0.64788
0.219578
0.15248
0.17074
0.13587
0.488574
0.416893
0.538769
0.537212
0.529643
0.560086
0.659649
0.609247
0.739583
0.809436
0.742113
0.810378
0.373824
0.427597
0.321318
0.287839
0.698534
0.693312
0.654165
0.583195
0.653634
0.613752
0.637642
0.722882
0.705508
0.751187
0.517236
0.61354
0.503519
0.47821
0.15538
0.153266
0.189947
0.248504
0.500024
0.422056
0.553767
0.55213
0.5015
0.422015
0.935199
0.836142
0.958773
0.892808
0.799452
0.83279
0.802635
0.841486
0.962611
0.90214
0
0
0.0420429
0.111973
0.196977
0.241138
0.34534
0.297475
0.58124
0.648363
0.69913
0.695303
0.654137
0.583224
0.691325
0.688407
0.64048
0.561981
0.22544
0.30785
0.696354
0.696209
0.735766
0.805626
0.736076
0.805798
0.0395094
0.104592
0.0437474
0.11684
0.160793
0.152708
0.484581
0.443247
0.463363
0.542261
0.647818
0.575246
0.535755
0.524301
0.230474
0.17765
0.307728
0.280737
0.295925
0.309389
0.325516
0.392372
0.446902
0.365527
0.211245
0.145916
0.157531
0.127006
0.648075
0.574728
0.644865
0.573617
0.499499
0.435486
0.423578
0.465697
0.211612
0.289593
0.256234
0.308509
0.26728
0.191165
0.245942
0.183257
0
0
0.0453857
0.121088
0.0453856
0.121088
0
0
0.0465159
0.124335
0.0447148
0.119106
0.0445629
0.118938
0
0
0
0
0.0395535
0.104778
0.0392567
0.104453
0
0
0.045386
0.121088
0.045386
0.121088
0
0
0.044275
0.118035
0.0442907
0.118053
0.0453847
0.121084
0.0453844
0.121084
0
0
0
0
0.0418358
0.110915
0.0414039
0.110439
0
0
0.0513275
0.137743
0
0
0.0453848
0.121085
0.0453846
0.121085
0
0
0.0474523
0.126525
0
0
0.04714
0.126176
0.0473078
0.125615
0.0465044
0.124718
0
0
0
0
0.044318
0.118243
0
0
0.0453846
0.121085
0.0453846
0.121085
0
0
0.0367866
0.0977444
0.0371573
0.0981483
0.0471309
0.125754
0
0
0.0469476
0.12555
0.0478277
0.127655
0.047612
0.127414
0
0
0
0
0.0453847
0.121086
0
0
0.0363385
0.0966545
0.0460809
0.123335
0
0
0.0506947
0.13573
0
0
0.0506158
0.135641
0.49582
0.552561
0.1376
0.123167
0.173677
0.161999
0.269546
0.196174
0.260998
0.177567
0.206874
0.273399
0.157303
0.140231
0.588423
0.65913
0.65415
0.586528
0.701267
0.704352
0.0404829
0.108086
0.0326504
0.0860403
0.658706
0.590198
0.341066
0.30774
0.191689
0.229806
0.208647
0.14215
0.150589
0.121965
0.493617
0.434104
0.372733
0.389138
0.345905
0.279288
0.197001
0.251664
0.851446
0.853033
0.956943
0.88908
0.958144
0.891847
0.850646
0.850115
0.957099
0.889397
0.956871
0.88863
0.845321
0.847637
0.95501
0.884115
0.956626
0.888029
0.851469
0.853045
0.956952
0.889102
0.958145
0.891851
0.172924
0.164558
0.849918
0.848378
0.957056
0.889286
0.956178
0.886862
0.850549
0.850272
0.957031
0.889221
0.956957
0.888862
0.041171
0.109373
0.14975
0.152749
0.956502
0.888006
0.955086
0.884048
0.337271
0.299631
0.359813
0.307711
0.308517
0.295814
0.70288
0.730129
0.823427
0.774938
0.19606
0.154071
0.289667
0.248082
0.326201
0.259811
0.374366
0.382095
0.438126
0.356095
0.372492
0.33242
0.95738
0.890082
0.956649
0.888
0.953451
0.88037
0.956563
0.887786
0.801544
0.730463
0.805029
0.739143
0.310958
0.292492
0.379215
0.31663
0.39263
0.348358
0.0420337
0.111849
0.171216
0.163165
0.0420333
0.111848
0.803192
0.736991
0.805226
0.742096
0.802917
0.732848
0.805565
0.739295
0.700956
0.699033
0.741314
0.809995
0.738253
0.808861
0.700344
0.697307
0.741318
0.809997
0.736441
0.80816
0.141802
0.146702
0.187709
0.254525
0.567489
0.640848
0.538366
0.530431
0.580844
0.646321
0.22308
0.305984
0.338402
0.302366
0.203226
0.250283
0.271778
0.353761
0.402647
0.405843
0.443359
0.485154
0.20408
0.267205
0.268359
0.293579
0.793851
0.710131
0.809431
0.747871
1
1
0.958018
0.891733
1
1
0.958019
0.891736
1
1
0.956473
0.88789
1
1
0.956704
0.888478
0.0397859
0.105634
1
1
0.95597
0.886673
1
1
0.956811
0.88873
0.19766
0.235336
0.331351
0.28599
0.314469
0.311142
1
1
0.954776
0.883767
0.807254
0.737298
0.809221
0.741869
0.809402
0.742584
0.809219
0.74187
1
1
0.956396
0.887771
1
1
0.956312
0.887559
0.326405
0.2612
0.223266
0.222125
0.037036
0.0981926
0.808182
0.739034
0.854822
0.855516
0.653881
0.581182
0.579344
0.649008
0.587864
0.653995
0.656815
0.588788
0.0346304
0.0914483
0.159635
0.140666
0.0344746
0.0912794
0.164686
0.153576
0.0390557
0.103699
0.040817
0.108426
0.163666
0.157308
0.0401924
0.107122
0.0396744
0.105515
0.0401423
0.106453
0.165998
0.156549
0.0390851
0.103731
0.164748
0.153637
0.0395394
0.105001
0.139769
0.144911
0.171253
0.158435
0.0399106
0.106199
0.0395397
0.105001
0.162074
0.153735
0.171363
0.160299
0.0407215
0.108321
0.0398573
0.105716
0.165663
0.155762
0.16665
0.157852
0.0406403
0.107614
0.472233
0.520731
0.427233
0.402111
0.807122
0.736335
0.853771
0.852844
0.290444
0.276808
0.179559
0.232768
0.808814
0.741573
0.854281
0.855315
0.670689
0.682922
0.0370918
0.0982535
0.215438
0.303235
0.648136
0.576907
0.695556
0.695495
0.576758
0.647914
0.853644
0.852393
0.806785
0.735584
0.0412076
0.108883
0.567432
0.532259
0.618647
0.668217
0.80686
0.735888
0.853647
0.853934
0.806265
0.735592
0.668287
0.611959
0.556498
0.570901
0.641556
0.557057
0.694971
0.689803
0.851177
0.851838
0.804645
0.735591
0.0410462
0.109236
0.538079
0.54132
0.582136
0.650067
0.393469
0.383263
0.438092
0.505802
0.571124
0.640937
0.645892
0.572424
0.73064
0.80206
0.850335
0.849886
0.80268
0.730821
0.498852
0.432014
0.427579
0.486524
0.0397355
0.105579
0.182466
0.161785
0.498028
0.431119
0.425596
0.482029
0.804498
0.736428
0.84456
0.847924
0.536076
0.546173
0.589242
0.654164
0.542274
0.61194
0.628004
0.547369
0.821951
0.771259
0.809458
0.739851
0.411195
0.48095
0.485088
0.412126
0.757762
0.721806
0.466259
0.387371
0.805621
0.737885
0.345196
0.377582
0.295124
0.24627
0.629575
0.544805
0.525262
0.573815
0.663831
0.627343
0.463079
0.368968
0.349032
0.406254
0.503129
0.465953
0.34941
0.307119
0.204965
0.251846
0
0
0.528748
0.438618
0.42006
0.475313
0.855437
0.854625
0.73587
0.80677
0.855318
0.854312
0.737643
0.807245
0.803894
0.72914
0.851695
0.852941
0.801813
0.728311
0.810577
0.74264
0.807819
0.741663
0.854766
0.852974
0.803932
0.733317
0.191233
0.267182
0.147924
0.147777
0.794885
0.710824
0.480187
0.54519
0.358878
0.388794
0.464452
0.514724
0.588774
0.562833
0.554099
0.478089
0.502326
0.43024
0.507419
0.431853
0.555769
0.552229
0.152861
0.122907
0.193457
0.230228
0.28808
0.207019
0.236932
0.189118
0.704516
0.704122
0.810848
0.743302
0
0
0.453174
0.367301
0.345015
0.389816
0.381971
0.329511
0.371481
0.305557
0.69732
0.692743
0.738175
0.805033
0.62847
0.584243
0.65584
0.593648
1
1
0.957998
0.892102
0.248905
0.260264
0.354079
0.298713
0.405276
0.433065
0.525911
0.478024
0.535752
0.540458
0.651259
0.582591
0.273775
0.200441
0.189735
0.244664
0.0307795
0.0811004
0.538763
0.520292
0.0281697
0.0740383
0.0281692
0.0740379
0.0393178
0.104041
0.211152
0.239097
0.336777
0.286358
0.961566
0.901181
1
1
0.129929
0.116743
0.0292513
0.0770747
0.0293884
0.0772214
0.806463
0.738722
0.851021
0.850138
0.496875
0.427109
0.491935
0.425383
0.806986
0.739901
0.851138
0.850347
0.739422
0.805717
0.589337
0.658132
0.658687
0.589506
0.702478
0.699527
0.660088
0.594028
0.705334
0.705011
0.662891
0.598829
0.598595
0.66233
0.401949
0.471533
0.488542
0.407646
0.805091
0.736675
0.387808
0.377908
0.47992
0.41112
0.807095
0.741841
0.641031
0.704554
0.383575
0.421251
0.807216
0.740389
0.852726
0.854602
0.807219
0.740393
0.852728
0.854604
0.155805
0.131834
0.204194
0.149004
0
0
0
0
0
0
0
0
0
0
0
0
0
0
0.355424
0.330801
0
0
0.806882
0.739627
0.851664
0.851747
0.739632
0.806964
0.956834
0.888718
0.954669
0.883198
0.95731
0.889985
0.956889
0.888767
0.956715
0.888461
0.957101
0.889284
0.957276
0.889903
0.956822
0.888558
0
0
0.958162
0.891969
0.957548
0.890431
0.957513
0.890399
0.957129
0.889352
0.489093
0.468918
0.596875
0.507289
0.854571
0.854904
0.958152
0.891999
0.958413
0.892588
0.850914
0.853609
0.958369
0.892548
0.956715
0.8882
0.85475
0.855444
0.958629
0.893166
0.958152
0.891999
0.855906
0.855906
0.95863
0.893166
0.95863
0.893166
0.653428
0.5834
0.857385
0.859806
0.960226
0.897174
0.95863
0.893167
0.854409
0.858606
0.95739
0.890164
0.960235
0.897182
0.958629
0.893166
0.957969
0.891473
0.958189
0.892033
0.95863
0.893166
0.854669
0.855365
0.958606
0.893106
0.958128
0.891938
0.854169
0.855167
0.957921
0.89143
0.958606
0.893106
0.855905
0.855905
0.958629
0.893165
0.958629
0.893165
0.521107
0.505957
0
0
0.958077
0.891806
0.957924
0.891365
0.957947
0.891483
0.957177
0.889468
0.957309
0.889984
0.958629
0.893166
0.95731
0.889986
0.95863
0.893167
0.95735
0.889949
0.958189
0.892032
1
1
1
1
1
1
0.95863
0.893167
1
1
0.955004
0.88411
1
1
1
1
0.957468
0.890129
1
1
0.957468
0.890129
1
1
1
1
1
1
0.958629
0.893165
1
1
0.957436
0.890049
1
1
0.957116
0.889237
1
1
0.957518
0.890281
1
1
0.957469
0.890131
1
1
0.95731
0.889987
1
1
1
1
0.95863
0.893167
1
1
0.957469
0.890131
1
1
1
1
0.954579
0.883116
0.957125
0.889259
1
1
1
1
0.957879
0.891323
0.957422
0.890176
0.957462
0.890212
0.378796
0.356183
0.853006
0.85226
0.957434
0.890131
0.953629
0.880531
0.810898
0.743348
0.811031
0.74381
0.810025
0.742507
0.808284
0.737809
0.698455
0.697123
1
1
0.809631
0.742434
0.810039
0.7435
1
1
0.958629
0.893165
0.957332
0.889933
0.336926
0.296352
0.203108
0.245267
1
1
1
1
1
1
1
1
0.95863
0.893167
0.958107
0.891834
0.95863
0.893166
0.957979
0.891512
1
1
1
1
1
1
1
1
1
1
1
1
1
1
1
1
0.479406
0.451733
0.804749
0.733543
0.81078
0.735447
1
1
1
1
1
1
0.0391432
0.10419
0.473246
0.389365
0.363403
0.400796
0.498948
0.452284
0.811934
0.746101
0.810827
0.745687
0.705887
0.72822
0.633112
0.681068
0.494189
0.44005
0.811934
0.746101
0.810346
0.745509
0.385999
0.400993
0.491887
0.418671
0.502394
0.444062
0
0
0.0389255
0.103612
0.708632
0.708632
0.473336
0.537099
0.700402
0.698616
0.543885
0.548964
0.649528
0.580293
0.653268
0.589058
0.806824
0.736879
0.588948
0.654235
0.65688
0.589827
0.220591
0.307501
0.196269
0.239641
0.337738
0.293991
0.852399
0.853444
0.850951
0.849687
0.851161
0.850254
0.852398
0.853446
0.703905
0.701275
0.197618
0.249566
0.18238
0.242521
0.501309
0.439391
0.401982
0.399848
0.35394
0.340545
0.164222
0.138469
0.032874
0.0870213
0
0
0.850589
0.848505
0.854146
0.851511
0.354735
0.412109
0.848458
0.845278
0.695254
0.698245
0.804421
0.733707
0.701576
0.697539
0.850751
0.849489
0.849889
0.848993
0.701533
0.701587
0.806919
0.739783
0.558797
0.553328
0.659178
0.591962
0.548941
0.545103
0.656877
0.589714
0.656815
0.589612
0.551093
0.551242
0.55775
0.56044
0.660951
0.594224
0.702005
0.703191
0.65923
0.59276
0.547597
0.536405
0.551928
0.553738
0.658077
0.589886
0.446499
0.509846
0.408784
0.39688
0.51011
0.449876
0.696472
0.695734
0.707179
0.70477
0.703153
0.702631
0.807476
0.741176
0.703156
0.702635
0.807478
0.741178
0.0307693
0.0810894
0.180603
0.236172
0.171216
0.231836
0.542926
0.543353
0.653239
0.582777
0
0
0.0321641
0.0840095
0.0312912
0.08307
0.188988
0.25178
0.186082
0.24394
0.28989
0.284945
0
0
0.0318405
0.0846114
0.0328173
0.0856639
0.547861
0.542811
0.657148
0.589485
0.553191
0.551087
0.658285
0.592346
0.401172
0.396648
0.502013
0.439666
0.858122
0.863181
0.742411
0.817024
0.701393
0.701307
0.806901
0.739736
0.595153
0.660418
0.534709
0.534282
0.648323
0.576155
0.389828
0.34457
0.483196
0.407022
0.557591
0.557796
0.658388
0.594105
0.65864
0.59455
0
0
0.0324747
0.0858511
0.404645
0.377925
0.507083
0.452723
0.553409
0.546833
0.658665
0.594284
0.650173
0.576701
0.405041
0.397518
0.503325
0.443882
0
0
0.0354203
0.0928368
0.034515
0.0918552
0.547151
0.536824
0.653083
0.589868
0.553128
0.547879
0.657103
0.592972
0.40202
0.379659
0.506816
0.449207
0.481587
0.415589
0.469337
0.387317
0.402992
0.322672
0.416795
0.355373
0.419738
0.395317
0.497276
0.42278
0.448107
0.434433
0.537022
0.529653
0.646984
0.579646
0.638097
0.571271
0.383919
0.307789
0.402934
0.353603
0.802488
0.733026
0.491619
0.414167
0.537581
0.545879
0.561712
0.578403
0.694654
0.692701
0.799588
0.733608
0.445231
0.368424
0.224349
0.159653
0.308323
0.38196
0.401141
0.419564
0.0383642
0.102673
0.137364
0.124781
0.310571
0.278536
0.183917
0.229588
0.693498
0.686402
0.803745
0.736445
0.459676
0.518834
0.482757
0.528327
0.82586
0.77275
0.334698
0.287845
0.19462
0.23484
0.50311
0.431342
0.509103
0.440668
0.505877
0.43953
0.808416
0.743218
0.137742
0.12616
0.359158
0.291826
0.355605
0.290418
0.49034
0.429425
0.509111
0.445865
0.514115
0.451354
0.0309191
0.0823022
0
0
0.375948
0.323659
0.372052
0.314879
0.51839
0.452735
0.516639
0.455788
0.15635
0.133378
0.1993
0.247038
0.648445
0.574624
0.126261
0.120294
0.696337
0.697074
0.804287
0.735166
0.804936
0.736763
0.812768
0.748651
0.661708
0.591647
0.279605
0.274943
0.476844
0.427833
0.291183
0.305312
0.696807
0.702816
0.182586
0.239655
0.367643
0.414752
0.298333
0.272432
0.176667
0.22521
0.199911
0.256405
0.196548
0.239287
0.514181
0.45807
0.552809
0.555879
0.26583
0.286606
0.203657
0.261029
0.457892
0.398313
0.48054
0.40597
0.403627
0.45975
0.410577
0.4628
0.416094
0.422137
0.510222
0.448087
0.179452
0.234938
0.184607
0.237122
0.699776
0.702726
0.385252
0.371488
0.509977
0.447991
0.515076
0.461682
0.518373
0.463143
0.428812
0.442041
0.374583
0.308974
0.304669
0.284132
0.177816
0.232989
0
0
0.0331654
0.0873355
0.396872
0.327089
0.304999
0.284032
0.504877
0.437544
0.327882
0.306255
0
0
0.654568
0.588954
0.410275
0.411542
0.672927
0.619477
0.181483
0.236379
0.275373
0.290148
0
0
0.721299
0.737001
0.823441
0.774951
0.528741
0.478708
0.424451
0.440128
0.195704
0.237962
0.176775
0.230062
0.222572
0.157087
0
0
0.336941
0.404705
0.308778
0.257076
0.359546
0.299668
0.334271
0.290706
0.424618
0.440091
0.510934
0.445711
0.525661
0.477973
0.192059
0.144127
0.524644
0.477282
0.372821
0.326192
0.415589
0.391189
0.514322
0.457636
0.149758
0.132731
0.357846
0.303596
0.343287
0.269138
0.212886
0.170216
0.230973
0.176979
0.413759
0.420446
0.357559
0.303655
0.239101
0.259485
0.372202
0.315468
0.373848
0.315878
0.355848
0.299009
0.360954
0.302953
0.326889
0.385796
0.368706
0.307358
0.365733
0.32361
0.267757
0.265862
0.383334
0.339435
0.275575
0.273383
0.0708683
0.296216
0.269334
0.306957
0.144497
0.48755
0.43505
0.591032
0.128602
0.485491
0.126561
0.118041
0.776536
0.24354
0.28945
0.635469
0.282134
0.216944
0.271173
0.730219
0.292719
0.322266
0.0686579
0.478645
0.573642
0.307908
0.214755
0.735825
0.056477
0.213584
0.566994
0.275811
0.286985
0.29291
0.639298
0.45037
0.275635
0.311776
0.432848
0.418458
0.724086
0.3106
0.251641
0.598602
0.789218
0.277733
0.112817
0.122587
0.623055
0.229676
0.600176
0.256573
0.127833
0.386522
0.50839
0.568914
0.21515
0.627355
0.744209
0.219156
0.640917
0.128319
0.597837
0.559489
0.275581
0.231774
0.744819
0.433142
0.182227
0.678257
0.447329
0.795446
0.60561
0.110136
0.195893
0.187262
0.279167
0.248959
0.20477
0.444625
0.337475
0.792495
0.260399
0.110079
0.463648
0.419867
0.640798
0.652157
0.646989
0.336116
0.0515704
0.795405
0.787447
0.370194
0.581891
0.403504
0.742752
0.583743
0.190133
0.4815
0.592206
0.750971
0.355139
0.642672
0.680922
0.550508
0.197073
0.491592
0.875196
0.879393
0.0504918
0.269354
0.643487
0.629637
0.298881
0.746116
0.102969
0.506375
0.639716
0.582006
0.243197
0.346147
0.392376
0.179335
0.638266
0.476863
0.243643
0.248667
0.0544774
0.0559455
0.0535701
0.0472141
0.0544778
0.0531376
0.0544759
0.0499016
0.0618452
0.0544764
0.0527054
0.0567977
0.0563183
0.0532578
0.054476
0.0442607
0.0564861
0.057313
0.0544765
0.0438423
0.0555884
0.0608818
0.574148
0.17369
0.216319
0.202472
0.648934
0.0901409
0.601414
0.361507
0.174636
0.429509
0.333925
0.198859
0.900219
0.89896
0.89628
0.900231
0.110789
0.898118
0.898977
0.0993953
0.8962
0.344463
0.251658
0.761065
0.220579
0.323708
0.397674
0.899054
0.894376
0.744846
0.340382
0.109618
0.109005
0.749081
0.745954
0.749776
0.748983
0.1937
0.584045
0.270251
0.768919
0.341541
0.506549
0.242927
0.739483
0.949087
0.949088
0.94725
0.947535
0.100307
0.946679
0.94765
0.262751
0.370268
0.945308
0.74944
0.751962
0.947217
0.947115
0.269873
0.101915
0.801033
0.643365
0.647838
0.105453
0.0986661
0.104468
0.105344
0.101417
0.0949578
0.105892
0.104518
0.0936019
0.108157
0.103687
0.108786
0.105522
0.106564
0.459025
0.798503
0.237088
0.802058
0.624396
0.103926
0.269052
0.640028
0.798008
0.107337
0.59814
0.798597
0.609267
0.232542
0.628195
0.79746
0.110072
0.589412
0.440476
0.635684
0.794268
0.485605
0.112735
0.483319
0.794587
0.591112
0.611702
0.764301
0.475361
0.687794
0.439442
0.797021
0.311794
0.594066
0.425748
0.275982
0.0504056
0.791974
0.49356
0.799442
0.800192
0.79446
0.80171
0.795562
0.202041
0.784678
0.518609
0.322835
0.527151
0.496435
0.175495
0.25496
0.752765
0.0492827
0.41369
0.326323
0.744435
0.636603
0.949446
0.298277
0.463534
0.588307
0.588828
0.251951
0.100687
0.583217
0.0897058
0.0907616
0.107004
0.27146
0.953884
0.0813229
0.0935163
0.798219
0.48668
0.798878
0.650619
0.650766
0.655531
0.471402
0.798395
0.428618
0.800892
0.477317
0.678755
0.451361
0.165766
0.800961
0.800964
0.17612
0.0413268
0.0476525
0.0473781
0.0488706
0.0468084
0.0484404
0.0479684
0.401541
0.0443738
0.799361
0.896095
0.899177
0.898752
0.899073
0.0489578
0.900971
0.899726
0.535933
0.901946
0.900269
0.902186
0.902749
0.642303
0.904598
0.903143
0.901994
0.902248
0.902132
0.901889
0.902748
0.746169
0.568789
0.0476462
0.901295
0.900286
0.90118
0.901182
0.90077
0.94732
0.947869
0.949745
0.947901
0.9454
0.949194
0.948256
0.948256
0.948923
0.949194
0.949744
0.948217
0.947825
0.948335
0.948257
0.947955
0.949746
0.949164
0.948257
0.944941
0.947836
0.948872
0.901341
0.899838
0.416009
0.900497
0.8923
0.753363
0.302184
0.750283
0.746676
0.947624
0.802322
0.80307
0.947513
0.90124
0.268835
0.948426
0.949459
0.949745
0.951666
0.902151
0.902003
0.949745
0.949716
0.949744
0.9491
0.948945
0.949745
0.949745
0.948199
0.510519
0.799403
0.94832
0.803338
0.798408
0.948278
0.943641
0.732251
0.0972358
0.429273
0.804103
0.238482
0.675342
0.403393
0.619689
0.423677
0.803877
0.440672
0.0468693
0.755731
0.520189
0.74388
0.570329
0.747583
0.594211
0.262725
0.79844
0.43128
0.648086
0.218074
0.265598
0.900701
0.898904
0.89917
0.900702
0.751102
0.198411
0.446174
0.401546
0.0993616
0.0471179
0.898358
0.900606
0.386309
0.896504
0.741279
0.746223
0.749013
0.898753
0.898287
0.749565
0.603629
0.602576
0.596397
0.599236
0.605933
0.750344
0.593475
0.600977
0.750925
0.499305
0.450074
0.642957
0.753213
0.750501
0.750504
0.0858987
0.184237
0.5933
0.0378936
0.746337
0.240775
0.038621
0.595469
0.6001
0.445181
0.804609
0.749423
0.601951
0.586142
0.413747
0.41995
0.603667
0.0389135
0.439768
0.598511
0.591621
0.446589
0.0418221
0.590894
0.598238
0.440057
0.411872
0.652338
0.349832
0.452502
0.383965
0.58396
0.569735
0.339466
0.742933
0.479491
0.492486
0.526662
0.094781
0.741571
0.416869
0.189181
0.204441
0.423677
0.360526
0.0865244
0.247012
0.351742
0.740555
0.478994
0.763136
0.479192
0.262876
0.491407
0.499766
0.799697
0.494883
0.0871676
0.349541
0.490712
0.474818
0.0944949
0.640999
0.798806
0.800928
0.800928
0.79858
0.643061
0.499436
0.649304
0.503919
0.0378207
0.326953
0.795532
0.507219
0.43083
0.505578
0.651371
0.0951629
0.651738
0.64057
0.267612
0.635268
0.648873
0.0814718
0.651401
0.650026
0.646542
0.794331
0.796741
0.804128
0.780673
0.652358
0.232727
0.408751
0.253139
0.748517
0.0977249
0.199048
0.38254
0.237957
0.35351
0.203284
0.187949
0.509826
0.358139
0.240595
0.461573
0.415094
0.461592
0.190081
0.74587
0.748982
0.427005
0.348694
0.503057
0.203515
0.510846
0.396646
0.334737
0.195014
0.393009
0.0394672
0.347656
0.245861
0.484563
0.265012
0.0367459
0.455298
0.591641
0.45584
0.31894
0.194337
0.554198
0.614386
0.199794
0.197298
0.24462
0.0335888
0.897623
0.769725
0.195462
0.649119
0.47391
0.68642
0.193581
0.184436
0.0349825
0.386312
0.24105
0.199827
0.81845
0.341114
0.386366
0.495878
0.474564
0.667264
0.155764
0.472064
0.90589
0.317202
0.462556
0.243412
0.451772
0.334697
0.370472
0.472411
0.501199
0.182173
0.818437
0.0929014
0.433926
0.342048
0.600144
0.263527
0.318852
0.217173
0.460304
0.166496
0.355309
0.295333
0.336762
0.366567
0.342766
0.521516
0.508216
0.347468
0.452233
0.352011
0.44771
0.356741
0.319759
0.658523
0.318481
0.309292
0.364701
0.374342
0.520802
0.313798
0.317399
0.382975
0.186187
0.210535
0.335
0.312956
0.231339
0.175122
0.225053
0.356721
