t              SphereRCS.fdtd_Point probe_Ex_50_50_13.dat       incid
   0.00000000000000000E+000   0.000000000E+000   0.000000000E+000
   0.30813327583922856E-010   0.000000000E+000   0.000000000E+000
   0.61626655167845712E-010   0.000000000E+000   0.000000000E+000
   0.92439982751768568E-010   0.000000000E+000   0.000000000E+000
   0.12325331033569142E-009   0.000000000E+000   0.000000000E+000
   0.15406663791961428E-009   0.000000000E+000   0.000000000E+000
   0.18487996550353714E-009   0.440501802E-009   0.000000000E+000
   0.21569329308745999E-009   0.348758733E-008   0.000000000E+000
   0.24650662067138285E-009   0.152427511E-007   0.000000000E+000
   0.27731994825530570E-009   0.490494649E-007   0.000000000E+000
   0.30813327583922856E-009   0.132396508E-006   0.543364962E-007
   0.33894660342315142E-009   0.323388292E-006   0.130312785E-006
   0.36975993100707427E-009   0.745451530E-006   0.323846876E-006
   0.40057325859099713E-009   0.165031179E-005   0.760842909E-006
   0.43138658617491998E-009   0.352813458E-005   0.168002214E-005
   0.46219991375884284E-009   0.733522165E-005   0.345464173E-005
   0.49301324134276570E-009   0.149535499E-004   0.736913989E-005
   0.52382656892668855E-009   0.299862750E-004   0.160410782E-004
   0.55463989651061141E-009   0.589480478E-004   0.332269774E-004
   0.58545322409453426E-009   0.113011542E-003   0.653353127E-004
   0.61626655167845712E-009   0.211148930E-003   0.121570221E-003
   0.64707987926237998E-009   0.385749270E-003   0.230606616E-003
   0.67789320684630283E-009   0.690968242E-003   0.440436066E-003
   0.70870653443022569E-009   0.121284230E-002   0.805524644E-003
   0.73951986201414854E-009   0.208075810E-002   0.141093973E-002
   0.77033318959807140E-009   0.348465983E-002   0.236808020E-002
   0.80114651718199426E-009   0.570229813E-002   0.399363786E-002
   0.83195984476591711E-009   0.913237222E-002   0.670462428E-002
   0.86277317234983997E-009   0.143202860E-001   0.108426847E-001
   0.89358649993376282E-009   0.219669417E-001   0.169194676E-001
   0.92439982751768568E-009   0.329320394E-001   0.255347192E-001
   0.95521315510160854E-009   0.482437238E-001   0.382758155E-001
   0.98602648268553139E-009   0.690978914E-001   0.565968938E-001
   0.10168398102694542E-008   0.968052074E-001   0.810456276E-001
   0.10476531378533771E-008   0.132660627E+000   0.112656593E+000
   0.10784664654373000E-008   0.177761570E+000   0.152419150E+000
   0.11092797930212228E-008   0.232823923E+000   0.203027248E+000
   0.11400931206051457E-008   0.298022747E+000   0.264986932E+000
   0.11709064481890685E-008   0.372852266E+000   0.336443543E+000
   0.12017197757729914E-008   0.455993026E+000   0.416465372E+000
   0.12325331033569142E-008   0.545185685E+000   0.503646612E+000
   0.12633464309408371E-008   0.637157202E+000   0.596036732E+000
   0.12941597585247600E-008   0.727695882E+000   0.688264012E+000
   0.13249730861086828E-008   0.811960816E+000   0.775755405E+000
   0.13557864136926057E-008   0.885003269E+000   0.854680419E+000
   0.13865997412765285E-008   0.942327082E+000   0.921268940E+000
   0.14174130688604514E-008   0.980306685E+000   0.968485594E+000
   0.14482263964443742E-008   0.996417522E+000   0.991896629E+000
   0.14790397240282971E-008   0.989385843E+000   0.993554056E+000
   0.15098530516122199E-008   0.959366143E+000   0.973572671E+000
   0.15406663791961428E-008   0.908117950E+000   0.932850659E+000
   0.15714797067800657E-008   0.839014053E+000   0.871012628E+000
   0.16022930343639885E-008   0.756709576E+000   0.793296397E+000
   0.16331063619479114E-008   0.666469336E+000   0.706840336E+000
   0.16639196895318342E-008   0.573375702E+000   0.615463793E+000
   0.16947330171157571E-008   0.481748700E+000   0.522866666E+000
   0.17255463446996799E-008   0.394974828E+000   0.433584243E+000
   0.17563596722836028E-008   0.315651238E+000   0.352153838E+000
   0.17871729998675256E-008   0.245748043E+000   0.279322177E+000
   0.18179863274514485E-008   0.186551616E+000   0.215887785E+000
   0.18487996550353714E-008   0.138428494E+000   0.162221119E+000
   0.18796129826192942E-008   0.100684322E+000   0.119465411E+000
   0.19104263102032171E-008   0.717737302E-001   0.867800713E-001
   0.19412396377871399E-008   0.498507991E-001   0.613084137E-001
   0.19720529653710628E-008   0.333609730E-001   0.420110226E-001
   0.20028662929549856E-008   0.213135108E-001   0.278576780E-001
   0.20336796205389085E-008   0.131035615E-001   0.182190500E-001
   0.20644929481228314E-008   0.809448212E-002   0.118726464E-001
   0.20953062757067542E-008   0.534524396E-002   0.747350976E-002
   0.21261196032906771E-008   0.372812850E-002   0.453443173E-002
   0.21569329308745999E-008   0.234168582E-002   0.264780107E-002
   0.21877462584585228E-008   0.864254893E-003   0.153785443E-002
   0.22185595860424456E-008  -0.468557351E-003   0.901896681E-003
   0.22493729136263685E-008  -0.127229816E-002   0.505902979E-003
   0.22801862412102913E-008  -0.149660604E-002   0.271404948E-003
   0.23109995687942142E-008  -0.160482002E-002   0.139286014E-003
   0.23418128963781371E-008  -0.231932988E-002   0.718433585E-004
   0.23726262239620599E-008  -0.415878789E-002   0.380423553E-004
   0.24034395515459828E-008  -0.716379238E-002   0.190142182E-004
   0.24342528791299056E-008  -0.110489922E-001   0.900662781E-005
   0.24650662067138285E-008  -0.156627353E-001   0.405501851E-005
   0.24958795342977513E-008  -0.213767346E-001   0.185742101E-005
   0.25266928618816742E-008  -0.290827565E-001   0.891045147E-006
   0.25575061894655970E-008  -0.397949293E-001   0.396719116E-006
   0.25883195170495199E-008  -0.541761592E-001   0.165680277E-006
   0.26191328446334428E-008  -0.723600015E-001   0.653313919E-007
   0.26499461722173656E-008  -0.941831023E-001   0.265730975E-007
   0.26807594998012885E-008  -0.119593196E+000   0.115890124E-007
   0.27115728273852113E-008  -0.148846284E+000   0.459408644E-008
   0.27423861549691342E-008  -0.182282537E+000   0.168912984E-008
   0.27731994825530570E-008  -0.219825745E+000   0.582475346E-009
   0.28040128101369799E-008  -0.260590225E+000   0.210342466E-009
   0.28348261377209028E-008  -0.302901745E+000   0.836922823E-010
   0.28656394653048256E-008  -0.344713926E+000   0.295209551E-010
   0.28964527928887485E-008  -0.384099841E+000   0.954234174E-011
   0.29272661204726713E-008  -0.419468045E+000   0.287367309E-011
   0.29580794480565942E-008  -0.449413329E+000   0.921033432E-012
   0.29888927756405170E-008  -0.472438991E+000   0.335576483E-012
   0.30197061032244399E-008  -0.486902773E+000   0.105241757E-012
   0.30505194308083627E-008  -0.491345733E+000   0.000000000E+000
   0.30813327583922856E-008  -0.485023350E+000   0.000000000E+000
   0.31121460859762085E-008  -0.468259394E+000   0.000000000E+000
   0.31429594135601313E-008  -0.442355186E+000   0.000000000E+000
   0.31737727411440542E-008  -0.409117460E+000   0.000000000E+000
   0.32045860687279770E-008  -0.370344490E+000   0.000000000E+000
   0.32353993963118999E-008  -0.327607572E+000   0.000000000E+000
   0.32662127238958227E-008  -0.282394826E+000   0.000000000E+000
   0.32970260514797456E-008  -0.236373797E+000   0.000000000E+000
   0.33278393790636684E-008  -0.191441834E+000   0.000000000E+000
   0.33586527066475913E-008  -0.149437085E+000   0.000000000E+000
   0.33894660342315142E-008  -0.111694962E+000   0.000000000E+000
   0.34202793618154370E-008  -0.787901059E-001   0.000000000E+000
   0.34510926893993599E-008  -0.506688654E-001   0.000000000E+000
   0.34819060169832827E-008  -0.270650573E-001   0.000000000E+000
   0.35127193445672056E-008  -0.786591694E-002   0.000000000E+000
   0.35435326721511284E-008   0.685360935E-002   0.000000000E+000
   0.35743459997350513E-008   0.171242356E-001   0.000000000E+000
   0.36051593273189741E-008   0.234208964E-001   0.000000000E+000
   0.36359726549028970E-008   0.267267637E-001   0.000000000E+000
   0.36667859824868199E-008   0.282342043E-001   0.000000000E+000
   0.36975993100707427E-008   0.288971644E-001   0.000000000E+000
   0.37284126376546656E-008   0.291707106E-001   0.000000000E+000
   0.37592259652385884E-008   0.291134473E-001   0.000000000E+000
   0.37900392928225113E-008   0.287263449E-001   0.000000000E+000
   0.38208526204064341E-008   0.282150656E-001   0.000000000E+000
   0.38516659479903570E-008   0.279476028E-001   0.000000000E+000
   0.38824792755742799E-008   0.281573571E-001   0.000000000E+000
   0.39132926031582027E-008   0.286738575E-001   0.000000000E+000
   0.39441059307421256E-008   0.289501250E-001   0.000000000E+000
   0.39749192583260484E-008   0.284054950E-001   0.000000000E+000
   0.40057325859099713E-008   0.268279202E-001   0.000000000E+000
   0.40365459134938941E-008   0.245178565E-001   0.000000000E+000
   0.40673592410778170E-008   0.220623743E-001   0.000000000E+000
   0.40981725686617398E-008   0.199291576E-001   0.000000000E+000
   0.41289858962456627E-008   0.182127710E-001   0.000000000E+000
   0.41597992238295856E-008   0.167308990E-001   0.000000000E+000
   0.41906125514135084E-008   0.153678367E-001   0.000000000E+000
   0.42214258789974313E-008   0.143480133E-001   0.000000000E+000
   0.42522392065813541E-008   0.141774248E-001   0.000000000E+000
   0.42830525341652770E-008   0.152732544E-001   0.000000000E+000
   0.43138658617491998E-008   0.175751597E-001   0.000000000E+000
   0.43446791893331227E-008   0.204657093E-001   0.000000000E+000
   0.43754925169170455E-008   0.230905265E-001   0.000000000E+000
   0.44063058445009684E-008   0.248519368E-001   0.000000000E+000
   0.44371191720848913E-008   0.257104356E-001   0.000000000E+000
   0.44679324996688141E-008   0.260803085E-001   0.000000000E+000
   0.44987458272527370E-008   0.264252853E-001   0.000000000E+000
   0.45295591548366598E-008   0.268869400E-001   0.000000000E+000
   0.45603724824205827E-008   0.272336341E-001   0.000000000E+000
   0.45911858100045055E-008   0.271462630E-001   0.000000000E+000
   0.46219991375884284E-008   0.265833903E-001   0.000000000E+000
   0.46528124651723513E-008   0.259107873E-001   0.000000000E+000
   0.46836257927562741E-008   0.256787185E-001   0.000000000E+000
   0.47144391203401970E-008   0.262182150E-001   0.000000000E+000
   0.47452524479241198E-008   0.273712929E-001   0.000000000E+000
   0.47760657755080427E-008   0.285603162E-001   0.000000000E+000
   0.48068791030919655E-008   0.291378219E-001   0.000000000E+000
   0.48376924306758884E-008   0.287551116E-001   0.000000000E+000
   0.48685057582598112E-008   0.274971370E-001   0.000000000E+000
   0.48993190858437341E-008   0.257269647E-001   0.000000000E+000
   0.49301324134276570E-008   0.237982012E-001   0.000000000E+000
   0.49609457410115798E-008   0.218629502E-001   0.000000000E+000
   0.49917590685955027E-008   0.198916160E-001   0.000000000E+000
   0.50225723961794255E-008   0.178404879E-001   0.000000000E+000
   0.50533857237633484E-008   0.158038400E-001   0.000000000E+000
   0.50841990513472712E-008   0.140324496E-001   0.000000000E+000
   0.51150123789311941E-008   0.128269345E-001   0.000000000E+000
   0.51458257065151169E-008   0.124055268E-001   0.000000000E+000
   0.51766390340990398E-008   0.128362291E-001   0.000000000E+000
   0.52074523616829627E-008   0.140457312E-001   0.000000000E+000
   0.52382656892668855E-008   0.158579163E-001   0.000000000E+000
   0.52690790168508084E-008   0.180243608E-001   0.000000000E+000
   0.52998923444347312E-008   0.202587638E-001   0.000000000E+000
   0.53307056720186541E-008   0.223061610E-001   0.000000000E+000
   0.53615189996025769E-008   0.240355358E-001   0.000000000E+000
   0.53923323271864998E-008   0.254857689E-001   0.000000000E+000
   0.54231456547704227E-008   0.267957039E-001   0.000000000E+000
   0.54539589823543455E-008   0.280358270E-001   0.000000000E+000
   0.54847723099382684E-008   0.290671997E-001   0.000000000E+000
   0.55155856375221912E-008   0.295722429E-001   0.000000000E+000
   0.55463989651061141E-008   0.292815380E-001   0.000000000E+000
   0.55772122926900369E-008   0.282407347E-001   0.000000000E+000
   0.56080256202739598E-008   0.268830135E-001   0.000000000E+000
   0.56388389478578826E-008   0.257936418E-001   0.000000000E+000
   0.56696522754418055E-008   0.253037661E-001   0.000000000E+000
   0.57004656030257284E-008   0.252263267E-001   0.000000000E+000
   0.57312789306096512E-008   0.249756817E-001   0.000000000E+000
   0.57620922581935741E-008   0.240187254E-001   0.000000000E+000
   0.57929055857774969E-008   0.223192852E-001   0.000000000E+000
   0.58237189133614198E-008   0.204107855E-001   0.000000000E+000
   0.58545322409453426E-008   0.190118812E-001   0.000000000E+000
   0.58853455685292655E-008   0.184710808E-001   0.000000000E+000
   0.59161588961131883E-008   0.184842702E-001   0.000000000E+000
   0.59469722236971112E-008   0.183317196E-001   0.000000000E+000
   0.59777855512810341E-008   0.174731463E-001   0.000000000E+000
   0.60085988788649569E-008   0.160411987E-001   0.000000000E+000
   0.60394122064488798E-008   0.148280803E-001   0.000000000E+000
   0.60702255340328026E-008   0.147375502E-001   0.000000000E+000
   0.61010388616167255E-008   0.160939116E-001   0.000000000E+000
   0.61318521892006483E-008   0.183374379E-001   0.000000000E+000
   0.61626655167845712E-008   0.203698371E-001   0.000000000E+000
   0.61934788443684941E-008   0.213231277E-001   0.000000000E+000
   0.62242921719524169E-008   0.211761538E-001   0.000000000E+000
   0.62551054995363398E-008   0.207224805E-001   0.000000000E+000
   0.62859188271202626E-008   0.208787806E-001   0.000000000E+000
   0.63167321547041855E-008   0.218622144E-001   0.000000000E+000
   0.63475454822881083E-008   0.229186825E-001   0.000000000E+000
   0.63783588098720312E-008   0.228772238E-001   0.000000000E+000
   0.64091721374559540E-008   0.211246591E-001   0.000000000E+000
   0.64399854650398769E-008   0.182017237E-001   0.000000000E+000
   0.64707987926237998E-008   0.154892681E-001   0.000000000E+000
   0.65016121202077226E-008   0.141986171E-001   0.000000000E+000
   0.65324254477916455E-008   0.144798988E-001   0.000000000E+000
   0.65632387753755683E-008   0.153859705E-001   0.000000000E+000
   0.65940521029594912E-008   0.157231651E-001   0.000000000E+000
   0.66248654305434140E-008   0.150789768E-001   0.000000000E+000
   0.66556787581273369E-008   0.141703412E-001   0.000000000E+000
   0.66864920857112597E-008   0.142268622E-001   0.000000000E+000
   0.67173054132951826E-008   0.159298163E-001   0.000000000E+000
   0.67481187408791055E-008   0.187928993E-001   0.000000000E+000
   0.67789320684630283E-008   0.214901082E-001   0.000000000E+000
   0.68097453960469512E-008   0.228413176E-001   0.000000000E+000
   0.68405587236308740E-008   0.226423871E-001   0.000000000E+000
   0.68713720512147969E-008   0.217023473E-001   0.000000000E+000
   0.69021853787987197E-008   0.211243536E-001   0.000000000E+000
   0.69329987063826426E-008   0.214392580E-001   0.000000000E+000
   0.69638120339665655E-008   0.222438686E-001   0.000000000E+000
   0.69946253615504883E-008   0.225671865E-001   0.000000000E+000
   0.70254386891344112E-008   0.216586571E-001   0.000000000E+000
   0.70562520167183340E-008   0.196137242E-001   0.000000000E+000
   0.70870653443022569E-008   0.173754934E-001   0.000000000E+000
   0.71178786718861797E-008   0.160956811E-001   0.000000000E+000
   0.71486919994701026E-008   0.163124949E-001   0.000000000E+000
   0.71795053270540254E-008   0.175583903E-001   0.000000000E+000
   0.72103186546379483E-008   0.187075716E-001   0.000000000E+000
   0.72411319822218712E-008   0.188239217E-001   0.000000000E+000
   0.72719453098057940E-008   0.178796928E-001   0.000000000E+000
   0.73027586373897169E-008   0.167780630E-001   0.000000000E+000
   0.73335719649736397E-008   0.166175682E-001   0.000000000E+000
   0.73643852925575626E-008   0.177486911E-001   0.000000000E+000
   0.73951986201414854E-008   0.194036905E-001   0.000000000E+000
   0.74260119477254083E-008   0.202612709E-001   0.000000000E+000
   0.74568252753093311E-008   0.195215475E-001   0.000000000E+000
   0.74876386028932540E-008   0.175962765E-001   0.000000000E+000
   0.75184519304771769E-008   0.158144683E-001   0.000000000E+000
   0.75492652580610997E-008   0.153644588E-001   0.000000000E+000
   0.75800785856450226E-008   0.163371433E-001   0.000000000E+000
   0.76108919132289454E-008   0.176648423E-001   0.000000000E+000
   0.76417052408128683E-008   0.180200487E-001   0.000000000E+000
   0.76725185683967911E-008   0.169334263E-001   0.000000000E+000
   0.77033318959807140E-008   0.151876416E-001   0.000000000E+000
   0.77341452235646369E-008   0.141483955E-001   0.000000000E+000
   0.77649585511485597E-008   0.146038942E-001   0.000000000E+000
   0.77957718787324826E-008   0.160982367E-001   0.000000000E+000
   0.78265852063164054E-008   0.173086450E-001   0.000000000E+000
   0.78573985339003283E-008   0.171345789E-001   0.000000000E+000
   0.78882118614842511E-008   0.155913588E-001   0.000000000E+000
   0.79190251890681740E-008   0.137812095E-001   0.000000000E+000
   0.79498385166520968E-008   0.129808653E-001   0.000000000E+000
   0.79806518442360197E-008   0.136099420E-001   0.000000000E+000
   0.80114651718199426E-008   0.149292331E-001   0.000000000E+000
   0.80422784994038654E-008   0.156919286E-001   0.000000000E+000
   0.80730918269877883E-008   0.151790632E-001   0.000000000E+000
   0.81039051545717111E-008   0.137663297E-001   0.000000000E+000
   0.81347184821556340E-008   0.125886956E-001   0.000000000E+000
   0.81655318097395568E-008   0.126027083E-001   0.000000000E+000
   0.81963451373234797E-008   0.138109047E-001   0.000000000E+000
   0.82271584649074025E-008   0.152690634E-001   0.000000000E+000
   0.82579717924913254E-008   0.158577301E-001   0.000000000E+000
   0.82887851200752483E-008   0.151731875E-001   0.000000000E+000
   0.83195984476591711E-008   0.138123818E-001   0.000000000E+000
   0.83504117752430940E-008   0.128551656E-001   0.000000000E+000
   0.83812251028270168E-008   0.129986173E-001   0.000000000E+000
   0.84120384304109397E-008   0.140284887E-001   0.000000000E+000
   0.84428517579948625E-008   0.150091629E-001   0.000000000E+000
   0.84736650855787854E-008   0.150264055E-001   0.000000000E+000
   0.85044784131627083E-008   0.139102563E-001   0.000000000E+000
   0.85352917407466311E-008   0.123726102E-001   0.000000000E+000
   0.85661050683305540E-008   0.114439717E-001   0.000000000E+000
   0.85969183959144768E-008   0.116628651E-001   0.000000000E+000
   0.86277317234983997E-008   0.126732448E-001   0.000000000E+000
   0.86585450510823225E-008   0.135367177E-001   0.000000000E+000
   0.86893583786662454E-008   0.134866331E-001   0.000000000E+000
   0.87201717062501682E-008   0.125271790E-001   0.000000000E+000
   0.87509850338340911E-008   0.114268064E-001   0.000000000E+000
   0.87817983614180140E-008   0.111193163E-001   0.000000000E+000
   0.88126116890019368E-008   0.119691147E-001   0.000000000E+000
   0.88434250165858597E-008   0.134672420E-001   0.000000000E+000
   0.88742383441697825E-008   0.146058490E-001   0.000000000E+000
   0.89050516717537054E-008   0.146525167E-001   0.000000000E+000
   0.89358649993376282E-008   0.137195280E-001   0.000000000E+000
   0.89666783269215511E-008   0.126683814E-001   0.000000000E+000
   0.89974916545054739E-008   0.124111027E-001   0.000000000E+000
   0.90283049820893968E-008   0.131634269E-001   0.000000000E+000
   0.90591183096733197E-008   0.142610455E-001   0.000000000E+000
   0.90899316372572425E-008   0.146965003E-001   0.000000000E+000
   0.91207449648411654E-008   0.139380237E-001   0.000000000E+000
   0.91515582924250882E-008   0.123632308E-001   0.000000000E+000
   0.91823716200090111E-008   0.109665804E-001   0.000000000E+000
   0.92131849475929339E-008   0.105840461E-001   0.000000000E+000
   0.92439982751768568E-008   0.112451874E-001   0.000000000E+000
   0.92748116027607796E-008   0.121565107E-001   0.000000000E+000
   0.93056249303447025E-008   0.123383291E-001   0.000000000E+000
   0.93364382579286254E-008   0.114232395E-001   0.000000000E+000
   0.93672515855125482E-008   0.996741466E-002   0.000000000E+000
   0.93980649130964711E-008   0.899787247E-002   0.000000000E+000
   0.94288782406803939E-008   0.915956870E-002   0.000000000E+000
   0.94596915682643168E-008   0.101814773E-001   0.000000000E+000
   0.94905048958482396E-008   0.111091333E-001   0.000000000E+000
   0.95213182234321625E-008   0.110906288E-001   0.000000000E+000
   0.95521315510160854E-008   0.100510847E-001   0.000000000E+000
   0.95829448786000082E-008   0.872102100E-002   0.000000000E+000
   0.96137582061839311E-008   0.803297292E-002   0.000000000E+000
   0.96445715337678539E-008   0.838755444E-002   0.000000000E+000
   0.96753848613517768E-008   0.935747009E-002   0.000000000E+000
   0.97061981889356996E-008   0.100437570E-001   0.000000000E+000
   0.97370115165196225E-008   0.980299991E-002   0.000000000E+000
   0.97678248441035453E-008   0.877666660E-002   0.000000000E+000
   0.97986381716874682E-008   0.778943487E-002   0.000000000E+000
   0.98294514992713911E-008   0.767689291E-002   0.000000000E+000
   0.98602648268553139E-008   0.858908985E-002   0.000000000E+000
   0.98910781544392368E-008   0.986359268E-002   0.000000000E+000
   0.99218914820231596E-008   0.105784182E-001   0.000000000E+000
   0.99527048096070825E-008   0.102990540E-001   0.000000000E+000
   0.99835181371910053E-008   0.938290637E-002   0.000000000E+000
   0.10014331464774928E-007   0.862226076E-002   0.000000000E+000
   0.10045144792358851E-007   0.857034046E-002   0.000000000E+000
   0.10075958119942774E-007   0.910811964E-002   0.000000000E+000
   0.10106771447526697E-007   0.956603512E-002   0.000000000E+000
   0.10137584775110620E-007   0.927623361E-002   0.000000000E+000
   0.10168398102694542E-007   0.812118594E-002   0.000000000E+000
   0.10199211430278465E-007   0.665146206E-002   0.000000000E+000
   0.10230024757862388E-007   0.566877518E-002   0.000000000E+000
   0.10260838085446311E-007   0.559812086E-002   0.000000000E+000
   0.10291651413030234E-007   0.616584159E-002   0.000000000E+000
   0.10322464740614157E-007   0.665953988E-002   0.000000000E+000
   0.10353278068198080E-007   0.654543051E-002   0.000000000E+000
   0.10384091395782002E-007   0.590356952E-002   0.000000000E+000
   0.10414904723365925E-007   0.531277759E-002   0.000000000E+000
   0.10445718050949848E-007   0.531609450E-002   0.000000000E+000
   0.10476531378533771E-007   0.595015381E-002   0.000000000E+000
   0.10507344706117694E-007   0.672194175E-002   0.000000000E+000
   0.10538158033701617E-007   0.701035187E-002   0.000000000E+000
   0.10568971361285540E-007   0.654410478E-002   0.000000000E+000
   0.10599784688869462E-007   0.559107400E-002   0.000000000E+000
   0.10630598016453385E-007   0.473340414E-002   0.000000000E+000
   0.10661411344037308E-007   0.440771319E-002   0.000000000E+000
   0.10692224671621231E-007   0.456726318E-002   0.000000000E+000
   0.10723037999205154E-007   0.474141212E-002   0.000000000E+000
   0.10753851326789077E-007   0.445316453E-002   0.000000000E+000
   0.10784664654373000E-007   0.364462426E-002   0.000000000E+000
   0.10815477981956922E-007   0.273750839E-002   0.000000000E+000
   0.10846291309540845E-007   0.227222079E-002   0.000000000E+000
   0.10877104637124768E-007   0.244753156E-002   0.000000000E+000
   0.10907917964708691E-007   0.296605658E-002   0.000000000E+000
   0.10938731292292614E-007   0.330162887E-002   0.000000000E+000
   0.10969544619876537E-007   0.313227484E-002   0.000000000E+000
   0.11000357947460460E-007   0.257335417E-002   0.000000000E+000
   0.11031171275044382E-007   0.205160538E-002   0.000000000E+000
   0.11061984602628305E-007   0.194958702E-002   0.000000000E+000
   0.11092797930212228E-007   0.229558814E-002   0.000000000E+000
   0.11123611257796151E-007   0.272619002E-002   0.000000000E+000
   0.11154424585380074E-007   0.276113464E-002   0.000000000E+000
   0.11185237912963997E-007   0.219535804E-002   0.000000000E+000
   0.11216051240547920E-007   0.128792890E-002   0.000000000E+000
   0.11246864568131842E-007   0.561055145E-003   0.000000000E+000
   0.11277677895715765E-007   0.357281533E-003   0.000000000E+000
   0.11308491223299688E-007   0.542323687E-003   0.000000000E+000
   0.11339304550883611E-007   0.626935507E-003   0.000000000E+000
   0.11370117878467534E-007   0.199603557E-003   0.000000000E+000
   0.11400931206051457E-007  -0.717092247E-003   0.000000000E+000
   0.11431744533635380E-007  -0.168637885E-002   0.000000000E+000
   0.11462557861219302E-007  -0.221356004E-002   0.000000000E+000
   0.11493371188803225E-007  -0.213664118E-002   0.000000000E+000
   0.11524184516387148E-007  -0.175452139E-002   0.000000000E+000
   0.11554997843971071E-007  -0.160257472E-002   0.000000000E+000
   0.11585811171554994E-007  -0.203303108E-002   0.000000000E+000
   0.11616624499138917E-007  -0.291347876E-002   0.000000000E+000
   0.11647437826722840E-007  -0.370745268E-002   0.000000000E+000
   0.11678251154306762E-007  -0.391627057E-002   0.000000000E+000
   0.11709064481890685E-007  -0.352916564E-002   0.000000000E+000
   0.11739877809474608E-007  -0.307204667E-002   0.000000000E+000
   0.11770691137058531E-007  -0.317925075E-002   0.000000000E+000
   0.11801504464642454E-007  -0.405168207E-002   0.000000000E+000
   0.11832317792226377E-007  -0.528057478E-002   0.000000000E+000
   0.11863131119810300E-007  -0.619023200E-002   0.000000000E+000
   0.11893944447394222E-007  -0.640045479E-002   0.000000000E+000
   0.11924757774978145E-007  -0.614023441E-002   0.000000000E+000
   0.11955571102562068E-007  -0.606816309E-002   0.000000000E+000
   0.11986384430145991E-007  -0.674604438E-002   0.000000000E+000
   0.12017197757729914E-007  -0.817217864E-002   0.000000000E+000
   0.12048011085313837E-007  -0.974821672E-002   0.000000000E+000
   0.12078824412897760E-007  -0.107410839E-001   0.000000000E+000
   0.12109637740481682E-007  -0.108975377E-001   0.000000000E+000
   0.12140451068065605E-007  -0.106922816E-001   0.000000000E+000
   0.12171264395649528E-007  -0.109552843E-001   0.000000000E+000
   0.12202077723233451E-007  -0.121619608E-001   0.000000000E+000
   0.12232891050817374E-007  -0.139986053E-001   0.000000000E+000
   0.12263704378401297E-007  -0.155983660E-001   0.000000000E+000
   0.12294517705985220E-007  -0.162577610E-001   0.000000000E+000
   0.12325331033569142E-007  -0.160245746E-001   0.000000000E+000
   0.12356144361153065E-007  -0.156641547E-001   0.000000000E+000
   0.12386957688736988E-007  -0.160370152E-001   0.000000000E+000
   0.12417771016320911E-007  -0.173977409E-001   0.000000000E+000
   0.12448584343904834E-007  -0.191828571E-001   0.000000000E+000
   0.12479397671488757E-007  -0.204714052E-001   0.000000000E+000
   0.12510210999072680E-007  -0.207671337E-001   0.000000000E+000
   0.12541024326656602E-007  -0.204657186E-001   0.000000000E+000
   0.12571837654240525E-007  -0.205862466E-001   0.000000000E+000
   0.12602650981824448E-007  -0.219441764E-001   0.000000000E+000
   0.12633464309408371E-007  -0.244443584E-001   0.000000000E+000
   0.12664277636992294E-007  -0.271119773E-001   0.000000000E+000
   0.12695090964576217E-007  -0.288622379E-001   0.000000000E+000
   0.12725904292160140E-007  -0.293653812E-001   0.000000000E+000
   0.12756717619744062E-007  -0.292708445E-001   0.000000000E+000
   0.12787530947327985E-007  -0.295992885E-001   0.000000000E+000
   0.12818344274911908E-007  -0.308156442E-001   0.000000000E+000
   0.12849157602495831E-007  -0.323621593E-001   0.000000000E+000
   0.12879970930079754E-007  -0.330505408E-001   0.000000000E+000
   0.12910784257663677E-007  -0.320084170E-001   0.000000000E+000
   0.12941597585247600E-007  -0.294126868E-001   0.000000000E+000
   0.12972410912831522E-007  -0.263940506E-001   0.000000000E+000
   0.13003224240415445E-007  -0.241616312E-001   0.000000000E+000
   0.13034037567999368E-007  -0.230519287E-001   0.000000000E+000
   0.13064850895583291E-007  -0.222986639E-001   0.000000000E+000
   0.13095664223167214E-007  -0.207362194E-001   0.000000000E+000
   0.13126477550751137E-007  -0.178584177E-001   0.000000000E+000
   0.13157290878335060E-007  -0.143338162E-001   0.000000000E+000
   0.13188104205918982E-007  -0.115221366E-001   0.000000000E+000
   0.13218917533502905E-007  -0.103810197E-001   0.000000000E+000
   0.13249730861086828E-007  -0.106796417E-001   0.000000000E+000
   0.13280544188670751E-007  -0.111892009E-001   0.000000000E+000
   0.13311357516254674E-007  -0.107026966E-001   0.000000000E+000
   0.13342170843838597E-007  -0.903792959E-002   0.000000000E+000
   0.13372984171422519E-007  -0.718653481E-002   0.000000000E+000
   0.13403797499006442E-007  -0.647905748E-002   0.000000000E+000
   0.13434610826590365E-007  -0.745265605E-002   0.000000000E+000
   0.13465424154174288E-007  -0.936031155E-002   0.000000000E+000
   0.13496237481758211E-007  -0.107395183E-001   0.000000000E+000
   0.13527050809342134E-007  -0.105855810E-001   0.000000000E+000
   0.13557864136926057E-007  -0.916278735E-002   0.000000000E+000
   0.13588677464509979E-007  -0.776771083E-002   0.000000000E+000
   0.13619490792093902E-007  -0.762311509E-002   0.000000000E+000
   0.13650304119677825E-007  -0.882200897E-002   0.000000000E+000
   0.13681117447261748E-007  -0.102224750E-001   0.000000000E+000
   0.13711930774845671E-007  -0.104001015E-001   0.000000000E+000
   0.13742744102429594E-007  -0.885926094E-002   0.000000000E+000
   0.13773557430013517E-007  -0.647503929E-002   0.000000000E+000
   0.13804370757597439E-007  -0.479102973E-002   0.000000000E+000
   0.13835184085181362E-007  -0.476468168E-002   0.000000000E+000
   0.13865997412765285E-007  -0.600325037E-002   0.000000000E+000
   0.13896810740349208E-007  -0.711146323E-002   0.000000000E+000
   0.13927624067933131E-007  -0.685571134E-002   0.000000000E+000
   0.13958437395517054E-007  -0.518982206E-002   0.000000000E+000
   0.13989250723100977E-007  -0.329975225E-002   0.000000000E+000
   0.14020064050684899E-007  -0.261798454E-002   0.000000000E+000
   0.14050877378268822E-007  -0.361106172E-002   0.000000000E+000
   0.14081690705852745E-007  -0.535831274E-002   0.000000000E+000
   0.14112504033436668E-007  -0.629997347E-002   0.000000000E+000
   0.14143317361020591E-007  -0.554016139E-002   0.000000000E+000
   0.14174130688604514E-007  -0.359806512E-002   0.000000000E+000
   0.14204944016188437E-007  -0.196516258E-002   0.000000000E+000
   0.14235757343772359E-007  -0.185258384E-002   0.000000000E+000
   0.14266570671356282E-007  -0.319398404E-002   0.000000000E+000
   0.14297383998940205E-007  -0.472512655E-002   0.000000000E+000
   0.14328197326524128E-007  -0.504509779E-002   0.000000000E+000
   0.14359010654108051E-007  -0.377108296E-002   0.000000000E+000
   0.14389823981691974E-007  -0.184981676E-002   0.000000000E+000
   0.14420637309275897E-007  -0.778246555E-003   0.000000000E+000
   0.14451450636859819E-007  -0.136324693E-002   0.000000000E+000
   0.14482263964443742E-007  -0.303822709E-002   0.000000000E+000
   0.14513077292027665E-007  -0.432248134E-002   0.000000000E+000
   0.14543890619611588E-007  -0.406121369E-002   0.000000000E+000
   0.14574703947195511E-007  -0.240080524E-002   0.000000000E+000
   0.14605517274779434E-007  -0.659525394E-003   0.000000000E+000
   0.14636330602363357E-007  -0.205580727E-003   0.000000000E+000
   0.14667143929947279E-007  -0.131070917E-002   0.000000000E+000
   0.14697957257531202E-007  -0.294578774E-002   0.000000000E+000
   0.14728770585115125E-007  -0.365847023E-002   0.000000000E+000
   0.14759583912699048E-007  -0.277514965E-002   0.000000000E+000
   0.14790397240282971E-007  -0.942024635E-003   0.000000000E+000
   0.14821210567866894E-007   0.415131683E-003   0.000000000E+000
   0.14852023895450817E-007   0.264796952E-003   0.000000000E+000
   0.14882837223034739E-007  -0.117625343E-002   0.000000000E+000
   0.14913650550618662E-007  -0.261814729E-002   0.000000000E+000
   0.14944463878202585E-007  -0.277693174E-002   0.000000000E+000
   0.14975277205786508E-007  -0.145949773E-002   0.000000000E+000
   0.15006090533370431E-007   0.275076134E-003   0.000000000E+000
   0.15036903860954354E-007   0.102057820E-002   0.000000000E+000
   0.15067717188538277E-007   0.211780309E-003   0.000000000E+000
   0.15098530516122199E-007  -0.141890009E-002   0.000000000E+000
   0.15129343843706122E-007  -0.247666542E-002   0.000000000E+000
   0.15160157171290045E-007  -0.206563761E-002   0.000000000E+000
   0.15190970498873968E-007  -0.509407837E-003   0.000000000E+000
   0.15221783826457891E-007   0.935407821E-003   0.000000000E+000
   0.15252597154041814E-007   0.111942098E-002   0.000000000E+000
   0.15283410481625737E-007  -0.515452120E-004   0.000000000E+000
   0.15314223809209659E-007  -0.153644569E-002   0.000000000E+000
   0.15345037136793582E-007  -0.202836376E-002   0.000000000E+000
   0.15375850464377505E-007  -0.105767976E-002   0.000000000E+000
   0.15406663791961428E-007   0.611979049E-003   0.000000000E+000
   0.15437477119545351E-007   0.164092216E-002   0.000000000E+000
   0.15468290447129274E-007   0.124989101E-002   0.000000000E+000
   0.15499103774713197E-007  -0.145548023E-003   0.000000000E+000
   0.15529917102297119E-007  -0.131812214E-002   0.000000000E+000
   0.15560730429881042E-007  -0.126441964E-002   0.000000000E+000
   0.15591543757464965E-007  -0.181131763E-004   0.000000000E+000
   0.15622357085048888E-007   0.140080415E-002   0.000000000E+000
   0.15653170412632811E-007   0.183286809E-002   0.000000000E+000
   0.15683983740216734E-007   0.935649092E-003   0.000000000E+000
   0.15714797067800657E-007  -0.524719886E-003   0.000000000E+000
   0.15745610395384579E-007  -0.130522647E-002   0.000000000E+000
   0.15776423722968502E-007  -0.735041511E-003   0.000000000E+000
   0.15807237050552425E-007   0.712927955E-003   0.000000000E+000
   0.15838050378136348E-007   0.183677324E-002   0.000000000E+000
   0.15868863705720271E-007   0.174279814E-002   0.000000000E+000
   0.15899677033304194E-007   0.588728231E-003   0.000000000E+000
   0.15930490360888117E-007  -0.591404736E-003   0.000000000E+000
   0.15961303688472039E-007  -0.778459478E-003   0.000000000E+000
   0.15992117016055962E-007   0.201709219E-003   0.000000000E+000
   0.16022930343639885E-007   0.156351947E-002   0.000000000E+000
   0.16053743671223808E-007   0.221124454E-002   0.000000000E+000
   0.16084556998807731E-007   0.162798027E-002   0.000000000E+000
   0.16115370326391654E-007   0.307830982E-003   0.000000000E+000
   0.16146183653975577E-007  -0.634790224E-003   0.000000000E+000
   0.16176996981559499E-007  -0.397008698E-003   0.000000000E+000
   0.16207810309143422E-007   0.816653250E-003   0.000000000E+000
   0.16238623636727345E-007   0.196626619E-002   0.000000000E+000
   0.16269436964311268E-007   0.208721193E-002   0.000000000E+000
   0.16300250291895191E-007   0.112112169E-002   0.000000000E+000
   0.16331063619479114E-007  -0.696848147E-004   0.000000000E+000
   0.16361876947063037E-007  -0.469612627E-003   0.000000000E+000
   0.16392690274646959E-007   0.250736048E-003   0.000000000E+000
   0.16423503602230882E-007   0.150716456E-002   0.000000000E+000
   0.16454316929814805E-007   0.230028387E-002   0.000000000E+000
   0.16485130257398728E-007   0.200924417E-002   0.000000000E+000
   0.16515943584982651E-007   0.885067275E-003   0.000000000E+000
   0.16546756912566574E-007  -0.132431160E-003   0.000000000E+000
   0.16577570240150497E-007  -0.173305627E-003   0.000000000E+000
   0.16608383567734419E-007   0.814185594E-003   0.000000000E+000
   0.16639196895318342E-007   0.199138373E-002   0.000000000E+000
   0.16670010222902265E-007   0.235356740E-002   0.000000000E+000
   0.16700823550486188E-007   0.161711825E-002   0.000000000E+000
   0.16731636878070111E-007   0.450462801E-003   0.000000000E+000
   0.16762450205654034E-007  -0.141749450E-003   0.000000000E+000
   0.16793263533237957E-007   0.320489460E-003   0.000000000E+000
   0.16824076860821879E-007   0.144086638E-002   0.000000000E+000
   0.16854890188405802E-007   0.232203212E-002   0.000000000E+000
   0.16885703515989725E-007   0.228617783E-002   0.000000000E+000
   0.16916516843573648E-007   0.138572184E-002   0.000000000E+000
   0.16947330171157571E-007   0.361442566E-003   0.000000000E+000
   0.16978143498741494E-007   0.696792849E-004   0.000000000E+000
   0.17008956826325417E-007   0.775001652E-003   0.000000000E+000
   0.17039770153909339E-007   0.188867841E-002   0.000000000E+000
   0.17070583481493262E-007   0.244839885E-002   0.000000000E+000
   0.17101396809077185E-007   0.196827203E-002   0.000000000E+000
   0.17132210136661108E-007   0.874905032E-003   0.000000000E+000
   0.17163023464245031E-007   0.109217886E-003   0.000000000E+000
   0.17193836791828954E-007   0.288465875E-003   0.000000000E+000
   0.17224650119412876E-007   0.121429877E-002   0.000000000E+000
   0.17255463446996799E-007   0.210742350E-002   0.000000000E+000
   0.17286276774580722E-007   0.226992788E-002   0.000000000E+000
   0.17317090102164645E-007   0.160766509E-002   0.000000000E+000
   0.17347903429748568E-007   0.670375593E-003   0.000000000E+000
   0.17378716757332491E-007   0.227184413E-003   0.000000000E+000
   0.17409530084916414E-007   0.664789521E-003   0.000000000E+000
   0.17440343412500336E-007   0.164349307E-002   0.000000000E+000
   0.17471156740084259E-007   0.234147557E-002   0.000000000E+000
   0.17501970067668182E-007   0.215760595E-002   0.000000000E+000
   0.17532783395252105E-007   0.125988468E-002   0.000000000E+000
   0.17563596722836028E-007   0.436845992E-003   0.000000000E+000
   0.17594410050419951E-007   0.379629026E-003   0.000000000E+000
   0.17625223378003874E-007   0.108924136E-002   0.000000000E+000
   0.17656036705587796E-007   0.193681614E-002   0.000000000E+000
   0.17686850033171719E-007   0.223820307E-002   0.000000000E+000
   0.17717663360755642E-007   0.179038884E-002   0.000000000E+000
   0.17748476688339565E-007   0.978116179E-003   0.000000000E+000
   0.17779290015923488E-007   0.454748690E-003   0.000000000E+000
   0.17810103343507411E-007   0.648233923E-003   0.000000000E+000
   0.17840916671091334E-007   0.141582836E-002   0.000000000E+000
   0.17871729998675256E-007   0.212330371E-002   0.000000000E+000
   0.17902543326259179E-007   0.215976802E-002   0.000000000E+000
   0.17933356653843102E-007   0.148694916E-002   0.000000000E+000
   0.17964169981427025E-007   0.692891655E-003   0.000000000E+000
   0.17994983309010948E-007   0.457778398E-003   0.000000000E+000
   0.18025796636594871E-007   0.942958868E-003   0.000000000E+000
   0.18056609964178794E-007   0.168871740E-002   0.000000000E+000
   0.18087423291762716E-007   0.206445437E-002   0.000000000E+000
   0.18118236619346639E-007   0.179758982E-002   0.000000000E+000
   0.18149049946930562E-007   0.113955047E-002   0.000000000E+000
   0.18179863274514485E-007   0.625249348E-003   0.000000000E+000
   0.18210676602098408E-007   0.664847554E-003   0.000000000E+000
   0.18241489929682331E-007   0.123717426E-002   0.000000000E+000
   0.18272303257266254E-007   0.188505254E-002   0.000000000E+000
   0.18303116584850176E-007   0.206466531E-002   0.000000000E+000
   0.18333929912434099E-007   0.161789136E-002   0.000000000E+000
   0.18364743240018022E-007   0.938133686E-003   0.000000000E+000
   0.18395556567601945E-007   0.621964573E-003   0.000000000E+000
   0.18426369895185868E-007   0.919324928E-003   0.000000000E+000
   0.18457183222769791E-007   0.152619532E-002   0.000000000E+000
   0.18487996550353714E-007   0.190013298E-002   0.000000000E+000
   0.18518809877937636E-007   0.174583995E-002   0.000000000E+000
   0.18549623205521559E-007   0.121864188E-002   0.000000000E+000
   0.18580436533105482E-007   0.744789257E-003   0.000000000E+000
   0.18611249860689405E-007   0.681817124E-003   0.000000000E+000
   0.18642063188273328E-007   0.106761872E-002   0.000000000E+000
   0.18672876515857251E-007   0.159076671E-002   0.000000000E+000
   0.18703689843441174E-007   0.181530009E-002   0.000000000E+000
   0.18734503171025096E-007   0.154222804E-002   0.000000000E+000
   0.18765316498609019E-007   0.101027358E-002   0.000000000E+000
   0.18796129826192942E-007   0.698586809E-003   0.000000000E+000
   0.18826943153776865E-007   0.877876300E-003   0.000000000E+000
   0.18857756481360788E-007   0.135940115E-002   0.000000000E+000
   0.18888569808944711E-007   0.169824448E-002   0.000000000E+000
   0.18919383136528634E-007   0.161665201E-002   0.000000000E+000
   0.18950196464112556E-007   0.121615815E-002   0.000000000E+000
   0.18981009791696479E-007   0.833599828E-003   0.000000000E+000
   0.19011823119280402E-007   0.751055253E-003   0.000000000E+000
   0.19042636446864325E-007   0.100748218E-002   0.000000000E+000
   0.19073449774448248E-007   0.138983969E-002   0.000000000E+000
   0.19104263102032171E-007   0.158119085E-002   0.000000000E+000
   0.19135076429616094E-007   0.140483154E-002   0.000000000E+000
   0.19165889757200016E-007   0.100051239E-002   0.000000000E+000
   0.19196703084783939E-007   0.730871339E-003   0.000000000E+000
   0.19227516412367862E-007   0.843674527E-003   0.000000000E+000
   0.19258329739951785E-007   0.122053293E-002   0.000000000E+000
   0.19289143067535708E-007   0.149745098E-002   0.000000000E+000
   0.19319956395119631E-007   0.143026956E-002   0.000000000E+000
   0.19350769722703554E-007   0.110675732E-002   0.000000000E+000
   0.19381583050287476E-007   0.815978681E-003   0.000000000E+000
   0.19412396377871399E-007   0.772189640E-003   0.000000000E+000
   0.19443209705455322E-007   0.971752044E-003   0.000000000E+000
   0.19474023033039245E-007   0.123888371E-002   0.000000000E+000
   0.19504836360623168E-007   0.135691313E-002   0.000000000E+000
   0.19535649688207091E-007   0.121342205E-002   0.000000000E+000
   0.19566463015791014E-007   0.906514702E-003   0.000000000E+000
   0.19597276343374936E-007   0.701003068E-003   0.000000000E+000
   0.19628089670958859E-007   0.796642096E-003   0.000000000E+000
   0.19658902998542782E-007   0.110902940E-002   0.000000000E+000
   0.19689716326126705E-007   0.133163168E-002   0.000000000E+000
   0.19720529653710628E-007   0.124882313E-002   0.000000000E+000
   0.19751342981294551E-007   0.952895440E-003   0.000000000E+000
   0.19782156308878474E-007   0.725514896E-003   0.000000000E+000
   0.19812969636462396E-007   0.746068079E-003   0.000000000E+000
   0.19843782964046319E-007   0.954214134E-003   0.000000000E+000
   0.19874596291630242E-007   0.115416071E-002   0.000000000E+000
   0.19905409619214165E-007   0.118647609E-002   0.000000000E+000
   0.19936222946798088E-007   0.102040055E-002   0.000000000E+000
   0.19967036274382011E-007   0.767425401E-003   0.000000000E+000
