t              SphereRCS.fdtd_Point probe_Ey_15_15_4.dat       incid
   0.00000000000000000E+000   0.000000000E+000   0.000000000E+000
   0.30813331053369808E-010   0.000000000E+000   0.000000000E+000
   0.61626662106739616E-010   0.000000000E+000   0.000000000E+000
   0.92439993160109424E-010   0.000000000E+000   0.000000000E+000
   0.12325332421347923E-009   0.000000000E+000   0.000000000E+000
   0.15406665526684904E-009   0.000000000E+000   0.000000000E+000
   0.18487998632021885E-009   0.000000000E+000   0.000000000E+000
   0.21569331737358866E-009   0.000000000E+000   0.000000000E+000
   0.24650664842695846E-009   0.000000000E+000   0.000000000E+000
   0.27731997948032827E-009   0.000000000E+000   0.000000000E+000
   0.30813331053369808E-009   0.000000000E+000   0.000000000E+000
   0.33894664158706789E-009   0.000000000E+000   0.000000000E+000
   0.36975997264043770E-009   0.000000000E+000   0.000000000E+000
   0.40057330369380750E-009   0.000000000E+000   0.000000000E+000
   0.43138663474717731E-009   0.000000000E+000   0.000000000E+000
   0.46219996580054712E-009   0.000000000E+000   0.000000000E+000
   0.49301329685391693E-009   0.000000000E+000   0.000000000E+000
   0.52382662790728673E-009   0.000000000E+000   0.000000000E+000
   0.55463995896065654E-009   0.000000000E+000   0.000000000E+000
   0.58545329001402635E-009   0.000000000E+000   0.000000000E+000
   0.61626662106739616E-009   0.000000000E+000   0.000000000E+000
   0.64707995212076597E-009   0.000000000E+000   0.000000000E+000
   0.67789328317413577E-009   0.000000000E+000   0.000000000E+000
   0.70870661422750558E-009   0.000000000E+000   0.000000000E+000
   0.73951994528087539E-009  -0.818200891E-035   0.000000000E+000
   0.77033327633424520E-009  -0.206453198E-033   0.000000000E+000
   0.80114660738761501E-009  -0.270690488E-032   0.000000000E+000
   0.83195993844098481E-009  -0.245590951E-031   0.000000000E+000
   0.86277326949435462E-009  -0.173276778E-030   0.000000000E+000
   0.89358660054772443E-009  -0.101299270E-029   0.000000000E+000
   0.92439993160109424E-009  -0.510657315E-029   0.000000000E+000
   0.95521326265446405E-009  -0.228121662E-028   0.000000000E+000
   0.98602659370783385E-009  -0.921294950E-028   0.000000000E+000
   0.10168399247612037E-008  -0.341533487E-027   0.000000000E+000
   0.10476532558145735E-008  -0.117591447E-026   0.000000000E+000
   0.10784665868679433E-008  -0.379045816E-026   0.000000000E+000
   0.11092799179213131E-008  -0.115426474E-025   0.000000000E+000
   0.11400932489746829E-008  -0.334416473E-025   0.000000000E+000
   0.11709065800280527E-008  -0.926937695E-025   0.000000000E+000
   0.12017199110814225E-008  -0.247033518E-024   0.000000000E+000
   0.12325332421347923E-008  -0.635487314E-024   0.000000000E+000
   0.12633465731881621E-008  -0.183763215E-023   0.000000000E+000
   0.12941599042415319E-008  -0.478825593E-023   0.000000000E+000
   0.13249732352949017E-008   0.320493171E-022   0.000000000E+000
   0.13557865663482715E-008   0.868732706E-021   0.000000000E+000
   0.13865998974016414E-008   0.635434936E-020   0.000000000E+000
   0.14174132284550112E-008   0.313132000E-019   0.000000000E+000
   0.14482265595083810E-008   0.123622065E-018   0.000000000E+000
   0.14790398905617508E-008   0.411127402E-018   0.000000000E+000
   0.15098532216151206E-008   0.114947086E-017   0.000000000E+000
   0.15406665526684904E-008   0.244893975E-017   0.000000000E+000
   0.15714798837218602E-008   0.234003522E-017   0.000000000E+000
   0.16022932147752300E-008  -0.106587963E-016   0.000000000E+000
   0.16331065458285998E-008  -0.796339614E-016   0.000000000E+000
   0.16639198768819696E-008  -0.334522534E-015   0.000000000E+000
   0.16947332079353394E-008  -0.193992652E-014   0.000000000E+000
   0.17255465389887092E-008  -0.110828163E-013   0.000000000E+000
   0.17563598700420791E-008  -0.475925621E-013   0.000000000E+000
   0.17871732010954489E-008  -0.156699835E-012   0.000000000E+000
   0.18179865321488187E-008  -0.752647293E-012   0.000000000E+000
   0.18487998632021885E-008  -0.320636399E-011   0.000000000E+000
   0.18796131942555583E-008  -0.105606825E-010   0.000000000E+000
   0.19104265253089281E-008  -0.282235485E-010   0.000000000E+000
   0.19412398563622979E-008  -0.640298994E-010   0.000000000E+000
   0.19720531874156677E-008  -0.127207328E-009   0.000000000E+000
   0.20028665184690375E-008  -0.236935749E-009   0.000000000E+000
   0.20336798495224073E-008  -0.421165158E-009   0.000000000E+000
   0.20644931805757771E-008  -0.726978366E-009   0.000000000E+000
   0.20953065116291469E-008  -0.120532417E-008   0.000000000E+000
   0.21261198426825167E-008  -0.161145475E-008   0.000000000E+000
   0.21569331737358866E-008  -0.192507432E-008   0.000000000E+000
   0.21877465047892564E-008  -0.221767626E-008   0.000000000E+000
   0.22185598358426262E-008  -0.230713315E-008   0.000000000E+000
   0.22493731668959960E-008  -0.216461360E-008   0.000000000E+000
   0.22801864979493658E-008  -0.176866244E-008   0.000000000E+000
   0.23109998290027356E-008  -0.124968369E-008   0.000000000E+000
   0.23418131600561054E-008  -0.586263760E-009   0.000000000E+000
   0.23726264911094752E-008   0.283159440E-009   0.000000000E+000
   0.24034398221628450E-008   0.112190612E-008   0.000000000E+000
   0.24342531532162148E-008   0.182769666E-008   0.000000000E+000
   0.24650664842695846E-008   0.212812634E-008   0.000000000E+000
   0.24958798153229544E-008   0.187065252E-008   0.000000000E+000
   0.25266931463763243E-008   0.880322593E-009   0.000000000E+000
   0.25575064774296941E-008  -0.848492165E-009   0.000000000E+000
   0.25883198084830639E-008  -0.317016879E-008   0.000000000E+000
   0.26191331395364337E-008  -0.589219873E-008   0.000000000E+000
   0.26499464705898035E-008  -0.868879546E-008   0.000000000E+000
   0.26807598016431733E-008  -0.112505791E-007   0.000000000E+000
   0.27115731326965431E-008  -0.133010181E-007   0.000000000E+000
   0.27423864637499129E-008  -0.145670285E-007   0.000000000E+000
   0.27731997948032827E-008  -0.149617065E-007   0.000000000E+000
   0.28040131258566525E-008  -0.144739918E-007   0.000000000E+000
   0.28348264569100223E-008  -0.133145655E-007   0.000000000E+000
   0.28656397879633921E-008  -0.116251186E-007   0.000000000E+000
   0.28964531190167619E-008  -0.941534495E-008   0.000000000E+000
   0.29272664500701318E-008  -0.730389083E-008   0.000000000E+000
   0.29580797811235016E-008  -0.565003155E-008   0.000000000E+000
   0.29888931121768714E-008  -0.441145742E-008   0.000000000E+000
   0.30197064432302412E-008  -0.352384566E-008   0.000000000E+000
   0.30505197742836110E-008  -0.259871902E-008   0.000000000E+000
   0.30813331053369808E-008  -0.123533750E-008   0.000000000E+000
   0.31121464363903506E-008   0.154914603E-008   0.000000000E+000
   0.31429597674437204E-008   0.585878368E-008   0.000000000E+000
   0.31737730984970902E-008   0.119968586E-007   0.000000000E+000
   0.32045864295504600E-008   0.209549036E-007   0.000000000E+000
   0.32353997606038298E-008   0.337100552E-007   0.000000000E+000
   0.32662130916571996E-008   0.505756574E-007   0.000000000E+000
   0.32970264227105694E-008   0.724385743E-007   0.000000000E+000
   0.33278397537639393E-008   0.995286271E-007   0.000000000E+000
   0.33586530848173091E-008   0.132418180E-006   0.000000000E+000
   0.33894664158706789E-008   0.171785871E-006   0.000000000E+000
   0.34202797469240487E-008   0.219745772E-006   0.000000000E+000
   0.34510930779774185E-008   0.279443555E-006   0.000000000E+000
   0.34819064090307883E-008   0.353818820E-006   0.000000000E+000
   0.35127197400841581E-008   0.446110050E-006   0.000000000E+000
   0.35435330711375279E-008   0.559695252E-006   0.000000000E+000
   0.35743464021908977E-008   0.699336965E-006   0.000000000E+000
   0.36051597332442675E-008   0.870527174E-006   0.000000000E+000
   0.36359730642976373E-008   0.107791902E-005   0.000000000E+000
   0.36667863953510071E-008   0.132634773E-005   0.000000000E+000
   0.36975997264043770E-008   0.161928779E-005   0.000000000E+000
   0.37284130574577468E-008   0.195932307E-005   0.000000000E+000
   0.37592263885111166E-008   0.234556978E-005   0.000000000E+000
   0.37900397195644864E-008   0.277584036E-005   0.000000000E+000
   0.38208530506178562E-008   0.324526172E-005   0.000000000E+000
   0.38516663816712260E-008   0.374685965E-005   0.000000000E+000
   0.38824797127245958E-008   0.427124905E-005   0.000000000E+000
   0.39132930437779656E-008   0.480489371E-005   0.000000000E+000
   0.39441063748313354E-008   0.533067896E-005   0.000000000E+000
   0.39749197058847052E-008   0.582657594E-005   0.000000000E+000
   0.40057330369380750E-008   0.626557448E-005   0.000000000E+000
   0.40365463679914448E-008   0.661504782E-005   0.000000000E+000
   0.40673596990448146E-008   0.683714461E-005   0.000000000E+000
   0.40981730300981845E-008   0.688903856E-005   0.000000000E+000
   0.41289863611515543E-008   0.672301576E-005   0.000000000E+000
   0.41597996922049241E-008   0.628957423E-005   0.000000000E+000
   0.41906130232582939E-008   0.553878863E-005   0.000000000E+000
   0.42214263543116637E-008   0.442342889E-005   0.000000000E+000
   0.42522396853650335E-008   0.290269782E-005   0.000000000E+000
   0.42830530164184033E-008   0.945822421E-006   0.000000000E+000
   0.43138663474717731E-008  -0.146346588E-005   0.000000000E+000
   0.43446796785251429E-008  -0.432422803E-005   0.000000000E+000
   0.43754930095785127E-008  -0.761304818E-005   0.000000000E+000
   0.44063063406318825E-008  -0.112814650E-004   0.000000000E+000
   0.44371196716852523E-008  -0.152532330E-004   0.000000000E+000
   0.44679330027386222E-008  -0.194216336E-004   0.000000000E+000
   0.44987463337919920E-008  -0.236492833E-004   0.000000000E+000
   0.45295596648453618E-008  -0.277693289E-004   0.000000000E+000
   0.45603729958987316E-008  -0.315877332E-004   0.000000000E+000
   0.45911863269521014E-008  -0.348874564E-004   0.000000000E+000
   0.46219996580054712E-008  -0.374360570E-004   0.000000000E+000
   0.46528129890588410E-008  -0.389954621E-004   0.000000000E+000
   0.46836263201122108E-008  -0.393322480E-004   0.000000000E+000
   0.47144396511655806E-008  -0.382311264E-004   0.000000000E+000
   0.47452529822189504E-008  -0.355093398E-004   0.000000000E+000
   0.47760663132723202E-008  -0.310325267E-004   0.000000000E+000
   0.48068796443256900E-008  -0.247307180E-004   0.000000000E+000
   0.48376929753790598E-008  -0.166131886E-004   0.000000000E+000
   0.48685063064324297E-008  -0.678191009E-005   0.000000000E+000
   0.48993196374857995E-008   0.455902773E-005   0.000000000E+000
   0.49301329685391693E-008   0.170977746E-004   0.000000000E+000
   0.49609462995925391E-008   0.304150235E-004   0.000000000E+000
   0.49917596306459089E-008   0.439913565E-004   0.000000000E+000
   0.50225729616992787E-008   0.572211793E-004   0.000000000E+000
   0.50533862927526485E-008   0.694345290E-004   0.000000000E+000
   0.50841996238060183E-008   0.799265181E-004   0.000000000E+000
   0.51150129548593881E-008   0.879933141E-004   0.000000000E+000
   0.51458262859127579E-008   0.929718080E-004   0.000000000E+000
   0.51766396169661277E-008   0.942832557E-004   0.000000000E+000
   0.52074529480194975E-008   0.914771590E-004   0.000000000E+000
   0.52382662790728673E-008   0.842724257E-004   0.000000000E+000
   0.52690796101262372E-008   0.725946447E-004   0.000000000E+000
   0.52998929411796070E-008   0.566033777E-004   0.000000000E+000
   0.53307062722329768E-008   0.367067478E-004   0.000000000E+000
   0.53615196032863466E-008   0.135640912E-004   0.000000000E+000
   0.53923329343397164E-008  -0.119287797E-004   0.000000000E+000
   0.54231462653930862E-008  -0.386700958E-004   0.000000000E+000
   0.54539595964464560E-008  -0.653997558E-004   0.000000000E+000
   0.54847729274998258E-008  -0.907616341E-004   0.000000000E+000
   0.55155862585531956E-008  -0.113377449E-003   0.000000000E+000
   0.55463995896065654E-008  -0.131929031E-003   0.000000000E+000
   0.55772129206599352E-008  -0.145244223E-003   0.000000000E+000
   0.56080262517133050E-008  -0.152377659E-003   0.000000000E+000
   0.56388395827666749E-008  -0.152681430E-003   0.000000000E+000
   0.56696529138200447E-008  -0.145862025E-003   0.000000000E+000
   0.57004662448734145E-008  -0.132014597E-003   0.000000000E+000
   0.57312795759267843E-008  -0.111632049E-003   0.000000000E+000
   0.57620929069801541E-008  -0.855859689E-004   0.000000000E+000
   0.57929062380335239E-008  -0.550793702E-004   0.000000000E+000
   0.58237195690868937E-008  -0.215748805E-004   0.000000000E+000
   0.58545329001402635E-008   0.132984278E-004   0.000000000E+000
   0.58853462311936333E-008   0.478530565E-004   0.000000000E+000
   0.59161595622470031E-008   0.804546435E-004   0.000000000E+000
   0.59469728933003729E-008   0.109631248E-003   0.000000000E+000
   0.59777862243537427E-008   0.134166534E-003   0.000000000E+000
   0.60085995554071125E-008   0.153170928E-003   0.000000000E+000
   0.60394128864604824E-008   0.166123442E-003   0.000000000E+000
   0.60702262175138522E-008   0.172878892E-003   0.000000000E+000
   0.61010395485672220E-008   0.173640117E-003   0.000000000E+000
   0.61318528796205918E-008   0.168898943E-003   0.000000000E+000
   0.61626662106739616E-008   0.159353120E-003   0.000000000E+000
   0.61934795417273314E-008   0.145804574E-003   0.000000000E+000
   0.62242928727807012E-008   0.129055712E-003   0.000000000E+000
   0.62551062038340710E-008   0.109813504E-003   0.000000000E+000
   0.62859195348874408E-008   0.886137714E-004   0.000000000E+000
   0.63167328659408106E-008   0.657763521E-004   0.000000000E+000
   0.63475461969941804E-008   0.413973903E-004   0.000000000E+000
   0.63783595280475502E-008   0.153819437E-004   0.000000000E+000
   0.64091728591009200E-008  -0.124866110E-004   0.000000000E+000
   0.64399861901542899E-008  -0.424467435E-004   0.000000000E+000
   0.64707995212076597E-008  -0.746403603E-004   0.000000000E+000
   0.65016128522610295E-008  -0.108990673E-003   0.000000000E+000
   0.65324261833143993E-008  -0.145093305E-003   0.000000000E+000
   0.65632395143677691E-008  -0.182136966E-003   0.000000000E+000
   0.65940528454211389E-008  -0.218868372E-003   0.000000000E+000
   0.66248661764745087E-008  -0.253611186E-003   0.000000000E+000
   0.66556795075278785E-008  -0.284343929E-003   0.000000000E+000
   0.66864928385812483E-008  -0.308835122E-003   0.000000000E+000
   0.67173061696346181E-008  -0.324827677E-003   0.000000000E+000
   0.67481195006879879E-008  -0.330255920E-003   0.000000000E+000
   0.67789328317413577E-008  -0.323477841E-003   0.000000000E+000
   0.68097461627947276E-008  -0.303496170E-003   0.000000000E+000
   0.68405594938480974E-008  -0.270144432E-003   0.000000000E+000
   0.68713728249014672E-008  -0.224215968E-003   0.000000000E+000
   0.69021861559548370E-008  -0.167514096E-003   0.000000000E+000
   0.69329994870082068E-008  -0.102812177E-003   0.000000000E+000
   0.69638128180615766E-008  -0.337177553E-004   0.000000000E+000
   0.69946261491149464E-008   0.355550219E-004   0.000000000E+000
   0.70254394801683162E-008   0.100490950E-003   0.000000000E+000
   0.70562528112216860E-008   0.156633323E-003   0.000000000E+000
   0.70870661422750558E-008   0.199968708E-003   0.000000000E+000
   0.71178794733284256E-008   0.227301018E-003   0.000000000E+000
   0.71486928043817954E-008   0.236574619E-003   0.000000000E+000
   0.71795061354351652E-008   0.227112716E-003   0.000000000E+000
   0.72103194664885351E-008   0.199737828E-003   0.000000000E+000
   0.72411327975419049E-008   0.156750088E-003   0.000000000E+000
   0.72719461285952747E-008   0.101754224E-003   0.000000000E+000
   0.73027594596486445E-008   0.393384835E-004   0.000000000E+000
   0.73335727907020143E-008  -0.253740945E-004   0.000000000E+000
   0.73643861217553841E-008  -0.872654928E-004   0.000000000E+000
   0.73951994528087539E-008  -0.141800352E-003   0.000000000E+000
   0.74260127838621237E-008  -0.185580313E-003   0.000000000E+000
   0.74568261149154935E-008  -0.216804532E-003   0.000000000E+000
   0.74876394459688633E-008  -0.235571410E-003   0.000000000E+000
   0.75184527770222331E-008  -0.243959541E-003   0.000000000E+000
   0.75492661080756029E-008  -0.245852250E-003   0.000000000E+000
   0.75800794391289728E-008  -0.246489624E-003   0.000000000E+000
   0.76108927701823426E-008  -0.251768273E-003   0.000000000E+000
   0.76417061012357124E-008  -0.267342519E-003   0.000000000E+000
   0.76725194322890822E-008  -0.297616731E-003   0.000000000E+000
   0.77033327633424520E-008  -0.344746077E-003   0.000000000E+000
   0.77341460943958218E-008  -0.407783082E-003   0.000000000E+000
   0.77649594254491916E-008  -0.482110336E-003   0.000000000E+000
   0.77957727565025614E-008  -0.559285167E-003   0.000000000E+000
   0.78265860875559312E-008  -0.627388479E-003   0.000000000E+000
   0.78573994186093010E-008  -0.671919493E-003   0.000000000E+000
   0.78882127496626708E-008  -0.677210977E-003   0.000000000E+000
   0.79190260807160406E-008  -0.628266251E-003   0.000000000E+000
   0.79498394117694104E-008  -0.512849307E-003   0.000000000E+000
   0.79806527428227803E-008  -0.323595479E-003   0.000000000E+000
   0.80114660738761501E-008  -0.598737097E-004   0.000000000E+000
   0.80422794049295199E-008   0.270878780E-003   0.000000000E+000
   0.80730927359828897E-008   0.652600196E-003   0.000000000E+000
   0.81039060670362595E-008   0.106101402E-002   0.000000000E+000
   0.81347193980896293E-008   0.146509265E-002   0.000000000E+000
   0.81655327291429991E-008   0.182953780E-002   0.000000000E+000
   0.81963460601963689E-008   0.211810647E-002   0.000000000E+000
   0.82271593912497387E-008   0.229747943E-002   0.000000000E+000
   0.82579727223031085E-008   0.234126206E-002   0.000000000E+000
   0.82887860533564783E-008   0.223364192E-002   0.000000000E+000
   0.83195993844098481E-008   0.197221898E-002   0.000000000E+000
   0.83504127154632179E-008   0.156957400E-002   0.000000000E+000
   0.83812260465165878E-008   0.105325517E-002   0.000000000E+000
   0.84120393775699576E-008   0.464034441E-003   0.000000000E+000
   0.84428527086233274E-008  -0.147511135E-003   0.000000000E+000
   0.84736660396766972E-008  -0.725824735E-003   0.000000000E+000
   0.85044793707300670E-008  -0.121612742E-002   0.000000000E+000
   0.85352927017834368E-008  -0.157048262E-002   0.000000000E+000
   0.85661060328368066E-008  -0.175345247E-002   0.000000000E+000
   0.85969193638901764E-008  -0.174663519E-002   0.000000000E+000
   0.86277326949435462E-008  -0.155146315E-002   0.000000000E+000
   0.86585460259969160E-008  -0.118982745E-002   0.000000000E+000
   0.86893593570502858E-008  -0.702340156E-003   0.000000000E+000
   0.87201726881036556E-008  -0.144338701E-003   0.000000000E+000
   0.87509860191570255E-008   0.419976655E-003   0.000000000E+000
   0.87817993502103953E-008   0.924621301E-003   0.000000000E+000
   0.88126126812637651E-008   0.130929740E-002   0.000000000E+000
   0.88434260123171349E-008   0.152634841E-002   0.000000000E+000
   0.88742393433705047E-008   0.154633506E-002   0.000000000E+000
   0.89050526744238745E-008   0.136151910E-002   0.000000000E+000
   0.89358660054772443E-008   0.986799132E-003   0.000000000E+000
   0.89666793365306141E-008   0.457965885E-003   0.000000000E+000
   0.89974926675839839E-008  -0.172516971E-003   0.000000000E+000
   0.90283059986373537E-008  -0.841672590E-003   0.000000000E+000
   0.90591193296907235E-008  -0.148332468E-002   0.000000000E+000
   0.90899326607440933E-008  -0.203563552E-002   0.000000000E+000
   0.91207459917974631E-008  -0.244790898E-002   0.000000000E+000
   0.91515593228508330E-008  -0.268582022E-002   0.000000000E+000
   0.91823726539042028E-008  -0.273445179E-002   0.000000000E+000
   0.92131859849575726E-008  -0.259883213E-002   0.000000000E+000
   0.92439993160109424E-008  -0.230201264E-002   0.000000000E+000
   0.92748126470643122E-008  -0.188106531E-002   0.000000000E+000
   0.93056259781176820E-008  -0.138164579E-002   0.000000000E+000
   0.93364393091710518E-008  -0.851942925E-003   0.000000000E+000
   0.93672526402244216E-008  -0.336882018E-003   0.000000000E+000
   0.93980659712777914E-008   0.126639468E-003   0.000000000E+000
   0.94288793023311612E-008   0.512900297E-003   0.000000000E+000
   0.94596926333845310E-008   0.808589975E-003   0.000000000E+000
   0.94905059644379008E-008   0.101213716E-002   0.000000000E+000
   0.95213192954912707E-008   0.113144738E-002   0.000000000E+000
   0.95521326265446405E-008   0.118058722E-002   0.000000000E+000
   0.95829459575980103E-008   0.117609359E-002   0.000000000E+000
   0.96137592886513801E-008   0.113359268E-002   0.000000000E+000
   0.96445726197047499E-008   0.106530846E-002   0.000000000E+000
   0.96753859507581197E-008   0.978837372E-003   0.000000000E+000
   0.97061992818114895E-008   0.877303421E-003   0.000000000E+000
   0.97370126128648593E-008   0.760729308E-003   0.000000000E+000
   0.97678259439182291E-008   0.628230046E-003   0.000000000E+000
   0.97986392749715989E-008   0.480472925E-003   0.000000000E+000
   0.98294526060249687E-008   0.321804022E-003   0.000000000E+000
   0.98602659370783385E-008   0.161509553E-003   0.000000000E+000
   0.98910792681317083E-008   0.138513424E-004   0.000000000E+000
   0.99218925991850782E-008  -0.103236758E-003   0.000000000E+000
   0.99527059302384480E-008  -0.170635729E-003   0.000000000E+000
   0.99835192612918178E-008  -0.171305437E-003   0.000000000E+000
   0.10014332592345188E-007  -0.937414152E-004   0.000000000E+000
   0.10045145923398557E-007   0.650327565E-004   0.000000000E+000
   0.10075959254451927E-007   0.297549064E-003   0.000000000E+000
   0.10106772585505297E-007   0.585502712E-003   0.000000000E+000
   0.10137585916558667E-007   0.901083811E-003   0.000000000E+000
   0.10168399247612037E-007   0.120993447E-002   0.000000000E+000
   0.10199212578665406E-007   0.147534756E-002   0.000000000E+000
   0.10230025909718776E-007   0.166309136E-002   0.000000000E+000
   0.10260839240772146E-007   0.174611667E-002   0.000000000E+000
   0.10291652571825516E-007   0.170840125E-002   0.000000000E+000
   0.10322465902878886E-007   0.154730887E-002   0.000000000E+000
   0.10353279233932255E-007   0.127407629E-002   0.000000000E+000
   0.10384092564985625E-007   0.912340591E-003   0.000000000E+000
   0.10414905896038995E-007   0.494936132E-003   0.000000000E+000
   0.10445719227092365E-007   0.594693702E-004   0.000000000E+000
   0.10476532558145735E-007  -0.356632081E-003   0.000000000E+000
   0.10507345889199105E-007  -0.720829354E-003   0.000000000E+000
   0.10538159220252474E-007  -0.100923679E-002   0.000000000E+000
   0.10568972551305844E-007  -0.120891549E-002   0.000000000E+000
   0.10599785882359214E-007  -0.131843635E-002   0.000000000E+000
   0.10630599213412584E-007  -0.134675356E-002   0.000000000E+000
   0.10661412544465954E-007  -0.131070602E-002   0.000000000E+000
   0.10692225875519323E-007  -0.123167911E-002   0.000000000E+000
   0.10723039206572693E-007  -0.113205751E-002   0.000000000E+000
   0.10753852537626063E-007  -0.103208493E-002   0.000000000E+000
   0.10784665868679433E-007  -0.947608380E-003   0.000000000E+000
   0.10815479199732803E-007  -0.888969982E-003   0.000000000E+000
   0.10846292530786172E-007  -0.861050445E-003   0.000000000E+000
   0.10877105861839542E-007  -0.864229631E-003   0.000000000E+000
   0.10907919192892912E-007  -0.895850884E-003   0.000000000E+000
   0.10938732523946282E-007  -0.951703812E-003   0.000000000E+000
   0.10969545854999652E-007  -0.102707976E-002   0.000000000E+000
   0.11000359186053021E-007  -0.111710373E-002   0.000000000E+000
   0.11031172517106391E-007  -0.121626572E-002   0.000000000E+000
   0.11061985848159761E-007  -0.131732516E-002   0.000000000E+000
   0.11092799179213131E-007  -0.140997465E-002   0.000000000E+000
   0.11123612510266501E-007  -0.147978088E-002   0.000000000E+000
   0.11154425841319870E-007  -0.150793500E-002   0.000000000E+000
   0.11185239172373240E-007  -0.147222134E-002   0.000000000E+000
   0.11216052503426610E-007  -0.134937814E-002   0.000000000E+000
   0.11246865834479980E-007  -0.111871155E-002   0.000000000E+000
   0.11277679165533350E-007  -0.766495010E-003   0.000000000E+000
   0.11308492496586720E-007  -0.290418480E-003   0.000000000E+000
   0.11339305827640089E-007   0.296808052E-003   0.000000000E+000
   0.11370119158693459E-007   0.965576968E-003   0.000000000E+000
   0.11400932489746829E-007   0.166993029E-002   0.000000000E+000
   0.11431745820800199E-007   0.235087285E-002   0.000000000E+000
   0.11462559151853569E-007   0.294234022E-002   0.000000000E+000
   0.11493372482906938E-007   0.337921409E-002   0.000000000E+000
   0.11524185813960308E-007   0.360633689E-002   0.000000000E+000
   0.11554999145013678E-007   0.358718331E-002   0.000000000E+000
   0.11585812476067048E-007   0.331076328E-002   0.000000000E+000
   0.11616625807120418E-007   0.279547297E-002   0.000000000E+000
   0.11647439138173787E-007   0.208900543E-002   0.000000000E+000
   0.11678252469227157E-007   0.126400089E-002   0.000000000E+000
   0.11709065800280527E-007   0.409776054E-003   0.000000000E+000
   0.11739879131333897E-007  -0.378867611E-003   0.000000000E+000
   0.11770692462387267E-007  -0.101423077E-002   0.000000000E+000
   0.11801505793440636E-007  -0.142786140E-002   0.000000000E+000
   0.11832319124494006E-007  -0.158040319E-002   0.000000000E+000
   0.11863132455547376E-007  -0.146755902E-002   0.000000000E+000
   0.11893945786600746E-007  -0.112113799E-002   0.000000000E+000
   0.11924759117654116E-007  -0.604878995E-003   0.000000000E+000
   0.11955572448707485E-007  -0.555306906E-005   0.000000000E+000
   0.11986385779760855E-007   0.579400687E-003   0.000000000E+000
   0.12017199110814225E-007   0.105589360E-002   0.000000000E+000
   0.12048012441867595E-007   0.134675263E-002   0.000000000E+000
   0.12078825772920965E-007   0.140277587E-002   0.000000000E+000
   0.12109639103974335E-007   0.120959280E-002   0.000000000E+000
   0.12140452435027704E-007   0.789294019E-003   0.000000000E+000
   0.12171265766081074E-007   0.196610927E-003   0.000000000E+000
   0.12202079097134444E-007  -0.489722937E-003   0.000000000E+000
   0.12232892428187814E-007  -0.117904332E-002   0.000000000E+000
   0.12263705759241184E-007  -0.178234605E-002   0.000000000E+000
   0.12294519090294553E-007  -0.222527469E-002   0.000000000E+000
   0.12325332421347923E-007  -0.245850254E-002   0.000000000E+000
   0.12356145752401293E-007  -0.246396102E-002   0.000000000E+000
   0.12386959083454663E-007  -0.225605746E-002   0.000000000E+000
   0.12417772414508033E-007  -0.187784177E-002   0.000000000E+000
   0.12448585745561402E-007  -0.139289442E-002   0.000000000E+000
   0.12479399076614772E-007  -0.874374644E-003   0.000000000E+000
   0.12510212407668142E-007  -0.393080903E-003   0.000000000E+000
   0.12541025738721512E-007  -0.648305286E-005   0.000000000E+000
   0.12571839069774882E-007   0.249535107E-003   0.000000000E+000
   0.12602652400828251E-007   0.364984851E-003   0.000000000E+000
   0.12633465731881621E-007   0.355581928E-003   0.000000000E+000
   0.12664279062934991E-007   0.258264103E-003   0.000000000E+000
   0.12695092393988361E-007   0.123324542E-003   0.000000000E+000
   0.12725905725041731E-007   0.459610601E-005   0.000000000E+000
   0.12756719056095100E-007  -0.506049400E-004   0.000000000E+000
   0.12787532387148470E-007  -0.100831348E-004   0.000000000E+000
   0.12818345718201840E-007   0.137477080E-003   0.000000000E+000
   0.12849159049255210E-007   0.380479236E-003   0.000000000E+000
   0.12879972380308580E-007   0.686347950E-003   0.000000000E+000
   0.12910785711361950E-007   0.100701069E-002   0.000000000E+000
   0.12941599042415319E-007   0.128694833E-002   0.000000000E+000
   0.12972412373468689E-007   0.147245126E-002   0.000000000E+000
   0.13003225704522059E-007   0.152057409E-002   0.000000000E+000
   0.13034039035575429E-007   0.140637881E-002   0.000000000E+000
   0.13064852366628799E-007   0.112737832E-002   0.000000000E+000
   0.13095665697682168E-007   0.704565784E-003   0.000000000E+000
   0.13126479028735538E-007   0.179961789E-003   0.000000000E+000
   0.13157292359788908E-007  -0.388861692E-003   0.000000000E+000
   0.13188105690842278E-007  -0.936394383E-003   0.000000000E+000
   0.13218919021895648E-007  -0.139778526E-002   0.000000000E+000
   0.13249732352949017E-007  -0.171719235E-002   0.000000000E+000
   0.13280545684002387E-007  -0.185476046E-002   0.000000000E+000
   0.13311359015055757E-007  -0.179136137E-002   0.000000000E+000
   0.13342172346109127E-007  -0.153059396E-002   0.000000000E+000
   0.13372985677162497E-007  -0.109793607E-002   0.000000000E+000
   0.13403799008215866E-007  -0.537321670E-003   0.000000000E+000
   0.13434612339269236E-007   0.942883780E-004   0.000000000E+000
   0.13465425670322606E-007   0.733570603E-003   0.000000000E+000
   0.13496239001375976E-007   0.131789164E-002   0.000000000E+000
   0.13527052332429346E-007   0.179193867E-002   0.000000000E+000
   0.13557865663482715E-007   0.211322983E-002   0.000000000E+000
   0.13588678994536085E-007   0.225599925E-002   0.000000000E+000
   0.13619492325589455E-007   0.221315841E-002   0.000000000E+000
   0.13650305656642825E-007   0.199624780E-002   0.000000000E+000
   0.13681118987696195E-007   0.163349253E-002   0.000000000E+000
   0.13711932318749565E-007   0.116623775E-002   0.000000000E+000
   0.13742745649802934E-007   0.644170155E-003   0.000000000E+000
   0.13773558980856304E-007   0.119823788E-003   0.000000000E+000
   0.13804372311909674E-007  -0.357075711E-003   0.000000000E+000
   0.13835185642963044E-007  -0.744860503E-003   0.000000000E+000
   0.13865998974016414E-007  -0.101422076E-002   0.000000000E+000
   0.13896812305069783E-007  -0.115108956E-002   0.000000000E+000
   0.13927625636123153E-007  -0.115776877E-002   0.000000000E+000
   0.13958438967176523E-007  -0.105212780E-002   0.000000000E+000
   0.13989252298229893E-007  -0.864915550E-003   0.000000000E+000
   0.14020065629283263E-007  -0.635456759E-003   0.000000000E+000
   0.14050878960336632E-007  -0.406228006E-003   0.000000000E+000
   0.14081692291390002E-007  -0.216984714E-003   0.000000000E+000
   0.14112505622443372E-007  -0.992190107E-004   0.000000000E+000
   0.14143318953496742E-007  -0.717283183E-004   0.000000000E+000
   0.14174132284550112E-007  -0.137964031E-003   0.000000000E+000
   0.14204945615603481E-007  -0.285605725E-003   0.000000000E+000
   0.14235758946656851E-007  -0.488494406E-003   0.000000000E+000
   0.14266572277710221E-007  -0.710707507E-003   0.000000000E+000
   0.14297385608763591E-007  -0.912209507E-003   0.000000000E+000
   0.14328198939816961E-007  -0.105524051E-002   0.000000000E+000
   0.14359012270870330E-007  -0.111044757E-002   0.000000000E+000
   0.14389825601923700E-007  -0.106176559E-002   0.000000000E+000
   0.14420638932977070E-007  -0.909220544E-003   0.000000000E+000
   0.14451452264030440E-007  -0.669139146E-003   0.000000000E+000
   0.14482265595083810E-007  -0.371665548E-003   0.000000000E+000
   0.14513078926137180E-007  -0.559323817E-004   0.000000000E+000
   0.14543892257190549E-007   0.236357097E-003   0.000000000E+000
   0.14574705588243919E-007   0.467886217E-003   0.000000000E+000
   0.14605518919297289E-007   0.612047035E-003   0.000000000E+000
   0.14636332250350659E-007   0.657528755E-003   0.000000000E+000
   0.14667145581404029E-007   0.610340212E-003   0.000000000E+000
   0.14697958912457398E-007   0.492855208E-003   0.000000000E+000
   0.14728772243510768E-007   0.339973340E-003   0.000000000E+000
   0.14759585574564138E-007   0.192990599E-003   0.000000000E+000
   0.14790398905617508E-007   0.921895262E-004   0.000000000E+000
   0.14821212236670878E-007   0.694040064E-004   0.000000000E+000
   0.14852025567724247E-007   0.141852885E-003   0.000000000E+000
   0.14882838898777617E-007   0.308348681E-003   0.000000000E+000
   0.14913652229830987E-007   0.548606215E-003   0.000000000E+000
   0.14944465560884357E-007   0.825858617E-003   0.000000000E+000
   0.14975278891937727E-007   0.109243055E-002   0.000000000E+000
   0.15006092222991096E-007   0.129740266E-002   0.000000000E+000
   0.15036905554044466E-007   0.139513228E-002   0.000000000E+000
   0.15067718885097836E-007   0.135322509E-002   0.000000000E+000
   0.15098532216151206E-007   0.115862046E-002   0.000000000E+000
   0.15129345547204576E-007   0.820744608E-003   0.000000000E+000
   0.15160158878257946E-007   0.371155213E-003   0.000000000E+000
   0.15190972209311315E-007  -0.140328193E-003   0.000000000E+000
   0.15221785540364685E-007  -0.652447110E-003   0.000000000E+000
   0.15252598871418055E-007  -0.110123563E-002   0.000000000E+000
   0.15283412202471425E-007  -0.142931077E-002   0.000000000E+000
   0.15314225533524795E-007  -0.159428292E-002   0.000000000E+000
   0.15345038864578164E-007  -0.157499313E-002   0.000000000E+000
   0.15375852195631534E-007  -0.137463503E-002   0.000000000E+000
   0.15406665526684904E-007  -0.102031184E-002   0.000000000E+000
   0.15437478857738274E-007  -0.559137668E-003   0.000000000E+000
   0.15468292188791644E-007  -0.515179127E-004   0.000000000E+000
   0.15499105519845013E-007   0.437341980E-003   0.000000000E+000
   0.15529918850898383E-007   0.846412149E-003   0.000000000E+000
   0.15560732181951753E-007   0.112697727E-002   0.000000000E+000
   0.15591545513005123E-007   0.124878995E-002   0.000000000E+000
   0.15622358844058493E-007   0.120342872E-002   0.000000000E+000
   0.15653172175111862E-007   0.100449764E-002   0.000000000E+000
   0.15683985506165232E-007   0.684780185E-003   0.000000000E+000
   0.15714798837218602E-007   0.290900090E-003   0.000000000E+000
   0.15745612168271972E-007  -0.123630423E-003   0.000000000E+000
   0.15776425499325342E-007  -0.505913398E-003   0.000000000E+000
   0.15807238830378711E-007  -0.810644822E-003   0.000000000E+000
   0.15838052161432081E-007  -0.100563851E-002   0.000000000E+000
   0.15868865492485451E-007  -0.107522821E-002   0.000000000E+000
   0.15899678823538821E-007  -0.102122303E-002   0.000000000E+000
   0.15930492154592191E-007  -0.861452019E-003   0.000000000E+000
   0.15961305485645561E-007  -0.626260589E-003   0.000000000E+000
   0.15992118816698930E-007  -0.353570242E-003   0.000000000E+000
   0.16022932147752300E-007  -0.832621590E-004   0.000000000E+000
   0.16053745478805670E-007   0.148323990E-003   0.000000000E+000
   0.16084558809859040E-007   0.313057477E-003   0.000000000E+000
   0.16115372140912410E-007   0.394292350E-003   0.000000000E+000
   0.16146185471965779E-007   0.388410816E-003   0.000000000E+000
   0.16176998803019149E-007   0.304536748E-003   0.000000000E+000
   0.16207812134072519E-007   0.162558281E-003   0.000000000E+000
   0.16238625465125889E-007  -0.101997721E-004   0.000000000E+000
   0.16269438796179259E-007  -0.183161654E-003   0.000000000E+000
   0.16300252127232628E-007  -0.326966576E-003   0.000000000E+000
   0.16331065458285998E-007  -0.417624891E-003   0.000000000E+000
   0.16361878789339368E-007  -0.439825060E-003   0.000000000E+000
   0.16392692120392738E-007  -0.388969813E-003   0.000000000E+000
   0.16423505451446108E-007  -0.271680125E-003   0.000000000E+000
   0.16454318782499477E-007  -0.104703882E-003   0.000000000E+000
   0.16485132113552847E-007   0.876301201E-004   0.000000000E+000
   0.16515945444606217E-007   0.277074869E-003   0.000000000E+000
   0.16546758775659587E-007   0.435748254E-003   0.000000000E+000
   0.16577572106712957E-007   0.540438399E-003   0.000000000E+000
   0.16608385437766326E-007   0.576305203E-003   0.000000000E+000
   0.16639198768819696E-007   0.539410568E-003   0.000000000E+000
   0.16670012099873066E-007   0.437652634E-003   0.000000000E+000
   0.16700825430926436E-007   0.289892749E-003   0.000000000E+000
   0.16731638761979806E-007   0.123322752E-003   0.000000000E+000
   0.16762452093033176E-007  -0.306079746E-004   0.000000000E+000
   0.16793265424086545E-007  -0.141148470E-003   0.000000000E+000
   0.16824078755139915E-007  -0.183354219E-003   0.000000000E+000
   0.16854892086193285E-007  -0.142551697E-003   0.000000000E+000
   0.16885705417246655E-007  -0.174156157E-004   0.000000000E+000
   0.16916518748300025E-007   0.178908740E-003   0.000000000E+000
   0.16947332079353394E-007   0.419926015E-003   0.000000000E+000
   0.16978145410406764E-007   0.669104105E-003   0.000000000E+000
   0.17008958741460134E-007   0.884973793E-003   0.000000000E+000
   0.17039772072513504E-007   0.102730095E-002   0.000000000E+000
   0.17070585403566874E-007   0.106341299E-002   0.000000000E+000
   0.17101398734620243E-007   0.973686983E-003   0.000000000E+000
   0.17132212065673613E-007   0.755302142E-003   0.000000000E+000
   0.17163025396726983E-007   0.423590711E-003   0.000000000E+000
   0.17193838727780353E-007   0.106858497E-004   0.000000000E+000
   0.17224652058833723E-007  -0.438422430E-003   0.000000000E+000
   0.17255465389887092E-007  -0.871894648E-003   0.000000000E+000
   0.17286278720940462E-007  -0.123824109E-002   0.000000000E+000
   0.17317092051993832E-007  -0.149363466E-002   0.000000000E+000
   0.17347905383047202E-007  -0.160821714E-002   0.000000000E+000
   0.17378718714100572E-007  -0.157041696E-002   0.000000000E+000
   0.17409532045153941E-007  -0.138859882E-002   0.000000000E+000
   0.17440345376207311E-007  -0.108977628E-002   0.000000000E+000
   0.17471158707260681E-007  -0.715579139E-003   0.000000000E+000
   0.17501972038314051E-007  -0.316096615E-003   0.000000000E+000
   0.17532785369367421E-007   0.574506412E-004   0.000000000E+000
   0.17563598700420791E-007   0.360078877E-003   0.000000000E+000
   0.17594412031474160E-007   0.559323234E-003   0.000000000E+000
   0.17625225362527530E-007   0.639491947E-003   0.000000000E+000
   0.17656038693580900E-007   0.603282475E-003   0.000000000E+000
   0.17686852024634270E-007   0.470575003E-003   0.000000000E+000
   0.17717665355687640E-007   0.274663995E-003   0.000000000E+000
   0.17748478686741009E-007   0.565832743E-004   0.000000000E+000
   0.17779292017794379E-007  -0.141539043E-003   0.000000000E+000
   0.17810105348847749E-007  -0.283037254E-003   0.000000000E+000
   0.17840918679901119E-007  -0.342165848E-003   0.000000000E+000
   0.17871732010954489E-007  -0.307655806E-003   0.000000000E+000
   0.17902545342007858E-007  -0.183893339E-003   0.000000000E+000
   0.17933358673061228E-007   0.103634666E-004   0.000000000E+000
   0.17964172004114598E-007   0.245428295E-003   0.000000000E+000
   0.17994985335167968E-007   0.485665863E-003   0.000000000E+000
   0.18025798666221338E-007   0.695171067E-003   0.000000000E+000
   0.18056611997274707E-007   0.843244721E-003   0.000000000E+000
   0.18087425328328077E-007   0.908837013E-003   0.000000000E+000
   0.18118238659381447E-007   0.883330649E-003   0.000000000E+000
   0.18149051990434817E-007   0.771321938E-003   0.000000000E+000
   0.18179865321488187E-007   0.589382369E-003   0.000000000E+000
   0.18210678652541556E-007   0.363088271E-003   0.000000000E+000
   0.18241491983594926E-007   0.122853235E-003   0.000000000E+000
   0.18272305314648296E-007  -0.100753605E-003   0.000000000E+000
   0.18303118645701666E-007  -0.281482178E-003   0.000000000E+000
   0.18333931976755036E-007  -0.401018624E-003   0.000000000E+000
   0.18364745307808406E-007  -0.451256434E-003   0.000000000E+000
   0.18395558638861775E-007  -0.434956426E-003   0.000000000E+000
   0.18426371969915145E-007  -0.364776293E-003   0.000000000E+000
   0.18457185300968515E-007  -0.260882545E-003   0.000000000E+000
   0.18487998632021885E-007  -0.147549072E-003   0.000000000E+000
   0.18518811963075255E-007  -0.492662075E-004   0.000000000E+000
   0.18549625294128624E-007   0.130698900E-004   0.000000000E+000
   0.18580438625181994E-007   0.253528560E-004   0.000000000E+000
   0.18611251956235364E-007  -0.175861023E-004   0.000000000E+000
   0.18642065287288734E-007  -0.111157453E-003   0.000000000E+000
   0.18672878618342104E-007  -0.241615155E-003   0.000000000E+000
   0.18703691949395473E-007  -0.387988694E-003   0.000000000E+000
   0.18734505280448843E-007  -0.525078038E-003   0.000000000E+000
   0.18765318611502213E-007  -0.627107918E-003   0.000000000E+000
   0.18796131942555583E-007  -0.671551039E-003   0.000000000E+000
   0.18826945273608953E-007  -0.642600760E-003   0.000000000E+000
   0.18857758604662322E-007  -0.533815532E-003   0.000000000E+000
   0.18888571935715692E-007  -0.349549460E-003   0.000000000E+000
   0.18919385266769062E-007  -0.104937993E-003   0.000000000E+000
   0.18950198597822432E-007   0.175610621E-003   0.000000000E+000
   0.18981011928875802E-007   0.461268006E-003   0.000000000E+000
   0.19011825259929171E-007   0.718643772E-003   0.000000000E+000
   0.19042638590982541E-007   0.916158548E-003   0.000000000E+000
   0.19073451922035911E-007   0.102834764E-002   0.000000000E+000
   0.19104265253089281E-007   0.103949220E-002   0.000000000E+000
   0.19135078584142651E-007   0.946044631E-003   0.000000000E+000
   0.19165891915196021E-007   0.757459551E-003   0.000000000E+000
   0.19196705246249390E-007   0.495252898E-003   0.000000000E+000
   0.19227518577302760E-007   0.190361199E-003   0.000000000E+000
   0.19258331908356130E-007  -0.120875338E-003   0.000000000E+000
   0.19289145239409500E-007  -0.401569734E-003   0.000000000E+000
   0.19319958570462870E-007  -0.619302620E-003   0.000000000E+000
   0.19350771901516239E-007  -0.750567182E-003   0.000000000E+000
   0.19381585232569609E-007  -0.783979951E-003   0.000000000E+000
   0.19412398563622979E-007  -0.721760793E-003   0.000000000E+000
   0.19443211894676349E-007  -0.579237705E-003   0.000000000E+000
   0.19474025225729719E-007  -0.382427650E-003   0.000000000E+000
   0.19504838556783088E-007  -0.164043158E-003   0.000000000E+000
   0.19535651887836458E-007   0.414782698E-004   0.000000000E+000
   0.19566465218889828E-007   0.203164658E-003   0.000000000E+000
   0.19597278549943198E-007   0.298120285E-003   0.000000000E+000
   0.19628091880996568E-007   0.314844190E-003   0.000000000E+000
   0.19658905212049937E-007   0.254744198E-003   0.000000000E+000
   0.19689718543103307E-007   0.131620094E-003   0.000000000E+000
   0.19720531874156677E-007  -0.307866285E-004   0.000000000E+000
   0.19751345205210047E-007  -0.202770534E-003   0.000000000E+000
   0.19782158536263417E-007  -0.353517447E-003   0.000000000E+000
   0.19812971867316787E-007  -0.456051785E-003   0.000000000E+000
   0.19843785198370156E-007  -0.491482031E-003   0.000000000E+000
   0.19874598529423526E-007  -0.451873813E-003   0.000000000E+000
   0.19905411860476896E-007  -0.341310515E-003   0.000000000E+000
   0.19936225191530266E-007  -0.175004534E-003   0.000000000E+000
   0.19967038522583636E-007   0.233596365E-004   0.000000000E+000
   0.19997851853637005E-007   0.225582335E-003   0.000000000E+000
   0.20028665184690375E-007   0.403535028E-003   0.000000000E+000
   0.20059478515743745E-007   0.533616461E-003   0.000000000E+000
   0.20090291846797115E-007   0.600357424E-003   0.000000000E+000
   0.20121105177850485E-007   0.598608516E-003   0.000000000E+000
   0.20151918508903854E-007   0.533993414E-003   0.000000000E+000
   0.20182731839957224E-007   0.421599892E-003   0.000000000E+000
   0.20213545171010594E-007   0.283170666E-003   0.000000000E+000
   0.20244358502063964E-007   0.143295052E-003   0.000000000E+000
   0.20275171833117334E-007   0.252485115E-004   0.000000000E+000
   0.20305985164170703E-007  -0.528329110E-004   0.000000000E+000
   0.20336798495224073E-007  -0.808306504E-004   0.000000000E+000
   0.20367611826277443E-007  -0.581342356E-004   0.000000000E+000
   0.20398425157330813E-007   0.645938781E-005   0.000000000E+000
   0.20429238488384183E-007   0.963819039E-004   0.000000000E+000
   0.20460051819437552E-007   0.190164748E-003   0.000000000E+000
   0.20490865150490922E-007   0.265062321E-003   0.000000000E+000
   0.20521678481544292E-007   0.300838874E-003   0.000000000E+000
   0.20552491812597662E-007   0.283125730E-003   0.000000000E+000
   0.20583305143651032E-007   0.205840493E-003   0.000000000E+000
   0.20614118474704402E-007   0.723166595E-004   0.000000000E+000
   0.20644931805757771E-007  -0.105001294E-003   0.000000000E+000
   0.20675745136811141E-007  -0.306224218E-003   0.000000000E+000
   0.20706558467864511E-007  -0.506777782E-003   0.000000000E+000
   0.20737371798917881E-007  -0.680836267E-003   0.000000000E+000
   0.20768185129971251E-007  -0.804929587E-003   0.000000000E+000
   0.20798998461024620E-007  -0.861212960E-003   0.000000000E+000
   0.20829811792077990E-007  -0.839952671E-003   0.000000000E+000
   0.20860625123131360E-007  -0.740900927E-003   0.000000000E+000
   0.20891438454184730E-007  -0.573392026E-003   0.000000000E+000
   0.20922251785238100E-007  -0.355167896E-003   0.000000000E+000
   0.20953065116291469E-007  -0.110107212E-003   0.000000000E+000
   0.20983878447344839E-007   0.134828384E-003   0.000000000E+000
   0.21014691778398209E-007   0.353022915E-003   0.000000000E+000
   0.21045505109451579E-007   0.521560258E-003   0.000000000E+000
   0.21076318440504949E-007   0.624070875E-003   0.000000000E+000
   0.21107131771558318E-007   0.652707356E-003   0.000000000E+000
   0.21137945102611688E-007   0.608998758E-003   0.000000000E+000
   0.21168758433665058E-007   0.503477233E-003   0.000000000E+000
   0.21199571764718428E-007   0.354130229E-003   0.000000000E+000
   0.21230385095771798E-007   0.183880984E-003   0.000000000E+000
   0.21261198426825167E-007   0.174318120E-004   0.000000000E+000
   0.21292011757878537E-007  -0.122110418E-003   0.000000000E+000
   0.21322825088931907E-007  -0.216370245E-003   0.000000000E+000
   0.21353638419985277E-007  -0.254171144E-003   0.000000000E+000
   0.21384451751038647E-007  -0.232988095E-003   0.000000000E+000
   0.21415265082092017E-007  -0.159173243E-003   0.000000000E+000
   0.21446078413145386E-007  -0.469112492E-004   0.000000000E+000
   0.21476891744198756E-007   0.839587083E-004   0.000000000E+000
   0.21507705075252126E-007   0.210949831E-003   0.000000000E+000
   0.21538518406305496E-007   0.312330725E-003   0.000000000E+000
   0.21569331737358866E-007   0.370424299E-003   0.000000000E+000
   0.21600145068412235E-007   0.374305469E-003   0.000000000E+000
   0.21630958399465605E-007   0.321482890E-003   0.000000000E+000
   0.21661771730518975E-007   0.218294794E-003   0.000000000E+000
   0.21692585061572345E-007   0.789446349E-004   0.000000000E+000
   0.21723398392625715E-007  -0.766885059E-004   0.000000000E+000
   0.21754211723679084E-007  -0.226134143E-003   0.000000000E+000
   0.21785025054732454E-007  -0.347832392E-003   0.000000000E+000
   0.21815838385785824E-007  -0.424501486E-003   0.000000000E+000
   0.21846651716839194E-007  -0.445833080E-003   0.000000000E+000
   0.21877465047892564E-007  -0.410079432E-003   0.000000000E+000
   0.21908278378945933E-007  -0.324269873E-003   0.000000000E+000
   0.21939091709999303E-007  -0.203015967E-003   0.000000000E+000
   0.21969905041052673E-007  -0.660939841E-004   0.000000000E+000
   0.22000718372106043E-007   0.648033165E-004   0.000000000E+000
   0.22031531703159413E-007   0.169615349E-003   0.000000000E+000
   0.22062345034212782E-007   0.233178464E-003   0.000000000E+000
   0.22093158365266152E-007   0.247668009E-003   0.000000000E+000
   0.22123971696319522E-007   0.213812891E-003   0.000000000E+000
   0.22154785027372892E-007   0.140680961E-003   0.000000000E+000
   0.22185598358426262E-007   0.440710646E-004   0.000000000E+000
   0.22216411689479632E-007  -0.562208079E-004   0.000000000E+000
   0.22247225020533001E-007  -0.139805605E-003   0.000000000E+000
   0.22278038351586371E-007  -0.189209532E-003   0.000000000E+000
   0.22308851682639741E-007  -0.192904045E-003   0.000000000E+000
   0.22339665013693111E-007  -0.147354833E-003   0.000000000E+000
   0.22370478344746481E-007  -0.577514729E-004   0.000000000E+000
   0.22401291675799850E-007   0.627019108E-004   0.000000000E+000
   0.22432105006853220E-007   0.194819499E-003   0.000000000E+000
   0.22462918337906590E-007   0.316458172E-003   0.000000000E+000
   0.22493731668959960E-007   0.406044710E-003   0.000000000E+000
   0.22524545000013330E-007   0.446039834E-003   0.000000000E+000
   0.22555358331066699E-007   0.425790466E-003   0.000000000E+000
   0.22586171662120069E-007   0.343324849E-003   0.000000000E+000
   0.22616984993173439E-007   0.205819495E-003   0.000000000E+000
   0.22647798324226809E-007   0.286788418E-004   0.000000000E+000
   0.22678611655280179E-007  -0.166615646E-003   0.000000000E+000
   0.22709424986333548E-007  -0.355544675E-003   0.000000000E+000
   0.22740238317386918E-007  -0.514009502E-003   0.000000000E+000
   0.22771051648440288E-007  -0.621690240E-003   0.000000000E+000
   0.22801864979493658E-007  -0.664815307E-003   0.000000000E+000
   0.22832678310547028E-007  -0.637956953E-003   0.000000000E+000
   0.22863491641600397E-007  -0.544623821E-003   0.000000000E+000
   0.22894304972653767E-007  -0.396604795E-003   0.000000000E+000
   0.22925118303707137E-007  -0.212200190E-003   0.000000000E+000
   0.22955931634760507E-007  -0.136284798E-004   0.000000000E+000
   0.22986744965813877E-007   0.175999303E-003   0.000000000E+000
   0.23017558296867247E-007   0.335704826E-003   0.000000000E+000
   0.23048371627920616E-007   0.449254527E-003   0.000000000E+000
   0.23079184958973986E-007   0.507024175E-003   0.000000000E+000
   0.23109998290027356E-007   0.506900018E-003   0.000000000E+000
   0.23140811621080726E-007   0.454141671E-003   0.000000000E+000
   0.23171624952134096E-007   0.360275881E-003   0.000000000E+000
   0.23202438283187465E-007   0.241215210E-003   0.000000000E+000
   0.23233251614240835E-007   0.114888855E-003   0.000000000E+000
   0.23264064945294205E-007  -0.127600651E-005   0.000000000E+000
   0.23294878276347575E-007  -0.926795183E-004   0.000000000E+000
   0.23325691607400945E-007  -0.149378786E-003   0.000000000E+000
   0.23356504938454314E-007  -0.167195831E-003   0.000000000E+000
   0.23387318269507684E-007  -0.147980376E-003   0.000000000E+000
   0.23418131600561054E-007  -0.990206754E-004   0.000000000E+000
   0.23448944931614424E-007  -0.317082595E-004   0.000000000E+000
   0.23479758262667794E-007   0.403394661E-004   0.000000000E+000
   0.23510571593721163E-007   0.103423306E-003   0.000000000E+000
   0.23541384924774533E-007   0.145864600E-003   0.000000000E+000
   0.23572198255827903E-007   0.159764575E-003   0.000000000E+000
   0.23603011586881273E-007   0.142166668E-003   0.000000000E+000
   0.23633824917934643E-007   0.954522548E-004   0.000000000E+000
   0.23664638248988012E-007   0.269098236E-004   0.000000000E+000
   0.23695451580041382E-007  -0.524628995E-004   0.000000000E+000
   0.23726264911094752E-007  -0.129747204E-003   0.000000000E+000
   0.23757078242148122E-007  -0.192214633E-003   0.000000000E+000
   0.23787891573201492E-007  -0.229435886E-003   0.000000000E+000
   0.23818704904254862E-007  -0.235054002E-003   0.000000000E+000
   0.23849518235308231E-007  -0.207931269E-003   0.000000000E+000
   0.23880331566361601E-007  -0.152468128E-003   0.000000000E+000
   0.23911144897414971E-007  -0.780178307E-004   0.000000000E+000
   0.23941958228468341E-007   0.253671897E-005   0.000000000E+000
   0.23972771559521711E-007   0.748404273E-004   0.000000000E+000
   0.24003584890575080E-007   0.125443621E-003   0.000000000E+000
   0.24034398221628450E-007   0.144120684E-003   0.000000000E+000
   0.24065211552681820E-007   0.125747261E-003   0.000000000E+000
   0.24096024883735190E-007   0.714101479E-004   0.000000000E+000
   0.24126838214788560E-007  -0.114614377E-004   0.000000000E+000
   0.24157651545841929E-007  -0.110002395E-003   0.000000000E+000
   0.24188464876895299E-007  -0.207747042E-003   0.000000000E+000
   0.24219278207948669E-007  -0.287128962E-003   0.000000000E+000
   0.24250091539002039E-007  -0.332263415E-003   0.000000000E+000
   0.24280904870055409E-007  -0.331573916E-003   0.000000000E+000
   0.24311718201108778E-007  -0.279836328E-003   0.000000000E+000
   0.24342531532162148E-007  -0.179298164E-003   0.000000000E+000
   0.24373344863215518E-007  -0.396708347E-004   0.000000000E+000
   0.24404158194268888E-007   0.123029706E-003   0.000000000E+000
   0.24434971525322258E-007   0.288635201E-003   0.000000000E+000
   0.24465784856375627E-007   0.435652386E-003   0.000000000E+000
   0.24496598187428997E-007   0.544336275E-003   0.000000000E+000
   0.24527411518482367E-007   0.599539606E-003   0.000000000E+000
   0.24558224849535737E-007   0.592903001E-003   0.000000000E+000
   0.24589038180589107E-007   0.524054049E-003   0.000000000E+000
   0.24619851511642477E-007   0.400639692E-003   0.000000000E+000
   0.24650664842695846E-007   0.237199638E-003   0.000000000E+000
   0.24681478173749216E-007   0.530679390E-004   0.000000000E+000
   0.24712291504802586E-007  -0.130363842E-003   0.000000000E+000
   0.24743104835855956E-007  -0.292597979E-003   0.000000000E+000
   0.24773918166909326E-007  -0.416750554E-003   0.000000000E+000
   0.24804731497962695E-007  -0.491644023E-003   0.000000000E+000
   0.24835544829016065E-007  -0.512986328E-003   0.000000000E+000
   0.24866358160069435E-007  -0.483503100E-003   0.000000000E+000
   0.24897171491122805E-007  -0.412054069E-003   0.000000000E+000
   0.24927984822176175E-007  -0.311921409E-003   0.000000000E+000
   0.24958798153229544E-007  -0.198574169E-003   0.000000000E+000
   0.24989611484282914E-007  -0.872786259E-004   0.000000000E+000
   0.25020424815336284E-007   0.907314825E-005   0.000000000E+000
   0.25051238146389654E-007   0.815990425E-004   0.000000000E+000
   0.25082051477443024E-007   0.126312239E-003   0.000000000E+000
   0.25112864808496393E-007   0.144171107E-003   0.000000000E+000
   0.25143678139549763E-007   0.140344011E-003   0.000000000E+000
   0.25174491470603133E-007   0.122859943E-003   0.000000000E+000
   0.25205304801656503E-007   0.100900463E-003   0.000000000E+000
   0.25236118132709873E-007   0.830310091E-004   0.000000000E+000
   0.25266931463763243E-007   0.756600130E-004   0.000000000E+000
   0.25297744794816612E-007   0.819631823E-004   0.000000000E+000
   0.25328558125869982E-007   0.101424455E-003   0.000000000E+000
   0.25359371456923352E-007   0.130040571E-003   0.000000000E+000
   0.25390184787976722E-007   0.161130825E-003   0.000000000E+000
   0.25420998119030092E-007   0.186602425E-003   0.000000000E+000
   0.25451811450083461E-007   0.198455498E-003   0.000000000E+000
   0.25482624781136831E-007   0.190283259E-003   0.000000000E+000
   0.25513438112190201E-007   0.158528870E-003   0.000000000E+000
   0.25544251443243571E-007   0.103300990E-003   0.000000000E+000
   0.25575064774296941E-007   0.286194627E-004   0.000000000E+000
   0.25605878105350310E-007  -0.579526677E-004   0.000000000E+000
   0.25636691436403680E-007  -0.146246442E-003   0.000000000E+000
   0.25667504767457050E-007  -0.224864736E-003   0.000000000E+000
   0.25698318098510420E-007  -0.282808091E-003   0.000000000E+000
   0.25729131429563790E-007  -0.311118260E-003   0.000000000E+000
   0.25759944760617159E-007  -0.304301764E-003   0.000000000E+000
   0.25790758091670529E-007  -0.261320733E-003   0.000000000E+000
   0.25821571422723899E-007  -0.185992700E-003   0.000000000E+000
   0.25852384753777269E-007  -0.867197450E-004   0.000000000E+000
   0.25883198084830639E-007   0.244429029E-004   0.000000000E+000
   0.25914011415884008E-007   0.133274109E-003   0.000000000E+000
   0.25944824746937378E-007   0.225244454E-003   0.000000000E+000
   0.25975638077990748E-007   0.287497620E-003   0.000000000E+000
   0.26006451409044118E-007   0.310681324E-003   0.000000000E+000
   0.26037264740097488E-007   0.290363620E-003   0.000000000E+000
   0.26068078071150858E-007   0.227817334E-003   0.000000000E+000
   0.26098891402204227E-007   0.130037544E-003   0.000000000E+000
   0.26129704733257597E-007   0.896272104E-005   0.000000000E+000
   0.26160518064310967E-007  -0.120017728E-003   0.000000000E+000
   0.26191331395364337E-007  -0.240077803E-003   0.000000000E+000
   0.26222144726417707E-007  -0.335217250E-003   0.000000000E+000
   0.26252958057471076E-007  -0.392453541E-003   0.000000000E+000
   0.26283771388524446E-007  -0.403625192E-003   0.000000000E+000
   0.26314584719577816E-007  -0.366538705E-003   0.000000000E+000
   0.26345398050631186E-007  -0.285282556E-003   0.000000000E+000
   0.26376211381684556E-007  -0.169653998E-003   0.000000000E+000
   0.26407024712737925E-007  -0.337771780E-004   0.000000000E+000
   0.26437838043791295E-007   0.105885527E-003   0.000000000E+000
   0.26468651374844665E-007   0.232833205E-003   0.000000000E+000
   0.26499464705898035E-007   0.332791358E-003   0.000000000E+000
   0.26530278036951405E-007   0.395603012E-003   0.000000000E+000
   0.26561091368004774E-007   0.416465278E-003   0.000000000E+000
   0.26591904699058144E-007   0.396334537E-003   0.000000000E+000
   0.26622718030111514E-007   0.341457082E-003   0.000000000E+000
   0.26653531361164884E-007   0.262120448E-003   0.000000000E+000
   0.26684344692218254E-007   0.170844651E-003   0.000000000E+000
   0.26715158023271623E-007   0.803187795E-004   0.000000000E+000
   0.26745971354324993E-007   0.142391946E-005   0.000000000E+000
   0.26776784685378363E-007  -0.583382207E-004   0.000000000E+000
   0.26807598016431733E-007  -0.957652301E-004   0.000000000E+000
   0.26838411347485103E-007  -0.112091759E-003   0.000000000E+000
   0.26869224678538473E-007  -0.112349015E-003   0.000000000E+000
   0.26900038009591842E-007  -0.104081511E-003   0.000000000E+000
   0.26930851340645212E-007  -0.956640142E-004   0.000000000E+000
   0.26961664671698582E-007  -0.945252614E-004   0.000000000E+000
   0.26992478002751952E-007  -0.105596308E-003   0.000000000E+000
   0.27023291333805322E-007  -0.130256842E-003   0.000000000E+000
   0.27054104664858691E-007  -0.165963458E-003   0.000000000E+000
   0.27084917995912061E-007  -0.206623445E-003   0.000000000E+000
   0.27115731326965431E-007  -0.243648450E-003   0.000000000E+000
   0.27146544658018801E-007  -0.267505675E-003   0.000000000E+000
   0.27177357989072171E-007  -0.269498763E-003   0.000000000E+000
   0.27208171320125540E-007  -0.243472983E-003   0.000000000E+000
   0.27238984651178910E-007  -0.187151047E-003   0.000000000E+000
   0.27269797982232280E-007  -0.102867525E-003   0.000000000E+000
   0.27300611313285650E-007   0.243195973E-005   0.000000000E+000
   0.27331424644339020E-007   0.117940544E-003   0.000000000E+000
   0.27362237975392389E-007   0.230383448E-003   0.000000000E+000
   0.27393051306445759E-007   0.325846369E-003   0.000000000E+000
   0.27423864637499129E-007   0.391763373E-003   0.000000000E+000
   0.27454677968552499E-007   0.418764277E-003   0.000000000E+000
   0.27485491299605869E-007   0.402103906E-003   0.000000000E+000
   0.27516304630659238E-007   0.342458894E-003   0.000000000E+000
   0.27547117961712608E-007   0.245973933E-003   0.000000000E+000
   0.27577931292765978E-007   0.123547856E-003   0.000000000E+000
   0.27608744623819348E-007  -0.105392974E-004   0.000000000E+000
   0.27639557954872718E-007  -0.140465199E-003   0.000000000E+000
   0.27670371285926088E-007  -0.250914251E-003   0.000000000E+000
   0.27701184616979457E-007  -0.329054426E-003   0.000000000E+000
   0.27731997948032827E-007  -0.366175751E-003   0.000000000E+000
   0.27762811279086197E-007  -0.358772289E-003   0.000000000E+000
   0.27793624610139567E-007  -0.308930525E-003   0.000000000E+000
   0.27824437941192937E-007  -0.223980955E-003   0.000000000E+000
   0.27855251272246306E-007  -0.115469527E-003   0.000000000E+000
   0.27886064603299676E-007   0.240429654E-005   0.000000000E+000
   0.27916877934353046E-007   0.114669303E-003   0.000000000E+000
   0.27947691265406416E-007   0.207529665E-003   0.000000000E+000
   0.27978504596459786E-007   0.270118908E-003   0.000000000E+000
   0.28009317927513155E-007   0.295830920E-003   0.000000000E+000
   0.28040131258566525E-007   0.283057307E-003   0.000000000E+000
   0.28070944589619895E-007   0.235241445E-003   0.000000000E+000
   0.28101757920673265E-007   0.160252966E-003   0.000000000E+000
   0.28132571251726635E-007   0.691780588E-004   0.000000000E+000
   0.28163384582780004E-007  -0.252989994E-004   0.000000000E+000
   0.28194197913833374E-007  -0.110692148E-003   0.000000000E+000
   0.28225011244886744E-007  -0.176432790E-003   0.000000000E+000
   0.28255824575940114E-007  -0.215268956E-003   0.000000000E+000
   0.28286637906993484E-007  -0.224147268E-003   0.000000000E+000
   0.28317451238046853E-007  -0.204456534E-003   0.000000000E+000
   0.28348264569100223E-007  -0.161605421E-003   0.000000000E+000
   0.28379077900153593E-007  -0.104006365E-003   0.000000000E+000
   0.28409891231206963E-007  -0.416275216E-004   0.000000000E+000
   0.28440704562260333E-007   0.156578062E-004   0.000000000E+000
   0.28471517893313703E-007   0.596632926E-004   0.000000000E+000
   0.28502331224367072E-007   0.851692967E-004   0.000000000E+000
   0.28533144555420442E-007   0.906842106E-004   0.000000000E+000
   0.28563957886473812E-007   0.785634766E-004   0.000000000E+000
   0.28594771217527182E-007   0.544658724E-004   0.000000000E+000
   0.28625584548580552E-007   0.262348258E-004   0.000000000E+000
   0.28656397879633921E-007   0.239017572E-005   0.000000000E+000
   0.28687211210687291E-007  -0.951619859E-005   0.000000000E+000
   0.28718024541740661E-007  -0.439944779E-005   0.000000000E+000
   0.28748837872794031E-007   0.192677235E-004   0.000000000E+000
   0.28779651203847401E-007   0.589727788E-004   0.000000000E+000
   0.28810464534900770E-007   0.108391825E-003   0.000000000E+000
   0.28841277865954140E-007   0.158313356E-003   0.000000000E+000
   0.28872091197007510E-007   0.198122842E-003   0.000000000E+000
   0.28902904528060880E-007   0.217615729E-003   0.000000000E+000
   0.28933717859114250E-007   0.208843805E-003   0.000000000E+000
   0.28964531190167619E-007   0.167685328E-003   0.000000000E+000
   0.28995344521220989E-007   0.948649904E-004   0.000000000E+000
   0.29026157852274359E-007  -0.376586104E-005   0.000000000E+000
   0.29056971183327729E-007  -0.117763972E-003   0.000000000E+000
   0.29087784514381099E-007  -0.233387633E-003   0.000000000E+000
   0.29118597845434468E-007  -0.335469376E-003   0.000000000E+000
   0.29149411176487838E-007  -0.409590808E-003   0.000000000E+000
   0.29180224507541208E-007  -0.444229605E-003   0.000000000E+000
   0.29211037838594578E-007  -0.432547560E-003   0.000000000E+000
   0.29241851169647948E-007  -0.373538438E-003   0.000000000E+000
   0.29272664500701318E-007  -0.272351957E-003   0.000000000E+000
   0.29303477831754687E-007  -0.139734271E-003   0.000000000E+000
   0.29334291162808057E-007   0.933988485E-005   0.000000000E+000
   0.29365104493861427E-007   0.157645947E-003   0.000000000E+000
   0.29395917824914797E-007   0.288010720E-003   0.000000000E+000
   0.29426731155968167E-007   0.385600491E-003   0.000000000E+000
   0.29457544487021536E-007   0.439867028E-003   0.000000000E+000
   0.29488357818074906E-007   0.445875892E-003   0.000000000E+000
   0.29519171149128276E-007   0.404837891E-003   0.000000000E+000
   0.29549984480181646E-007   0.323783926E-003   0.000000000E+000
   0.29580797811235016E-007   0.214449654E-003   0.000000000E+000
   0.29611611142288385E-007   0.915493438E-004   0.000000000E+000
   0.29642424473341755E-007  -0.292991099E-004   0.000000000E+000
   0.29673237804395125E-007  -0.133693437E-003   0.000000000E+000
   0.29704051135448495E-007  -0.210310798E-003   0.000000000E+000
   0.29734864466501865E-007  -0.252262165E-003   0.000000000E+000
   0.29765677797555234E-007  -0.257767359E-003   0.000000000E+000
   0.29796491128608604E-007  -0.230083402E-003   0.000000000E+000
   0.29827304459661974E-007  -0.176729023E-003   0.000000000E+000
   0.29858117790715344E-007  -0.108146305E-003   0.000000000E+000
   0.29888931121768714E-007  -0.360163685E-004   0.000000000E+000
   0.29919744452822084E-007   0.285141286E-004   0.000000000E+000
   0.29950557783875453E-007   0.764353463E-004   0.000000000E+000
   0.29981371114928823E-007   0.102080012E-003   0.000000000E+000
   0.30012184445982193E-007   0.103772516E-003   0.000000000E+000
   0.30042997777035563E-007   0.838467677E-004   0.000000000E+000
   0.30073811108088933E-007   0.480533017E-004   0.000000000E+000
   0.30104624439142302E-007   0.446378544E-005   0.000000000E+000
   0.30135437770195672E-007  -0.379475132E-004   0.000000000E+000
   0.30166251101249042E-007  -0.708219741E-004   0.000000000E+000
   0.30197064432302412E-007  -0.878002174E-004   0.000000000E+000
   0.30227877763355782E-007  -0.855601320E-004   0.000000000E+000
   0.30258691094409151E-007  -0.643513122E-004   0.000000000E+000
   0.30289504425462521E-007  -0.279450396E-004   0.000000000E+000
   0.30320317756515891E-007   0.169933446E-004   0.000000000E+000
   0.30351131087569261E-007   0.620139326E-004   0.000000000E+000
   0.30381944418622631E-007   0.983041391E-004   0.000000000E+000
   0.30412757749676000E-007   0.118202224E-003   0.000000000E+000
   0.30443571080729370E-007   0.116563446E-003   0.000000000E+000
   0.30474384411782740E-007   0.917576472E-004   0.000000000E+000
   0.30505197742836110E-007   0.461275886E-004   0.000000000E+000
   0.30536011073889480E-007  -0.141826822E-004   0.000000000E+000
   0.30566824404942849E-007  -0.800255366E-004   0.000000000E+000
   0.30597637735996219E-007  -0.140571748E-003   0.000000000E+000
   0.30628451067049589E-007  -0.184968812E-003   0.000000000E+000
   0.30659264398102959E-007  -0.204088356E-003   0.000000000E+000
   0.30690077729156329E-007  -0.192092411E-003   0.000000000E+000
   0.30720891060209699E-007  -0.147564919E-003   0.000000000E+000
   0.30751704391263068E-007  -0.740136093E-004   0.000000000E+000
   0.30782517722316438E-007   0.203628806E-004   0.000000000E+000
   0.30813331053369808E-007   0.123637496E-003   0.000000000E+000
   0.30844144384423178E-007   0.221728886E-003   0.000000000E+000
   0.30874957715476548E-007   0.300370215E-003   0.000000000E+000
   0.30905771046529917E-007   0.347188383E-003   0.000000000E+000
   0.30936584377583287E-007   0.353582960E-003   0.000000000E+000
   0.30967397708636657E-007   0.316115911E-003   0.000000000E+000
   0.30998211039690027E-007   0.237190819E-003   0.000000000E+000
   0.31029024370743397E-007   0.124902435E-003   0.000000000E+000
   0.31059837701796766E-007  -0.793878280E-005   0.000000000E+000
   0.31090651032850136E-007  -0.145477767E-003   0.000000000E+000
   0.31121464363903506E-007  -0.270944962E-003   0.000000000E+000
   0.31152277694956876E-007  -0.368937734E-003   0.000000000E+000
   0.31183091026010246E-007  -0.427519903E-003   0.000000000E+000
   0.31213904357063615E-007  -0.439832220E-003   0.000000000E+000
   0.31244717688116985E-007  -0.404980179E-003   0.000000000E+000
   0.31275531019170355E-007  -0.328073977E-003   0.000000000E+000
   0.31306344350223725E-007  -0.219422887E-003   0.000000000E+000
   0.31337157681277095E-007  -0.930137030E-004   0.000000000E+000
   0.31367971012330464E-007   0.354935619E-004   0.000000000E+000
   0.31398784343383834E-007   0.150949010E-003   0.000000000E+000
   0.31429597674437204E-007   0.240752532E-003   0.000000000E+000
   0.31460411005490574E-007   0.296454644E-003   0.000000000E+000
   0.31491224336543944E-007   0.314697216E-003   0.000000000E+000
   0.31522037667597314E-007   0.297377905E-003   0.000000000E+000
   0.31552850998650683E-007   0.251042598E-003   0.000000000E+000
   0.31583664329704053E-007   0.185626472E-003   0.000000000E+000
   0.31614477660757423E-007   0.112758702E-003   0.000000000E+000
   0.31645290991810793E-007   0.439052092E-004   0.000000000E+000
   0.31676104322864163E-007  -0.113620372E-004   0.000000000E+000
   0.31706917653917532E-007  -0.467102836E-004   0.000000000E+000
   0.31737730984970902E-007  -0.598150291E-004   0.000000000E+000
   0.31768544316024272E-007  -0.524579627E-004   0.000000000E+000
   0.31799357647077642E-007  -0.299653493E-004   0.000000000E+000
   0.31830170978131012E-007  -0.998770702E-007   0.000000000E+000
   0.31860984309184381E-007   0.284006983E-004   0.000000000E+000
   0.31891797640237751E-007   0.473951950E-004   0.000000000E+000
   0.31922610971291121E-007   0.507693330E-004   0.000000000E+000
   0.31953424302344491E-007   0.355004304E-004   0.000000000E+000
   0.31984237633397861E-007   0.219449066E-005   0.000000000E+000
   0.32015050964451230E-007  -0.449815670E-004   0.000000000E+000
   0.32045864295504600E-007  -0.989554974E-004   0.000000000E+000
   0.32076677626557970E-007  -0.150885942E-003   0.000000000E+000
   0.32107490957611340E-007  -0.191599887E-003   0.000000000E+000
   0.32138304288664710E-007  -0.213106978E-003   0.000000000E+000
   0.32169117619718079E-007  -0.209956124E-003   0.000000000E+000
   0.32199930950771449E-007  -0.180223084E-003   0.000000000E+000
   0.32230744281824819E-007  -0.125972991E-003   0.000000000E+000
   0.32261557612878189E-007  -0.531192636E-004   0.000000000E+000
   0.32292370943931559E-007   0.293103149E-004   0.000000000E+000
   0.32323184274984929E-007   0.110401888E-003   0.000000000E+000
   0.32353997606038298E-007   0.178905073E-003   0.000000000E+000
   0.32384810937091668E-007   0.224881354E-003   0.000000000E+000
   0.32415624268145038E-007   0.241209869E-003   0.000000000E+000
   0.32446437599198408E-007   0.224725794E-003   0.000000000E+000
   0.32477250930251778E-007   0.176815505E-003   0.000000000E+000
   0.32508064261305147E-007   0.103367740E-003   0.000000000E+000
   0.32538877592358517E-007   0.140715638E-004   0.000000000E+000
   0.32569690923411887E-007  -0.788534599E-004   0.000000000E+000
   0.32600504254465257E-007  -0.162325072E-003   0.000000000E+000
   0.32631317585518627E-007  -0.224232310E-003   0.000000000E+000
   0.32662130916571996E-007  -0.255174993E-003   0.000000000E+000
   0.32692944247625366E-007  -0.249855191E-003   0.000000000E+000
   0.32723757578678736E-007  -0.207912381E-003   0.000000000E+000
   0.32754570909732106E-007  -0.134071262E-003   0.000000000E+000
   0.32785384240785476E-007  -0.375680975E-004   0.000000000E+000
   0.32816197571838845E-007   0.690729212E-004   0.000000000E+000
   0.32847010902892215E-007   0.171746156E-003   0.000000000E+000
   0.32877824233945585E-007   0.256712316E-003   0.000000000E+000
   0.32908637564998955E-007   0.312508695E-003   0.000000000E+000
   0.32939450896052325E-007   0.331543939E-003   0.000000000E+000
   0.32970264227105694E-007   0.311145093E-003   0.000000000E+000
   0.33001077558159064E-007   0.253902865E-003   0.000000000E+000
   0.33031890889212434E-007   0.167265564E-003   0.000000000E+000
   0.33062704220265804E-007   0.624439490E-004   0.000000000E+000
   0.33093517551319174E-007  -0.472082902E-004   0.000000000E+000
   0.33124330882372544E-007  -0.148095307E-003   0.000000000E+000
   0.33155144213425913E-007  -0.228277117E-003   0.000000000E+000
   0.33185957544479283E-007  -0.279083208E-003   0.000000000E+000
   0.33216770875532653E-007  -0.296207028E-003   0.000000000E+000
   0.33247584206586023E-007  -0.280127628E-003   0.000000000E+000
   0.33278397537639393E-007  -0.235811167E-003   0.000000000E+000
   0.33309210868692762E-007  -0.171755062E-003   0.000000000E+000
   0.33340024199746132E-007  -0.985391380E-004   0.000000000E+000
   0.33370837530799502E-007  -0.271200552E-004   0.000000000E+000
   0.33401650861852872E-007   0.328585484E-004   0.000000000E+000
   0.33432464192906242E-007   0.744775607E-004   0.000000000E+000
   0.33463277523959611E-007   0.944623753E-004   0.000000000E+000
   0.33494090855012981E-007   0.934811687E-004   0.000000000E+000
   0.33524904186066351E-007   0.757927919E-004   0.000000000E+000
   0.33555717517119721E-007   0.483206459E-004   0.000000000E+000
   0.33586530848173091E-007   0.193181640E-004   0.000000000E+000
   0.33617344179226460E-007  -0.314670251E-005   0.000000000E+000
   0.33648157510279830E-007  -0.126363157E-004   0.000000000E+000
   0.33678970841333200E-007  -0.548236767E-005   0.000000000E+000
   0.33709784172386570E-007   0.185614263E-004   0.000000000E+000
   0.33740597503439940E-007   0.562532659E-004   0.000000000E+000
   0.33771410834493309E-007   0.101387886E-003   0.000000000E+000
   0.33802224165546679E-007   0.145821468E-003   0.000000000E+000
   0.33833037496600049E-007   0.180828472E-003   0.000000000E+000
   0.33863850827653419E-007   0.198571259E-003   0.000000000E+000
   0.33894664158706789E-007   0.193447951E-003   0.000000000E+000
   0.33925477489760159E-007   0.163105127E-003   0.000000000E+000
   0.33956290820813528E-007   0.108955814E-003   0.000000000E+000
   0.33987104151866898E-007   0.361200146E-004   0.000000000E+000
   0.34017917482920268E-007  -0.472060419E-004   0.000000000E+000
   0.34048730813973638E-007  -0.130859640E-003   0.000000000E+000
   0.34079544145027008E-007  -0.204136508E-003   0.000000000E+000
   0.34110357476080377E-007  -0.257321197E-003   0.000000000E+000
   0.34141170807133747E-007  -0.283098198E-003   0.000000000E+000
   0.34171984138187117E-007  -0.277637009E-003   0.000000000E+000
   0.34202797469240487E-007  -0.241192625E-003   0.000000000E+000
   0.34233610800293857E-007  -0.178132934E-003   0.000000000E+000
   0.34264424131347226E-007  -0.963865896E-004   0.000000000E+000
   0.34295237462400596E-007  -0.638713391E-005   0.000000000E+000
   0.34326050793453966E-007   0.803387884E-004   0.000000000E+000
   0.34356864124507336E-007   0.152742126E-003   0.000000000E+000
   0.34387677455560706E-007   0.201760689E-003   0.000000000E+000
   0.34418490786614075E-007   0.221555980E-003   0.000000000E+000
   0.34449304117667445E-007   0.210303740E-003   0.000000000E+000
   0.34480117448720815E-007   0.170427244E-003   0.000000000E+000
   0.34510930779774185E-007   0.108239466E-003   0.000000000E+000
   0.34541744110827555E-007   0.330441108E-004   0.000000000E+000
   0.34572557441880925E-007  -0.441796001E-004   0.000000000E+000
   0.34603370772934294E-007  -0.112322567E-003   0.000000000E+000
   0.34634184103987664E-007  -0.161704331E-003   0.000000000E+000
   0.34664997435041034E-007  -0.185423065E-003   0.000000000E+000
   0.34695810766094404E-007  -0.180304749E-003   0.000000000E+000
   0.34726624097147774E-007  -0.147316183E-003   0.000000000E+000
   0.34757437428201143E-007  -0.913828408E-004   0.000000000E+000
   0.34788250759254513E-007  -0.206389814E-004   0.000000000E+000
   0.34819064090307883E-007   0.547796153E-004   0.000000000E+000
   0.34849877421361253E-007   0.124222017E-003   0.000000000E+000
   0.34880690752414623E-007   0.178068382E-003   0.000000000E+000
   0.34911504083467992E-007   0.209106729E-003   0.000000000E+000
   0.34942317414521362E-007   0.213536565E-003   0.000000000E+000
   0.34973130745574732E-007   0.191451123E-003   0.000000000E+000
   0.35003944076628102E-007   0.146730323E-003   0.000000000E+000
   0.35034757407681472E-007   0.863659589E-004   0.000000000E+000
   0.35065570738734841E-007   0.193276501E-004   0.000000000E+000
   0.35096384069788211E-007  -0.448501305E-004   0.000000000E+000
   0.35127197400841581E-007  -0.975376242E-004   0.000000000E+000
   0.35158010731894951E-007  -0.132305649E-003   0.000000000E+000
   0.35188824062948321E-007  -0.145845712E-003   0.000000000E+000
   0.35219637394001690E-007  -0.138373420E-003   0.000000000E+000
   0.35250450725055060E-007  -0.113457987E-003   0.000000000E+000
   0.35281264056108430E-007  -0.773124775E-004   0.000000000E+000
   0.35312077387161800E-007  -0.376668577E-004   0.000000000E+000
   0.35342890718215170E-007  -0.241248927E-005   0.000000000E+000
   0.35373704049268540E-007   0.217569050E-004   0.000000000E+000
   0.35404517380321909E-007   0.304840105E-004   0.000000000E+000
   0.35435330711375279E-007   0.224796750E-004   0.000000000E+000
   0.35466144042428649E-007  -0.271375029E-006   0.000000000E+000
   0.35496957373482019E-007  -0.328624265E-004   0.000000000E+000
   0.35527770704535389E-007  -0.683147227E-004   0.000000000E+000
   0.35558584035588758E-007  -0.987836102E-004   0.000000000E+000
   0.35589397366642128E-007  -0.116921510E-003   0.000000000E+000
   0.35620210697695498E-007  -0.117173098E-003   0.000000000E+000
   0.35651024028748868E-007  -0.967894739E-004   0.000000000E+000
   0.35681837359802238E-007  -0.563946269E-004   0.000000000E+000
   0.35712650690855607E-007  -0.993895810E-008   0.000000000E+000
   0.35743464021908977E-007   0.654700852E-004   0.000000000E+000
   0.35774277352962347E-007   0.131270150E-003   0.000000000E+000
   0.35805090684015717E-007   0.188039732E-003   0.000000000E+000
   0.35835904015069087E-007   0.227268683E-003   0.000000000E+000
   0.35866717346122456E-007   0.242593655E-003   0.000000000E+000
   0.35897530677175826E-007   0.230794511E-003   0.000000000E+000
   0.35928344008229196E-007   0.192329258E-003   0.000000000E+000
   0.35959157339282566E-007   0.131327630E-003   0.000000000E+000
   0.35989970670335936E-007   0.550461482E-004   0.000000000E+000
   0.36020784001389305E-007  -0.271312965E-004   0.000000000E+000
   0.36051597332442675E-007  -0.104997845E-003   0.000000000E+000
   0.36082410663496045E-007  -0.168939878E-003   0.000000000E+000
   0.36113223994549415E-007  -0.211259423E-003   0.000000000E+000
   0.36144037325602785E-007  -0.227213925E-003   0.000000000E+000
   0.36174850656656155E-007  -0.215629261E-003   0.000000000E+000
   0.36205663987709524E-007  -0.179005641E-003   0.000000000E+000
   0.36236477318762894E-007  -0.123110105E-003   0.000000000E+000
   0.36267290649816264E-007  -0.561219276E-004   0.000000000E+000
   0.36298103980869634E-007   0.125409788E-004   0.000000000E+000
   0.36328917311923004E-007   0.735446811E-004   0.000000000E+000
   0.36359730642976373E-007   0.118923563E-003   0.000000000E+000
   0.36390543974029743E-007   0.143148063E-003   0.000000000E+000
   0.36421357305083113E-007   0.143831436E-003   0.000000000E+000
   0.36452170636136483E-007   0.121983627E-003   0.000000000E+000
   0.36482983967189853E-007   0.817847467E-004   0.000000000E+000
   0.36513797298243222E-007   0.299181229E-004   0.000000000E+000
   0.36544610629296592E-007  -0.254369879E-004   0.000000000E+000
   0.36575423960349962E-007  -0.758062233E-004   0.000000000E+000
   0.36606237291403332E-007  -0.113642527E-003   0.000000000E+000
   0.36637050622456702E-007  -0.133396446E-003   0.000000000E+000
   0.36667863953510071E-007  -0.132283487E-003   0.000000000E+000
   0.36698677284563441E-007  -0.110641180E-003   0.000000000E+000
   0.36729490615616811E-007  -0.718275114E-004   0.000000000E+000
   0.36760303946670181E-007  -0.216786902E-004   0.000000000E+000
   0.36791117277723551E-007   0.323923814E-004   0.000000000E+000
   0.36821930608776920E-007   0.825220486E-004   0.000000000E+000
   0.36852743939830290E-007   0.121578640E-003   0.000000000E+000
   0.36883557270883660E-007   0.144224177E-003   0.000000000E+000
   0.36914370601937030E-007   0.147695057E-003   0.000000000E+000
   0.36945183932990400E-007   0.132182467E-003   0.000000000E+000
   0.36975997264043770E-007   0.100753750E-003   0.000000000E+000
   0.37006810595097139E-007   0.588260955E-004   0.000000000E+000
   0.37037623926150509E-007   0.132734276E-004   0.000000000E+000
   0.37068437257203879E-007  -0.286935829E-004   0.000000000E+000
   0.37099250588257249E-007  -0.606980975E-004   0.000000000E+000
   0.37130063919310619E-007  -0.782303468E-004   0.000000000E+000
   0.37160877250363988E-007  -0.793759464E-004   0.000000000E+000
   0.37191690581417358E-007  -0.651182418E-004   0.000000000E+000
   0.37222503912470728E-007  -0.391607900E-004   0.000000000E+000
   0.37253317243524098E-007  -0.729387466E-005   0.000000000E+000
   0.37284130574577468E-007   0.235966472E-004   0.000000000E+000
   0.37314943905630837E-007   0.467187383E-004   0.000000000E+000
   0.37345757236684207E-007   0.565676164E-004   0.000000000E+000
   0.37376570567737577E-007   0.499246744E-004   0.000000000E+000
   0.37407383898790947E-007   0.264920982E-004   0.000000000E+000
   0.37438197229844317E-007  -0.109496159E-004   0.000000000E+000
   0.37469010560897686E-007  -0.568968608E-004   0.000000000E+000
   0.37499823891951056E-007  -0.103943021E-003   0.000000000E+000
   0.37530637223004426E-007  -0.143938174E-003   0.000000000E+000
   0.37561450554057796E-007  -0.169305335E-003   0.000000000E+000
   0.37592263885111166E-007  -0.174302302E-003   0.000000000E+000
   0.37623077216164535E-007  -0.156023627E-003   0.000000000E+000
   0.37653890547217905E-007  -0.114976989E-003   0.000000000E+000
   0.37684703878271275E-007  -0.551352969E-004   0.000000000E+000
   0.37715517209324645E-007   0.165511483E-004   0.000000000E+000
   0.37746330540378015E-007   0.911121024E-004   0.000000000E+000
   0.37777143871431385E-007   0.158839321E-003   0.000000000E+000
   0.37807957202484754E-007   0.210696773E-003   0.000000000E+000
   0.37838770533538124E-007   0.239642541E-003   0.000000000E+000
   0.37869583864591494E-007   0.241661037E-003   0.000000000E+000
   0.37900397195644864E-007   0.216349610E-003   0.000000000E+000
   0.37931210526698234E-007   0.166974263E-003   0.000000000E+000
   0.37962023857751603E-007   0.999910335E-004   0.000000000E+000
   0.37992837188804973E-007   0.241111047E-004   0.000000000E+000
   0.38023650519858343E-007  -0.509447054E-004   0.000000000E+000
   0.38054463850911713E-007  -0.115813018E-003   0.000000000E+000
   0.38085277181965083E-007  -0.162773664E-003   0.000000000E+000
   0.38116090513018452E-007  -0.186768550E-003   0.000000000E+000
   0.38146903844071822E-007  -0.186013465E-003   0.000000000E+000
   0.38177717175125192E-007  -0.162126802E-003   0.000000000E+000
   0.38208530506178562E-007  -0.119772631E-003   0.000000000E+000
   0.38239343837231932E-007  -0.658861973E-004   0.000000000E+000
   0.38270157168285301E-007  -0.860857836E-005   0.000000000E+000
   0.38300970499338671E-007   0.439059731E-004   0.000000000E+000
   0.38331783830392041E-007   0.846348630E-004   0.000000000E+000
   0.38362597161445411E-007   0.108622640E-003   0.000000000E+000
   0.38393410492498781E-007   0.113582617E-003   0.000000000E+000
   0.38424223823552150E-007   0.100092737E-003   0.000000000E+000
   0.38455037154605520E-007   0.713739864E-004   0.000000000E+000
   0.38485850485658890E-007   0.327000707E-004   0.000000000E+000
   0.38516663816712260E-007  -0.946357250E-005   0.000000000E+000
   0.38547477147765630E-007  -0.484584380E-004   0.000000000E+000
   0.38578290478819000E-007  -0.784215881E-004   0.000000000E+000
   0.38609103809872369E-007  -0.951227848E-004   0.000000000E+000
   0.38639917140925739E-007  -0.965343788E-004   0.000000000E+000
   0.38670730471979109E-007  -0.830588615E-004   0.000000000E+000
   0.38701543803032479E-007  -0.573891557E-004   0.000000000E+000
   0.38732357134085849E-007  -0.240295703E-004   0.000000000E+000
   0.38763170465139218E-007   0.114470095E-004   0.000000000E+000
   0.38793983796192588E-007   0.432925117E-004   0.000000000E+000
   0.38824797127245958E-007   0.664935651E-004   0.000000000E+000
   0.38855610458299328E-007   0.775613735E-004   0.000000000E+000
   0.38886423789352698E-007   0.750819745E-004   0.000000000E+000
   0.38917237120406067E-007   0.599417981E-004   0.000000000E+000
   0.38948050451459437E-007   0.351905474E-004   0.000000000E+000
   0.38978863782512807E-007   0.555705265E-005   0.000000000E+000
   0.39009677113566177E-007  -0.233128612E-004   0.000000000E+000
   0.39040490444619547E-007  -0.457835231E-004   0.000000000E+000
   0.39071303775672916E-007  -0.571801902E-004   0.000000000E+000
   0.39102117106726286E-007  -0.546134943E-004   0.000000000E+000
   0.39132930437779656E-007  -0.375420823E-004   0.000000000E+000
   0.39163743768833026E-007  -0.797495341E-005   0.000000000E+000
   0.39194557099886396E-007   0.297333481E-004   0.000000000E+000
   0.39225370430939765E-007   0.694781120E-004   0.000000000E+000
   0.39256183761993135E-007   0.104311563E-003   0.000000000E+000
   0.39286997093046505E-007   0.127530118E-003   0.000000000E+000
   0.39317810424099875E-007   0.133775888E-003   0.000000000E+000
   0.39348623755153245E-007   0.119977936E-003   0.000000000E+000
   0.39379437086206615E-007   0.859770225E-004   0.000000000E+000
   0.39410250417259984E-007   0.347218738E-004   0.000000000E+000
   0.39441063748313354E-007  -0.280108434E-004   0.000000000E+000
   0.39471877079366724E-007  -0.943465493E-004   0.000000000E+000
   0.39502690410420094E-007  -0.155394824E-003   0.000000000E+000
   0.39533503741473464E-007  -0.202526222E-003   0.000000000E+000
   0.39564317072526833E-007  -0.228651785E-003   0.000000000E+000
   0.39595130403580203E-007  -0.229308018E-003   0.000000000E+000
   0.39625943734633573E-007  -0.203375996E-003   0.000000000E+000
   0.39656757065686943E-007  -0.153317902E-003   0.000000000E+000
   0.39687570396740313E-007  -0.848876662E-004   0.000000000E+000
   0.39718383727793682E-007  -0.635442120E-005   0.000000000E+000
   0.39749197058847052E-007   0.726469225E-004   0.000000000E+000
   0.39780010389900422E-007   0.142464734E-003   0.000000000E+000
   0.39810823720953792E-007   0.194775566E-003   0.000000000E+000
   0.39841637052007162E-007   0.223722236E-003   0.000000000E+000
   0.39872450383060531E-007   0.226676202E-003   0.000000000E+000
   0.39903263714113901E-007   0.204515585E-003   0.000000000E+000
   0.39934077045167271E-007   0.161386663E-003   0.000000000E+000
   0.39964890376220641E-007   0.103997023E-003   0.000000000E+000
   0.39995703707274011E-007   0.405599494E-004   0.000000000E+000
