t              SphereRCS.fdtd_Point probe_Ex_15_15_4.dat       incid
   0.00000000000000000E+000   0.000000000E+000   0.000000000E+000
   0.30813331053369808E-010   0.000000000E+000   0.000000000E+000
   0.61626662106739616E-010   0.000000000E+000   0.000000000E+000
   0.92439993160109424E-010   0.000000000E+000   0.000000000E+000
   0.12325332421347923E-009   0.000000000E+000   0.000000000E+000
   0.15406665526684904E-009   0.000000000E+000   0.000000000E+000
   0.18487998632021885E-009   0.157508132E-009   0.000000000E+000
   0.21569331737358866E-009   0.838035641E-009   0.000000000E+000
   0.24650664842695846E-009   0.287341595E-008   0.000000000E+000
   0.27731997948032827E-009   0.812889667E-008   0.000000000E+000
   0.30813331053369808E-009   0.207350936E-007   0.000000000E+000
   0.33894664158706789E-009   0.496372650E-007   0.000000000E+000
   0.36975997264043770E-009   0.113768110E-006   0.000000000E+000
   0.40057330369380750E-009   0.252271519E-006   0.000000000E+000
   0.43138663474717731E-009   0.544180466E-006   0.000000000E+000
   0.46219996580054712E-009   0.114529075E-005   0.000000000E+000
   0.49301329685391693E-009   0.235541256E-005   0.686938293E-007
   0.52382662790728673E-009   0.473770979E-005   0.164096747E-006
   0.55463995896065654E-009   0.932465809E-005   0.382840170E-006
   0.58545329001402635E-009   0.179635645E-004   0.872313649E-006
   0.61626662106739616E-009   0.338797145E-004   0.194117820E-005
   0.64707995212076597E-009   0.625674438E-004   0.421887080E-005
   0.67789328317413577E-009   0.113157803E-003   0.895501307E-005
   0.70870661422750558E-009   0.200452487E-003   0.185641184E-004
   0.73951994528087539E-009   0.347851019E-003   0.375857016E-004
   0.77033327633424520E-009   0.591419637E-003   0.743210330E-004
   0.80114660738761501E-009   0.985342893E-003   0.143529294E-003
   0.83195993844098481E-009   0.160893996E-002   0.270714518E-003
   0.86277326949435462E-009   0.257530110E-002   0.498682202E-003
   0.89358660054772443E-009   0.404138584E-002   0.897176797E-003
   0.92439993160109424E-009   0.621911511E-002   0.157643249E-002
   0.95521326265446405E-009   0.938659720E-002   0.270530558E-002
   0.98602659370783385E-009   0.138981752E-001   0.453419890E-002
   0.10168399247612037E-008   0.201915391E-001   0.742213801E-002
   0.10476532558145735E-008   0.287897624E-001   0.118659390E-001
   0.10784665868679433E-008   0.402959585E-001   0.185276195E-001
   0.11092799179213131E-008   0.553783253E-001   0.282542221E-001
   0.11400932489746829E-008   0.747437626E-001   0.420816764E-001
   0.11709065800280527E-008   0.990991890E-001   0.612138435E-001
   0.12017199110814225E-008   0.129100785E+000   0.869665891E-001
   0.12325332421347923E-008   0.165293008E+000   0.120670728E+000
   0.12633465731881621E-008   0.208040804E+000   0.163530946E+000
   0.12941599042415319E-008   0.257460088E+000   0.216443956E+000
   0.13249732352949017E-008   0.313352585E+000   0.279794544E+000
   0.13557865663482715E-008   0.375152022E+000   0.353249609E+000
   0.13865998974016414E-008   0.441888481E+000   0.435585201E+000
   0.14174132284550112E-008   0.512176991E+000   0.524582207E+000
   0.14482265595083810E-008   0.584234774E+000   0.617026687E+000
   0.14790398905617508E-008   0.655929029E+000   0.708833516E+000
   0.15098532216151206E-008   0.724855483E+000   0.795306921E+000
   0.15406665526684904E-008   0.788444102E+000   0.871517181E+000
   0.15714798837218602E-008   0.844086289E+000   0.932754695E+000
   0.16022932147752300E-008   0.889276147E+000   0.975012064E+000
   0.16331065458285998E-008   0.921756089E+000   0.995413959E+000
   0.16639198768819696E-008   0.939656973E+000   0.992541850E+000
   0.16947332079353394E-008   0.941623151E+000   0.966597021E+000
   0.17255465389887092E-008   0.926912606E+000   0.919377387E+000
   0.17563598700420791E-008   0.895465732E+000   0.854071498E+000
   0.17871732010954489E-008   0.847936094E+000   0.774901569E+000
   0.18179865321488187E-008   0.785681367E+000   0.686674595E+000
   0.18487998632021885E-008   0.710712910E+000   0.594302654E+000
   0.18796131942555583E-008   0.625607252E+000   0.502361596E+000
   0.19104265253089281E-008   0.533383846E+000   0.414741844E+000
   0.19412398563622979E-008   0.437355965E+000   0.334419608E+000
   0.19720531874156677E-008   0.340963602E+000   0.263365030E+000
   0.20028665184690375E-008   0.247598335E+000   0.202570871E+000
   0.20336798495224073E-008   0.160430610E+000   0.152176797E+000
   0.20644931805757771E-008   0.822495967E-001   0.111653507E+000
   0.20953065116291469E-008   0.153253973E-001   0.800108314E-001
   0.21261198426825167E-008  -0.386983380E-001   0.559986606E-001
   0.21569331737358866E-008  -0.788750201E-001   0.382789560E-001
   0.21877465047892564E-008  -0.104985096E+000   0.255560465E-001
   0.22185598358426262E-008  -0.117523983E+000   0.166639518E-001
   0.22493731668959960E-008  -0.117649153E+000   0.106124524E-001
   0.22801864979493658E-008  -0.107090287E+000   0.660093408E-002
   0.23109998290027356E-008  -0.880285650E-001   0.401002308E-002
   0.23418131600561054E-008  -0.629531443E-001   0.237924932E-002
   0.23726264911094752E-008  -0.345041417E-001   0.137874647E-002
   0.24034398221628450E-008  -0.531223975E-002   0.780333299E-003
   0.24342531532162148E-008   0.221549422E-001   0.431347114E-003
   0.24650664842695846E-008   0.457302183E-001   0.232876919E-003
   0.24958798153229544E-008   0.636595935E-001   0.122793281E-003
   0.25266931463763243E-008   0.746839345E-001   0.632372612E-004
   0.25575064774296941E-008   0.780851692E-001   0.318069142E-004
   0.25883198084830639E-008   0.736951455E-001   0.156249880E-004
   0.26191331395364337E-008   0.618677214E-001   0.749661103E-005
   0.26499464705898035E-008   0.434172079E-001   0.351286599E-005
   0.26807598016431733E-008   0.195284206E-001   0.160770719E-005
   0.27115731326965431E-008  -0.835456885E-002   0.718622402E-006
   0.27423864637499129E-008  -0.386525914E-001   0.313720307E-006
   0.27731997948032827E-008  -0.697793216E-001   0.133761844E-006
   0.28040131258566525E-008  -0.100263909E+000   0.557021451E-007
   0.28348264569100223E-008  -0.128859609E+000   0.226545680E-007
   0.28656397879633921E-008  -0.154631004E+000   0.899883368E-008
   0.28964531190167619E-008  -0.177014023E+000   0.349110341E-008
   0.29272664500701318E-008  -0.195844859E+000   0.132276246E-008
   0.29580797811235016E-008  -0.211356431E+000   0.489496055E-009
   0.29888931121768714E-008  -0.224142984E+000   0.176913650E-009
   0.30197064432302412E-008  -0.235096037E+000   0.624478941E-010
   0.30505197742836110E-008  -0.245316595E+000   0.215287180E-010
   0.30813331053369808E-008  -0.256010383E+000   0.724872939E-011
   0.31121464363903506E-008  -0.268373936E+000   0.238368353E-011
   0.31429597674437204E-008  -0.283479691E+000   0.765563502E-012
   0.31737730984970902E-008  -0.302168936E+000   0.240133217E-012
   0.32045864295504600E-008  -0.324960053E+000   0.735639034E-013
   0.32353997606038298E-008  -0.351978868E+000   0.000000000E+000
   0.32662130916571996E-008  -0.382916361E+000   0.000000000E+000
   0.32970264227105694E-008  -0.417016894E+000   0.000000000E+000
   0.33278397537639393E-008  -0.453098089E+000   0.000000000E+000
   0.33586530848173091E-008  -0.489601582E+000   0.000000000E+000
   0.33894664158706789E-008  -0.524671197E+000   0.000000000E+000
   0.34202797469240487E-008  -0.556254208E+000   0.000000000E+000
   0.34510930779774185E-008  -0.582218945E+000   0.000000000E+000
   0.34819064090307883E-008  -0.600481272E+000   0.000000000E+000
   0.35127197400841581E-008  -0.609132528E+000   0.000000000E+000
   0.35435330711375279E-008  -0.606560528E+000   0.000000000E+000
   0.35743464021908977E-008  -0.591556311E+000   0.000000000E+000
   0.36051597332442675E-008  -0.563400209E+000   0.000000000E+000
   0.36359730642976373E-008  -0.521921933E+000   0.000000000E+000
   0.36667863953510071E-008  -0.467531741E+000   0.000000000E+000
   0.36975997264043770E-008  -0.401220143E+000   0.000000000E+000
   0.37284130574577468E-008  -0.324527323E+000   0.000000000E+000
   0.37592263885111166E-008  -0.239483520E+000   0.000000000E+000
   0.37900397195644864E-008  -0.148524553E+000   0.000000000E+000
   0.38208530506178562E-008  -0.543871075E-001   0.000000000E+000
   0.38516663816712260E-008   0.400101095E-001   0.000000000E+000
   0.38824797127245958E-008   0.131692961E+000   0.000000000E+000
   0.39132930437779656E-008   0.217759460E+000   0.000000000E+000
   0.39441063748313354E-008   0.295501888E+000   0.000000000E+000
   0.39749197058847052E-008   0.362517834E+000   0.000000000E+000
   0.40057330369380750E-008   0.416804850E+000   0.000000000E+000
   0.40365463679914448E-008   0.456835389E+000   0.000000000E+000
   0.40673596990448146E-008   0.481609106E+000   0.000000000E+000
   0.40981730300981845E-008   0.490681499E+000   0.000000000E+000
   0.41289863611515543E-008   0.484168857E+000   0.000000000E+000
   0.41597996922049241E-008   0.462730497E+000   0.000000000E+000
   0.41906130232582939E-008   0.427530736E+000   0.000000000E+000
   0.42214263543116637E-008   0.380183190E+000   0.000000000E+000
   0.42522396853650335E-008   0.322680652E+000   0.000000000E+000
   0.42830530164184033E-008   0.257314563E+000   0.000000000E+000
   0.43138663474717731E-008   0.186587155E+000   0.000000000E+000
   0.43446796785251429E-008   0.113120280E+000   0.000000000E+000
   0.43754930095785127E-008   0.395636559E-001   0.000000000E+000
   0.44063063406318825E-008  -0.314942524E-001   0.000000000E+000
   0.44371196716852523E-008  -0.976106375E-001   0.000000000E+000
   0.44679330027386222E-008  -0.156565890E+000   0.000000000E+000
   0.44987463337919920E-008  -0.206432641E+000   0.000000000E+000
   0.45295596648453618E-008  -0.245635062E+000   0.000000000E+000
   0.45603729958987316E-008  -0.272997260E+000   0.000000000E+000
   0.45911863269521014E-008  -0.287779808E+000   0.000000000E+000
   0.46219996580054712E-008  -0.289703578E+000   0.000000000E+000
   0.46528129890588410E-008  -0.278960019E+000   0.000000000E+000
   0.46836263201122108E-008  -0.256207228E+000   0.000000000E+000
   0.47144396511655806E-008  -0.222551301E+000   0.000000000E+000
   0.47452529822189504E-008  -0.179512382E+000   0.000000000E+000
   0.47760663132723202E-008  -0.128975615E+000   0.000000000E+000
   0.48068796443256900E-008  -0.731273815E-001   0.000000000E+000
   0.48376929753790598E-008  -0.143777505E-001   0.000000000E+000
   0.48685063064324297E-008   0.447291248E-001   0.000000000E+000
   0.48993196374857995E-008   0.101614185E+000   0.000000000E+000
   0.49301329685391693E-008   0.153769016E+000   0.000000000E+000
   0.49609462995925391E-008   0.198863819E+000   0.000000000E+000
   0.49917596306459089E-008   0.234853283E+000   0.000000000E+000
   0.50225729616992787E-008   0.260075241E+000   0.000000000E+000
   0.50533862927526485E-008   0.273337066E+000   0.000000000E+000
   0.50841996238060183E-008   0.273984402E+000   0.000000000E+000
   0.51150129548593881E-008   0.261947989E+000   0.000000000E+000
   0.51458262859127579E-008   0.237764329E+000   0.000000000E+000
   0.51766396169661277E-008   0.202567428E+000   0.000000000E+000
   0.52074529480194975E-008   0.158050358E+000   0.000000000E+000
   0.52382662790728673E-008   0.106396660E+000   0.000000000E+000
   0.52690796101262372E-008   0.501835346E-001   0.000000000E+000
   0.52998929411796070E-008  -0.773945078E-002   0.000000000E+000
   0.53307062722329768E-008  -0.643908381E-001   0.000000000E+000
   0.53615196032863466E-008  -0.116810158E+000   0.000000000E+000
   0.53923329343397164E-008  -0.162215114E+000   0.000000000E+000
   0.54231462653930862E-008  -0.198154584E+000   0.000000000E+000
   0.54539595964464560E-008  -0.222648427E+000   0.000000000E+000
   0.54847729274998258E-008  -0.234305546E+000   0.000000000E+000
   0.55155862585531956E-008  -0.232412517E+000   0.000000000E+000
   0.55463995896065654E-008  -0.216986522E+000   0.000000000E+000
   0.55772129206599352E-008  -0.188788041E+000   0.000000000E+000
   0.56080262517133050E-008  -0.149291366E+000   0.000000000E+000
   0.56388395827666749E-008  -0.100613028E+000   0.000000000E+000
   0.56696529138200447E-008  -0.454011410E-001   0.000000000E+000
   0.57004662448734145E-008   0.133088380E-001   0.000000000E+000
   0.57312795759267843E-008   0.722644329E-001   0.000000000E+000
   0.57620929069801541E-008   0.128182828E+000   0.000000000E+000
   0.57929062380335239E-008   0.177942976E+000   0.000000000E+000
   0.58237195690868937E-008   0.218771711E+000   0.000000000E+000
   0.58545329001402635E-008   0.248412013E+000   0.000000000E+000
   0.58853462311936333E-008   0.265262723E+000   0.000000000E+000
   0.59161595622470031E-008   0.268480480E+000   0.000000000E+000
   0.59469728933003729E-008   0.258036345E+000   0.000000000E+000
   0.59777862243537427E-008   0.234723032E+000   0.000000000E+000
   0.60085995554071125E-008   0.200110853E+000   0.000000000E+000
   0.60394128864604824E-008   0.156454548E+000   0.000000000E+000
   0.60702262175138522E-008   0.106555715E+000   0.000000000E+000
   0.61010395485672220E-008   0.535891019E-001   0.000000000E+000
   0.61318528796205918E-008   0.903204083E-003   0.000000000E+000
   0.61626662106739616E-008  -0.481923223E-001   0.000000000E+000
   0.61934795417273314E-008  -0.906387269E-001   0.000000000E+000
   0.62242928727807012E-008  -0.123825908E+000   0.000000000E+000
   0.62551062038340710E-008  -0.145762518E+000   0.000000000E+000
   0.62859195348874408E-008  -0.155206859E+000   0.000000000E+000
   0.63167328659408106E-008  -0.151749343E+000   0.000000000E+000
   0.63475461969941804E-008  -0.135840356E+000   0.000000000E+000
   0.63783595280475502E-008  -0.108761072E+000   0.000000000E+000
   0.64091728591009200E-008  -0.725384057E-001   0.000000000E+000
   0.64399861901542899E-008  -0.298094302E-001   0.000000000E+000
   0.64707995212076597E-008   0.163561925E-001   0.000000000E+000
   0.65016128522610295E-008   0.626638830E-001   0.000000000E+000
   0.65324261833143993E-008   0.105818130E+000   0.000000000E+000
   0.65632395143677691E-008   0.142747313E+000   0.000000000E+000
   0.65940528454211389E-008   0.170813993E+000   0.000000000E+000
   0.66248661764745087E-008   0.187995940E+000   0.000000000E+000
   0.66556795075278785E-008   0.193025127E+000   0.000000000E+000
   0.66864928385812483E-008   0.185474828E+000   0.000000000E+000
   0.67173061696346181E-008   0.165788516E+000   0.000000000E+000
   0.67481195006879879E-008   0.135248289E+000   0.000000000E+000
   0.67789328317413577E-008   0.958849788E-001   0.000000000E+000
   0.68097461627947276E-008   0.503361858E-001   0.000000000E+000
   0.68405594938480974E-008   0.166217238E-002   0.000000000E+000
   0.68713728249014672E-008  -0.468672253E-001   0.000000000E+000
   0.69021861559548370E-008  -0.919996053E-001   0.000000000E+000
   0.69329994870082068E-008  -0.130724728E+000   0.000000000E+000
   0.69638128180615766E-008  -0.160481051E+000   0.000000000E+000
   0.69946261491149464E-008  -0.179329485E+000   0.000000000E+000
   0.70254394801683162E-008  -0.186082155E+000   0.000000000E+000
   0.70562528112216860E-008  -0.180377454E+000   0.000000000E+000
   0.70870661422750558E-008  -0.162696421E+000   0.000000000E+000
   0.71178794733284256E-008  -0.134320021E+000   0.000000000E+000
   0.71486928043817954E-008  -0.972309485E-001   0.000000000E+000
   0.71795061354351652E-008  -0.539677180E-001   0.000000000E+000
   0.72103194664885351E-008  -0.744221359E-002   0.000000000E+000
   0.72411327975419049E-008   0.392659009E-001   0.000000000E+000
   0.72719461285952747E-008   0.831227526E-001   0.000000000E+000
   0.73027594596486445E-008   0.121346593E+000   0.000000000E+000
   0.73335727907020143E-008   0.151592374E+000   0.000000000E+000
   0.73643861217553841E-008   0.172102034E+000   0.000000000E+000
   0.73951994528087539E-008   0.181810647E+000   0.000000000E+000
   0.74260127838621237E-008   0.180402115E+000   0.000000000E+000
   0.74568261149154935E-008   0.168311730E+000   0.000000000E+000
   0.74876394459688633E-008   0.146677017E+000   0.000000000E+000
   0.75184527770222331E-008   0.117241643E+000   0.000000000E+000
   0.75492661080756029E-008   0.822206736E-001   0.000000000E+000
   0.75800794391289728E-008   0.441375300E-001   0.000000000E+000
   0.76108927701823426E-008   0.564496592E-002   0.000000000E+000
   0.76417061012357124E-008  -0.306571983E-001   0.000000000E+000
   0.76725194322890822E-008  -0.623950064E-001   0.000000000E+000
   0.77033327633424520E-008  -0.875725821E-001   0.000000000E+000
   0.77341460943958218E-008  -0.104694113E+000   0.000000000E+000
   0.77649594254491916E-008  -0.112848543E+000   0.000000000E+000
   0.77957727565025614E-008  -0.111752719E+000   0.000000000E+000
   0.78265860875559312E-008  -0.101751775E+000   0.000000000E+000
   0.78573994186093010E-008  -0.837782398E-001   0.000000000E+000
   0.78882127496626708E-008  -0.592741668E-001   0.000000000E+000
   0.79190260807160406E-008  -0.300826095E-001   0.000000000E+000
   0.79498394117694104E-008   0.168349594E-002   0.000000000E+000
   0.79806527428227803E-008   0.337859206E-001   0.000000000E+000
   0.80114660738761501E-008   0.640097260E-001   0.000000000E+000
   0.80422794049295199E-008   0.903064311E-001   0.000000000E+000
   0.80730927359828897E-008   0.110923193E+000   0.000000000E+000
   0.81039060670362595E-008   0.124510512E+000   0.000000000E+000
   0.81347193980896293E-008   0.130202472E+000   0.000000000E+000
   0.81655327291429991E-008   0.127665520E+000   0.000000000E+000
   0.81963460601963689E-008   0.117113404E+000   0.000000000E+000
   0.82271593912497387E-008   0.992880985E-001   0.000000000E+000
   0.82579727223031085E-008   0.754083544E-001   0.000000000E+000
   0.82887860533564783E-008   0.470892414E-001   0.000000000E+000
   0.83195993844098481E-008   0.162376072E-001   0.000000000E+000
   0.83504127154632179E-008  -0.150703136E-001   0.000000000E+000
   0.83812260465165878E-008  -0.447219908E-001   0.000000000E+000
   0.84120393775699576E-008  -0.707045794E-001   0.000000000E+000
   0.84428527086233274E-008  -0.912358984E-001   0.000000000E+000
   0.84736660396766972E-008  -0.104882419E+000   0.000000000E+000
   0.85044793707300670E-008  -0.110657103E+000   0.000000000E+000
   0.85352927017834368E-008  -0.108090699E+000   0.000000000E+000
   0.85661060328368066E-008  -0.972715169E-001   0.000000000E+000
   0.85969193638901764E-008  -0.788502991E-001   0.000000000E+000
   0.86277326949435462E-008  -0.540087931E-001   0.000000000E+000
   0.86585460259969160E-008  -0.243926737E-001   0.000000000E+000
   0.86893593570502858E-008   0.798823126E-002   0.000000000E+000
   0.87201726881036556E-008   0.408873111E-001   0.000000000E+000
   0.87509860191570255E-008   0.719689503E-001   0.000000000E+000
   0.87817993502103953E-008   0.989678130E-001   0.000000000E+000
   0.88126126812637651E-008   0.119849361E+000   0.000000000E+000
   0.88434260123171349E-008   0.132960692E+000   0.000000000E+000
   0.88742393433705047E-008   0.137160689E+000   0.000000000E+000
   0.89050526744238745E-008   0.131919146E+000   0.000000000E+000
   0.89358660054772443E-008   0.117376335E+000   0.000000000E+000
   0.89666793365306141E-008   0.943563581E-001   0.000000000E+000
   0.89974926675839839E-008   0.643310621E-001   0.000000000E+000
   0.90283059986373537E-008   0.293344557E-001   0.000000000E+000
   0.90591193296907235E-008  -0.816845521E-002   0.000000000E+000
   0.90899326607440933E-008  -0.454508737E-001   0.000000000E+000
   0.91207459917974631E-008  -0.797203183E-001   0.000000000E+000
   0.91515593228508330E-008  -0.108327791E+000   0.000000000E+000
   0.91823726539042028E-008  -0.128974169E+000   0.000000000E+000
   0.92131859849575726E-008  -0.139897436E+000   0.000000000E+000
   0.92439993160109424E-008  -0.140024811E+000   0.000000000E+000
   0.92748126470643122E-008  -0.129075974E+000   0.000000000E+000
   0.93056259781176820E-008  -0.107607052E+000   0.000000000E+000
   0.93364393091710518E-008  -0.769893005E-001   0.000000000E+000
   0.93672526402244216E-008  -0.393217131E-001   0.000000000E+000
   0.93980659712777914E-008   0.271746889E-002   0.000000000E+000
   0.94288793023311612E-008   0.460700653E-001   0.000000000E+000
   0.94596926333845310E-008   0.875330120E-001   0.000000000E+000
   0.94905059644379008E-008   0.124010332E+000   0.000000000E+000
   0.95213192954912707E-008   0.152761251E+000   0.000000000E+000
   0.95521326265446405E-008   0.171623319E+000   0.000000000E+000
   0.95829459575980103E-008   0.179191083E+000   0.000000000E+000
   0.96137592886513801E-008   0.174934253E+000   0.000000000E+000
   0.96445726197047499E-008   0.159244522E+000   0.000000000E+000
   0.96753859507581197E-008   0.133406073E+000   0.000000000E+000
   0.97061992818114895E-008   0.994917303E-001   0.000000000E+000
   0.97370126128648593E-008   0.601932630E-001   0.000000000E+000
   0.97678259439182291E-008   0.186002180E-001   0.000000000E+000
   0.97986392749715989E-008  -0.220536739E-001   0.000000000E+000
   0.98294526060249687E-008  -0.586545542E-001   0.000000000E+000
   0.98602659370783385E-008  -0.884603411E-001   0.000000000E+000
   0.98910792681317083E-008  -0.109318823E+000   0.000000000E+000
   0.99218925991850782E-008  -0.119833797E+000   0.000000000E+000
   0.99527059302384480E-008  -0.119465679E+000   0.000000000E+000
   0.99835192612918178E-008  -0.108559281E+000   0.000000000E+000
   0.10014332592345188E-007  -0.882977694E-001   0.000000000E+000
   0.10045145923398557E-007  -0.605884343E-001   0.000000000E+000
   0.10075959254451927E-007  -0.278915800E-001   0.000000000E+000
   0.10106772585505297E-007   0.699148327E-002   0.000000000E+000
   0.10137585916558667E-007   0.411524810E-001   0.000000000E+000
   0.10168399247612037E-007   0.718121603E-001   0.000000000E+000
   0.10199212578665406E-007   0.965386778E-001   0.000000000E+000
   0.10230025909718776E-007   0.113431334E+000   0.000000000E+000
   0.10260839240772146E-007   0.121255994E+000   0.000000000E+000
   0.10291652571825516E-007   0.119523391E+000   0.000000000E+000
   0.10322465902878886E-007   0.108506389E+000   0.000000000E+000
   0.10353279233932255E-007   0.891974866E-001   0.000000000E+000
   0.10384092564985625E-007   0.632124692E-001   0.000000000E+000
   0.10414905896038995E-007   0.326500088E-001   0.000000000E+000
   0.10445719227092365E-007  -0.802353024E-004   0.000000000E+000
   0.10476532558145735E-007  -0.324466974E-001   0.000000000E+000
   0.10507345889199105E-007  -0.619874597E-001   0.000000000E+000
   0.10538159220252474E-007  -0.864902958E-001   0.000000000E+000
   0.10568972551305844E-007  -0.104148731E+000   0.000000000E+000
   0.10599785882359214E-007  -0.113684177E+000   0.000000000E+000
   0.10630599213412584E-007  -0.114426970E+000   0.000000000E+000
   0.10661412544465954E-007  -0.106352411E+000   0.000000000E+000
   0.10692225875519323E-007  -0.900710374E-001   0.000000000E+000
   0.10723039206572693E-007  -0.667753890E-001   0.000000000E+000
   0.10753852537626063E-007  -0.381482318E-001   0.000000000E+000
   0.10784665868679433E-007  -0.623944029E-002   0.000000000E+000
   0.10815479199732803E-007   0.266796276E-001   0.000000000E+000
   0.10846292530786172E-007   0.582743436E-001   0.000000000E+000
   0.10877105861839542E-007   0.863071829E-001   0.000000000E+000
   0.10907919192892912E-007   0.108790025E+000   0.000000000E+000
   0.10938732523946282E-007   0.124118812E+000   0.000000000E+000
   0.10969545854999652E-007   0.131182253E+000   0.000000000E+000
   0.11000359186053021E-007   0.129437849E+000   0.000000000E+000
   0.11031172517106391E-007   0.118950561E+000   0.000000000E+000
   0.11061985848159761E-007   0.100391537E+000   0.000000000E+000
   0.11092799179213131E-007   0.749968439E-001   0.000000000E+000
   0.11123612510266501E-007   0.444883183E-001   0.000000000E+000
   0.11154425841319870E-007   0.109611377E-001   0.000000000E+000
   0.11185239172373240E-007  -0.232553743E-001   0.000000000E+000
   0.11216052503426610E-007  -0.557552837E-001   0.000000000E+000
   0.11246865834479980E-007  -0.842221454E-001   0.000000000E+000
   0.11277679165533350E-007  -0.106592998E+000   0.000000000E+000
   0.11308492496586720E-007  -0.121209227E+000   0.000000000E+000
   0.11339305827640089E-007  -0.126943529E+000   0.000000000E+000
   0.11370119158693459E-007  -0.123293325E+000   0.000000000E+000
   0.11400932489746829E-007  -0.110432476E+000   0.000000000E+000
   0.11431745820800199E-007  -0.892157555E-001   0.000000000E+000
   0.11462559151853569E-007  -0.611333586E-001   0.000000000E+000
   0.11493372482906938E-007  -0.282163024E-001   0.000000000E+000
   0.11524185813960308E-007   0.710268319E-002   0.000000000E+000
   0.11554999145013678E-007   0.421644896E-001   0.000000000E+000
   0.11585812476067048E-007   0.742832422E-001   0.000000000E+000
   0.11616625807120418E-007   0.100955680E+000   0.000000000E+000
   0.11647439138173787E-007   0.120063730E+000   0.000000000E+000
   0.11678252469227157E-007   0.130053267E+000   0.000000000E+000
   0.11709065800280527E-007   0.130072922E+000   0.000000000E+000
   0.11739879131333897E-007   0.120059296E+000   0.000000000E+000
   0.11770692462387267E-007   0.100758806E+000   0.000000000E+000
   0.11801505793440636E-007   0.736815706E-001   0.000000000E+000
   0.11832319124494006E-007   0.409887955E-001   0.000000000E+000
   0.11863132455547376E-007   0.532115623E-002   0.000000000E+000
   0.11893945786600746E-007  -0.304183476E-001   0.000000000E+000
   0.11924759117654116E-007  -0.633087754E-001   0.000000000E+000
   0.11955572448707485E-007  -0.906613469E-001   0.000000000E+000
   0.11986385779760855E-007  -0.110252440E+000   0.000000000E+000
   0.12017199110814225E-007  -0.120517731E+000   0.000000000E+000
   0.12048012441867595E-007  -0.120688982E+000   0.000000000E+000
   0.12078825772920965E-007  -0.110860124E+000   0.000000000E+000
   0.12109639103974335E-007  -0.919760913E-001   0.000000000E+000
   0.12140452435027704E-007  -0.657453388E-001   0.000000000E+000
   0.12171265766081074E-007  -0.344843380E-001   0.000000000E+000
   0.12202079097134444E-007  -0.909075141E-003   0.000000000E+000
   0.12232892428187814E-007   0.321063548E-001   0.000000000E+000
   0.12263705759241184E-007   0.617811307E-001   0.000000000E+000
   0.12294519090294553E-007   0.856654346E-001   0.000000000E+000
   0.12325332421347923E-007   0.101842985E+000   0.000000000E+000
   0.12356145752401293E-007   0.109080732E+000   0.000000000E+000
   0.12386959083454663E-007   0.106913991E+000   0.000000000E+000
   0.12417772414508033E-007   0.956618190E-001   0.000000000E+000
   0.12448585745561402E-007   0.763745457E-001   0.000000000E+000
   0.12479399076614772E-007   0.507215261E-001   0.000000000E+000
   0.12510212407668142E-007   0.208323617E-001   0.000000000E+000
   0.12541025738721512E-007  -0.108917449E-001   0.000000000E+000
   0.12571839069774882E-007  -0.419784710E-001   0.000000000E+000
   0.12602652400828251E-007  -0.700790286E-001   0.000000000E+000
   0.12633465731881621E-007  -0.931415707E-001   0.000000000E+000
   0.12664279062934991E-007  -0.109551229E+000   0.000000000E+000
   0.12695092393988361E-007  -0.118228950E+000   0.000000000E+000
   0.12725905725041731E-007  -0.118685417E+000   0.000000000E+000
   0.12756719056095100E-007  -0.111030459E+000   0.000000000E+000
   0.12787532387148470E-007  -0.959415957E-001   0.000000000E+000
   0.12818345718201840E-007  -0.745976493E-001   0.000000000E+000
   0.12849159049255210E-007  -0.485848039E-001   0.000000000E+000
   0.12879972380308580E-007  -0.197829418E-001   0.000000000E+000
   0.12910785711361950E-007   0.976017304E-002   0.000000000E+000
   0.12941599042415319E-007   0.379597470E-001   0.000000000E+000
   0.12972412373468689E-007   0.628236011E-001   0.000000000E+000
   0.13003225704522059E-007   0.825748891E-001   0.000000000E+000
   0.13034039035575429E-007   0.957627445E-001   0.000000000E+000
   0.13064852366628799E-007   0.101355784E+000   0.000000000E+000
   0.13095665697682168E-007   0.988137424E-001   0.000000000E+000
   0.13126479028735538E-007   0.881325305E-001   0.000000000E+000
   0.13157292359788908E-007   0.698586404E-001   0.000000000E+000
   0.13188105690842278E-007   0.450695679E-001   0.000000000E+000
   0.13218919021895648E-007   0.153186861E-001   0.000000000E+000
   0.13249732352949017E-007  -0.174550209E-001   0.000000000E+000
   0.13280545684002387E-007  -0.510492623E-001   0.000000000E+000
   0.13311359015055757E-007  -0.831466168E-001   0.000000000E+000
   0.13342172346109127E-007  -0.111479685E+000   0.000000000E+000
   0.13372985677162497E-007  -0.134001464E+000   0.000000000E+000
   0.13403799008215866E-007  -0.149047866E+000   0.000000000E+000
   0.13434612339269236E-007  -0.155478165E+000   0.000000000E+000
   0.13465425670322606E-007  -0.152780339E+000   0.000000000E+000
   0.13496239001375976E-007  -0.141129881E+000   0.000000000E+000
   0.13527052332429346E-007  -0.121394560E+000   0.000000000E+000
   0.13557865663482715E-007  -0.950815976E-001   0.000000000E+000
   0.13588678994536085E-007  -0.642293096E-001   0.000000000E+000
   0.13619492325589455E-007  -0.312502608E-001   0.000000000E+000
   0.13650305656642825E-007   0.126201659E-002   0.000000000E+000
   0.13681118987696195E-007   0.307467356E-001   0.000000000E+000
   0.13711932318749565E-007   0.548914671E-001   0.000000000E+000
   0.13742745649802934E-007   0.718302429E-001   0.000000000E+000
   0.13773558980856304E-007   0.803058445E-001   0.000000000E+000
   0.13804372311909674E-007   0.797808319E-001   0.000000000E+000
   0.13835185642963044E-007   0.704862997E-001   0.000000000E+000
   0.13865998974016414E-007   0.534030721E-001   0.000000000E+000
   0.13896812305069783E-007   0.301763378E-001   0.000000000E+000
   0.13927625636123153E-007   0.297092088E-002   0.000000000E+000
   0.13958438967176523E-007  -0.257197302E-001   0.000000000E+000
   0.13989252298229893E-007  -0.532935262E-001   0.000000000E+000
   0.14020065629283263E-007  -0.772684216E-001   0.000000000E+000
   0.14050878960336632E-007  -0.954987556E-001   0.000000000E+000
   0.14081692291390002E-007  -0.106359556E+000   0.000000000E+000
   0.14112505622443372E-007  -0.108882070E+000   0.000000000E+000
   0.14143318953496742E-007  -0.102828883E+000   0.000000000E+000
   0.14174132284550112E-007  -0.887026936E-001   0.000000000E+000
   0.14204945615603481E-007  -0.676892698E-001   0.000000000E+000
   0.14235758946656851E-007  -0.415413752E-001   0.000000000E+000
   0.14266572277710221E-007  -0.124159623E-001   0.000000000E+000
   0.14297385608763591E-007   0.173192229E-001   0.000000000E+000
   0.14328198939816961E-007   0.452909693E-001   0.000000000E+000
   0.14359012270870330E-007   0.693189800E-001   0.000000000E+000
   0.14389825601923700E-007   0.875898227E-001   0.000000000E+000
   0.14420638932977070E-007   0.987923890E-001   0.000000000E+000
   0.14451452264030440E-007   0.102204971E+000   0.000000000E+000
   0.14482265595083810E-007   0.977294222E-001   0.000000000E+000
   0.14513078926137180E-007   0.858729035E-001   0.000000000E+000
   0.14543892257190549E-007   0.676825345E-001   0.000000000E+000
   0.14574705588243919E-007   0.446419716E-001   0.000000000E+000
   0.14605518919297289E-007   0.185414199E-001   0.000000000E+000
   0.14636332250350659E-007  -0.866632722E-002   0.000000000E+000
   0.14667145581404029E-007  -0.350115970E-001   0.000000000E+000
   0.14697958912457398E-007  -0.586445406E-001   0.000000000E+000
   0.14728772243510768E-007  -0.779542029E-001   0.000000000E+000
   0.14759585574564138E-007  -0.916641429E-001   0.000000000E+000
   0.14790398905617508E-007  -0.989013016E-001   0.000000000E+000
   0.14821212236670878E-007  -0.992370769E-001   0.000000000E+000
   0.14852025567724247E-007  -0.927013308E-001   0.000000000E+000
   0.14882838898777617E-007  -0.797710493E-001   0.000000000E+000
   0.14913652229830987E-007  -0.613359734E-001   0.000000000E+000
   0.14944465560884357E-007  -0.386434495E-001   0.000000000E+000
   0.14975278891937727E-007  -0.132248849E-001   0.000000000E+000
   0.15006092222991096E-007   0.131938662E-001   0.000000000E+000
   0.15036905554044466E-007   0.387954377E-001   0.000000000E+000
   0.15067718885097836E-007   0.617836341E-001   0.000000000E+000
   0.15098532216151206E-007   0.805011541E-001   0.000000000E+000
   0.15129345547204576E-007   0.935461447E-001   0.000000000E+000
   0.15160158878257946E-007   0.998800918E-001   0.000000000E+000
   0.15190972209311315E-007   0.989184156E-001   0.000000000E+000
   0.15221785540364685E-007   0.905949175E-001   0.000000000E+000
   0.15252598871418055E-007   0.753919482E-001   0.000000000E+000
   0.15283412202471425E-007   0.543298759E-001   0.000000000E+000
   0.15314225533524795E-007   0.289125144E-001   0.000000000E+000
   0.15345038864578164E-007   0.102897920E-002   0.000000000E+000
   0.15375852195631534E-007  -0.271831844E-001   0.000000000E+000
   0.15406665526684904E-007  -0.535042472E-001   0.000000000E+000
   0.15437478857738274E-007  -0.758147091E-001   0.000000000E+000
   0.15468292188791644E-007  -0.922779292E-001   0.000000000E+000
   0.15499105519845013E-007  -0.101505600E+000   0.000000000E+000
   0.15529918850898383E-007  -0.102689601E+000   0.000000000E+000
   0.15560732181951753E-007  -0.956858620E-001   0.000000000E+000
   0.15591545513005123E-007  -0.810403898E-001   0.000000000E+000
   0.15622358844058493E-007  -0.599529743E-001   0.000000000E+000
   0.15653172175111862E-007  -0.341802798E-001   0.000000000E+000
   0.15683985506165232E-007  -0.588637218E-002   0.000000000E+000
   0.15714798837218602E-007   0.225458965E-001   0.000000000E+000
   0.15745612168271972E-007   0.487249047E-001   0.000000000E+000
   0.15776425499325342E-007   0.704617053E-001   0.000000000E+000
   0.15807238830378711E-007   0.859626532E-001   0.000000000E+000
   0.15838052161432081E-007   0.939849690E-001   0.000000000E+000
   0.15868865492485451E-007   0.939406976E-001   0.000000000E+000
   0.15899678823538821E-007   0.859399512E-001   0.000000000E+000
   0.15930492154592191E-007   0.707704499E-001   0.000000000E+000
   0.15961305485645561E-007   0.498165861E-001   0.000000000E+000
   0.15992118816698930E-007   0.249271840E-001   0.000000000E+000
   0.16022932147752300E-007  -0.175428204E-002   0.000000000E+000
   0.16053745478805670E-007  -0.279801786E-001   0.000000000E+000
   0.16084558809859040E-007  -0.515917726E-001   0.000000000E+000
   0.16115372140912410E-007  -0.706973970E-001   0.000000000E+000
   0.16146185471965779E-007  -0.838205293E-001   0.000000000E+000
   0.16176998803019149E-007  -0.900062993E-001   0.000000000E+000
   0.16207812134072519E-007  -0.888795257E-001   0.000000000E+000
   0.16238625465125889E-007  -0.806521475E-001   0.000000000E+000
   0.16269438796179259E-007  -0.660827756E-001   0.000000000E+000
   0.16300252127232628E-007  -0.463950112E-001   0.000000000E+000
   0.16331065458285998E-007  -0.231641643E-001   0.000000000E+000
   0.16361878789339368E-007   0.181603618E-002   0.000000000E+000
   0.16392692120392738E-007   0.266748145E-001   0.000000000E+000
   0.16423505451446108E-007   0.496023446E-001   0.000000000E+000
   0.16454318782499477E-007   0.689746141E-001   0.000000000E+000
   0.16485132113552847E-007   0.834574923E-001   0.000000000E+000
   0.16515945444606217E-007   0.920850486E-001   0.000000000E+000
   0.16546758775659587E-007   0.943094045E-001   0.000000000E+000
   0.16577572106712957E-007   0.900219232E-001   0.000000000E+000
   0.16608385437766326E-007   0.795470402E-001   0.000000000E+000
   0.16639198768819696E-007   0.636114851E-001   0.000000000E+000
   0.16670012099873066E-007   0.432922021E-001   0.000000000E+000
   0.16700825430926436E-007   0.199466329E-001   0.000000000E+000
   0.16731638761979806E-007  -0.487087667E-002   0.000000000E+000
   0.16762452093033176E-007  -0.295028370E-001   0.000000000E+000
   0.16793265424086545E-007  -0.522887558E-001   0.000000000E+000
   0.16824078755139915E-007  -0.716675669E-001   0.000000000E+000
   0.16854892086193285E-007  -0.862778723E-001   0.000000000E+000
   0.16885705417246655E-007  -0.950508565E-001   0.000000000E+000
   0.16916518748300025E-007  -0.972902030E-001   0.000000000E+000
   0.16947332079353394E-007  -0.927329734E-001   0.000000000E+000
   0.16978145410406764E-007  -0.815855861E-001   0.000000000E+000
   0.17008958741460134E-007  -0.645296425E-001   0.000000000E+000
   0.17039772072513504E-007  -0.426938832E-001   0.000000000E+000
   0.17070585403566874E-007  -0.175909586E-001   0.000000000E+000
   0.17101398734620243E-007   0.897968933E-002   0.000000000E+000
   0.17132212065673613E-007   0.350579545E-001   0.000000000E+000
   0.17163025396726983E-007   0.586701557E-001   0.000000000E+000
   0.17193838727780353E-007   0.779859722E-001   0.000000000E+000
   0.17224652058833723E-007   0.914721191E-001   0.000000000E+000
   0.17255465389887092E-007   0.980284959E-001   0.000000000E+000
   0.17286278720940462E-007   0.970932171E-001   0.000000000E+000
   0.17317092051993832E-007   0.887049288E-001   0.000000000E+000
   0.17347905383047202E-007   0.735143274E-001   0.000000000E+000
   0.17378718714100572E-007   0.527414009E-001   0.000000000E+000
   0.17409532045153941E-007   0.280803125E-001   0.000000000E+000
   0.17440345376207311E-007   0.155923888E-002   0.000000000E+000
   0.17471158707260681E-007  -0.246326923E-001   0.000000000E+000
   0.17501972038314051E-007  -0.483354479E-001   0.000000000E+000
   0.17532785369367421E-007  -0.676071271E-001   0.000000000E+000
   0.17563598700420791E-007  -0.808937922E-001   0.000000000E+000
   0.17594412031474160E-007  -0.871636644E-001   0.000000000E+000
   0.17625225362527530E-007  -0.859928951E-001   0.000000000E+000
   0.17656038693580900E-007  -0.775949955E-001   0.000000000E+000
   0.17686852024634270E-007  -0.627918616E-001   0.000000000E+000
   0.17717665355687640E-007  -0.429302678E-001   0.000000000E+000
   0.17748478686741009E-007  -0.197530407E-001   0.000000000E+000
   0.17779292017794379E-007   0.476153754E-002   0.000000000E+000
   0.17810105348847749E-007   0.285759363E-001   0.000000000E+000
   0.17840918679901119E-007   0.497681201E-001   0.000000000E+000
   0.17871732010954489E-007   0.666888356E-001   0.000000000E+000
   0.17902545342007858E-007   0.780879334E-001   0.000000000E+000
   0.17933358673061228E-007   0.832001939E-001   0.000000000E+000
   0.17964172004114598E-007   0.817856416E-001   0.000000000E+000
   0.17994985335167968E-007   0.741239339E-001   0.000000000E+000
   0.18025798666221338E-007   0.609669201E-001   0.000000000E+000
   0.18056611997274707E-007   0.434567258E-001   0.000000000E+000
   0.18087425328328077E-007   0.230191592E-001   0.000000000E+000
   0.18118238659381447E-007   0.124333426E-002   0.000000000E+000
   0.18149051990434817E-007  -0.202418808E-001   0.000000000E+000
   0.18179865321488187E-007  -0.398849808E-001   0.000000000E+000
   0.18210678652541556E-007  -0.563148335E-001   0.000000000E+000
   0.18241491983594926E-007  -0.684242100E-001   0.000000000E+000
   0.18272305314648296E-007  -0.754306242E-001   0.000000000E+000
   0.18303118645701666E-007  -0.769134015E-001   0.000000000E+000
   0.18333931976755036E-007  -0.728274360E-001   0.000000000E+000
   0.18364745307808406E-007  -0.634951815E-001   0.000000000E+000
   0.18395558638861775E-007  -0.495790690E-001   0.000000000E+000
   0.18426371969915145E-007  -0.320366919E-001   0.000000000E+000
   0.18457185300968515E-007  -0.120612588E-001   0.000000000E+000
   0.18487998632021885E-007   0.899026915E-002   0.000000000E+000
   0.18518811963075255E-007   0.296786707E-001   0.000000000E+000
   0.18549625294128624E-007   0.485705882E-001   0.000000000E+000
   0.18580438625181994E-007   0.643296167E-001   0.000000000E+000
   0.18611251956235364E-007   0.758058801E-001   0.000000000E+000
   0.18642065287288734E-007   0.821189135E-001   0.000000000E+000
   0.18672878618342104E-007   0.827279165E-001   0.000000000E+000
   0.18703691949395473E-007   0.774834305E-001   0.000000000E+000
   0.18734505280448843E-007   0.666547194E-001   0.000000000E+000
   0.18765318611502213E-007   0.509282723E-001   0.000000000E+000
   0.18796131942555583E-007   0.313747078E-001   0.000000000E+000
   0.18826945273608953E-007   0.938373245E-002   0.000000000E+000
   0.18857758604662322E-007  -0.134302750E-001   0.000000000E+000
   0.18888571935715692E-007  -0.353464484E-001   0.000000000E+000
   0.18919385266769062E-007  -0.546709634E-001   0.000000000E+000
   0.18950198597822432E-007  -0.698751584E-001   0.000000000E+000
   0.18981011928875802E-007  -0.797262713E-001   0.000000000E+000
   0.19011825259929171E-007  -0.833983943E-001   0.000000000E+000
   0.19042638590982541E-007  -0.805525184E-001   0.000000000E+000
   0.19073451922035911E-007  -0.713767782E-001   0.000000000E+000
   0.19104265253089281E-007  -0.565813817E-001   0.000000000E+000
   0.19135078584142651E-007  -0.373470895E-001   0.000000000E+000
   0.19165891915196021E-007  -0.152305029E-001   0.000000000E+000
   0.19196705246249390E-007   0.796607509E-002   0.000000000E+000
   0.19227518577302760E-007   0.303487368E-001   0.000000000E+000
   0.19258331908356130E-007   0.500958078E-001   0.000000000E+000
   0.19289145239409500E-007   0.656160787E-001   0.000000000E+000
   0.19319958570462870E-007   0.756863281E-001   0.000000000E+000
   0.19350771901516239E-007   0.795551091E-001   0.000000000E+000
   0.19381585232569609E-007   0.770030394E-001   0.000000000E+000
   0.19412398563622979E-007   0.683542415E-001   0.000000000E+000
   0.19443211894676349E-007   0.544385538E-001   0.000000000E+000
   0.19474025225729719E-007   0.365090147E-001   0.000000000E+000
   0.19504838556783088E-007   0.161234681E-001   0.000000000E+000
   0.19535651887836458E-007  -0.499753840E-002   0.000000000E+000
   0.19566465218889828E-007  -0.251224097E-001   0.000000000E+000
   0.19597278549943198E-007  -0.426552705E-001   0.000000000E+000
   0.19628091880996568E-007  -0.562645085E-001   0.000000000E+000
   0.19658905212049937E-007  -0.649822950E-001   0.000000000E+000
   0.19689718543103307E-007  -0.682677627E-001   0.000000000E+000
   0.19720531874156677E-007  -0.660305470E-001   0.000000000E+000
   0.19751345205210047E-007  -0.586154461E-001   0.000000000E+000
   0.19782158536263417E-007  -0.467525311E-001   0.000000000E+000
   0.19812971867316787E-007  -0.314799249E-001   0.000000000E+000
   0.19843785198370156E-007  -0.140481666E-001   0.000000000E+000
   0.19874598529423526E-007   0.418428890E-002   0.000000000E+000
   0.19905411860476896E-007   0.218552724E-001   0.000000000E+000
   0.19936225191530266E-007   0.376950055E-001   0.000000000E+000
   0.19967038522583636E-007   0.506081283E-001   0.000000000E+000
   0.19997851853637005E-007   0.597377680E-001   0.000000000E+000
   0.20028665184690375E-007   0.645098090E-001   0.000000000E+000
   0.20059478515743745E-007   0.646572188E-001   0.000000000E+000
   0.20090291846797115E-007   0.602254532E-001   0.000000000E+000
   0.20121105177850485E-007   0.515607037E-001   0.000000000E+000
   0.20151918508903854E-007   0.392829999E-001   0.000000000E+000
   0.20182731839957224E-007   0.242460649E-001   0.000000000E+000
   0.20213545171010594E-007   0.748573616E-002   0.000000000E+000
   0.20244358502063964E-007  -0.984137505E-002   0.000000000E+000
   0.20275171833117334E-007  -0.265271422E-001   0.000000000E+000
   0.20305985164170703E-007  -0.413867421E-001   0.000000000E+000
   0.20336798495224073E-007  -0.533360466E-001   0.000000000E+000
   0.20367611826277443E-007  -0.614675432E-001   0.000000000E+000
   0.20398425157330813E-007  -0.651199371E-001   0.000000000E+000
   0.20429238488384183E-007  -0.639359578E-001   0.000000000E+000
   0.20460051819437552E-007  -0.579026043E-001   0.000000000E+000
   0.20490865150490922E-007  -0.473687090E-001   0.000000000E+000
   0.20521678481544292E-007  -0.330357663E-001   0.000000000E+000
   0.20552491812597662E-007  -0.159200300E-001   0.000000000E+000
   0.20583305143651032E-007   0.271362811E-002   0.000000000E+000
   0.20614118474704402E-007   0.214427914E-001   0.000000000E+000
   0.20644931805757771E-007   0.387972891E-001   0.000000000E+000
   0.20675745136811141E-007   0.533790514E-001   0.000000000E+000
   0.20706558467864511E-007   0.639816076E-001   0.000000000E+000
   0.20737371798917881E-007   0.696980208E-001   0.000000000E+000
   0.20768185129971251E-007   0.700065941E-001   0.000000000E+000
   0.20798998461024620E-007   0.648251399E-001   0.000000000E+000
   0.20829811792077990E-007   0.545274317E-001   0.000000000E+000
   0.20860625123131360E-007   0.399190299E-001   0.000000000E+000
   0.20891438454184730E-007   0.221735910E-001   0.000000000E+000
   0.20922251785238100E-007   0.273480453E-002   0.000000000E+000
   0.20953065116291469E-007  -0.168072730E-001   0.000000000E+000
   0.20983878447344839E-007  -0.348540768E-001   0.000000000E+000
   0.21014691778398209E-007  -0.499376021E-001   0.000000000E+000
   0.21045505109451579E-007  -0.608474761E-001   0.000000000E+000
   0.21076318440504949E-007  -0.667340904E-001   0.000000000E+000
   0.21107131771558318E-007  -0.671782568E-001   0.000000000E+000
   0.21137945102611688E-007  -0.622212291E-001   0.000000000E+000
   0.21168758433665058E-007  -0.523530133E-001   0.000000000E+000
   0.21199571764718428E-007  -0.384609550E-001   0.000000000E+000
   0.21230385095771798E-007  -0.217444450E-001   0.000000000E+000
   0.21261198426825167E-007  -0.360473432E-002   0.000000000E+000
   0.21292011757878537E-007   0.144791566E-001   0.000000000E+000
   0.21322825088931907E-007   0.310765151E-001   0.000000000E+000
   0.21353638419985277E-007   0.449215025E-001   0.000000000E+000
   0.21384451751038647E-007   0.550102592E-001   0.000000000E+000
   0.21415265082092017E-007   0.606710576E-001   0.000000000E+000
   0.21446078413145386E-007   0.616030134E-001   0.000000000E+000
   0.21476891744198756E-007   0.578821637E-001   0.000000000E+000
   0.21507705075252126E-007   0.499368235E-001   0.000000000E+000
   0.21538518406305496E-007   0.384967029E-001   0.000000000E+000
   0.21569331737358866E-007   0.245222170E-001   0.000000000E+000
   0.21600145068412235E-007   0.912140682E-002   0.000000000E+000
   0.21630958399465605E-007  -0.653786585E-002   0.000000000E+000
   0.21661771730518975E-007  -0.213134438E-001   0.000000000E+000
   0.21692585061572345E-007  -0.341662429E-001   0.000000000E+000
   0.21723398392625715E-007  -0.442251116E-001   0.000000000E+000
   0.21754211723679084E-007  -0.508364551E-001   0.000000000E+000
   0.21785025054732454E-007  -0.535973534E-001   0.000000000E+000
   0.21815838385785824E-007  -0.523721911E-001   0.000000000E+000
   0.21846651716839194E-007  -0.472935215E-001   0.000000000E+000
   0.21877465047892564E-007  -0.387484655E-001   0.000000000E+000
   0.21908278378945933E-007  -0.273520853E-001   0.000000000E+000
   0.21939091709999303E-007  -0.139091173E-001   0.000000000E+000
   0.21969905041052673E-007   0.634434633E-003   0.000000000E+000
   0.22000718372106043E-007   0.152483294E-001   0.000000000E+000
   0.22031531703159413E-007   0.288818330E-001   0.000000000E+000
   0.22062345034212782E-007   0.405316986E-001   0.000000000E+000
   0.22093158365266152E-007   0.493111387E-001   0.000000000E+000
   0.22123971696319522E-007   0.545157567E-001   0.000000000E+000
   0.22154785027372892E-007   0.556816459E-001   0.000000000E+000
   0.22185598358426262E-007   0.526305512E-001   0.000000000E+000
   0.22216411689479632E-007   0.454970710E-001   0.000000000E+000
   0.22247225020533001E-007   0.347336717E-001   0.000000000E+000
   0.22278038351586371E-007   0.210906714E-001   0.000000000E+000
   0.22308851682639741E-007   0.557043217E-002   0.000000000E+000
   0.22339665013693111E-007  -0.106426105E-001   0.000000000E+000
   0.22370478344746481E-007  -0.262717921E-001   0.000000000E+000
   0.22401291675799850E-007  -0.400511660E-001   0.000000000E+000
   0.22432105006853220E-007  -0.508329198E-001   0.000000000E+000
   0.22462918337906590E-007  -0.576893389E-001   0.000000000E+000
   0.22493731668959960E-007  -0.599993505E-001   0.000000000E+000
   0.22524545000013330E-007  -0.575105660E-001   0.000000000E+000
   0.22555358331066699E-007  -0.503698401E-001   0.000000000E+000
   0.22586171662120069E-007  -0.391182601E-001   0.000000000E+000
   0.22616984993173439E-007  -0.246499628E-001   0.000000000E+000
   0.22647798324226809E-007  -0.813795254E-002   0.000000000E+000
   0.22678611655280179E-007   0.906654261E-002   0.000000000E+000
   0.22709424986333548E-007   0.255517662E-001   0.000000000E+000
   0.22740238317386918E-007   0.399689600E-001   0.000000000E+000
   0.22771051648440288E-007   0.511498898E-001   0.000000000E+000
   0.22801864979493658E-007   0.582071617E-001   0.000000000E+000
   0.22832678310547028E-007   0.606079847E-001   0.000000000E+000
   0.22863491641600397E-007   0.582148433E-001   0.000000000E+000
   0.22894304972653767E-007   0.512899421E-001   0.000000000E+000
   0.22925118303707137E-007   0.404640101E-001   0.000000000E+000
   0.22955931634760507E-007   0.266734939E-001   0.000000000E+000
   0.22986744965813877E-007   0.110731190E-001   0.000000000E+000
   0.23017558296867247E-007  -0.506718922E-002   0.000000000E+000
   0.23048371627920616E-007  -0.204709470E-001   0.000000000E+000
   0.23079184958973986E-007  -0.339593627E-001   0.000000000E+000
   0.23109998290027356E-007  -0.445422716E-001   0.000000000E+000
   0.23140811621080726E-007  -0.514887273E-001   0.000000000E+000
   0.23171624952134096E-007  -0.543726347E-001   0.000000000E+000
   0.23202438283187465E-007  -0.530914403E-001   0.000000000E+000
   0.23233251614240835E-007  -0.478584990E-001   0.000000000E+000
   0.23264064945294205E-007  -0.391718857E-001   0.000000000E+000
   0.23294878276347575E-007  -0.277641788E-001   0.000000000E+000
   0.23325691607400945E-007  -0.145387016E-001   0.000000000E+000
   0.23356504938454314E-007  -0.498119742E-003   0.000000000E+000
   0.23387318269507684E-007   0.133289294E-001   0.000000000E+000
   0.23418131600561054E-007   0.259581655E-001   0.000000000E+000
   0.23448944931614424E-007   0.365129262E-001   0.000000000E+000
   0.23479758262667794E-007   0.442773029E-001   0.000000000E+000
   0.23510571593721163E-007   0.487372391E-001   0.000000000E+000
   0.23541384924774533E-007   0.496084020E-001   0.000000000E+000
   0.23572198255827903E-007   0.468503758E-001   0.000000000E+000
   0.23603011586881273E-007   0.406671166E-001   0.000000000E+000
   0.23633824917934643E-007   0.314939693E-001   0.000000000E+000
   0.23664638248988012E-007   0.199717097E-001   0.000000000E+000
   0.23695451580041382E-007   0.690844841E-002   0.000000000E+000
   0.23726264911094752E-007  -0.676945224E-002   0.000000000E+000
   0.23757078242148122E-007  -0.200756378E-001   0.000000000E+000
   0.23787891573201492E-007  -0.320287198E-001   0.000000000E+000
   0.23818704904254862E-007  -0.417205915E-001   0.000000000E+000
   0.23849518235308231E-007  -0.483838841E-001   0.000000000E+000
   0.23880331566361601E-007  -0.514537878E-001   0.000000000E+000
   0.23911144897414971E-007  -0.506189950E-001   0.000000000E+000
   0.23941958228468341E-007  -0.458567105E-001   0.000000000E+000
   0.23972771559521711E-007  -0.374473557E-001   0.000000000E+000
   0.24003584890575080E-007  -0.259658471E-001   0.000000000E+000
   0.24034398221628450E-007  -0.122481259E-001   0.000000000E+000
   0.24065211552681820E-007   0.266606826E-002   0.000000000E+000
   0.24096024883735190E-007   0.176109262E-001   0.000000000E+000
   0.24126838214788560E-007   0.313871056E-001   0.000000000E+000
   0.24157651545841929E-007   0.428615287E-001   0.000000000E+000
   0.24188464876895299E-007   0.510656163E-001   0.000000000E+000
   0.24219278207948669E-007   0.552826151E-001   0.000000000E+000
   0.24250091539002039E-007   0.551153794E-001   0.000000000E+000
   0.24280904870055409E-007   0.505273677E-001   0.000000000E+000
   0.24311718201108778E-007   0.418521129E-001   0.000000000E+000
   0.24342531532162148E-007   0.297693871E-001   0.000000000E+000
   0.24373344863215518E-007   0.152496388E-001   0.000000000E+000
   0.24404158194268888E-007  -0.528522767E-003   0.000000000E+000
   0.24434971525322258E-007  -0.162801668E-001   0.000000000E+000
   0.24465784856375627E-007  -0.307255965E-001   0.000000000E+000
   0.24496598187428997E-007  -0.427010134E-001   0.000000000E+000
   0.24527411518482367E-007  -0.512578040E-001   0.000000000E+000
   0.24558224849535737E-007  -0.557412207E-001   0.000000000E+000
   0.24589038180589107E-007  -0.558414795E-001   0.000000000E+000
   0.24619851511642477E-007  -0.516131297E-001   0.000000000E+000
   0.24650664842695846E-007  -0.434618704E-001   0.000000000E+000
   0.24681478173749216E-007  -0.321011916E-001   0.000000000E+000
   0.24712291504802586E-007  -0.184840225E-001   0.000000000E+000
   0.24743104835855956E-007  -0.371673983E-002   0.000000000E+000
   0.24773918166909326E-007   0.110358782E-001   0.000000000E+000
   0.24804731497962695E-007   0.246458799E-001   0.000000000E+000
   0.24835544829016065E-007   0.361092985E-001   0.000000000E+000
   0.24866358160069435E-007   0.446184389E-001   0.000000000E+000
   0.24897171491122805E-007   0.496144332E-001   0.000000000E+000
   0.24927984822176175E-007   0.508174114E-001   0.000000000E+000
   0.24958798153229544E-007   0.482338555E-001   0.000000000E+000
   0.24989611484282914E-007   0.421426669E-001   0.000000000E+000
   0.25020424815336284E-007   0.330629945E-001   0.000000000E+000
   0.25051238146389654E-007   0.217078403E-001   0.000000000E+000
   0.25082051477443024E-007   0.892792922E-002   0.000000000E+000
   0.25112864808496393E-007  -0.434971321E-002   0.000000000E+000
   0.25143678139549763E-007  -0.171843991E-001   0.000000000E+000
   0.25174491470603133E-007  -0.286821425E-001   0.000000000E+000
   0.25205304801656503E-007  -0.380509198E-001   0.000000000E+000
   0.25236118132709873E-007  -0.446485803E-001   0.000000000E+000
   0.25266931463763243E-007  -0.480215922E-001   0.000000000E+000
   0.25297744794816612E-007  -0.479331873E-001   0.000000000E+000
   0.25328558125869982E-007  -0.443796068E-001   0.000000000E+000
   0.25359371456923352E-007  -0.375934131E-001   0.000000000E+000
   0.25390184787976722E-007  -0.280330256E-001   0.000000000E+000
   0.25420998119030092E-007  -0.163580850E-001   0.000000000E+000
   0.25451811450083461E-007  -0.339090638E-002   0.000000000E+000
   0.25482624781136831E-007   0.993489660E-002   0.000000000E+000
   0.25513438112190201E-007   0.226364210E-001   0.000000000E+000
   0.25544251443243571E-007   0.337507799E-001   0.000000000E+000
   0.25575064774296941E-007   0.424072593E-001   0.000000000E+000
   0.25605878105350310E-007   0.478969440E-001   0.000000000E+000
   0.25636691436403680E-007   0.497340411E-001   0.000000000E+000
   0.25667504767457050E-007   0.477030240E-001   0.000000000E+000
   0.25698318098510420E-007   0.418864675E-001   0.000000000E+000
   0.25729131429563790E-007   0.326697119E-001   0.000000000E+000
   0.25759944760617159E-007   0.207203031E-001   0.000000000E+000
   0.25790758091670529E-007   0.694246124E-002   0.000000000E+000
   0.25821571422723899E-007  -0.759080052E-002   0.000000000E+000
   0.25852384753777269E-007  -0.217228550E-001   0.000000000E+000
   0.25883198084830639E-007  -0.343089625E-001   0.000000000E+000
   0.25914011415884008E-007  -0.443136729E-001   0.000000000E+000
   0.25944824746937378E-007  -0.509011969E-001   0.000000000E+000
   0.25975638077990748E-007  -0.535100661E-001   0.000000000E+000
   0.26006451409044118E-007  -0.519047603E-001   0.000000000E+000
   0.26037264740097488E-007  -0.461989790E-001   0.000000000E+000
   0.26068078071150858E-007  -0.368479490E-001   0.000000000E+000
   0.26098891402204227E-007  -0.246101823E-001   0.000000000E+000
   0.26129704733257597E-007  -0.104821129E-001   0.000000000E+000
   0.26160518064310967E-007   0.438828114E-002   0.000000000E+000
   0.26191331395364337E-007   0.188007094E-001   0.000000000E+000
   0.26222144726417707E-007   0.316052958E-001   0.000000000E+000
   0.26252958057471076E-007   0.417992100E-001   0.000000000E+000
   0.26283771388524446E-007   0.486084595E-001   0.000000000E+000
   0.26314584719577816E-007   0.515477024E-001   0.000000000E+000
   0.26345398050631186E-007   0.504533127E-001   0.000000000E+000
   0.26376211381684556E-007   0.454877242E-001   0.000000000E+000
   0.26407024712737925E-007   0.371158980E-001   0.000000000E+000
   0.26437838043791295E-007   0.260573104E-001   0.000000000E+000
   0.26468651374844665E-007   0.132190315E-001   0.000000000E+000
   0.26499464705898035E-007  -0.383182429E-003   0.000000000E+000
   0.26530278036951405E-007  -0.137082897E-001   0.000000000E+000
   0.26561091368004774E-007  -0.257705674E-001   0.000000000E+000
   0.26591904699058144E-007  -0.357110351E-001   0.000000000E+000
   0.26622718030111514E-007  -0.428548008E-001   0.000000000E+000
   0.26653531361164884E-007  -0.467511155E-001   0.000000000E+000
   0.26684344692218254E-007  -0.471948013E-001   0.000000000E+000
   0.26715158023271623E-007  -0.442293100E-001   0.000000000E+000
   0.26745971354324993E-007  -0.381330587E-001   0.000000000E+000
   0.26776784685378363E-007  -0.293915812E-001   0.000000000E+000
   0.26807598016431733E-007  -0.186586063E-001   0.000000000E+000
   0.26838411347485103E-007  -0.670921709E-002   0.000000000E+000
   0.26869224678538473E-007   0.561181456E-002   0.000000000E+000
   0.26900038009591842E-007   0.174437854E-001   0.000000000E+000
   0.26930851340645212E-007   0.279634595E-001   0.000000000E+000
   0.26961664671698582E-007   0.364359207E-001   0.000000000E+000
   0.26992478002751952E-007   0.422608219E-001   0.000000000E+000
   0.27023291333805322E-007   0.450119600E-001   0.000000000E+000
   0.27054104664858691E-007   0.444680452E-001   0.000000000E+000
   0.27084917995912061E-007   0.406325161E-001   0.000000000E+000
   0.27115731326965431E-007   0.337403342E-001   0.000000000E+000
   0.27146544658018801E-007   0.242500994E-001   0.000000000E+000
   0.27177357989072171E-007   0.128204338E-001   0.000000000E+000
   0.27208171320125540E-007   0.270663761E-003   0.000000000E+000
   0.27238984651178910E-007  -0.124729322E-001   0.000000000E+000
   0.27269797982232280E-007  -0.244425479E-001   0.000000000E+000
   0.27300611313285650E-007  -0.347017422E-001   0.000000000E+000
   0.27331424644339020E-007  -0.424203463E-001   0.000000000E+000
   0.27362237975392389E-007  -0.469450988E-001   0.000000000E+000
   0.27393051306445759E-007  -0.478594154E-001   0.000000000E+000
   0.27423864637499129E-007  -0.450261943E-001   0.000000000E+000
   0.27454677968552499E-007  -0.386086255E-001   0.000000000E+000
   0.27485491299605869E-007  -0.290658399E-001   0.000000000E+000
   0.27516304630659238E-007  -0.171224326E-001   0.000000000E+000
   0.27547117961712608E-007  -0.371354818E-002   0.000000000E+000
   0.27577931292765978E-007   0.100903660E-001   0.000000000E+000
   0.27608744623819348E-007   0.231727511E-001   0.000000000E+000
   0.27639557954872718E-007   0.344660990E-001   0.000000000E+000
   0.27670371285926088E-007   0.430442654E-001   0.000000000E+000
   0.27701184616979457E-007   0.482032150E-001   0.000000000E+000
   0.27731997948032827E-007   0.495224632E-001   0.000000000E+000
   0.27762811279086197E-007   0.469013341E-001   0.000000000E+000
   0.27793624610139567E-007   0.405666195E-001   0.000000000E+000
   0.27824437941192937E-007   0.310510322E-001   0.000000000E+000
   0.27855251272246306E-007   0.191447288E-001   0.000000000E+000
   0.27886064603299676E-007   0.582479965E-002   0.000000000E+000
   0.27916877934353046E-007  -0.783037860E-002   0.000000000E+000
   0.27947691265406416E-007  -0.207336769E-001   0.000000000E+000
   0.27978504596459786E-007  -0.318800025E-001   0.000000000E+000
   0.28009317927513155E-007  -0.404272117E-001   0.000000000E+000
   0.28040131258566525E-007  -0.457602739E-001   0.000000000E+000
   0.28070944589619895E-007  -0.475337282E-001   0.000000000E+000
   0.28101757920673265E-007  -0.456898399E-001   0.000000000E+000
   0.28132571251726635E-007  -0.404521897E-001   0.000000000E+000
   0.28163384582780004E-007  -0.322967805E-001   0.000000000E+000
   0.28194197913833374E-007  -0.219045859E-001   0.000000000E+000
   0.28225011244886744E-007  -0.101007866E-001   0.000000000E+000
   0.28255824575940114E-007   0.221333653E-002   0.000000000E+000
   0.28286637906993484E-007   0.141298994E-001   0.000000000E+000
   0.28317451238046853E-007   0.247998424E-001   0.000000000E+000
   0.28348264569100223E-007   0.334898382E-001   0.000000000E+000
   0.28379077900153593E-007   0.396274701E-001   0.000000000E+000
   0.28409891231206963E-007   0.428327508E-001   0.000000000E+000
   0.28440704562260333E-007   0.429353826E-001   0.000000000E+000
   0.28471517893313703E-007   0.399781130E-001   0.000000000E+000
   0.28502331224367072E-007   0.342072994E-001   0.000000000E+000
   0.28533144555420442E-007   0.260523148E-001   0.000000000E+000
   0.28563957886473812E-007   0.160955526E-001   0.000000000E+000
   0.28594771217527182E-007   0.503487233E-002   0.000000000E+000
   0.28625584548580552E-007  -0.635971501E-002   0.000000000E+000
   0.28656397879633921E-007  -0.172933415E-001   0.000000000E+000
   0.28687211210687291E-007  -0.269956961E-001   0.000000000E+000
   0.28718024541740661E-007  -0.347704776E-001   0.000000000E+000
   0.28748837872794031E-007  -0.400425158E-001   0.000000000E+000
   0.28779651203847401E-007  -0.423998274E-001   0.000000000E+000
   0.28810464534900770E-007  -0.416276418E-001   0.000000000E+000
   0.28841277865954140E-007  -0.377313495E-001   0.000000000E+000
   0.28872091197007510E-007  -0.309455246E-001   0.000000000E+000
   0.28902904528060880E-007  -0.217268504E-001   0.000000000E+000
   0.28933717859114250E-007  -0.107297422E-001   0.000000000E+000
   0.28964531190167619E-007   0.123511348E-002   0.000000000E+000
   0.28995344521220989E-007   0.132575100E-001   0.000000000E+000
   0.29026157852274359E-007   0.243962165E-001   0.000000000E+000
   0.29056971183327729E-007   0.337541625E-001   0.000000000E+000
   0.29087784514381099E-007   0.405540355E-001   0.000000000E+000
   0.29118597845434468E-007   0.442074090E-001   0.000000000E+000
   0.29149411176487838E-007   0.443705581E-001   0.000000000E+000
   0.29180224507541208E-007   0.409809761E-001   0.000000000E+000
   0.29211037838594578E-007   0.342701897E-001   0.000000000E+000
   0.29241851169647948E-007   0.247505885E-001   0.000000000E+000
   0.29272664500701318E-007   0.131765632E-001   0.000000000E+000
   0.29303477831754687E-007   0.482841395E-003   0.000000000E+000
   0.29334291162808057E-007  -0.122946287E-001   0.000000000E+000
   0.29365104493861427E-007  -0.241080299E-001   0.000000000E+000
   0.29395917824914797E-007  -0.339888297E-001   0.000000000E+000
   0.29426731155968167E-007  -0.411320366E-001   0.000000000E+000
   0.29457544487021536E-007  -0.449655056E-001   0.000000000E+000
   0.29488357818074906E-007  -0.451977737E-001   0.000000000E+000
   0.29519171149128276E-007  -0.418400876E-001   0.000000000E+000
   0.29549984480181646E-007  -0.352009684E-001   0.000000000E+000
   0.29580797811235016E-007  -0.258543938E-001   0.000000000E+000
   0.29611611142288385E-007  -0.145852929E-001   0.000000000E+000
   0.29642424473341755E-007  -0.231813733E-002   0.000000000E+000
   0.29673237804395125E-007   0.996414945E-002   0.000000000E+000
   0.29704051135448495E-007   0.213031657E-001   0.000000000E+000
   0.29734864466501865E-007   0.308423117E-001   0.000000000E+000
   0.29765677797555234E-007   0.378918163E-001   0.000000000E+000
   0.29796491128608604E-007   0.419765711E-001   0.000000000E+000
   0.29827304459661974E-007   0.428637862E-001   0.000000000E+000
   0.29858117790715344E-007   0.405696221E-001   0.000000000E+000
   0.29888931121768714E-007   0.353459194E-001   0.000000000E+000
   0.29919744452822084E-007   0.276497975E-001   0.000000000E+000
   0.29950557783875453E-007   0.181000922E-001   0.000000000E+000
   0.29981371114928823E-007   0.742522348E-002   0.000000000E+000
   0.30012184445982193E-007  -0.359281898E-002   0.000000000E+000
   0.30042997777035563E-007  -0.141740292E-001   0.000000000E+000
   0.30073811108088933E-007  -0.235918462E-001   0.000000000E+000
   0.30104624439142302E-007  -0.312177762E-001   0.000000000E+000
   0.30135437770195672E-007  -0.365573317E-001   0.000000000E+000
   0.30166251101249042E-007  -0.392762721E-001   0.000000000E+000
   0.30197064432302412E-007  -0.392167903E-001   0.000000000E+000
   0.30227877763355782E-007  -0.364037156E-001   0.000000000E+000
   0.30258691094409151E-007  -0.310410280E-001   0.000000000E+000
   0.30289504425462521E-007  -0.234991126E-001   0.000000000E+000
   0.30320317756515891E-007  -0.142932432E-001   0.000000000E+000
   0.30351131087569261E-007  -0.405385066E-002   0.000000000E+000
   0.30381944418622631E-007   0.651060604E-002   0.000000000E+000
   0.30412757749676000E-007   0.166570004E-001   0.000000000E+000
   0.30443571080729370E-007   0.256554075E-001   0.000000000E+000
   0.30474384411782740E-007   0.328391194E-001   0.000000000E+000
   0.30505197742836110E-007   0.376538113E-001   0.000000000E+000
   0.30536011073889480E-007   0.397022665E-001   0.000000000E+000
   0.30566824404942849E-007   0.387808196E-001   0.000000000E+000
   0.30597637735996219E-007   0.349037498E-001   0.000000000E+000
   0.30628451067049589E-007   0.283122957E-001   0.000000000E+000
   0.30659264398102959E-007   0.194660239E-001   0.000000000E+000
   0.30690077729156329E-007   0.901565608E-002   0.000000000E+000
   0.30720891060209699E-007  -0.224184338E-002   0.000000000E+000
   0.30751704391263068E-007  -0.134232752E-001   0.000000000E+000
   0.30782517722316438E-007  -0.236298610E-001   0.000000000E+000
   0.30813331053369808E-007  -0.320226960E-001   0.000000000E+000
   0.30844144384423178E-007  -0.378961787E-001   0.000000000E+000
   0.30874957715476548E-007  -0.407423563E-001   0.000000000E+000
   0.30905771046529917E-007  -0.402996317E-001   0.000000000E+000
   0.30936584377583287E-007  -0.365805142E-001   0.000000000E+000
   0.30967397708636657E-007  -0.298750475E-001   0.000000000E+000
   0.30998211039690027E-007  -0.207288843E-001   0.000000000E+000
   0.31029024370743397E-007  -0.989758316E-002   0.000000000E+000
   0.31059837701796766E-007   0.171884894E-002   0.000000000E+000
   0.31090651032850136E-007   0.131550366E-001   0.000000000E+000
   0.31121464363903506E-007   0.234653428E-001   0.000000000E+000
   0.31152277694956876E-007   0.318067856E-001   0.000000000E+000
   0.31183091026010246E-007   0.375117697E-001   0.000000000E+000
   0.31213904357063615E-007   0.401437841E-001   0.000000000E+000
   0.31244717688116985E-007   0.395310409E-001   0.000000000E+000
   0.31275531019170355E-007   0.357754044E-001   0.000000000E+000
   0.31306344350223725E-007   0.292364899E-001   0.000000000E+000
   0.31337157681277095E-007   0.204933770E-001   0.000000000E+000
   0.31367971012330464E-007   0.102884546E-001   0.000000000E+000
   0.31398784343383834E-007  -0.540515408E-003   0.000000000E+000
   0.31429597674437204E-007  -0.111332191E-001   0.000000000E+000
   0.31460411005490574E-007  -0.206775889E-001   0.000000000E+000
   0.31491224336543944E-007  -0.284723975E-001   0.000000000E+000
   0.31522037667597314E-007  -0.339767560E-001   0.000000000E+000
   0.31552850998650683E-007  -0.368433483E-001   0.000000000E+000
   0.31583664329704053E-007  -0.369340405E-001   0.000000000E+000
   0.31614477660757423E-007  -0.343183503E-001   0.000000000E+000
   0.31645290991810793E-007  -0.292566419E-001   0.000000000E+000
   0.31676104322864163E-007  -0.221711136E-001   0.000000000E+000
   0.31706917653917532E-007  -0.136080813E-001   0.000000000E+000
   0.31737730984970902E-007  -0.419528410E-002   0.000000000E+000
   0.31768544316024272E-007   0.540241599E-002   0.000000000E+000
   0.31799357647077642E-007   0.145261297E-001   0.000000000E+000
   0.31830170978131012E-007   0.225626938E-001   0.000000000E+000
   0.31860984309184381E-007   0.289796311E-001   0.000000000E+000
   0.31891797640237751E-007   0.333544202E-001   0.000000000E+000
   0.31922610971291121E-007   0.353974998E-001   0.000000000E+000
   0.31953424302344491E-007   0.349685811E-001   0.000000000E+000
   0.31984237633397861E-007   0.320858434E-001   0.000000000E+000
   0.32015050964451230E-007   0.269274563E-001   0.000000000E+000
   0.32045864295504600E-007   0.198247787E-001   0.000000000E+000
   0.32076677626557970E-007   0.112467036E-001   0.000000000E+000
   0.32107490957611340E-007   0.177482795E-002   0.000000000E+000
   0.32138304288664710E-007  -0.793031510E-002   0.000000000E+000
   0.32169117619718079E-007  -0.171709843E-001   0.000000000E+000
   0.32199930950771449E-007  -0.252599977E-001   0.000000000E+000
   0.32230744281824819E-007  -0.315716676E-001   0.000000000E+000
   0.32261557612878189E-007  -0.355921686E-001   0.000000000E+000
   0.32292370943931559E-007  -0.369650275E-001   0.000000000E+000
   0.32323184274984929E-007  -0.355272070E-001   0.000000000E+000
   0.32353997606038298E-007  -0.313316360E-001   0.000000000E+000
   0.32384810937091668E-007  -0.246528555E-001   0.000000000E+000
   0.32415624268145038E-007  -0.159738362E-001   0.000000000E+000
   0.32446437599198408E-007  -0.595375523E-002   0.000000000E+000
   0.32477250930251778E-007   0.462153647E-002   0.000000000E+000
   0.32508064261305147E-007   0.149027109E-001   0.000000000E+000
   0.32538877592358517E-007   0.240485035E-001   0.000000000E+000
   0.32569690923411887E-007   0.312991180E-001   0.000000000E+000
   0.32600504254465257E-007   0.360444561E-001   0.000000000E+000
   0.32631317585518627E-007   0.378803760E-001   0.000000000E+000
   0.32662130916571996E-007   0.366471671E-001   0.000000000E+000
   0.32692944247625366E-007   0.324460827E-001   0.000000000E+000
   0.32723757578678736E-007   0.256319083E-001   0.000000000E+000
   0.32754570909732106E-007   0.167820416E-001   0.000000000E+000
   0.32785384240785476E-007   0.664492603E-002   0.000000000E+000
   0.32816197571838845E-007  -0.392715074E-002   0.000000000E+000
   0.32847010902892215E-007  -0.140543086E-001   0.000000000E+000
   0.32877824233945585E-007  -0.229068734E-001   0.000000000E+000
   0.32908637564998955E-007  -0.297772083E-001   0.000000000E+000
   0.32939450896052325E-007  -0.341387838E-001   0.000000000E+000
   0.32970264227105694E-007  -0.356871784E-001   0.000000000E+000
   0.33001077558159064E-007  -0.343597159E-001   0.000000000E+000
   0.33031890889212434E-007  -0.303327069E-001   0.000000000E+000
   0.33062704220265804E-007  -0.239976086E-001   0.000000000E+000
   0.33093517551319174E-007  -0.159193967E-001   0.000000000E+000
   0.33124330882372544E-007  -0.678206142E-002   0.000000000E+000
   0.33155144213425913E-007   0.267293211E-002   0.000000000E+000
   0.33185957544479283E-007   0.117091592E-001   0.000000000E+000
   0.33216770875532653E-007   0.196530744E-001   0.000000000E+000
   0.33247584206586023E-007   0.259425249E-001   0.000000000E+000
   0.33278397537639393E-007   0.301626846E-001   0.000000000E+000
   0.33309210868692762E-007   0.320677124E-001   0.000000000E+000
   0.33340024199746132E-007   0.315879919E-001   0.000000000E+000
   0.33370837530799502E-007   0.288241096E-001   0.000000000E+000
   0.33401650861852872E-007   0.240297690E-001   0.000000000E+000
   0.33432464192906242E-007   0.175863020E-001   0.000000000E+000
   0.33463277523959611E-007   0.997164380E-002   0.000000000E+000
   0.33494090855012981E-007   0.172638707E-002   0.000000000E+000
   0.33524904186066351E-007  -0.658090506E-002   0.000000000E+000
   0.33555717517119721E-007  -0.143875144E-001   0.000000000E+000
   0.33586530848173091E-007  -0.211684201E-001   0.000000000E+000
   0.33617344179226460E-007  -0.264654420E-001   0.000000000E+000
   0.33648157510279830E-007  -0.299131330E-001   0.000000000E+000
   0.33678970841333200E-007  -0.312608108E-001   0.000000000E+000
   0.33709784172386570E-007  -0.303899180E-001   0.000000000E+000
   0.33740597503439940E-007  -0.273256078E-001   0.000000000E+000
   0.33771410834493309E-007  -0.222412702E-001   0.000000000E+000
   0.33802224165546679E-007  -0.154546183E-001   0.000000000E+000
   0.33833037496600049E-007  -0.741417892E-002   0.000000000E+000
   0.33863850827653419E-007   0.132444035E-002   0.000000000E+000
   0.33894664158706789E-007   0.101323035E-001   0.000000000E+000
   0.33925477489760159E-007   0.183496550E-001   0.000000000E+000
   0.33956290820813528E-007   0.253347531E-001   0.000000000E+000
   0.33987104151866898E-007   0.305155180E-001   0.000000000E+000
   0.34017917482920268E-007   0.334395729E-001   0.000000000E+000
   0.34048730813973638E-007   0.338178687E-001   0.000000000E+000
   0.34079544145027008E-007   0.315571204E-001   0.000000000E+000
   0.34110357476080377E-007   0.267769769E-001   0.000000000E+000
   0.34141170807133747E-007   0.198090449E-001   0.000000000E+000
   0.34171984138187117E-007   0.111766038E-001   0.000000000E+000
   0.34202797469240487E-007   0.155577622E-002   0.000000000E+000
   0.34233610800293857E-007  -0.827901717E-002   0.000000000E+000
   0.34264424131347226E-007  -0.175207108E-001   0.000000000E+000
   0.34295237462400596E-007  -0.254003108E-001   0.000000000E+000
   0.34326050793453966E-007  -0.312558748E-001   0.000000000E+000
   0.34356864124507336E-007  -0.345928967E-001   0.000000000E+000
   0.34387677455560706E-007  -0.351299569E-001   0.000000000E+000
   0.34418490786614075E-007  -0.328249335E-001   0.000000000E+000
   0.34449304117667445E-007  -0.278790072E-001   0.000000000E+000
   0.34480117448720815E-007  -0.207180493E-001   0.000000000E+000
   0.34510930779774185E-007  -0.119532179E-001   0.000000000E+000
   0.34541744110827555E-007  -0.232484099E-002   0.000000000E+000
   0.34572557441880925E-007   0.736475550E-002   0.000000000E+000
   0.34603370772934294E-007   0.163227320E-001   0.000000000E+000
   0.34634184103987664E-007   0.238345470E-001   0.000000000E+000
   0.34664997435041034E-007   0.293235760E-001   0.000000000E+000
   0.34695810766094404E-007   0.323962159E-001   0.000000000E+000
   0.34726624097147774E-007   0.328688286E-001   0.000000000E+000
   0.34757437428201143E-007   0.307749063E-001   0.000000000E+000
   0.34788250759254513E-007   0.263528805E-001   0.000000000E+000
   0.34819064090307883E-007   0.200169273E-001   0.000000000E+000
   0.34849877421361253E-007   0.123145878E-001   0.000000000E+000
   0.34880690752414623E-007   0.387602206E-002   0.000000000E+000
   0.34911504083467992E-007  -0.463992916E-002   0.000000000E+000
   0.34942317414521362E-007  -0.125978962E-001   0.000000000E+000
   0.34973130745574732E-007  -0.194321033E-001   0.000000000E+000
   0.35003944076628102E-007  -0.246833079E-001   0.000000000E+000
   0.35034757407681472E-007  -0.280246623E-001   0.000000000E+000
   0.35065570738734841E-007  -0.292758998E-001   0.000000000E+000
   0.35096384069788211E-007  -0.284063462E-001   0.000000000E+000
   0.35127197400841581E-007  -0.255281273E-001   0.000000000E+000
   0.35158010731894951E-007  -0.208814275E-001   0.000000000E+000
   0.35188824062948321E-007  -0.148138190E-001   0.000000000E+000
   0.35219637394001690E-007  -0.775555894E-002   0.000000000E+000
   0.35250450725055060E-007  -0.192417763E-003   0.000000000E+000
   0.35281264056108430E-007   0.736277318E-002   0.000000000E+000
   0.35312077387161800E-007   0.143990200E-001   0.000000000E+000
   0.35342890718215170E-007   0.204358734E-001   0.000000000E+000
   0.35373704049268540E-007   0.250513498E-001   0.000000000E+000
   0.35404517380321909E-007   0.279082377E-001   0.000000000E+000
   0.35435330711375279E-007   0.287776981E-001   0.000000000E+000
   0.35466144042428649E-007   0.275586527E-001   0.000000000E+000
   0.35496957373482019E-007   0.242911689E-001   0.000000000E+000
   0.35527770704535389E-007   0.191619191E-001   0.000000000E+000
   0.35558584035588758E-007   0.124999741E-001   0.000000000E+000
   0.35589397366642128E-007   0.476167770E-002   0.000000000E+000
   0.35620210697695498E-007  -0.349580077E-002   0.000000000E+000
   0.35651024028748868E-007  -0.116515178E-001   0.000000000E+000
   0.35681837359802238E-007  -0.190664344E-001   0.000000000E+000
   0.35712650690855607E-007  -0.251345169E-001   0.000000000E+000
   0.35743464021908977E-007  -0.293349940E-001   0.000000000E+000
   0.35774277352962347E-007  -0.312808603E-001   0.000000000E+000
   0.35805090684015717E-007  -0.307585578E-001   0.000000000E+000
   0.35835904015069087E-007  -0.277542584E-001   0.000000000E+000
   0.35866717346122456E-007  -0.224631801E-001   0.000000000E+000
   0.35897530677175826E-007  -0.152799599E-001   0.000000000E+000
   0.35928344008229196E-007  -0.676999055E-002   0.000000000E+000
   0.35959157339282566E-007   0.237629749E-002   0.000000000E+000
   0.35989970670335936E-007   0.114023481E-001   0.000000000E+000
   0.36020784001389305E-007   0.195521154E-001   0.000000000E+000
   0.36051597332442675E-007   0.261379741E-001   0.000000000E+000
   0.36082410663496045E-007   0.306031704E-001   0.000000000E+000
   0.36113223994549415E-007   0.325724930E-001   0.000000000E+000
   0.36144037325602785E-007   0.318860598E-001   0.000000000E+000
   0.36174850656656155E-007   0.286128744E-001   0.000000000E+000
   0.36205663987709524E-007   0.230428837E-001   0.000000000E+000
   0.36236477318762894E-007   0.156585891E-001   0.000000000E+000
   0.36267290649816264E-007   0.708932057E-002   0.000000000E+000
   0.36298103980869634E-007  -0.194696244E-002   0.000000000E+000
   0.36328917311923004E-007  -0.107083609E-001   0.000000000E+000
   0.36359730642976373E-007  -0.184937604E-001   0.000000000E+000
   0.36390543974029743E-007  -0.247014351E-001   0.000000000E+000
   0.36421357305083113E-007  -0.288762674E-001   0.000000000E+000
   0.36452170636136483E-007  -0.307418108E-001   0.000000000E+000
   0.36482983967189853E-007  -0.302151199E-001   0.000000000E+000
   0.36513797298243222E-007  -0.274042021E-001   0.000000000E+000
   0.36544610629296592E-007  -0.225895774E-001   0.000000000E+000
   0.36575423960349962E-007  -0.161929317E-001   0.000000000E+000
   0.36606237291403332E-007  -0.873670075E-002   0.000000000E+000
   0.36637050622456702E-007  -0.798935071E-003   0.000000000E+000
   0.36667863953510071E-007   0.703234691E-002   0.000000000E+000
   0.36698677284563441E-007   0.142016057E-001   0.000000000E+000
   0.36729490615616811E-007   0.202221498E-001   0.000000000E+000
   0.36760303946670181E-007   0.247045606E-001   0.000000000E+000
   0.36791117277723551E-007   0.273762904E-001   0.000000000E+000
   0.36821930608776920E-007   0.280924514E-001   0.000000000E+000
   0.36852743939830290E-007   0.268384386E-001   0.000000000E+000
   0.36883557270883660E-007   0.237254389E-001   0.000000000E+000
   0.36914370601937030E-007   0.189799666E-001   0.000000000E+000
   0.36945183932990400E-007   0.129285008E-001   0.000000000E+000
   0.36975997264043770E-007   0.597808370E-002   0.000000000E+000
   0.37006810595097139E-007  -0.140648289E-002   0.000000000E+000
   0.37037623926150509E-007  -0.872835889E-002   0.000000000E+000
   0.37068437257203879E-007  -0.154868020E-001   0.000000000E+000
   0.37099250588257249E-007  -0.212070346E-001   0.000000000E+000
   0.37130063919310619E-007  -0.254708007E-001   0.000000000E+000
   0.37160877250363988E-007  -0.279461164E-001   0.000000000E+000
   0.37191690581417358E-007  -0.284142271E-001   0.000000000E+000
   0.37222503912470728E-007  -0.267914534E-001   0.000000000E+000
   0.37253317243524098E-007  -0.231434293E-001   0.000000000E+000
   0.37284130574577468E-007  -0.176894404E-001   0.000000000E+000
   0.37314943905630837E-007  -0.107950643E-001   0.000000000E+000
   0.37345757236684207E-007  -0.295226183E-002   0.000000000E+000
   0.37376570567737577E-007   0.525282603E-002   0.000000000E+000
   0.37407383898790947E-007   0.131827202E-001   0.000000000E+000
   0.37438197229844317E-007   0.201991089E-001   0.000000000E+000
   0.37469010560897686E-007   0.257168822E-001   0.000000000E+000
   0.37499823891951056E-007   0.292567275E-001   0.000000000E+000
   0.37530637223004426E-007   0.304910634E-001   0.000000000E+000
   0.37561450554057796E-007   0.292783286E-001   0.000000000E+000
   0.37592263885111166E-007   0.256815720E-001   0.000000000E+000
   0.37623077216164535E-007   0.199686922E-001   0.000000000E+000
   0.37653890547217905E-007   0.125935059E-001   0.000000000E+000
   0.37684703878271275E-007   0.415882468E-002   0.000000000E+000
   0.37715517209324645E-007  -0.463531073E-002   0.000000000E+000
   0.37746330540378015E-007  -0.130534265E-001   0.000000000E+000
   0.37777143871431385E-007  -0.203904416E-001   0.000000000E+000
   0.37807957202484754E-007  -0.260350220E-001   0.000000000E+000
   0.37838770533538124E-007  -0.295241419E-001   0.000000000E+000
   0.37869583864591494E-007  -0.305834785E-001   0.000000000E+000
   0.37900397195644864E-007  -0.291497428E-001   0.000000000E+000
   0.37931210526698234E-007  -0.253730249E-001   0.000000000E+000
   0.37962023857751603E-007  -0.195993315E-001   0.000000000E+000
   0.37992837188804973E-007  -0.123355528E-001   0.000000000E+000
   0.38023650519858343E-007  -0.420085620E-002   0.000000000E+000
   0.38054463850911713E-007   0.413028430E-002   0.000000000E+000
   0.38085277181965083E-007   0.119875865E-001   0.000000000E+000
   0.38116090513018452E-007   0.187612064E-001   0.000000000E+000
   0.38146903844071822E-007   0.239496790E-001   0.000000000E+000
   0.38177717175125192E-007   0.271956678E-001   0.000000000E+000
   0.38208530506178562E-007   0.283071976E-001   0.000000000E+000
   0.38239343837231932E-007   0.272636488E-001   0.000000000E+000
   0.38270157168285301E-007   0.242074095E-001   0.000000000E+000
   0.38300970499338671E-007   0.194233172E-001   0.000000000E+000
   0.38331783830392041E-007   0.133089349E-001   0.000000000E+000
   0.38362597161445411E-007   0.633916352E-002   0.000000000E+000
   0.38393410492498781E-007  -0.971371774E-003   0.000000000E+000
   0.38424223823552150E-007  -0.810507499E-002   0.000000000E+000
   0.38455037154605520E-007  -0.145748453E-001   0.000000000E+000
   0.38485850485658890E-007  -0.199526493E-001   0.000000000E+000
   0.38516663816712260E-007  -0.238922965E-001   0.000000000E+000
   0.38547477147765630E-007  -0.261461921E-001   0.000000000E+000
   0.38578290478819000E-007  -0.265762229E-001   0.000000000E+000
   0.38609103809872369E-007  -0.251591709E-001   0.000000000E+000
   0.38639917140925739E-007  -0.219869614E-001   0.000000000E+000
   0.38670730471979109E-007  -0.172619671E-001   0.000000000E+000
   0.38701543803032479E-007  -0.112873400E-001   0.000000000E+000
   0.38732357134085849E-007  -0.445223972E-002   0.000000000E+000
   0.38763170465139218E-007   0.278819492E-002   0.000000000E+000
   0.38793983796192588E-007   0.993803516E-002   0.000000000E+000
   0.38824797127245958E-007   0.164904259E-001   0.000000000E+000
   0.38855610458299328E-007   0.219609998E-001   0.000000000E+000
   0.38886423789352698E-007   0.259230677E-001   0.000000000E+000
   0.38917237120406067E-007   0.280421041E-001   0.000000000E+000
   0.38948050451459437E-007   0.281065814E-001   0.000000000E+000
   0.38978863782512807E-007   0.260519516E-001   0.000000000E+000
   0.39009677113566177E-007   0.219747405E-001   0.000000000E+000
   0.39040490444619547E-007   0.161342621E-001   0.000000000E+000
   0.39071303775672916E-007   0.894046761E-002   0.000000000E+000
   0.39102117106726286E-007   0.927690417E-003   0.000000000E+000
   0.39132930437779656E-007  -0.728445314E-002   0.000000000E+000
   0.39163743768833026E-007  -0.150402356E-001   0.000000000E+000
   0.39194557099886396E-007  -0.217030142E-001   0.000000000E+000
   0.39225370430939765E-007  -0.267114043E-001   0.000000000E+000
   0.39256183761993135E-007  -0.296309702E-001   0.000000000E+000
   0.39286997093046505E-007  -0.301960856E-001   0.000000000E+000
   0.39317810424099875E-007  -0.283374302E-001   0.000000000E+000
   0.39348623755153245E-007  -0.241918750E-001   0.000000000E+000
   0.39379437086206615E-007  -0.180932619E-001   0.000000000E+000
   0.39410250417259984E-007  -0.105445832E-001   0.000000000E+000
   0.39441063748313354E-007  -0.217399281E-002   0.000000000E+000
   0.39471877079366724E-007   0.632113498E-002   0.000000000E+000
   0.39502690410420094E-007   0.142366299E-001   0.000000000E+000
   0.39533503741473464E-007   0.209242404E-001   0.000000000E+000
   0.39564317072526833E-007   0.258484688E-001   0.000000000E+000
   0.39595130403580203E-007   0.286320336E-001   0.000000000E+000
   0.39625943734633573E-007   0.290857162E-001   0.000000000E+000
   0.39656757065686943E-007   0.272201188E-001   0.000000000E+000
   0.39687570396740313E-007   0.232387744E-001   0.000000000E+000
   0.39718383727793682E-007   0.175140239E-001   0.000000000E+000
   0.39749197058847052E-007   0.105487471E-001   0.000000000E+000
   0.39780010389900422E-007   0.292836269E-002   0.000000000E+000
   0.39810823720953792E-007  -0.473180506E-002   0.000000000E+000
   0.39841637052007162E-007  -0.118385479E-001   0.000000000E+000
   0.39872450383060531E-007  -0.178674329E-001   0.000000000E+000
   0.39903263714113901E-007  -0.224003047E-001   0.000000000E+000
   0.39934077045167271E-007  -0.251511168E-001   0.000000000E+000
   0.39964890376220641E-007  -0.259790178E-001   0.000000000E+000
   0.39995703707274011E-007  -0.248889960E-001   0.000000000E+000
