t              SphereRCS.fdtd_Point probe_Ez_50_50_13.dat       incid
   0.00000000000000000E+000   0.000000000E+000   0.000000000E+000
   0.30813327583922856E-010   0.000000000E+000   0.000000000E+000
   0.61626655167845712E-010   0.000000000E+000   0.000000000E+000
   0.92439982751768568E-010   0.000000000E+000   0.000000000E+000
   0.12325331033569142E-009   0.000000000E+000   0.000000000E+000
   0.15406663791961428E-009   0.000000000E+000   0.000000000E+000
   0.18487996550353714E-009   0.000000000E+000   0.000000000E+000
   0.21569329308745999E-009   0.000000000E+000   0.000000000E+000
   0.24650662067138285E-009   0.000000000E+000   0.000000000E+000
   0.27731994825530570E-009   0.000000000E+000   0.000000000E+000
   0.30813327583922856E-009   0.000000000E+000   0.000000000E+000
   0.33894660342315142E-009   0.000000000E+000  -0.210102457E-014
   0.36975993100707427E-009   0.000000000E+000  -0.542205610E-014
   0.40057325859099713E-009   0.000000000E+000  -0.133781527E-013
   0.43138658617491998E-009   0.000000000E+000  -0.311337734E-013
   0.46219991375884284E-009   0.000000000E+000  -0.678536952E-013
   0.49301324134276570E-009   0.000000000E+000  -0.136884712E-012
   0.52382656892668855E-009   0.000000000E+000  -0.307993025E-012
   0.55463989651061141E-009   0.000000000E+000  -0.666796804E-012
   0.58545322409453426E-009   0.000000000E+000  -0.137186746E-011
   0.61626655167845712E-009   0.000000000E+000  -0.267442015E-011
   0.64707987926237998E-009   0.000000000E+000  -0.492063768E-011
   0.67789320684630283E-009   0.000000000E+000  -0.968676094E-011
   0.70870653443022569E-009   0.000000000E+000  -0.184320632E-010
   0.73951986201414854E-009   0.000000000E+000  -0.335669548E-010
   0.77033318959807140E-009   0.000000000E+000  -0.585070603E-010
   0.80114651718199426E-009   0.000000000E+000  -0.976477510E-010
   0.83195984476591711E-009   0.000000000E+000  -0.168702996E-009
   0.86277317234983997E-009   0.000000000E+000  -0.282635942E-009
   0.89358649993376282E-009   0.000000000E+000  -0.456126636E-009
   0.92439982751768568E-009   0.000000000E+000  -0.710350834E-009
   0.95521315510160854E-009   0.000000000E+000  -0.107019049E-008
   0.98602648268553139E-009   0.000000000E+000  -0.162712255E-008
   0.10168398102694542E-008   0.000000000E+000  -0.240461584E-008
   0.10476531378533771E-008   0.000000000E+000  -0.344251672E-008
   0.10784664654373000E-008   0.000000000E+000  -0.478605866E-008
   0.11092797930212228E-008   0.000000000E+000  -0.647987974E-008
   0.11400931206051457E-008   0.000000000E+000  -0.869203109E-008
   0.11709064481890685E-008   0.000000000E+000  -0.113531557E-007
   0.12017197757729914E-008   0.000000000E+000  -0.144313530E-007
   0.12325331033569142E-008   0.000000000E+000  -0.178923543E-007
   0.12633464309408371E-008   0.000000000E+000  -0.216817906E-007
   0.12941597585247600E-008   0.000000000E+000  -0.257202899E-007
   0.13249730861086828E-008   0.000000000E+000  -0.297523446E-007
   0.13557864136926057E-008   0.000000000E+000  -0.336039641E-007
   0.13865997412765285E-008   0.000000000E+000  -0.371089683E-007
   0.14174130688604514E-008  -0.145940204E-023  -0.400996072E-007
   0.14482263964443742E-008  -0.955108292E-022  -0.421635136E-007
   0.14790397240282971E-008  -0.291617845E-021  -0.432847358E-007
   0.15098530516122199E-008   0.251265057E-020  -0.434629293E-007
   0.15406663791961428E-008   0.372930082E-019  -0.426916351E-007
   0.15714797067800657E-008   0.301474065E-018  -0.409992857E-007
   0.16022930343639885E-008   0.884317390E-018  -0.382962568E-007
   0.16331063619479114E-008  -0.105915936E-016  -0.349641098E-007
   0.16639196895318342E-008  -0.137520378E-015  -0.312226867E-007
   0.16947330171157571E-008  -0.767585915E-015  -0.272387091E-007
   0.17255463446996799E-008  -0.250593617E-014  -0.231773214E-007
   0.17563596722836028E-008  -0.442310102E-014  -0.192746619E-007
   0.17871729998675256E-008  -0.159204205E-014  -0.156833124E-007
   0.18179863274514485E-008   0.121336741E-013  -0.124567858E-007
   0.18487996550353714E-008  -0.971657867E-012  -0.963682467E-008
   0.18796129826192942E-008  -0.130562410E-010  -0.724516180E-008
   0.19104263102032171E-008  -0.983659942E-011  -0.537624389E-008
   0.19412396377871399E-008   0.872774561E-010  -0.390680732E-008
   0.19720529653710628E-008  -0.140766593E-009  -0.275978151E-008
   0.20028662929549856E-008  -0.433308944E-008  -0.189020510E-008
   0.20336796205389085E-008  -0.921307297E-008  -0.125246991E-008
   0.20644929481228314E-008  -0.311483062E-008  -0.831151981E-009
   0.20953062757067542E-008   0.111695115E-007  -0.540505807E-009
   0.21261196032906771E-008   0.198020409E-007  -0.339478751E-009
   0.21569329308745999E-008   0.185396125E-007  -0.205511053E-009
   0.21877462584585228E-008   0.133070106E-007  -0.119743285E-009
   0.22185595860424456E-008   0.770154607E-008  -0.712259626E-010
   0.22493729136263685E-008   0.155808806E-007  -0.415322984E-010
   0.22801862412102913E-008   0.632223660E-007  -0.231815522E-010
   0.23109995687942142E-008   0.157178988E-006  -0.123832663E-010
   0.23418128963781371E-008   0.291260392E-006  -0.633168908E-011
   0.23726262239620599E-008   0.505370679E-006  -0.338367724E-011
   0.24034395515459828E-008   0.882006248E-006  -0.177243582E-011
   0.24342528791299056E-008   0.150029859E-005  -0.878582363E-012
   0.24650662067138285E-008   0.249731147E-005  -0.413463128E-012
   0.24958795342977513E-008   0.415123850E-005  -0.185178492E-012
   0.25266928618816742E-008   0.680798939E-005  -0.891184506E-013
   0.25575061894655970E-008   0.108521026E-004  -0.420082771E-013
   0.25883195170495199E-008   0.169015184E-004  -0.184774969E-013
   0.26191328446334428E-008   0.259299813E-004  -0.764838395E-014
   0.26499461722173656E-008   0.390910827E-004  -0.299554917E-014
   0.26807594998012885E-008   0.576333405E-004  -0.130138258E-014
   0.27115728273852113E-008   0.830946228E-004  -0.552899909E-015
   0.27423861549691342E-008   0.117439100E-003  -0.215592623E-015
   0.27731994825530570E-008   0.162623153E-003  -0.783734771E-016
   0.28040128101369799E-008   0.220234375E-003  -0.268033038E-016
   0.28348261377209028E-008   0.291364675E-003  -0.105368574E-016
   0.28656394653048256E-008   0.376391457E-003  -0.404063957E-017
   0.28964527928887485E-008   0.474386994E-003  -0.139525817E-017
   0.29272661204726713E-008   0.582321081E-003  -0.444803036E-018
   0.29580794480565942E-008   0.694719260E-003  -0.132656532E-018
   0.29888927756405170E-008   0.803571078E-003  -0.473045625E-019
   0.30197061032244399E-008   0.898047816E-003  -0.163942011E-019
   0.30505194308083627E-008   0.964679522E-003  -0.500743275E-020
   0.30813327583922856E-008   0.988172251E-003   0.000000000E+000
   0.31121460859762085E-008   0.952715985E-003   0.000000000E+000
   0.31429594135601313E-008   0.843619811E-003   0.000000000E+000
   0.31737727411440542E-008   0.649470894E-003   0.000000000E+000
   0.32045860687279770E-008   0.364261388E-003   0.000000000E+000
   0.32353993963118999E-008  -0.107889937E-004   0.000000000E+000
   0.32662127238958227E-008  -0.465567020E-003   0.000000000E+000
   0.32970260514797456E-008  -0.980052864E-003   0.000000000E+000
   0.33278393790636684E-008  -0.152512314E-002   0.000000000E+000
   0.33586527066475913E-008  -0.206464250E-002   0.000000000E+000
   0.33894660342315142E-008  -0.255817408E-002   0.000000000E+000
   0.34202793618154370E-008  -0.296445074E-002   0.000000000E+000
   0.34510926893993599E-008  -0.324581307E-002   0.000000000E+000
   0.34819060169832827E-008  -0.337272789E-002   0.000000000E+000
   0.35127193445672056E-008  -0.332710869E-002   0.000000000E+000
   0.35435326721511284E-008  -0.310418801E-002   0.000000000E+000
   0.35743459997350513E-008  -0.271305395E-002   0.000000000E+000
   0.36051593273189741E-008  -0.217575580E-002   0.000000000E+000
   0.36359726549028970E-008  -0.152500090E-002   0.000000000E+000
   0.36667859824868199E-008  -0.800623326E-003   0.000000000E+000
   0.36975993100707427E-008  -0.451858505E-004   0.000000000E+000
   0.37284126376546656E-008   0.700185832E-003   0.000000000E+000
   0.37592259652385884E-008   0.139887340E-002   0.000000000E+000
   0.37900392928225113E-008   0.202116510E-002   0.000000000E+000
   0.38208526204064341E-008   0.254633557E-002   0.000000000E+000
   0.38516659479903570E-008   0.296328077E-002   0.000000000E+000
   0.38824792755742799E-008   0.326908776E-002   0.000000000E+000
   0.39132926031582027E-008   0.346676586E-002   0.000000000E+000
   0.39441059307421256E-008   0.356317614E-002   0.000000000E+000
   0.39749192583260484E-008   0.356659293E-002   0.000000000E+000
   0.40057325859099713E-008   0.348387240E-002   0.000000000E+000
   0.40365459134938941E-008   0.331859034E-002   0.000000000E+000
   0.40673592410778170E-008   0.307076704E-002   0.000000000E+000
   0.40981725686617398E-008   0.273758941E-002   0.000000000E+000
   0.41289858962456627E-008   0.231495243E-002   0.000000000E+000
   0.41597992238295856E-008   0.180015562E-002   0.000000000E+000
   0.41906125514135084E-008   0.119528221E-002   0.000000000E+000
   0.42214258789974313E-008   0.510356971E-003   0.000000000E+000
   0.42522392065813541E-008  -0.234124425E-003   0.000000000E+000
   0.42830525341652770E-008  -0.100579241E-002   0.000000000E+000
   0.43138658617491998E-008  -0.176106347E-002   0.000000000E+000
   0.43446791893331227E-008  -0.244835415E-002   0.000000000E+000
   0.43754925169170455E-008  -0.301343086E-002   0.000000000E+000
   0.44063058445009684E-008  -0.340614468E-002   0.000000000E+000
   0.44371191720848913E-008  -0.358755467E-002   0.000000000E+000
   0.44679324996688141E-008  -0.353595964E-002   0.000000000E+000
   0.44987458272527370E-008  -0.325051113E-002   0.000000000E+000
   0.45295591548366598E-008  -0.275188591E-002   0.000000000E+000
   0.45603724824205827E-008  -0.208018324E-002   0.000000000E+000
   0.45911858100045055E-008  -0.129061285E-002   0.000000000E+000
   0.46219991375884284E-008  -0.447838625E-003   0.000000000E+000
   0.46528124651723513E-008   0.380339217E-003   0.000000000E+000
   0.46836257927562741E-008   0.112979638E-002   0.000000000E+000
   0.47144391203401970E-008   0.174708478E-002   0.000000000E+000
   0.47452524479241198E-008   0.219569285E-002   0.000000000E+000
   0.47760657755080427E-008   0.246049324E-002   0.000000000E+000
   0.48068791030919655E-008   0.254965667E-002   0.000000000E+000
   0.48376924306758884E-008   0.249308394E-002   0.000000000E+000
   0.48685057582598112E-008   0.233654724E-002   0.000000000E+000
   0.48993190858437341E-008   0.213249796E-002   0.000000000E+000
   0.49301324134276570E-008   0.193046057E-002   0.000000000E+000
   0.49609457410115798E-008   0.176955585E-002   0.000000000E+000
   0.49917590685955027E-008   0.167409226E-002   0.000000000E+000
   0.50225723961794255E-008   0.165229291E-002   0.000000000E+000
   0.50533857237633484E-008   0.169764413E-002   0.000000000E+000
   0.50841990513472712E-008   0.179149839E-002   0.000000000E+000
   0.51150123789311941E-008   0.190552673E-002   0.000000000E+000
   0.51458257065151169E-008   0.200387440E-002   0.000000000E+000
   0.51766390340990398E-008   0.204569846E-002   0.000000000E+000
   0.52074523616829627E-008   0.198883144E-002   0.000000000E+000
   0.52382656892668855E-008   0.179539830E-002   0.000000000E+000
   0.52690790168508084E-008   0.143917231E-002   0.000000000E+000
   0.52998923444347312E-008   0.912067539E-003   0.000000000E+000
   0.53307056720186541E-008   0.226445962E-003   0.000000000E+000
   0.53615189996025769E-008  -0.587398943E-003   0.000000000E+000
   0.53923323271864998E-008  -0.148589106E-002   0.000000000E+000
   0.54231456547704227E-008  -0.241568871E-002   0.000000000E+000
   0.54539589823543455E-008  -0.331521221E-002   0.000000000E+000
   0.54847723099382684E-008  -0.411671493E-002   0.000000000E+000
   0.55155856375221912E-008  -0.475226855E-002   0.000000000E+000
   0.55463989651061141E-008  -0.516365189E-002   0.000000000E+000
   0.55772122926900369E-008  -0.531187141E-002   0.000000000E+000
   0.56080256202739598E-008  -0.518279290E-002   0.000000000E+000
   0.56388389478578826E-008  -0.478928536E-002   0.000000000E+000
   0.56696522754418055E-008  -0.417143758E-002   0.000000000E+000
   0.57004656030257284E-008  -0.339351036E-002   0.000000000E+000
   0.57312789306096512E-008  -0.253502373E-002   0.000000000E+000
   0.57620922581935741E-008  -0.167692814E-002   0.000000000E+000
   0.57929055857774969E-008  -0.888522365E-003   0.000000000E+000
   0.58237189133614198E-008  -0.220178626E-003   0.000000000E+000
   0.58545322409453426E-008   0.299653388E-003   0.000000000E+000
   0.58853455685292655E-008   0.668989785E-003   0.000000000E+000
   0.59161588961131883E-008   0.918242731E-003   0.000000000E+000
   0.59469722236971112E-008   0.110752182E-002   0.000000000E+000
   0.59777855512810341E-008   0.130743010E-002   0.000000000E+000
   0.60085988788649569E-008   0.157228066E-002   0.000000000E+000
   0.60394122064488798E-008   0.192616065E-002   0.000000000E+000
   0.60702255340328026E-008   0.237044273E-002   0.000000000E+000
   0.61010388616167255E-008   0.289638154E-002   0.000000000E+000
   0.61318521892006483E-008   0.347983418E-002   0.000000000E+000
   0.61626655167845712E-008   0.405964721E-002   0.000000000E+000
   0.61934788443684941E-008   0.452971319E-002   0.000000000E+000
   0.62242921719524169E-008   0.476877298E-002   0.000000000E+000
   0.62551054995363398E-008   0.469238404E-002   0.000000000E+000
   0.62859188271202626E-008   0.428295694E-002   0.000000000E+000
   0.63167321547041855E-008   0.357283466E-002   0.000000000E+000
   0.63475454822881083E-008   0.260410202E-002   0.000000000E+000
   0.63783588098720312E-008   0.141345605E-002   0.000000000E+000
   0.64091721374559540E-008   0.608714763E-004   0.000000000E+000
   0.64399854650398769E-008  -0.133405789E-002   0.000000000E+000
   0.64707987926237998E-008  -0.260328827E-002   0.000000000E+000
   0.65016121202077226E-008  -0.359849748E-002   0.000000000E+000
   0.65324254477916455E-008  -0.425846828E-002   0.000000000E+000
   0.65632387753755683E-008  -0.460727373E-002   0.000000000E+000
   0.65940521029594912E-008  -0.468514487E-002   0.000000000E+000
   0.66248654305434140E-008  -0.449135294E-002   0.000000000E+000
   0.66556787581273369E-008  -0.400698185E-002   0.000000000E+000
   0.66864920857112597E-008  -0.326921209E-002   0.000000000E+000
   0.67173054132951826E-008  -0.240281690E-002   0.000000000E+000
   0.67481187408791055E-008  -0.156326243E-002   0.000000000E+000
   0.67789320684630283E-008  -0.848083815E-003   0.000000000E+000
   0.68097453960469512E-008  -0.263762486E-003   0.000000000E+000
   0.68405587236308740E-008   0.229782658E-003   0.000000000E+000
   0.68713720512147969E-008   0.647926703E-003   0.000000000E+000
   0.69021853787987197E-008   0.948430854E-003   0.000000000E+000
   0.69329987063826426E-008   0.106834422E-002   0.000000000E+000
   0.69638120339665655E-008   0.100370566E-002   0.000000000E+000
   0.69946253615504883E-008   0.848082360E-003   0.000000000E+000
   0.70254386891344112E-008   0.722765573E-003   0.000000000E+000
   0.70562520167183340E-008   0.655016338E-003   0.000000000E+000
   0.70870653443022569E-008   0.555793289E-003   0.000000000E+000
   0.71178786718861797E-008   0.345975393E-003   0.000000000E+000
   0.71486919994701026E-008   0.749122701E-004   0.000000000E+000
   0.71795053270540254E-008  -0.134559246E-003   0.000000000E+000
   0.72103186546379483E-008  -0.243867849E-003   0.000000000E+000
   0.72411319822218712E-008  -0.340177037E-003   0.000000000E+000
   0.72719453098057940E-008  -0.510601967E-003   0.000000000E+000
   0.73027586373897169E-008  -0.730728672E-003   0.000000000E+000
   0.73335719649736397E-008  -0.903525506E-003   0.000000000E+000
   0.73643852925575626E-008  -0.964713341E-003   0.000000000E+000
   0.73951986201414854E-008  -0.920712599E-003   0.000000000E+000
   0.74260119477254083E-008  -0.822207774E-003   0.000000000E+000
   0.74568252753093311E-008  -0.733970315E-003   0.000000000E+000
   0.74876386028932540E-008  -0.695440860E-003   0.000000000E+000
   0.75184519304771769E-008  -0.672393420E-003   0.000000000E+000
   0.75492652580610997E-008  -0.575961720E-003   0.000000000E+000
   0.75800785856450226E-008  -0.369275513E-003   0.000000000E+000
   0.76108919132289454E-008  -0.131148510E-003   0.000000000E+000
   0.76417052408128683E-008   0.290781172E-004   0.000000000E+000
   0.76725185683967911E-008   0.105168918E-003   0.000000000E+000
   0.77033318959807140E-008   0.202895142E-003   0.000000000E+000
   0.77341452235646369E-008   0.423176971E-003   0.000000000E+000
   0.77649585511485597E-008   0.767636229E-003   0.000000000E+000
   0.77957718787324826E-008   0.115075463E-002   0.000000000E+000
   0.78265852063164054E-008   0.147284358E-002   0.000000000E+000
   0.78573985339003283E-008   0.168259221E-002   0.000000000E+000
   0.78882118614842511E-008   0.179353147E-002   0.000000000E+000
   0.79190251890681740E-008   0.184504734E-002   0.000000000E+000
   0.79498385166520968E-008   0.184184872E-002   0.000000000E+000
   0.79806518442360197E-008   0.174053537E-002   0.000000000E+000
   0.80114651718199426E-008   0.149854715E-002   0.000000000E+000
   0.80422784994038654E-008   0.111793680E-002   0.000000000E+000
   0.80730918269877883E-008   0.637891644E-003   0.000000000E+000
   0.81039051545717111E-008   0.113217626E-003   0.000000000E+000
   0.81347184821556340E-008  -0.388325774E-003   0.000000000E+000
   0.81655318097395568E-008  -0.801575021E-003   0.000000000E+000
   0.81963451373234797E-008  -0.110615999E-002   0.000000000E+000
   0.82271584649074025E-008  -0.133811659E-002   0.000000000E+000
   0.82579717924913254E-008  -0.153741182E-002   0.000000000E+000
   0.82887851200752483E-008  -0.169300835E-002   0.000000000E+000
   0.83195984476591711E-008  -0.175550580E-002   0.000000000E+000
   0.83504117752430940E-008  -0.169660861E-002   0.000000000E+000
   0.83812251028270168E-008  -0.154237275E-002   0.000000000E+000
   0.84120384304109397E-008  -0.134868175E-002   0.000000000E+000
   0.84428517579948625E-008  -0.115016173E-002   0.000000000E+000
   0.84736650855787854E-008  -0.935808057E-003   0.000000000E+000
   0.85044784131627083E-008  -0.677685486E-003   0.000000000E+000
   0.85352917407466311E-008  -0.379716075E-003   0.000000000E+000
   0.85661050683305540E-008  -0.829708297E-004   0.000000000E+000
   0.85969183959144768E-008   0.179586234E-003   0.000000000E+000
   0.86277317234983997E-008   0.408667984E-003   0.000000000E+000
   0.86585450510823225E-008   0.603698776E-003   0.000000000E+000
   0.86893583786662454E-008   0.729563646E-003   0.000000000E+000
   0.87201717062501682E-008   0.750866486E-003   0.000000000E+000
   0.87509850338340911E-008   0.683823077E-003   0.000000000E+000
   0.87817983614180140E-008   0.576005026E-003   0.000000000E+000
   0.88126116890019368E-008   0.442403107E-003   0.000000000E+000
   0.88434250165858597E-008   0.267908094E-003   0.000000000E+000
   0.88742383441697825E-008   0.778652029E-004   0.000000000E+000
   0.89050516717537054E-008  -0.491572282E-004   0.000000000E+000
   0.89358649993376282E-008  -0.690855595E-004   0.000000000E+000
   0.89666783269215511E-008  -0.266288225E-004   0.000000000E+000
   0.89974916545054739E-008   0.248825163E-004   0.000000000E+000
   0.90283049820893968E-008   0.120755292E-003   0.000000000E+000
   0.90591183096733197E-008   0.333182106E-003   0.000000000E+000
   0.90899316372572425E-008   0.633800693E-003   0.000000000E+000
   0.91207449648411654E-008   0.886295689E-003   0.000000000E+000
   0.91515582924250882E-008   0.998003525E-003   0.000000000E+000
   0.91823716200090111E-008   0.101271400E-002   0.000000000E+000
   0.92131849475929339E-008   0.101190887E-002   0.000000000E+000
   0.92439982751768568E-008   0.980730518E-003   0.000000000E+000
   0.92748116027607796E-008   0.838795095E-003   0.000000000E+000
   0.93056249303447025E-008   0.575578713E-003   0.000000000E+000
   0.93364382579286254E-008   0.276922452E-003   0.000000000E+000
   0.93672515855125482E-008   0.106356165E-004   0.000000000E+000
   0.93980649130964711E-008  -0.240494439E-003   0.000000000E+000
   0.94288782406803939E-008  -0.494209700E-003   0.000000000E+000
   0.94596915682643168E-008  -0.679149001E-003   0.000000000E+000
   0.94905048958482396E-008  -0.702954014E-003   0.000000000E+000
   0.95213182234321625E-008  -0.586646493E-003   0.000000000E+000
   0.95521315510160854E-008  -0.449053739E-003   0.000000000E+000
   0.95829448786000082E-008  -0.347649562E-003   0.000000000E+000
   0.96137582061839311E-008  -0.214910615E-003   0.000000000E+000
   0.96445715337678539E-008   0.894628465E-005   0.000000000E+000
   0.96753848613517768E-008   0.252187601E-003   0.000000000E+000
   0.97061981889356996E-008   0.388701446E-003   0.000000000E+000
   0.97370115165196225E-008   0.393884082E-003   0.000000000E+000
   0.97678248441035453E-008   0.344202796E-003   0.000000000E+000
   0.97986381716874682E-008   0.281585759E-003   0.000000000E+000
   0.98294514992713911E-008   0.166092854E-003   0.000000000E+000
   0.98602648268553139E-008  -0.208655547E-004   0.000000000E+000
   0.98910781544392368E-008  -0.204620505E-003   0.000000000E+000
   0.99218914820231596E-008  -0.300335552E-003   0.000000000E+000
   0.99527048096070825E-008  -0.324027613E-003   0.000000000E+000
   0.99835181371910053E-008  -0.357032084E-003   0.000000000E+000
   0.10014331464774928E-007  -0.413408212E-003   0.000000000E+000
   0.10045144792358851E-007  -0.411227578E-003   0.000000000E+000
   0.10075958119942774E-007  -0.294897996E-003   0.000000000E+000
   0.10106771447526697E-007  -0.125292267E-003   0.000000000E+000
   0.10137584775110620E-007  -0.812127837E-006   0.000000000E+000
   0.10168398102694542E-007   0.694888295E-004   0.000000000E+000
   0.10199211430278465E-007   0.150177031E-003   0.000000000E+000
   0.10230024757862388E-007   0.258470245E-003   0.000000000E+000
   0.10260838085446311E-007   0.335454388E-003   0.000000000E+000
   0.10291651413030234E-007   0.347579800E-003   0.000000000E+000
   0.10322464740614157E-007   0.345161156E-003   0.000000000E+000
   0.10353278068198080E-007   0.380537647E-003   0.000000000E+000
   0.10384091395782002E-007   0.417513365E-003   0.000000000E+000
   0.10414904723365925E-007   0.378628320E-003   0.000000000E+000
   0.10445718050949848E-007   0.263393915E-003   0.000000000E+000
   0.10476531378533771E-007   0.161377771E-003   0.000000000E+000
   0.10507344706117694E-007   0.137744675E-003   0.000000000E+000
   0.10538158033701617E-007   0.153534536E-003   0.000000000E+000
   0.10568971361285540E-007   0.130699133E-003   0.000000000E+000
   0.10599784688869462E-007   0.622002190E-004   0.000000000E+000
   0.10630598016453385E-007   0.856969928E-005   0.000000000E+000
   0.10661411344037308E-007  -0.870583790E-006   0.000000000E+000
   0.10692224671621231E-007  -0.362405990E-005   0.000000000E+000
   0.10723037999205154E-007  -0.297968254E-004   0.000000000E+000
   0.10753851326789077E-007  -0.504394993E-004   0.000000000E+000
   0.10784664654373000E-007  -0.361442362E-004   0.000000000E+000
   0.10815477981956922E-007  -0.235426669E-004   0.000000000E+000
   0.10846291309540845E-007  -0.686884305E-004   0.000000000E+000
   0.10877104637124768E-007  -0.151525601E-003   0.000000000E+000
   0.10907917964708691E-007  -0.184986333E-003   0.000000000E+000
   0.10938731292292614E-007  -0.129616004E-003   0.000000000E+000
   0.10969544619876537E-007  -0.521154361E-004   0.000000000E+000
   0.11000357947460460E-007  -0.404664825E-004   0.000000000E+000
   0.11031171275044382E-007  -0.927193323E-004   0.000000000E+000
   0.11061984602628305E-007  -0.132879431E-003   0.000000000E+000
   0.11092797930212228E-007  -0.122433281E-003   0.000000000E+000
   0.11123611257796151E-007  -0.102545528E-003   0.000000000E+000
   0.11154424585380074E-007  -0.116784300E-003   0.000000000E+000
   0.11185237912963997E-007  -0.146297069E-003   0.000000000E+000
   0.11216051240547920E-007  -0.155185044E-003   0.000000000E+000
   0.11246864568131842E-007  -0.157413640E-003   0.000000000E+000
   0.11277677895715765E-007  -0.186185964E-003   0.000000000E+000
   0.11308491223299688E-007  -0.218375731E-003   0.000000000E+000
   0.11339304550883611E-007  -0.190447288E-003   0.000000000E+000
   0.11370117878467534E-007  -0.951965048E-004   0.000000000E+000
   0.11400931206051457E-007  -0.904541957E-005   0.000000000E+000
   0.11431744533635380E-007   0.328532496E-005   0.000000000E+000
   0.11462557861219302E-007  -0.271045647E-004   0.000000000E+000
   0.11493371188803225E-007  -0.222706403E-004   0.000000000E+000
   0.11524184516387148E-007   0.334378565E-004   0.000000000E+000
   0.11554997843971071E-007   0.812679355E-004   0.000000000E+000
   0.11585811171554994E-007   0.800445487E-004   0.000000000E+000
   0.11616624499138917E-007   0.573870529E-004   0.000000000E+000
   0.11647437826722840E-007   0.516957662E-004   0.000000000E+000
   0.11678251154306762E-007   0.513711420E-004   0.000000000E+000
   0.11709064481890685E-007   0.305276844E-004   0.000000000E+000
   0.11739877809474608E-007   0.119382003E-004   0.000000000E+000
   0.11770691137058531E-007   0.414069145E-004   0.000000000E+000
   0.11801504464642454E-007   0.109051412E-003   0.000000000E+000
   0.11832317792226377E-007   0.148652689E-003   0.000000000E+000
   0.11863131119810300E-007   0.126473955E-003   0.000000000E+000
   0.11893944447394222E-007   0.881918677E-004   0.000000000E+000
   0.11924757774978145E-007   0.932769035E-004   0.000000000E+000
   0.11955571102562068E-007   0.133419002E-003   0.000000000E+000
   0.11986384430145991E-007   0.149825602E-003   0.000000000E+000
   0.12017197757729914E-007   0.114789291E-003   0.000000000E+000
   0.12048011085313837E-007   0.568600335E-004   0.000000000E+000
   0.12078824412897760E-007   0.664480103E-005   0.000000000E+000
   0.12109637740481682E-007  -0.408433480E-004   0.000000000E+000
   0.12140451068065605E-007  -0.932663243E-004   0.000000000E+000
   0.12171264395649528E-007  -0.126210143E-003   0.000000000E+000
   0.12202077723233451E-007  -0.114838171E-003   0.000000000E+000
   0.12232891050817374E-007  -0.811870195E-004   0.000000000E+000
   0.12263704378401297E-007  -0.712471738E-004   0.000000000E+000
   0.12294517705985220E-007  -0.878325955E-004   0.000000000E+000
   0.12325331033569142E-007  -0.823280207E-004   0.000000000E+000
   0.12356144361153065E-007  -0.229943289E-004   0.000000000E+000
   0.12386957688736988E-007   0.576767088E-004   0.000000000E+000
   0.12417771016320911E-007   0.102160513E-003   0.000000000E+000
   0.12448584343904834E-007   0.944989151E-004   0.000000000E+000
   0.12479397671488757E-007   0.652200251E-004   0.000000000E+000
   0.12510210999072680E-007   0.422482626E-004   0.000000000E+000
   0.12541024326656602E-007   0.249874865E-004   0.000000000E+000
   0.12571837654240525E-007   0.724972051E-005   0.000000000E+000
   0.12602650981824448E-007  -0.278973857E-005   0.000000000E+000
   0.12633464309408371E-007  -0.774350610E-007   0.000000000E+000
   0.12664277636992294E-007  -0.157255400E-006   0.000000000E+000
   0.12695090964576217E-007  -0.171468455E-004   0.000000000E+000
   0.12725904292160140E-007  -0.336004305E-004   0.000000000E+000
   0.12756717619744062E-007  -0.164163157E-004   0.000000000E+000
   0.12787530947327985E-007   0.362494029E-004   0.000000000E+000
   0.12818344274911908E-007   0.848668569E-004   0.000000000E+000
   0.12849157602495831E-007   0.933667325E-004   0.000000000E+000
   0.12879970930079754E-007   0.688965301E-004   0.000000000E+000
   0.12910784257663677E-007   0.457465721E-004   0.000000000E+000
   0.12941597585247600E-007   0.411884976E-004   0.000000000E+000
   0.12972410912831522E-007   0.430090076E-004   0.000000000E+000
   0.13003224240415445E-007   0.361971943E-004   0.000000000E+000
   0.13034037567999368E-007   0.236671440E-004   0.000000000E+000
   0.13064850895583291E-007   0.152051507E-004   0.000000000E+000
   0.13095664223167214E-007   0.104984947E-004   0.000000000E+000
   0.13126477550751137E-007   0.568818268E-005   0.000000000E+000
   0.13157290878335060E-007   0.880684365E-005   0.000000000E+000
   0.13188104205918982E-007   0.321133375E-004   0.000000000E+000
   0.13218917533502905E-007   0.681461024E-004   0.000000000E+000
   0.13249730861086828E-007   0.888944851E-004   0.000000000E+000
   0.13280544188670751E-007   0.773525971E-004   0.000000000E+000
   0.13311357516254674E-007   0.498477457E-004   0.000000000E+000
   0.13342170843838597E-007   0.354676304E-004   0.000000000E+000
   0.13372984171422519E-007   0.391794019E-004   0.000000000E+000
   0.13403797499006442E-007   0.396792784E-004   0.000000000E+000
   0.13434610826590365E-007   0.231759641E-004   0.000000000E+000
   0.13465424154174288E-007   0.266630013E-005   0.000000000E+000
   0.13496237481758211E-007  -0.387729597E-005   0.000000000E+000
   0.13527050809342134E-007   0.127563453E-006   0.000000000E+000
   0.13557864136926057E-007   0.381418232E-006   0.000000000E+000
   0.13588677464509979E-007  -0.693825314E-006   0.000000000E+000
   0.13619490792093902E-007   0.119951155E-004   0.000000000E+000
   0.13650304119677825E-007   0.347646928E-004   0.000000000E+000
   0.13681117447261748E-007   0.409265485E-004   0.000000000E+000
   0.13711930774845671E-007   0.187562564E-004   0.000000000E+000
   0.13742744102429594E-007  -0.534610990E-005   0.000000000E+000
   0.13773557430013517E-007  -0.441016255E-006   0.000000000E+000
   0.13804370757597439E-007   0.244168095E-004   0.000000000E+000
   0.13835184085181362E-007   0.330584662E-004   0.000000000E+000
   0.13865997412765285E-007   0.150332235E-004   0.000000000E+000
   0.13896810740349208E-007  -0.195626671E-005   0.000000000E+000
   0.13927624067933131E-007   0.230436353E-005   0.000000000E+000
   0.13958437395517054E-007   0.106889365E-004   0.000000000E+000
   0.13989250723100977E-007   0.120664663E-005   0.000000000E+000
   0.14020064050684899E-007  -0.148807594E-004   0.000000000E+000
   0.14050877378268822E-007  -0.148690297E-004   0.000000000E+000
   0.14081690705852745E-007  -0.911341795E-005   0.000000000E+000
   0.14112504033436668E-007  -0.281634275E-004   0.000000000E+000
   0.14143317361020591E-007  -0.674929761E-004   0.000000000E+000
   0.14174130688604514E-007  -0.830224308E-004   0.000000000E+000
   0.14204944016188437E-007  -0.546148694E-004   0.000000000E+000
   0.14235757343772359E-007  -0.203501077E-004   0.000000000E+000
   0.14266570671356282E-007  -0.223084753E-004   0.000000000E+000
   0.14297383998940205E-007  -0.440189324E-004   0.000000000E+000
   0.14328197326524128E-007  -0.372848335E-004   0.000000000E+000
   0.14359010654108051E-007   0.328653550E-005   0.000000000E+000
   0.14389823981691974E-007   0.351635172E-004   0.000000000E+000
   0.14420637309275897E-007   0.369367990E-004   0.000000000E+000
   0.14451450636859819E-007   0.370077687E-004   0.000000000E+000
   0.14482263964443742E-007   0.571234777E-004   0.000000000E+000
   0.14513077292027665E-007   0.700265664E-004   0.000000000E+000
   0.14543890619611588E-007   0.469156221E-004   0.000000000E+000
   0.14574703947195511E-007   0.149745101E-004   0.000000000E+000
   0.14605517274779434E-007   0.210012513E-004   0.000000000E+000
   0.14636330602363357E-007   0.537216947E-004   0.000000000E+000
   0.14667143929947279E-007   0.552652600E-004   0.000000000E+000
   0.14697957257531202E-007   0.117380914E-004   0.000000000E+000
   0.14728770585115125E-007  -0.211225888E-004   0.000000000E+000
   0.14759583912699048E-007  -0.232113052E-005   0.000000000E+000
   0.14790397240282971E-007   0.326933514E-004   0.000000000E+000
   0.14821210567866894E-007   0.310641808E-004   0.000000000E+000
   0.14852023895450817E-007   0.544883369E-005   0.000000000E+000
   0.14882837223034739E-007   0.685891428E-005   0.000000000E+000
   0.14913650550618662E-007   0.362944265E-004   0.000000000E+000
   0.14944463878202585E-007   0.448048559E-004   0.000000000E+000
   0.14975277205786508E-007   0.213184012E-004   0.000000000E+000
   0.15006090533370431E-007   0.165296151E-004   0.000000000E+000
   0.15036903860954354E-007   0.566299168E-004   0.000000000E+000
   0.15067717188538277E-007   0.906642381E-004   0.000000000E+000
   0.15098530516122199E-007   0.668529392E-004   0.000000000E+000
   0.15129343843706122E-007   0.178809241E-004   0.000000000E+000
   0.15160157171290045E-007   0.124079743E-004   0.000000000E+000
   0.15190970498873968E-007   0.470809355E-004   0.000000000E+000
   0.15221783826457891E-007   0.541610534E-004   0.000000000E+000
   0.15252597154041814E-007   0.126244449E-004   0.000000000E+000
   0.15283410481625737E-007  -0.192905754E-004   0.000000000E+000
   0.15314223809209659E-007  -0.232294951E-005   0.000000000E+000
   0.15345037136793582E-007   0.195772336E-004   0.000000000E+000
   0.15375850464377505E-007  -0.303553315E-005   0.000000000E+000
   0.15406663791961428E-007  -0.367581051E-004   0.000000000E+000
   0.15437477119545351E-007  -0.191390263E-004   0.000000000E+000
   0.15468290447129274E-007   0.314995705E-004   0.000000000E+000
   0.15499103774713197E-007   0.375953605E-004   0.000000000E+000
   0.15529917102297119E-007  -0.124224498E-004   0.000000000E+000
   0.15560730429881042E-007  -0.413476300E-004   0.000000000E+000
   0.15591543757464965E-007  -0.584524605E-005   0.000000000E+000
   0.15622357085048888E-007   0.344311520E-004   0.000000000E+000
   0.15653170412632811E-007   0.158467956E-004   0.000000000E+000
   0.15683983740216734E-007  -0.249409932E-004   0.000000000E+000
   0.15714797067800657E-007  -0.140957445E-004   0.000000000E+000
   0.15745610395384579E-007   0.344413857E-004   0.000000000E+000
   0.15776423722968502E-007   0.420073520E-004   0.000000000E+000
   0.15807237050552425E-007  -0.648942660E-006   0.000000000E+000
   0.15838050378136348E-007  -0.140871271E-004   0.000000000E+000
   0.15868863705720271E-007   0.367516441E-004   0.000000000E+000
   0.15899677033304194E-007   0.775532826E-004   0.000000000E+000
   0.15930490360888117E-007   0.420378710E-004   0.000000000E+000
   0.15961303688472039E-007  -0.175343230E-004   0.000000000E+000
   0.15992117016055962E-007  -0.121447501E-004   0.000000000E+000
   0.16022930343639885E-007   0.400351710E-004   0.000000000E+000
   0.16053743671223808E-007   0.446254853E-004   0.000000000E+000
   0.16084556998807731E-007  -0.124795879E-004   0.000000000E+000
   0.16115370326391654E-007  -0.418051895E-004   0.000000000E+000
   0.16146183653975577E-007   0.558295142E-006   0.000000000E+000
   0.16176996981559499E-007   0.396284740E-004   0.000000000E+000
   0.16207810309143422E-007   0.778781032E-005   0.000000000E+000
   0.16238623636727345E-007  -0.392264483E-004   0.000000000E+000
   0.16269436964311268E-007  -0.132545902E-004   0.000000000E+000
   0.16300250291895191E-007   0.557592284E-004   0.000000000E+000
   0.16331063619479114E-007   0.619085258E-004   0.000000000E+000
   0.16361876947063037E-007  -0.505675416E-005   0.000000000E+000
   0.16392690274646959E-007  -0.404361563E-004   0.000000000E+000
   0.16423503602230882E-007   0.638798883E-005   0.000000000E+000
   0.16454316929814805E-007   0.501984541E-004   0.000000000E+000
   0.16485130257398728E-007   0.110532965E-004   0.000000000E+000
   0.16515943584982651E-007  -0.534558094E-004   0.000000000E+000
   0.16546756912566574E-007  -0.436329647E-004   0.000000000E+000
   0.16577570240150497E-007   0.170488056E-004   0.000000000E+000
   0.16608383567734419E-007   0.217882298E-004   0.000000000E+000
   0.16639196895318342E-007  -0.398813609E-004   0.000000000E+000
   0.16670010222902265E-007  -0.622641819E-004   0.000000000E+000
   0.16700823550486188E-007   0.402273145E-006   0.000000000E+000
   0.16731636878070111E-007   0.529855060E-004   0.000000000E+000
   0.16762450205654034E-007   0.111681293E-004   0.000000000E+000
   0.16793263533237957E-007  -0.610322386E-004   0.000000000E+000
   0.16824076860821879E-007  -0.547489035E-004   0.000000000E+000
   0.16854890188405802E-007   0.775577064E-005   0.000000000E+000
   0.16885703515989725E-007   0.131349934E-004   0.000000000E+000
   0.16916516843573648E-007  -0.539713074E-004   0.000000000E+000
   0.16947330171157571E-007  -0.856046754E-004   0.000000000E+000
   0.16978143498741494E-007  -0.304209498E-004   0.000000000E+000
   0.17008956826325417E-007   0.203141535E-004   0.000000000E+000
   0.17039770153909339E-007  -0.153365218E-004   0.000000000E+000
   0.17070583481493262E-007  -0.717602961E-004   0.000000000E+000
   0.17101396809077185E-007  -0.424994214E-004   0.000000000E+000
   0.17132210136661108E-007   0.419363860E-004   0.000000000E+000
   0.17163023464245031E-007   0.587971008E-004   0.000000000E+000
   0.17193836791828954E-007  -0.107848246E-004   0.000000000E+000
   0.17224650119412876E-007  -0.538702770E-004   0.000000000E+000
   0.17255463446996799E-007  -0.927417568E-005   0.000000000E+000
   0.17286276774580722E-007   0.388824847E-004   0.000000000E+000
   0.17317090102164645E-007   0.650645961E-005   0.000000000E+000
   0.17347903429748568E-007  -0.512964762E-004   0.000000000E+000
   0.17378716757332491E-007  -0.367059947E-004   0.000000000E+000
   0.17409530084916414E-007   0.237779641E-004   0.000000000E+000
   0.17440343412500336E-007   0.232300627E-004   0.000000000E+000
   0.17471156740084259E-007  -0.433813802E-004   0.000000000E+000
   0.17501970067668182E-007  -0.646304470E-004   0.000000000E+000
   0.17532783395252105E-007   0.498850568E-005   0.000000000E+000
   0.17563596722836028E-007   0.652394010E-004   0.000000000E+000
   0.17594410050419951E-007   0.269708726E-004   0.000000000E+000
   0.17625223378003874E-007  -0.478389738E-004   0.000000000E+000
   0.17656036705587796E-007  -0.480865529E-004   0.000000000E+000
   0.17686850033171719E-007   0.117850286E-004   0.000000000E+000
   0.17717663360755642E-007   0.259352310E-004   0.000000000E+000
   0.17748476688339565E-007  -0.257757019E-004   0.000000000E+000
   0.17779290015923488E-007  -0.524401876E-004   0.000000000E+000
   0.17810103343507411E-007  -0.121480989E-004   0.000000000E+000
   0.17840916671091334E-007   0.171811098E-004   0.000000000E+000
   0.17871729998675256E-007  -0.255832038E-004   0.000000000E+000
   0.17902543326259179E-007  -0.746837468E-004   0.000000000E+000
   0.17933356653843102E-007  -0.436899209E-004   0.000000000E+000
   0.17964169981427025E-007   0.269810625E-004   0.000000000E+000
   0.17994983309010948E-007   0.293492849E-004   0.000000000E+000
   0.18025796636594871E-007  -0.395701354E-004   0.000000000E+000
   0.18056609964178794E-007  -0.735063368E-004   0.000000000E+000
   0.18087423291762716E-007  -0.264338742E-004   0.000000000E+000
   0.18118236619346639E-007   0.204346106E-004   0.000000000E+000
   0.18149049946930562E-007  -0.340411680E-005   0.000000000E+000
   0.18179863274514485E-007  -0.473358523E-004   0.000000000E+000
   0.18210676602098408E-007  -0.336780176E-004   0.000000000E+000
   0.18241489929682331E-007   0.983302016E-005   0.000000000E+000
   0.18272303257266254E-007   0.201809962E-005   0.000000000E+000
   0.18303116584850176E-007  -0.481318893E-004   0.000000000E+000
   0.18333929912434099E-007  -0.527881930E-004   0.000000000E+000
   0.18364743240018022E-007   0.563131471E-005   0.000000000E+000
   0.18395556567601945E-007   0.392995789E-004   0.000000000E+000
   0.18426369895185868E-007  -0.372167415E-005   0.000000000E+000
   0.18457183222769791E-007  -0.542127527E-004   0.000000000E+000
   0.18487996550353714E-007  -0.331388874E-004   0.000000000E+000
   0.18518809877937636E-007   0.236163578E-004   0.000000000E+000
   0.18549623205521559E-007   0.285688984E-004   0.000000000E+000
   0.18580436533105482E-007  -0.162229917E-004   0.000000000E+000
   0.18611249860689405E-007  -0.323134227E-004   0.000000000E+000
   0.18642063188273328E-007  -0.148645995E-005   0.000000000E+000
   0.18672876515857251E-007   0.779429047E-005   0.000000000E+000
   0.18703689843441174E-007  -0.349984693E-004   0.000000000E+000
   0.18734503171025096E-007  -0.636583136E-004   0.000000000E+000
   0.18765316498609019E-007  -0.262772592E-004   0.000000000E+000
   0.18796129826192942E-007   0.212973719E-004   0.000000000E+000
   0.18826943153776865E-007   0.223350798E-005   0.000000000E+000
   0.18857756481360788E-007  -0.541556292E-004   0.000000000E+000
   0.18888569808944711E-007  -0.564517031E-004   0.000000000E+000
   0.18919383136528634E-007   0.375166564E-005   0.000000000E+000
   0.18950196464112556E-007   0.414158785E-004   0.000000000E+000
   0.18981009791696479E-007   0.145425474E-004   0.000000000E+000
   0.19011823119280402E-007  -0.178747214E-004   0.000000000E+000
   0.19042636446864325E-007  -0.332736727E-005   0.000000000E+000
   0.19073449774448248E-007   0.190143001E-004   0.000000000E+000
   0.19104263102032171E-007  -0.418801574E-005   0.000000000E+000
   0.19135076429616094E-007  -0.401438119E-004   0.000000000E+000
   0.19165889757200016E-007  -0.237274526E-004   0.000000000E+000
   0.19196703084783939E-007   0.246714026E-004   0.000000000E+000
   0.19227516412367862E-007   0.231060185E-004   0.000000000E+000
   0.19258329739951785E-007  -0.370081070E-004   0.000000000E+000
   0.19289143067535708E-007  -0.687213324E-004   0.000000000E+000
   0.19319956395119631E-007  -0.232961938E-004   0.000000000E+000
   0.19350769722703554E-007   0.345768567E-004   0.000000000E+000
   0.19381583050287476E-007   0.299417043E-004   0.000000000E+000
   0.19412396377871399E-007  -0.109176908E-004   0.000000000E+000
   0.19443209705455322E-007  -0.165677338E-004   0.000000000E+000
   0.19474023033039245E-007   0.986874511E-005   0.000000000E+000
   0.19504836360623168E-007   0.772984367E-005   0.000000000E+000
   0.19535649688207091E-007  -0.262611902E-004   0.000000000E+000
   0.19566463015791014E-007  -0.287571020E-004   0.000000000E+000
   0.19597276343374936E-007   0.157763716E-004   0.000000000E+000
   0.19628089670958859E-007   0.362952051E-004   0.000000000E+000
   0.19658902998542782E-007  -0.118964490E-004   0.000000000E+000
   0.19689716326126705E-007  -0.664540494E-004   0.000000000E+000
   0.19720529653710628E-007  -0.492830477E-004   0.000000000E+000
   0.19751342981294551E-007   0.128402062E-004   0.000000000E+000
   0.19782156308878474E-007   0.323114800E-004   0.000000000E+000
   0.19812969636462396E-007  -0.426089537E-005   0.000000000E+000
   0.19843782964046319E-007  -0.273791629E-004   0.000000000E+000
   0.19874596291630242E-007  -0.565800474E-005   0.000000000E+000
   0.19905409619214165E-007   0.100496345E-004   0.000000000E+000
   0.19936222946798088E-007  -0.140746270E-004   0.000000000E+000
   0.19967036274382011E-007  -0.304254245E-004   0.000000000E+000
