 f_at_0.39995703707274011E-007   Theta    Phi    Etheta_mod    Etheta_phase    Ephi_mod    Ephi_phase    RCS(ARIT) RCS(GEOM)
   0.30000000000000000E+009   0.000000000E+000   0.000000000E+000                NaN                NaN                NaN                NaN   0.155808048E+002                NaN
   0.30000000000000000E+009   0.000000000E+000   0.330693960E+000   0.497149489E-009   0.392392863E+000   0.170648297E-009  -0.274888630E+001   0.155808048E+002   0.159235525E+002
   0.30000000000000000E+009   0.000000000E+000   0.661387920E+000   0.414803161E-009   0.392350987E+000   0.322826268E-009  -0.274904305E+001   0.155808048E+002   0.159235525E+002
   0.30000000000000000E+009   0.000000000E+000   0.992081881E+000   0.287506475E-009   0.392278575E+000   0.440021027E-009  -0.274910385E+001   0.155808058E+002   0.159235535E+002
   0.30000000000000000E+009   0.000000000E+000   0.132277584E+001   0.129053984E-009   0.392045831E+000   0.509532673E-009  -0.274914236E+001   0.155808058E+002   0.159235535E+002
   0.30000000000000000E+009   0.000000000E+000   0.165346980E+001   0.433835373E-010  -0.274800440E+001   0.523828522E-009  -0.274917472E+001   0.155808039E+002   0.159235516E+002
   0.30000000000000000E+009   0.000000000E+000   0.198416376E+001   0.211119716E-009  -0.274894726E+001   0.481359455E-009  -0.274920897E+001   0.155808048E+002   0.159235525E+002
   0.30000000000000000E+009   0.000000000E+000   0.231485772E+001   0.355977829E-009  -0.274906217E+001   0.386727609E-009  -0.274925536E+001   0.155808048E+002   0.159235525E+002
   0.30000000000000000E+009   0.000000000E+000   0.264555168E+001   0.462260219E-009  -0.274911465E+001   0.250187838E-009  -0.274934461E+001   0.155808048E+002   0.159235525E+002
   0.30000000000000000E+009   0.000000000E+000   0.297624564E+001   0.518449553E-009  -0.274915068E+001   0.865363402E-010  -0.274974348E+001   0.155808058E+002   0.159235535E+002
   0.30000000000000000E+009   0.000000000E+000   0.330693960E+001   0.518456820E-009  -0.274918281E+001   0.864927559E-010   0.393002942E+000   0.155808048E+002   0.159235535E+002
   0.30000000000000000E+009   0.000000000E+000   0.363763356E+001   0.462281235E-009  -0.274921884E+001   0.250148973E-009   0.392603807E+000   0.155808039E+002   0.159235516E+002
   0.30000000000000000E+009   0.000000000E+000   0.396832752E+001   0.356010346E-009  -0.274927131E+001   0.386697704E-009   0.392514533E+000   0.155808058E+002   0.159235535E+002
   0.30000000000000000E+009   0.000000000E+000   0.429902172E+001   0.211160074E-009  -0.274938618E+001   0.481341750E-009   0.392468137E+000   0.155808048E+002   0.159235525E+002
   0.30000000000000000E+009   0.000000000E+000   0.462971592E+001   0.434273263E-010  -0.275032791E+001   0.523824907E-009   0.392433887E+000   0.155808048E+002   0.159235525E+002
   0.30000000000000000E+009   0.000000000E+000   0.496041012E+001   0.129011509E-009   0.392806116E+000   0.509543418E-009   0.392401533E+000   0.155808048E+002   0.159235525E+002
   0.30000000000000000E+009   0.000000000E+000   0.529110432E+001   0.287469886E-009   0.392573265E+000   0.440044927E-009   0.392363019E+000   0.155808058E+002   0.159235535E+002
   0.30000000000000000E+009   0.000000000E+000   0.562179852E+001   0.414776385E-009   0.392500839E+000   0.322860642E-009   0.392302235E+000   0.155808039E+002   0.159235516E+002
   0.30000000000000000E+009   0.000000000E+000   0.595249271E+001   0.497135403E-009   0.392458959E+000   0.170689386E-009   0.392145532E+000   0.155808058E+002   0.159235535E+002
   0.30000000000000000E+009   0.000000000E+000   0.628318548E+001   0.525621974E-009   0.392425911E+000   0.551692579E-013  -0.768474818E+000   0.155808048E+002   0.159235525E+002
   0.30000000000000000E+009   0.157079637E+001   0.000000000E+000   0.753611536E-010   0.716118511E+000   0.259292655E-012  -0.179010318E+001   0.327816486E+000   0.327335536E+000
   0.30000000000000000E+009   0.157079637E+001   0.330693960E+000   0.703082896E-010   0.244133822E+001   0.334000206E-010   0.210905251E+001   0.344115645E+000   0.349205256E+000
   0.30000000000000000E+009   0.157079637E+001   0.661387920E+000   0.558073815E-010  -0.297376339E+001   0.722345834E-010   0.276751062E+001   0.469053596E+000   0.480239391E+000
   0.30000000000000000E+009   0.157079637E+001   0.992081881E+000   0.398831078E-010  -0.293474669E+001   0.112212200E-009   0.257133177E+001   0.813011646E+000   0.817405879E+000
   0.30000000000000000E+009   0.157079637E+001   0.132277584E+001   0.265869472E-010   0.228820527E+001   0.141306296E-009   0.152878773E+001   0.116333199E+001   0.119158351E+001
   0.30000000000000000E+009   0.157079637E+001   0.165346980E+001   0.933673214E-011  -0.271070847E+001   0.146488871E-009  -0.336959290E+000   0.120067680E+001   0.124183214E+001
   0.30000000000000000E+009   0.157079637E+001   0.198416376E+001   0.360288280E-010   0.103644226E+001   0.124291897E-009  -0.285736815E+001   0.953349471E+000   0.965202272E+000
   0.30000000000000000E+009   0.157079637E+001   0.231485772E+001   0.456464040E-010  -0.194452696E+001   0.923987014E-010   0.555287079E+000   0.607306957E+000   0.612157285E+000
   0.30000000000000000E+009   0.157079637E+001   0.264555168E+001   0.638594559E-010   0.134765158E+001   0.544387833E-010  -0.227793864E+001   0.392998278E+000   0.405849457E+000
   0.30000000000000000E+009   0.157079637E+001   0.297624564E+001   0.725278723E-010  -0.130895433E+001   0.175860076E-010   0.143159117E+001   0.314595252E+000   0.321006507E+000
   0.30000000000000000E+009   0.157079637E+001   0.330693960E+001   0.719382739E-010   0.289686072E+001   0.177042904E-010   0.252785067E+001   0.310029238E+000   0.316337824E+000
   0.30000000000000000E+009   0.157079637E+001   0.363763356E+001   0.631050462E-010   0.164873743E+001   0.537733765E-010   0.115736288E+001   0.382928759E+000   0.396178842E+000
   0.30000000000000000E+009   0.157079637E+001   0.396832752E+001   0.457269253E-010   0.135502995E+001   0.918519750E-010   0.723208766E+000   0.599790871E+000   0.606775403E+000
   0.30000000000000000E+009   0.157079637E+001   0.429902172E+001   0.349097741E-010   0.212081459E+001   0.123626162E-009   0.132443432E+001   0.948397577E+000   0.951114237E+000
   0.30000000000000000E+009   0.157079637E+001   0.462971592E+001   0.932045255E-011  -0.259912079E+001   0.145994248E-009   0.282895944E+001   0.121443927E+001   0.123347652E+001
   0.30000000000000000E+009   0.157079637E+001   0.496041012E+001   0.260981503E-010   0.273418470E+001   0.140785004E-009  -0.124762276E+001   0.117124999E+001   0.118162382E+001
   0.30000000000000000E+009   0.157079637E+001   0.529110432E+001   0.389501959E-010  -0.907314221E+000   0.111733586E-009   0.146072026E+001   0.804440379E+000   0.806989491E+000
   0.30000000000000000E+009   0.157079637E+001   0.562179852E+001   0.558505843E-010   0.187028837E+001   0.714246209E-010  -0.181783657E+001   0.460687250E+000   0.473811001E+000
   0.30000000000000000E+009   0.157079637E+001   0.595249271E+001   0.692734176E-010  -0.164557287E+001   0.331835978E-010   0.116999660E+001   0.335342944E+000   0.340049237E+000
   0.30000000000000000E+009   0.157079637E+001   0.628318548E+001   0.753611539E-010   0.716119597E+000   0.259290144E-012  -0.179002541E+001   0.327816486E+000   0.327335536E+000
