t              SphereRCS.fdtd_Point probe_Ez_15_15_4.dat       incid
   0.00000000000000000E+000   0.000000000E+000   0.000000000E+000
   0.30813331053369808E-010   0.000000000E+000   0.000000000E+000
   0.61626662106739616E-010   0.000000000E+000   0.000000000E+000
   0.92439993160109424E-010   0.000000000E+000   0.000000000E+000
   0.12325332421347923E-009   0.000000000E+000   0.000000000E+000
   0.15406665526684904E-009   0.000000000E+000   0.000000000E+000
   0.18487998632021885E-009   0.000000000E+000   0.000000000E+000
   0.21569331737358866E-009   0.000000000E+000   0.000000000E+000
   0.24650664842695846E-009   0.000000000E+000   0.000000000E+000
   0.27731997948032827E-009   0.000000000E+000   0.000000000E+000
   0.30813331053369808E-009   0.000000000E+000   0.000000000E+000
   0.33894664158706789E-009   0.000000000E+000   0.000000000E+000
   0.36975997264043770E-009   0.000000000E+000   0.000000000E+000
   0.40057330369380750E-009   0.000000000E+000   0.000000000E+000
   0.43138663474717731E-009   0.000000000E+000   0.000000000E+000
   0.46219996580054712E-009   0.000000000E+000   0.000000000E+000
   0.49301329685391693E-009   0.000000000E+000   0.000000000E+000
   0.52382662790728673E-009   0.000000000E+000   0.000000000E+000
   0.55463995896065654E-009   0.000000000E+000   0.000000000E+000
   0.58545329001402635E-009   0.000000000E+000   0.000000000E+000
   0.61626662106739616E-009   0.000000000E+000  -0.393253215E-014
   0.64707995212076597E-009   0.000000000E+000  -0.934433703E-014
   0.67789328317413577E-009   0.000000000E+000  -0.216830287E-013
   0.70870661422750558E-009   0.000000000E+000  -0.491345889E-013
   0.73951994528087539E-009   0.000000000E+000  -0.108730286E-012
   0.77033327633424520E-009  -0.188513449E-035  -0.234968593E-012
   0.80114660738761501E-009  -0.516266271E-034  -0.495866531E-012
   0.83195993844098481E-009  -0.732920269E-033  -0.102191996E-011
   0.86277326949435462E-009  -0.717250433E-032  -0.205667341E-011
   0.89358660054772443E-009  -0.545188109E-031  -0.404212254E-011
   0.92439993160109424E-009  -0.343001211E-030  -0.775801385E-011
   0.95521326265446405E-009  -0.185776049E-029  -0.145407922E-010
   0.98602659370783385E-009  -0.889993066E-029  -0.266147746E-010
   0.10168399247612037E-008  -0.384702641E-028  -0.475723350E-010
   0.10476532558145735E-008  -0.152340481E-027  -0.830393532E-010
   0.10784665868679433E-008  -0.560475755E-027  -0.141549814E-009
   0.11092799179213131E-008  -0.193208907E-026  -0.235631098E-009
   0.11400932489746829E-008  -0.628412182E-026  -0.383048843E-009
   0.11709065800280527E-008  -0.193742605E-025  -0.608096795E-009
   0.12017199110814225E-008  -0.569034645E-025  -0.942733669E-009
   0.12325332421347923E-008  -0.160069258E-024  -0.142725864E-008
   0.12633465731881621E-008   0.759844259E-025  -0.211015827E-008
   0.12941599042415319E-008   0.795845677E-024  -0.304667158E-008
   0.13249732352949017E-008  -0.417609647E-022  -0.429570646E-008
   0.13557865663482715E-008  -0.621589375E-021  -0.591482729E-008
   0.13865998974016414E-008  -0.440883672E-020  -0.795332511E-008
   0.14174132284550112E-008  -0.215195172E-019  -0.104436770E-007
   0.14482265595083810E-008  -0.841143486E-019  -0.133923734E-007
   0.14790398905617508E-008  -0.278735129E-018  -0.167710876E-007
   0.15098532216151206E-008  -0.792374610E-018  -0.205099209E-007
   0.15406665526684904E-008  -0.185031121E-017  -0.244943692E-007
   0.15714798837218602E-008  -0.303296690E-017  -0.285672304E-007
   0.16022932147752300E-008  -0.472064117E-018  -0.325364482E-007
   0.16331065458285998E-008   0.215064428E-016  -0.361886450E-007
   0.16639198768819696E-008   0.111012376E-015  -0.393074551E-007
   0.16947332079353394E-008   0.392486745E-015  -0.416944204E-007
   0.17255465389887092E-008   0.109472052E-014  -0.431898428E-007
   0.17563598700420791E-008   0.233263705E-014  -0.436904273E-007
   0.17871732010954489E-008   0.322408988E-014  -0.431610658E-007
   0.18179865321488187E-008  -0.431818244E-015  -0.416389021E-007
   0.18487998632021885E-008  -0.239902092E-013  -0.392290715E-007
   0.18796131942555583E-008  -0.124777697E-012  -0.360926471E-007
   0.19104265253089281E-008  -0.476269360E-012  -0.324288365E-007
   0.19412398563622979E-008  -0.150001777E-011  -0.284541919E-007
   0.19720531874156677E-008  -0.410836773E-011  -0.243816825E-007
   0.20028665184690375E-008  -0.993706679E-011  -0.204025206E-007
   0.20336798495224073E-008  -0.220990830E-010  -0.166727130E-007
   0.20644931805757771E-008  -0.453846127E-010  -0.133055682E-007
   0.20953065116291469E-008  -0.197327737E-009  -0.103696101E-007
   0.21261198426825167E-008  -0.695490998E-009  -0.789217847E-008
   0.21569331737358866E-008  -0.475509765E-008  -0.586589977E-008
   0.21877465047892564E-008  -0.124987114E-007  -0.425771507E-008
   0.22185598358426262E-008  -0.262612723E-007  -0.301802716E-008
   0.22493731668959960E-008  -0.475455408E-007  -0.208917372E-008
   0.22801864979493658E-008  -0.785166918E-007  -0.141231360E-008
   0.23109998290027356E-008  -0.122032276E-006  -0.932380284E-009
   0.23418131600561054E-008  -0.180934791E-006  -0.601119376E-009
   0.23726264911094752E-008  -0.262681539E-006  -0.378471005E-009
   0.24034398221628450E-008  -0.374752574E-006  -0.232709699E-009
   0.24342531532162148E-008  -0.529284307E-006  -0.139733058E-009
   0.24650664842695846E-008  -0.739958693E-006  -0.819397813E-010
   0.24958798153229544E-008  -0.102507147E-005  -0.469240792E-010
   0.25266931463763243E-008  -0.140595762E-005  -0.262424457E-010
   0.25575064774296941E-008  -0.190811988E-005  -0.143324606E-010
   0.25883198084830639E-008  -0.256121757E-005  -0.764443803E-011
   0.26191331395364337E-008  -0.340138240E-005  -0.398179493E-011
   0.26499464705898035E-008  -0.447273351E-005  -0.202544904E-011
   0.26807598016431733E-008  -0.582389339E-005  -0.100617366E-011
   0.27115731326965431E-008  -0.751409789E-005  -0.488128743E-012
   0.27423864637499129E-008  -0.961009937E-005  -0.231261055E-012
   0.27731997948032827E-008  -0.121846224E-004  -0.107000102E-012
   0.28040131258566525E-008  -0.153164146E-004  -0.483482036E-013
   0.28348264569100223E-008  -0.190949231E-004  -0.213345848E-013
   0.28656397879633921E-008  -0.236111046E-004  -0.919389805E-014
   0.28964531190167619E-008  -0.289621385E-004  -0.386925370E-014
   0.29272664500701318E-008  -0.352422976E-004  -0.159025608E-014
   0.29580797811235016E-008  -0.425399448E-004  -0.638292318E-015
   0.29888931121768714E-008  -0.509345846E-004  -0.250198974E-015
   0.30197064432302412E-008  -0.604937850E-004  -0.957778336E-016
   0.30505197742836110E-008  -0.712547626E-004  -0.358058131E-016
   0.30813331053369808E-008  -0.832212318E-004  -0.130725829E-016
   0.31121464363903506E-008  -0.963542843E-004  -0.466105356E-017
   0.31429597674437204E-008  -0.110560315E-003  -0.162303393E-017
   0.31737730984970902E-008  -0.125678926E-003  -0.551927010E-018
   0.32045864295504600E-008  -0.141483004E-003  -0.183295546E-018
   0.32353997606038298E-008  -0.157657370E-003  -0.594482363E-019
   0.32662130916571996E-008  -0.173795823E-003  -0.188296923E-019
   0.32970264227105694E-008  -0.189395199E-003  -0.582458380E-020
   0.33278397537639393E-008  -0.203849253E-003  -0.175956321E-020
   0.33586530848173091E-008  -0.216454981E-003   0.000000000E+000
   0.33894664158706789E-008  -0.226424949E-003   0.000000000E+000
   0.34202797469240487E-008  -0.232887440E-003   0.000000000E+000
   0.34510930779774185E-008  -0.234923238E-003   0.000000000E+000
   0.34819064090307883E-008  -0.231583719E-003   0.000000000E+000
   0.35127197400841581E-008  -0.221921247E-003   0.000000000E+000
   0.35435330711375279E-008  -0.205044082E-003   0.000000000E+000
   0.35743464021908977E-008  -0.180146279E-003   0.000000000E+000
   0.36051597332442675E-008  -0.146562408E-003   0.000000000E+000
   0.36359730642976373E-008  -0.103825048E-003   0.000000000E+000
   0.36667863953510071E-008  -0.517068765E-004   0.000000000E+000
   0.36975997264043770E-008   0.972643466E-005   0.000000000E+000
   0.37284130574577468E-008   0.800786802E-004   0.000000000E+000
   0.37592263885111166E-008   0.158590221E-003   0.000000000E+000
   0.37900397195644864E-008   0.244117284E-003   0.000000000E+000
   0.38208530506178562E-008   0.335134100E-003   0.000000000E+000
   0.38516663816712260E-008   0.429728767E-003   0.000000000E+000
   0.38824797127245958E-008   0.525625190E-003   0.000000000E+000
   0.39132930437779656E-008   0.620239007E-003   0.000000000E+000
   0.39441063748313354E-008   0.710726832E-003   0.000000000E+000
   0.39749197058847052E-008   0.794044288E-003   0.000000000E+000
   0.40057330369380750E-008   0.867025985E-003   0.000000000E+000
   0.40365463679914448E-008   0.926477369E-003   0.000000000E+000
   0.40673596990448146E-008   0.969266403E-003   0.000000000E+000
   0.40981730300981845E-008   0.992433517E-003   0.000000000E+000
   0.41289863611515543E-008   0.993276597E-003   0.000000000E+000
   0.41597996922049241E-008   0.969484681E-003   0.000000000E+000
   0.41906130232582939E-008   0.919234997E-003   0.000000000E+000
   0.42214263543116637E-008   0.841310713E-003   0.000000000E+000
   0.42522396853650335E-008   0.735216774E-003   0.000000000E+000
   0.42830530164184033E-008   0.601286301E-003   0.000000000E+000
   0.43138663474717731E-008   0.440787815E-003   0.000000000E+000
   0.43446796785251429E-008   0.256010157E-003   0.000000000E+000
   0.43754930095785127E-008   0.503399497E-004   0.000000000E+000
   0.44063063406318825E-008  -0.171705440E-003   0.000000000E+000
   0.44371196716852523E-008  -0.404469902E-003   0.000000000E+000
   0.44679330027386222E-008  -0.641221879E-003   0.000000000E+000
   0.44987463337919920E-008  -0.874268939E-003   0.000000000E+000
   0.45295596648453618E-008  -0.109514897E-002   0.000000000E+000
   0.45603729958987316E-008  -0.129489135E-002   0.000000000E+000
   0.45911863269521014E-008  -0.146436715E-002   0.000000000E+000
   0.46219996580054712E-008  -0.159470225E-002   0.000000000E+000
   0.46528129890588410E-008  -0.167774258E-002   0.000000000E+000
   0.46836263201122108E-008  -0.170655607E-002   0.000000000E+000
   0.47144396511655806E-008  -0.167593162E-002   0.000000000E+000
   0.47452529822189504E-008  -0.158284663E-002   0.000000000E+000
   0.47760663132723202E-008  -0.142686139E-002   0.000000000E+000
   0.48068796443256900E-008  -0.121040829E-002   0.000000000E+000
   0.48376929753790598E-008  -0.938929035E-003   0.000000000E+000
   0.48685063064324297E-008  -0.620846869E-003   0.000000000E+000
   0.48993196374857995E-008  -0.267355470E-003   0.000000000E+000
   0.49301329685391693E-008   0.107988366E-003   0.000000000E+000
   0.49609462995925391E-008   0.489833939E-003   0.000000000E+000
   0.49917596306459089E-008   0.861760054E-003   0.000000000E+000
   0.50225729616992787E-008   0.120708847E-002   0.000000000E+000
   0.50533862927526485E-008   0.150974095E-002   0.000000000E+000
   0.50841996238060183E-008   0.175510033E-002   0.000000000E+000
   0.51150129548593881E-008   0.193078374E-002   0.000000000E+000
   0.51458262859127579E-008   0.202730554E-002   0.000000000E+000
   0.51766396169661277E-008   0.203857315E-002   0.000000000E+000
   0.52074529480194975E-008   0.196218095E-002   0.000000000E+000
   0.52382662790728673E-008   0.179951626E-002   0.000000000E+000
   0.52690796101262372E-008   0.155567168E-002   0.000000000E+000
   0.52998929411796070E-008   0.123919011E-002   0.000000000E+000
   0.53307062722329768E-008   0.861677108E-003   0.000000000E+000
   0.53615196032863466E-008   0.437331037E-003   0.000000000E+000
   0.53923329343397164E-008  -0.175769674E-004   0.000000000E+000
   0.54231462653930862E-008  -0.485244236E-003   0.000000000E+000
   0.54539595964464560E-008  -0.946874847E-003   0.000000000E+000
   0.54847729274998258E-008  -0.138320460E-002   0.000000000E+000
   0.55155862585531956E-008  -0.177505205E-002   0.000000000E+000
   0.55463995896065654E-008  -0.210388331E-002   0.000000000E+000
   0.55772129206599352E-008  -0.235246238E-002   0.000000000E+000
   0.56080262517133050E-008  -0.250557857E-002   0.000000000E+000
   0.56388395827666749E-008  -0.255088299E-002   0.000000000E+000
   0.56696529138200447E-008  -0.247982121E-002   0.000000000E+000
   0.57004662448734145E-008  -0.228860509E-002   0.000000000E+000
   0.57312795759267843E-008  -0.197915337E-002   0.000000000E+000
   0.57620929069801541E-008  -0.155990815E-002   0.000000000E+000
   0.57929062380335239E-008  -0.104635651E-002   0.000000000E+000
   0.58237195690868937E-008  -0.461139716E-003   0.000000000E+000
   0.58545329001402635E-008   0.166388054E-003   0.000000000E+000
   0.58853462311936333E-008   0.801264134E-003   0.000000000E+000
   0.59161595622470031E-008   0.140470802E-002   0.000000000E+000
   0.59469728933003729E-008   0.193658797E-002   0.000000000E+000
   0.59777862243537427E-008   0.235842681E-002   0.000000000E+000
   0.60085995554071125E-008   0.263675023E-002   0.000000000E+000
   0.60394128864604824E-008   0.274647423E-002   0.000000000E+000
   0.60702262175138522E-008   0.267398381E-002   0.000000000E+000
   0.61010395485672220E-008   0.241952436E-002   0.000000000E+000
   0.61318528796205918E-008   0.199854607E-002   0.000000000E+000
   0.61626662106739616E-008   0.144170364E-002   0.000000000E+000
   0.61934795417273314E-008   0.793335552E-003   0.000000000E+000
   0.62242928727807012E-008   0.108381792E-003   0.000000000E+000
   0.62551062038340710E-008  -0.552099256E-003   0.000000000E+000
   0.62859195348874408E-008  -0.112649868E-002   0.000000000E+000
   0.63167328659408106E-008  -0.155879417E-002   0.000000000E+000
   0.63475461969941804E-008  -0.180463307E-002   0.000000000E+000
   0.63783595280475502E-008  -0.183666067E-002   0.000000000E+000
   0.64091728591009200E-008  -0.164840207E-002   0.000000000E+000
   0.64399861901542899E-008  -0.125610421E-002   0.000000000E+000
   0.64707995212076597E-008  -0.698133663E-003   0.000000000E+000
   0.65016128522610295E-008  -0.317412778E-004   0.000000000E+000
   0.65324261833143993E-008   0.672627473E-003   0.000000000E+000
   0.65632395143677691E-008   0.133906747E-002   0.000000000E+000
   0.65940528454211389E-008   0.189519511E-002   0.000000000E+000
   0.66248661764745087E-008   0.228143414E-002   0.000000000E+000
   0.66556795075278785E-008   0.245945575E-002   0.000000000E+000
   0.66864928385812483E-008   0.241866801E-002   0.000000000E+000
   0.67173061696346181E-008   0.217974023E-002   0.000000000E+000
   0.67481195006879879E-008   0.179445185E-002   0.000000000E+000
   0.67789328317413577E-008   0.134152023E-002   0.000000000E+000
   0.68097461627947276E-008   0.918540638E-003   0.000000000E+000
   0.68405594938480974E-008   0.630681694E-003   0.000000000E+000
   0.68713728249014672E-008   0.577240542E-003   0.000000000E+000
   0.69021861559548370E-008   0.837552710E-003   0.000000000E+000
   0.69329994870082068E-008   0.145796395E-002   0.000000000E+000
   0.69638128180615766E-008   0.244162977E-002   0.000000000E+000
   0.69946261491149464E-008   0.374272512E-002   0.000000000E+000
   0.70254394801683162E-008   0.526621891E-002   0.000000000E+000
   0.70562528112216860E-008   0.687382882E-002   0.000000000E+000
   0.70870661422750558E-008   0.839602947E-002   0.000000000E+000
   0.71178794733284256E-008   0.964923482E-002   0.000000000E+000
   0.71486928043817954E-008   0.104565462E-001   0.000000000E+000
   0.71795061354351652E-008   0.106698424E-001   0.000000000E+000
   0.72103194664885351E-008   0.101906490E-001   0.000000000E+000
   0.72411327975419049E-008   0.898710079E-002   0.000000000E+000
   0.72719461285952747E-008   0.710456260E-002   0.000000000E+000
   0.73027594596486445E-008   0.466802763E-002   0.000000000E+000
   0.73335727907020143E-008   0.187524199E-002   0.000000000E+000
   0.73643861217553841E-008  -0.101945433E-002   0.000000000E+000
   0.73951994528087539E-008  -0.372943655E-002   0.000000000E+000
   0.74260127838621237E-008  -0.596607197E-002   0.000000000E+000
   0.74568261149154935E-008  -0.747183897E-002   0.000000000E+000
   0.74876394459688633E-008  -0.805259869E-002   0.000000000E+000
   0.75184527770222331E-008  -0.760511123E-002   0.000000000E+000
   0.75492661080756029E-008  -0.613617431E-002   0.000000000E+000
   0.75800794391289728E-008  -0.377047691E-002   0.000000000E+000
   0.76108927701823426E-008  -0.745400088E-003   0.000000000E+000
   0.76417061012357124E-008   0.260757585E-002   0.000000000E+000
   0.76725194322890822E-008   0.589363370E-002   0.000000000E+000
   0.77033327633424520E-008   0.869478285E-002   0.000000000E+000
   0.77341460943958218E-008   0.106153693E-001   0.000000000E+000
   0.77649594254491916E-008   0.113279773E-001   0.000000000E+000
   0.77957727565025614E-008   0.106144110E-001   0.000000000E+000
   0.78265860875559312E-008   0.839671213E-002   0.000000000E+000
   0.78573994186093010E-008   0.475404458E-002   0.000000000E+000
   0.78882127496626708E-008  -0.772709027E-004   0.000000000E+000
   0.79190260807160406E-008  -0.572145591E-002   0.000000000E+000
   0.79498394117694104E-008  -0.116975568E-001   0.000000000E+000
   0.79806527428227803E-008  -0.174671058E-001   0.000000000E+000
   0.80114660738761501E-008  -0.224902723E-001   0.000000000E+000
   0.80422794049295199E-008  -0.262843501E-001   0.000000000E+000
   0.80730927359828897E-008  -0.284779202E-001   0.000000000E+000
   0.81039060670362595E-008  -0.288542360E-001   0.000000000E+000
   0.81347193980896293E-008  -0.273784231E-001   0.000000000E+000
   0.81655327291429991E-008  -0.242048018E-001   0.000000000E+000
   0.81963460601963689E-008  -0.196628608E-001   0.000000000E+000
   0.82271593912497387E-008  -0.142229106E-001   0.000000000E+000
   0.82579727223031085E-008  -0.844490342E-002   0.000000000E+000
   0.82887860533564783E-008  -0.291599194E-002   0.000000000E+000
   0.83195993844098481E-008   0.181605946E-002   0.000000000E+000
   0.83504127154632179E-008   0.530586392E-002   0.000000000E+000
   0.83812260465165878E-008   0.726225832E-002   0.000000000E+000
   0.84120393775699576E-008   0.758266263E-002   0.000000000E+000
   0.84428527086233274E-008   0.636556838E-002   0.000000000E+000
   0.84736660396766972E-008   0.389932445E-002   0.000000000E+000
   0.85044793707300670E-008   0.628237613E-003   0.000000000E+000
   0.85352927017834368E-008  -0.290025421E-002   0.000000000E+000
   0.85661060328368066E-008  -0.610120920E-002   0.000000000E+000
   0.85969193638901764E-008  -0.842285715E-002   0.000000000E+000
   0.86277326949435462E-008  -0.941386353E-002   0.000000000E+000
   0.86585460259969160E-008  -0.877905823E-002   0.000000000E+000
   0.86893593570502858E-008  -0.641683862E-002   0.000000000E+000
   0.87201726881036556E-008  -0.243363576E-002   0.000000000E+000
   0.87509860191570255E-008   0.286636734E-002   0.000000000E+000
   0.87817993502103953E-008   0.901508704E-002   0.000000000E+000
   0.88126126812637651E-008   0.154338907E-001   0.000000000E+000
   0.88434260123171349E-008   0.214999747E-001   0.000000000E+000
   0.88742393433705047E-008   0.266177580E-001   0.000000000E+000
   0.89050526744238745E-008   0.302866455E-001   0.000000000E+000
   0.89358660054772443E-008   0.321570411E-001   0.000000000E+000
   0.89666793365306141E-008   0.320679881E-001   0.000000000E+000
   0.89974926675839839E-008   0.300621390E-001   0.000000000E+000
   0.90283059986373537E-008   0.263765529E-001   0.000000000E+000
   0.90591193296907235E-008   0.214108638E-001   0.000000000E+000
   0.90899326607440933E-008   0.156770851E-001   0.000000000E+000
   0.91207459917974631E-008   0.973751768E-002   0.000000000E+000
   0.91515593228508330E-008   0.413857354E-002   0.000000000E+000
   0.91823726539042028E-008  -0.651338138E-003   0.000000000E+000
   0.92131859849575726E-008  -0.429239310E-002   0.000000000E+000
   0.92439993160109424E-008  -0.660655927E-002   0.000000000E+000
   0.92748126470643122E-008  -0.758987293E-002   0.000000000E+000
   0.93056259781176820E-008  -0.740294112E-002   0.000000000E+000
   0.93364393091710518E-008  -0.634154584E-002   0.000000000E+000
   0.93672526402244216E-008  -0.479166582E-002   0.000000000E+000
   0.93980659712777914E-008  -0.317502627E-002   0.000000000E+000
   0.94288793023311612E-008  -0.189228007E-002   0.000000000E+000
   0.94596926333845310E-008  -0.127099804E-002   0.000000000E+000
   0.94905059644379008E-008  -0.152481522E-002   0.000000000E+000
   0.95213192954912707E-008  -0.272846059E-002   0.000000000E+000
   0.95521326265446405E-008  -0.481128506E-002   0.000000000E+000
   0.95829459575980103E-008  -0.756951421E-002   0.000000000E+000
   0.96137592886513801E-008  -0.106951175E-001   0.000000000E+000
   0.96445726197047499E-008  -0.138172051E-001   0.000000000E+000
   0.96753859507581197E-008  -0.165504776E-001   0.000000000E+000
   0.97061992818114895E-008  -0.185445417E-001   0.000000000E+000
   0.97370126128648593E-008  -0.195280164E-001   0.000000000E+000
   0.97678259439182291E-008  -0.193421841E-001   0.000000000E+000
   0.97986392749715989E-008  -0.179603565E-001   0.000000000E+000
   0.98294526060249687E-008  -0.154909454E-001   0.000000000E+000
   0.98602659370783385E-008  -0.121642370E-001   0.000000000E+000
   0.98910792681317083E-008  -0.830477104E-002   0.000000000E+000
   0.99218925991850782E-008  -0.429287879E-002   0.000000000E+000
   0.99527059302384480E-008  -0.520080561E-003   0.000000000E+000
   0.99835192612918178E-008   0.265634712E-002   0.000000000E+000
   0.10014332592345188E-007   0.495434599E-002   0.000000000E+000
   0.10045145923398557E-007   0.619892403E-002   0.000000000E+000
   0.10075959254451927E-007   0.634130556E-002   0.000000000E+000
   0.10106772585505297E-007   0.546329934E-002   0.000000000E+000
   0.10137585916558667E-007   0.376647362E-002   0.000000000E+000
   0.10168399247612037E-007   0.154743413E-002   0.000000000E+000
   0.10199212578665406E-007  -0.837966101E-003   0.000000000E+000
   0.10230025909718776E-007  -0.301740668E-002   0.000000000E+000
   0.10260839240772146E-007  -0.464699231E-002   0.000000000E+000
   0.10291652571825516E-007  -0.545311952E-002   0.000000000E+000
   0.10322465902878886E-007  -0.526642753E-002   0.000000000E+000
   0.10353279233932255E-007  -0.404377421E-002   0.000000000E+000
   0.10384092564985625E-007  -0.187545107E-002   0.000000000E+000
   0.10414905896038995E-007   0.102352258E-002   0.000000000E+000
   0.10445719227092365E-007   0.433738204E-002   0.000000000E+000
   0.10476532558145735E-007   0.768641522E-002   0.000000000E+000
   0.10507345889199105E-007   0.106725246E-001   0.000000000E+000
   0.10538159220252474E-007   0.129283192E-001   0.000000000E+000
   0.10568972551305844E-007   0.141638415E-001   0.000000000E+000
   0.10599785882359214E-007   0.142051373E-001   0.000000000E+000
   0.10630599213412584E-007   0.130195701E-001   0.000000000E+000
   0.10661412544465954E-007   0.107242763E-001   0.000000000E+000
   0.10692225875519323E-007   0.757604791E-002   0.000000000E+000
   0.10723039206572693E-007   0.394326122E-002   0.000000000E+000
   0.10753852537626063E-007   0.262733316E-003   0.000000000E+000
   0.10784665868679433E-007  -0.301351096E-002   0.000000000E+000
   0.10815479199732803E-007  -0.547507964E-002   0.000000000E+000
   0.10846292530786172E-007  -0.680644391E-002   0.000000000E+000
   0.10877105861839542E-007  -0.682950113E-002   0.000000000E+000
   0.10907919192892912E-007  -0.552957319E-002   0.000000000E+000
   0.10938732523946282E-007  -0.306090037E-002   0.000000000E+000
   0.10969545854999652E-007   0.269688200E-003   0.000000000E+000
   0.11000359186053021E-007   0.403937232E-002   0.000000000E+000
   0.11031172517106391E-007   0.776184443E-002   0.000000000E+000
   0.11061985848159761E-007   0.109490771E-001   0.000000000E+000
   0.11092799179213131E-007   0.131742572E-001   0.000000000E+000
   0.11123612510266501E-007   0.141274072E-001   0.000000000E+000
   0.11154425841319870E-007   0.136560453E-001   0.000000000E+000
   0.11185239172373240E-007   0.117851496E-001   0.000000000E+000
   0.11216052503426610E-007   0.871344004E-002   0.000000000E+000
   0.11246865834479980E-007   0.478629768E-002   0.000000000E+000
   0.11277679165533350E-007   0.448912382E-003   0.000000000E+000
   0.11308492496586720E-007  -0.381388934E-002   0.000000000E+000
   0.11339305827640089E-007  -0.754273357E-002   0.000000000E+000
   0.11370119158693459E-007  -0.103645334E-001   0.000000000E+000
   0.11400932489746829E-007  -0.120404363E-001   0.000000000E+000
   0.11431745820800199E-007  -0.124941124E-001   0.000000000E+000
   0.11462559151853569E-007  -0.118164262E-001   0.000000000E+000
   0.11493372482906938E-007  -0.102460319E-001   0.000000000E+000
   0.11524185813960308E-007  -0.812894665E-002   0.000000000E+000
   0.11554999145013678E-007  -0.586330984E-002   0.000000000E+000
   0.11585812476067048E-007  -0.383771327E-002   0.000000000E+000
   0.11616625807120418E-007  -0.237241853E-002   0.000000000E+000
   0.11647439138173787E-007  -0.167234114E-002   0.000000000E+000
   0.11678252469227157E-007  -0.179880520E-002   0.000000000E+000
   0.11709065800280527E-007  -0.266420376E-002   0.000000000E+000
   0.11739879131333897E-007  -0.405014260E-002   0.000000000E+000
   0.11770692462387267E-007  -0.564601272E-002   0.000000000E+000
   0.11801505793440636E-007  -0.710177794E-002   0.000000000E+000
   0.11832319124494006E-007  -0.808657147E-002   0.000000000E+000
   0.11863132455547376E-007  -0.834380928E-002   0.000000000E+000
   0.11893945786600746E-007  -0.773409149E-002   0.000000000E+000
   0.11924759117654116E-007  -0.625911308E-002   0.000000000E+000
   0.11955572448707485E-007  -0.406278763E-002   0.000000000E+000
   0.11986385779760855E-007  -0.140940724E-002   0.000000000E+000
   0.12017199110814225E-007   0.135772792E-002   0.000000000E+000
   0.12048012441867595E-007   0.387066719E-002   0.000000000E+000
   0.12078825772920965E-007   0.579555705E-002   0.000000000E+000
   0.12109639103974335E-007   0.688645430E-002   0.000000000E+000
   0.12140452435027704E-007   0.702563673E-002   0.000000000E+000
   0.12171265766081074E-007   0.624393485E-002   0.000000000E+000
   0.12202079097134444E-007   0.471771695E-002   0.000000000E+000
   0.12232892428187814E-007   0.274281367E-002   0.000000000E+000
   0.12263705759241184E-007   0.689274166E-003   0.000000000E+000
   0.12294519090294553E-007  -0.105615589E-002   0.000000000E+000
   0.12325332421347923E-007  -0.215098169E-002   0.000000000E+000
   0.12356145752401293E-007  -0.235193456E-002   0.000000000E+000
   0.12386959083454663E-007  -0.155543163E-002   0.000000000E+000
   0.12417772414508033E-007   0.182830961E-003   0.000000000E+000
   0.12448585745561402E-007   0.265233032E-002   0.000000000E+000
   0.12479399076614772E-007   0.551576726E-002   0.000000000E+000
   0.12510212407668142E-007   0.835668482E-002   0.000000000E+000
   0.12541025738721512E-007   0.107396888E-001   0.000000000E+000
   0.12571839069774882E-007   0.122743957E-001   0.000000000E+000
   0.12602652400828251E-007   0.126736835E-001   0.000000000E+000
   0.12633465731881621E-007   0.117976591E-001   0.000000000E+000
   0.12664279062934991E-007   0.967688300E-002   0.000000000E+000
   0.12695092393988361E-007   0.651142048E-002   0.000000000E+000
   0.12725905725041731E-007   0.264584296E-002   0.000000000E+000
   0.12756719056095100E-007  -0.147624710E-002   0.000000000E+000
   0.12787532387148470E-007  -0.537166605E-002   0.000000000E+000
   0.12818345718201840E-007  -0.858261436E-002   0.000000000E+000
   0.12849159049255210E-007  -0.107380180E-001   0.000000000E+000
   0.12879972380308580E-007  -0.116026979E-001   0.000000000E+000
   0.12910785711361950E-007  -0.111076599E-001   0.000000000E+000
   0.12941599042415319E-007  -0.935751945E-002   0.000000000E+000
   0.12972412373468689E-007  -0.661435397E-002   0.000000000E+000
   0.13003225704522059E-007  -0.326055265E-002   0.000000000E+000
   0.13034039035575429E-007   0.253896927E-003   0.000000000E+000
   0.13064852366628799E-007   0.347217987E-002   0.000000000E+000
   0.13095665697682168E-007   0.599102862E-002   0.000000000E+000
   0.13126479028735538E-007   0.751247164E-002   0.000000000E+000
   0.13157292359788908E-007   0.788008422E-002   0.000000000E+000
   0.13188105690842278E-007   0.709515810E-002   0.000000000E+000
   0.13218919021895648E-007   0.531106442E-002   0.000000000E+000
   0.13249732352949017E-007   0.280711171E-002   0.000000000E+000
   0.13280545684002387E-007  -0.540011097E-004   0.000000000E+000
   0.13311359015055757E-007  -0.287888409E-002   0.000000000E+000
   0.13342172346109127E-007  -0.529878866E-002   0.000000000E+000
   0.13372985677162497E-007  -0.701985834E-002   0.000000000E+000
   0.13403799008215866E-007  -0.786142983E-002   0.000000000E+000
   0.13434612339269236E-007  -0.777732255E-002   0.000000000E+000
   0.13465425670322606E-007  -0.685749063E-002   0.000000000E+000
   0.13496239001375976E-007  -0.531020761E-002   0.000000000E+000
   0.13527052332429346E-007  -0.342763774E-002   0.000000000E+000
   0.13557865663482715E-007  -0.153997424E-002   0.000000000E+000
   0.13588678994536085E-007   0.351592898E-004   0.000000000E+000
   0.13619492325589455E-007   0.104072806E-002   0.000000000E+000
   0.13650305656642825E-007   0.131884101E-002   0.000000000E+000
   0.13681118987696195E-007   0.834331848E-003   0.000000000E+000
   0.13711932318749565E-007  -0.319991028E-003   0.000000000E+000
   0.13742745649802934E-007  -0.193715829E-002   0.000000000E+000
   0.13773558980856304E-007  -0.372691592E-002   0.000000000E+000
   0.13804372311909674E-007  -0.535921380E-002   0.000000000E+000
   0.13835185642963044E-007  -0.651400350E-002   0.000000000E+000
   0.13865998974016414E-007  -0.693010958E-002   0.000000000E+000
   0.13896812305069783E-007  -0.644600671E-002   0.000000000E+000
   0.13927625636123153E-007  -0.502643781E-002   0.000000000E+000
   0.13958438967176523E-007  -0.277083134E-002   0.000000000E+000
   0.13989252298229893E-007   0.979427714E-004   0.000000000E+000
   0.14020065629283263E-007   0.326306955E-002   0.000000000E+000
   0.14050878960336632E-007   0.635743700E-002   0.000000000E+000
   0.14081692291390002E-007   0.901520904E-002   0.000000000E+000
   0.14112505622443372E-007   0.109238522E-001   0.000000000E+000
   0.14143318953496742E-007   0.118689667E-001   0.000000000E+000
   0.14174132284550112E-007   0.117652379E-001   0.000000000E+000
   0.14204945615603481E-007   0.106687862E-001   0.000000000E+000
   0.14235758946656851E-007   0.876889005E-002   0.000000000E+000
   0.14266572277710221E-007   0.636009593E-002   0.000000000E+000
   0.14297385608763591E-007   0.379866711E-002   0.000000000E+000
   0.14328198939816961E-007   0.144971232E-002   0.000000000E+000
   0.14359012270870330E-007  -0.367189874E-003   0.000000000E+000
   0.14389825601923700E-007  -0.142572960E-002   0.000000000E+000
   0.14420638932977070E-007  -0.162674068E-002   0.000000000E+000
   0.14451452264030440E-007  -0.101297384E-002   0.000000000E+000
   0.14482265595083810E-007   0.237634755E-003   0.000000000E+000
   0.14513078926137180E-007   0.183937978E-002   0.000000000E+000
   0.14543892257190549E-007   0.344292819E-002   0.000000000E+000
   0.14574705588243919E-007   0.468965247E-002   0.000000000E+000
   0.14605518919297289E-007   0.526800659E-002   0.000000000E+000
   0.14636332250350659E-007   0.496340869E-002   0.000000000E+000
   0.14667145581404029E-007   0.369399693E-002   0.000000000E+000
   0.14697958912457398E-007   0.152671197E-002   0.000000000E+000
   0.14728772243510768E-007  -0.132892677E-002   0.000000000E+000
   0.14759585574564138E-007  -0.454861391E-002   0.000000000E+000
   0.14790398905617508E-007  -0.773860794E-002   0.000000000E+000
   0.14821212236670878E-007  -0.104919802E-001   0.000000000E+000
   0.14852025567724247E-007  -0.124474112E-001   0.000000000E+000
   0.14882838898777617E-007  -0.133417705E-001   0.000000000E+000
   0.14913652229830987E-007  -0.130486516E-001   0.000000000E+000
   0.14944465560884357E-007  -0.115971146E-001   0.000000000E+000
   0.14975278891937727E-007  -0.916786399E-002   0.000000000E+000
   0.15006092222991096E-007  -0.606747624E-002   0.000000000E+000
   0.15036905554044466E-007  -0.268456526E-002   0.000000000E+000
   0.15067718885097836E-007   0.565560302E-003   0.000000000E+000
   0.15098532216151206E-007   0.329949963E-002   0.000000000E+000
   0.15129345547204576E-007   0.521897664E-002   0.000000000E+000
   0.15160158878257946E-007   0.615089247E-002   0.000000000E+000
   0.15190972209311315E-007   0.606849231E-002   0.000000000E+000
   0.15221785540364685E-007   0.509079220E-002   0.000000000E+000
   0.15252598871418055E-007   0.346069364E-002   0.000000000E+000
   0.15283412202471425E-007   0.150537863E-002   0.000000000E+000
   0.15314225533524795E-007  -0.414843555E-003   0.000000000E+000
   0.15345038864578164E-007  -0.196143636E-002   0.000000000E+000
   0.15375852195631534E-007  -0.286806398E-002   0.000000000E+000
   0.15406665526684904E-007  -0.297912466E-002   0.000000000E+000
   0.15437478857738274E-007  -0.227087969E-002   0.000000000E+000
   0.15468292188791644E-007  -0.852351310E-003   0.000000000E+000
   0.15499105519845013E-007   0.105376274E-002   0.000000000E+000
   0.15529918850898383E-007   0.314694643E-002   0.000000000E+000
   0.15560732181951753E-007   0.509583997E-002   0.000000000E+000
   0.15591545513005123E-007   0.658912305E-002   0.000000000E+000
   0.15622358844058493E-007   0.738264713E-002   0.000000000E+000
   0.15653172175111862E-007   0.733585469E-002   0.000000000E+000
   0.15683985506165232E-007   0.643222453E-002   0.000000000E+000
   0.15714798837218602E-007   0.478095002E-002   0.000000000E+000
   0.15745612168271972E-007   0.259987824E-002   0.000000000E+000
   0.15776425499325342E-007   0.182513613E-003   0.000000000E+000
   0.15807238830378711E-007  -0.214580144E-002   0.000000000E+000
   0.15838052161432081E-007  -0.407589413E-002   0.000000000E+000
   0.15868865492485451E-007  -0.535980752E-002   0.000000000E+000
   0.15899678823538821E-007  -0.584626338E-002   0.000000000E+000
   0.15930492154592191E-007  -0.550142908E-002   0.000000000E+000
   0.15961305485645561E-007  -0.441208994E-002   0.000000000E+000
   0.15992118816698930E-007  -0.277096685E-002   0.000000000E+000
   0.16022932147752300E-007  -0.846519717E-003   0.000000000E+000
   0.16053745478805670E-007   0.105813798E-002   0.000000000E+000
   0.16084558809859040E-007   0.265105814E-002   0.000000000E+000
   0.16115372140912410E-007   0.369519182E-002   0.000000000E+000
   0.16146185471965779E-007   0.404357864E-002   0.000000000E+000
   0.16176998803019149E-007   0.366081763E-002   0.000000000E+000
   0.16207812134072519E-007   0.262769195E-002   0.000000000E+000
   0.16238625465125889E-007   0.112829404E-002   0.000000000E+000
   0.16269438796179259E-007  -0.578422332E-003   0.000000000E+000
   0.16300252127232628E-007  -0.219845353E-002   0.000000000E+000
   0.16331065458285998E-007  -0.344803138E-002   0.000000000E+000
   0.16361878789339368E-007  -0.409767823E-002   0.000000000E+000
   0.16392692120392738E-007  -0.400847895E-002   0.000000000E+000
   0.16423505451446108E-007  -0.315512810E-002   0.000000000E+000
   0.16454318782499477E-007  -0.163223373E-002   0.000000000E+000
   0.16485132113552847E-007   0.357227284E-003   0.000000000E+000
   0.16515945444606217E-007   0.252977526E-002   0.000000000E+000
   0.16546758775659587E-007   0.456169341E-002   0.000000000E+000
   0.16577572106712957E-007   0.613591447E-002   0.000000000E+000
   0.16608385437766326E-007   0.698872562E-002   0.000000000E+000
   0.16639198768819696E-007   0.694944896E-002   0.000000000E+000
   0.16670012099873066E-007   0.596722588E-002   0.000000000E+000
   0.16700825430926436E-007   0.412085745E-002   0.000000000E+000
   0.16731638761979806E-007   0.161009864E-002   0.000000000E+000
   0.16762452093033176E-007  -0.127049023E-002   0.000000000E+000
   0.16793265424086545E-007  -0.417149346E-002   0.000000000E+000
   0.16824078755139915E-007  -0.673668552E-002   0.000000000E+000
   0.16854892086193285E-007  -0.865226332E-002   0.000000000E+000
   0.16885705417246655E-007  -0.969014410E-002   0.000000000E+000
   0.16916518748300025E-007  -0.973905344E-002   0.000000000E+000
   0.16947332079353394E-007  -0.881889462E-002   0.000000000E+000
   0.16978145410406764E-007  -0.707634352E-002   0.000000000E+000
   0.17008958741460134E-007  -0.476237852E-002   0.000000000E+000
   0.17039772072513504E-007  -0.219510519E-002   0.000000000E+000
   0.17070585403566874E-007   0.286599156E-003   0.000000000E+000
   0.17101398734620243E-007   0.237174518E-002   0.000000000E+000
   0.17132212065673613E-007   0.382102979E-002   0.000000000E+000
   0.17163025396726983E-007   0.449934835E-002   0.000000000E+000
   0.17193838727780353E-007   0.439233799E-002   0.000000000E+000
   0.17224652058833723E-007   0.360468775E-002   0.000000000E+000
   0.17255465389887092E-007   0.234069978E-002   0.000000000E+000
   0.17286278720940462E-007   0.870263786E-003   0.000000000E+000
   0.17317092051993832E-007  -0.514433254E-003   0.000000000E+000
   0.17347905383047202E-007  -0.154478312E-002   0.000000000E+000
   0.17378718714100572E-007  -0.201722281E-002   0.000000000E+000
   0.17409532045153941E-007  -0.182403682E-002   0.000000000E+000
   0.17440345376207311E-007  -0.968937355E-003   0.000000000E+000
   0.17471158707260681E-007   0.434762158E-003   0.000000000E+000
   0.17501972038314051E-007   0.218287669E-002   0.000000000E+000
   0.17532785369367421E-007   0.401289249E-002   0.000000000E+000
   0.17563598700420791E-007   0.564515684E-002   0.000000000E+000
   0.17594412031474160E-007   0.682627317E-002   0.000000000E+000
   0.17625225362527530E-007   0.736800162E-002   0.000000000E+000
   0.17656038693580900E-007   0.717572961E-002   0.000000000E+000
   0.17686852024634270E-007   0.626225304E-002   0.000000000E+000
   0.17717665355687640E-007   0.474491669E-002   0.000000000E+000
   0.17748478686741009E-007   0.282674283E-002   0.000000000E+000
   0.17779292017794379E-007   0.764640747E-003   0.000000000E+000
   0.17810105348847749E-007  -0.117027143E-002   0.000000000E+000
   0.17840918679901119E-007  -0.273403130E-002   0.000000000E+000
   0.17871732010954489E-007  -0.374649768E-002   0.000000000E+000
   0.17902545342007858E-007  -0.411772681E-002   0.000000000E+000
   0.17933358673061228E-007  -0.386009691E-002   0.000000000E+000
   0.17964172004114598E-007  -0.308446027E-002   0.000000000E+000
   0.17994985335167968E-007  -0.198105071E-002   0.000000000E+000
   0.18025798666221338E-007  -0.788218458E-003   0.000000000E+000
   0.18056611997274707E-007   0.246112468E-003   0.000000000E+000
   0.18087425328328077E-007   0.904289889E-003   0.000000000E+000
   0.18118238659381447E-007   0.103395386E-002   0.000000000E+000
   0.18149051990434817E-007   0.572880381E-003   0.000000000E+000
   0.18179865321488187E-007  -0.440133386E-003   0.000000000E+000
   0.18210678652541556E-007  -0.186998444E-002   0.000000000E+000
   0.18241491983594926E-007  -0.350487023E-002   0.000000000E+000
   0.18272305314648296E-007  -0.508782547E-002   0.000000000E+000
   0.18303118645701666E-007  -0.635546166E-002   0.000000000E+000
   0.18333931976755036E-007  -0.707810745E-002   0.000000000E+000
   0.18364745307808406E-007  -0.709535973E-002   0.000000000E+000
   0.18395558638861775E-007  -0.634174095E-002   0.000000000E+000
   0.18426371969915145E-007  -0.485863024E-002   0.000000000E+000
   0.18457185300968515E-007  -0.279066502E-002   0.000000000E+000
   0.18487998632021885E-007  -0.367087545E-003   0.000000000E+000
   0.18518811963075255E-007   0.212928280E-002   0.000000000E+000
   0.18549625294128624E-007   0.440097880E-002   0.000000000E+000
   0.18580438625181994E-007   0.617709104E-002   0.000000000E+000
   0.18611251956235364E-007   0.725081936E-002   0.000000000E+000
   0.18642065287288734E-007   0.750796637E-002   0.000000000E+000
   0.18672878618342104E-007   0.694230804E-002   0.000000000E+000
   0.18703691949395473E-007   0.565567426E-002   0.000000000E+000
   0.18734505280448843E-007   0.384278735E-002   0.000000000E+000
   0.18765318611502213E-007   0.176310842E-002   0.000000000E+000
   0.18796131942555583E-007  -0.296203420E-003   0.000000000E+000
   0.18826945273608953E-007  -0.206084037E-002   0.000000000E+000
   0.18857758604662322E-007  -0.330755580E-002   0.000000000E+000
   0.18888571935715692E-007  -0.389455305E-002   0.000000000E+000
   0.18919385266769062E-007  -0.377973495E-002   0.000000000E+000
   0.18950198597822432E-007  -0.302428962E-002   0.000000000E+000
   0.18981011928875802E-007  -0.178124243E-002   0.000000000E+000
   0.19011825259929171E-007  -0.270792400E-003   0.000000000E+000
   0.19042638590982541E-007   0.125381397E-002   0.000000000E+000
   0.19073451922035911E-007   0.254475512E-002   0.000000000E+000
   0.19104265253089281E-007   0.339672971E-002   0.000000000E+000
   0.19135078584142651E-007   0.367718190E-002   0.000000000E+000
   0.19165891915196021E-007   0.334522547E-002   0.000000000E+000
   0.19196705246249390E-007   0.245653349E-002   0.000000000E+000
   0.19227518577302760E-007   0.115357793E-002   0.000000000E+000
   0.19258331908356130E-007  -0.357196433E-003   0.000000000E+000
   0.19289145239409500E-007  -0.183773006E-002   0.000000000E+000
   0.19319958570462870E-007  -0.305527053E-002   0.000000000E+000
   0.19350771901516239E-007  -0.381822838E-002   0.000000000E+000
   0.19381585232569609E-007  -0.400551315E-002   0.000000000E+000
   0.19412398563622979E-007  -0.358490879E-002   0.000000000E+000
   0.19443211894676349E-007  -0.261772377E-002   0.000000000E+000
   0.19474025225729719E-007  -0.124905875E-002   0.000000000E+000
   0.19504838556783088E-007   0.314770965E-003   0.000000000E+000
   0.19535651887836458E-007   0.183814706E-002   0.000000000E+000
   0.19566465218889828E-007   0.309246778E-002   0.000000000E+000
   0.19597278549943198E-007   0.389127340E-002   0.000000000E+000
   0.19628091880996568E-007   0.411877362E-002   0.000000000E+000
   0.19658905212049937E-007   0.374739151E-002   0.000000000E+000
   0.19689718543103307E-007   0.284163910E-002   0.000000000E+000
   0.19720531874156677E-007   0.154774799E-002   0.000000000E+000
   0.19751345205210047E-007   0.706779538E-004   0.000000000E+000
   0.19782158536263417E-007  -0.135793129E-002   0.000000000E+000
   0.19812971867316787E-007  -0.251590437E-002   0.000000000E+000
   0.19843785198370156E-007  -0.322517985E-002   0.000000000E+000
   0.19874598529423526E-007  -0.337961991E-002   0.000000000E+000
   0.19905411860476896E-007  -0.296167773E-002   0.000000000E+000
   0.19936225191530266E-007  -0.204535853E-002   0.000000000E+000
   0.19967038522583636E-007  -0.785001786E-003   0.000000000E+000
   0.19997851853637005E-007   0.608395203E-003   0.000000000E+000
   0.20028665184690375E-007   0.189969072E-002   0.000000000E+000
   0.20059478515743745E-007   0.286597852E-002   0.000000000E+000
   0.20090291846797115E-007   0.333127449E-002   0.000000000E+000
   0.20121105177850485E-007   0.319422293E-002   0.000000000E+000
   0.20151918508903854E-007   0.244460255E-002   0.000000000E+000
   0.20182731839957224E-007   0.116612460E-002   0.000000000E+000
   0.20213545171010594E-007  -0.474910135E-003   0.000000000E+000
   0.20244358502063964E-007  -0.225338503E-002   0.000000000E+000
   0.20275171833117334E-007  -0.391801167E-002   0.000000000E+000
   0.20305985164170703E-007  -0.522795273E-002   0.000000000E+000
   0.20336798495224073E-007  -0.598797854E-002   0.000000000E+000
   0.20367611826277443E-007  -0.607695198E-002   0.000000000E+000
   0.20398425157330813E-007  -0.546546467E-002   0.000000000E+000
   0.20429238488384183E-007  -0.422009360E-002   0.000000000E+000
   0.20460051819437552E-007  -0.249374099E-002   0.000000000E+000
   0.20490865150490922E-007  -0.503584277E-003   0.000000000E+000
   0.20521678481544292E-007   0.150002958E-002   0.000000000E+000
   0.20552491812597662E-007   0.326911383E-002   0.000000000E+000
   0.20583305143651032E-007   0.459277211E-002   0.000000000E+000
   0.20614118474704402E-007   0.532608572E-002   0.000000000E+000
   0.20644931805757771E-007   0.540903769E-002   0.000000000E+000
   0.20675745136811141E-007   0.487287389E-002   0.000000000E+000
   0.20706558467864511E-007   0.383317750E-002   0.000000000E+000
   0.20737371798917881E-007   0.247089099E-002   0.000000000E+000
   0.20768185129971251E-007   0.100426341E-002   0.000000000E+000
   0.20798998461024620E-007  -0.344009371E-003   0.000000000E+000
   0.20829811792077990E-007  -0.137954263E-002   0.000000000E+000
   0.20860625123131360E-007  -0.196411344E-002   0.000000000E+000
   0.20891438454184730E-007  -0.203458290E-002   0.000000000E+000
   0.20922251785238100E-007  -0.161025114E-002   0.000000000E+000
   0.20953065116291469E-007  -0.787754660E-003   0.000000000E+000
   0.20983878447344839E-007   0.275529455E-003   0.000000000E+000
   0.21014691778398209E-007   0.138692185E-002   0.000000000E+000
   0.21045505109451579E-007   0.234878482E-002   0.000000000E+000
   0.21076318440504949E-007   0.298916292E-002   0.000000000E+000
   0.21107131771558318E-007   0.318810949E-002   0.000000000E+000
   0.21137945102611688E-007   0.289578969E-002   0.000000000E+000
   0.21168758433665058E-007   0.213971222E-002   0.000000000E+000
   0.21199571764718428E-007   0.102009694E-002   0.000000000E+000
   0.21230385095771798E-007  -0.305828871E-003   0.000000000E+000
   0.21261198426825167E-007  -0.164814934E-002   0.000000000E+000
   0.21292011757878537E-007  -0.281345425E-002   0.000000000E+000
   0.21322825088931907E-007  -0.363445701E-002   0.000000000E+000
   0.21353638419985277E-007  -0.399552938E-002   0.000000000E+000
   0.21384451751038647E-007  -0.385028264E-002   0.000000000E+000
   0.21415265082092017E-007  -0.322853075E-002   0.000000000E+000
   0.21446078413145386E-007  -0.223158975E-002   0.000000000E+000
   0.21476891744198756E-007  -0.101663766E-002   0.000000000E+000
   0.21507705075252126E-007   0.227481360E-003   0.000000000E+000
   0.21538518406305496E-007   0.130931882E-002   0.000000000E+000
   0.21569331737358866E-007   0.206431421E-002   0.000000000E+000
   0.21600145068412235E-007   0.238020718E-002   0.000000000E+000
   0.21630958399465605E-007   0.221446785E-002   0.000000000E+000
   0.21661771730518975E-007   0.160105200E-002   0.000000000E+000
   0.21692585061572345E-007   0.645404158E-003   0.000000000E+000
   0.21723398392625715E-007  -0.491576444E-003   0.000000000E+000
   0.21754211723679084E-007  -0.161820604E-002   0.000000000E+000
   0.21785025054732454E-007  -0.254159374E-002   0.000000000E+000
   0.21815838385785824E-007  -0.309762591E-002   0.000000000E+000
   0.21846651716839194E-007  -0.317678694E-002   0.000000000E+000
   0.21877465047892564E-007  -0.274184602E-002   0.000000000E+000
   0.21908278378945933E-007  -0.183467148E-002   0.000000000E+000
   0.21939091709999303E-007  -0.571070588E-003   0.000000000E+000
   0.21969905041052673E-007   0.875629950E-003   0.000000000E+000
   0.22000718372106043E-007   0.229983823E-002   0.000000000E+000
   0.22031531703159413E-007   0.349401170E-002   0.000000000E+000
   0.22062345034212782E-007   0.427949335E-002   0.000000000E+000
   0.22093158365266152E-007   0.453323638E-002   0.000000000E+000
   0.22123971696319522E-007   0.420640828E-002   0.000000000E+000
   0.22154785027372892E-007   0.333208404E-002   0.000000000E+000
   0.22185598358426262E-007   0.202089082E-002   0.000000000E+000
   0.22216411689479632E-007   0.445265556E-003   0.000000000E+000
   0.22247225020533001E-007  -0.118529599E-002   0.000000000E+000
   0.22278038351586371E-007  -0.265429402E-002   0.000000000E+000
   0.22308851682639741E-007  -0.376910111E-002   0.000000000E+000
   0.22339665013693111E-007  -0.438809767E-002   0.000000000E+000
   0.22370478344746481E-007  -0.444009155E-002   0.000000000E+000
   0.22401291675799850E-007  -0.393325277E-002   0.000000000E+000
   0.22432105006853220E-007  -0.295237871E-002   0.000000000E+000
   0.22462918337906590E-007  -0.164506759E-002   0.000000000E+000
   0.22493731668959960E-007  -0.199024333E-003   0.000000000E+000
   0.22524545000013330E-007   0.118598901E-002   0.000000000E+000
   0.22555358331066699E-007   0.232729549E-002   0.000000000E+000
   0.22586171662120069E-007   0.308519462E-002   0.000000000E+000
   0.22616984993173439E-007   0.338181248E-002   0.000000000E+000
   0.22647798324226809E-007   0.321025332E-002   0.000000000E+000
   0.22678611655280179E-007   0.263290247E-002   0.000000000E+000
   0.22709424986333548E-007   0.176938006E-002   0.000000000E+000
   0.22740238317386918E-007   0.776202651E-003   0.000000000E+000
   0.22771051648440288E-007  -0.178578775E-003   0.000000000E+000
   0.22801864979493658E-007  -0.941804319E-003   0.000000000E+000
   0.22832678310547028E-007  -0.139864080E-002   0.000000000E+000
   0.22863491641600397E-007  -0.148950471E-002   0.000000000E+000
   0.22894304972653767E-007  -0.121800869E-002   0.000000000E+000
   0.22925118303707137E-007  -0.648870075E-003   0.000000000E+000
   0.22955931634760507E-007   0.103724771E-003   0.000000000E+000
   0.22986744965813877E-007   0.895355071E-003   0.000000000E+000
   0.23017558296867247E-007   0.157512492E-002   0.000000000E+000
   0.23048371627920616E-007   0.201021042E-002   0.000000000E+000
   0.23079184958973986E-007   0.210738694E-002   0.000000000E+000
   0.23109998290027356E-007   0.182822056E-002   0.000000000E+000
   0.23140811621080726E-007   0.119561388E-002   0.000000000E+000
   0.23171624952134096E-007   0.290728698E-003   0.000000000E+000
   0.23202438283187465E-007  -0.759212708E-003   0.000000000E+000
   0.23233251614240835E-007  -0.180035830E-002   0.000000000E+000
   0.23264064945294205E-007  -0.267590093E-002   0.000000000E+000
   0.23294878276347575E-007  -0.325037260E-002   0.000000000E+000
   0.23325691607400945E-007  -0.343084149E-002   0.000000000E+000
   0.23356504938454314E-007  -0.318176742E-002   0.000000000E+000
   0.23387318269507684E-007  -0.253122859E-002   0.000000000E+000
   0.23418131600561054E-007  -0.156753347E-002   0.000000000E+000
   0.23448944931614424E-007  -0.426678569E-003   0.000000000E+000
   0.23479758262667794E-007   0.727505074E-003   0.000000000E+000
   0.23510571593721163E-007   0.172757031E-002   0.000000000E+000
   0.23541384924774533E-007   0.242742803E-002   0.000000000E+000
   0.23572198255827903E-007   0.272433879E-002   0.000000000E+000
   0.23603011586881273E-007   0.257461728E-002   0.000000000E+000
   0.23633824917934643E-007   0.200067041E-002   0.000000000E+000
   0.23664638248988012E-007   0.108827220E-002   0.000000000E+000
   0.23695451580041382E-007  -0.255659688E-004   0.000000000E+000
   0.23726264911094752E-007  -0.117237796E-002   0.000000000E+000
   0.23757078242148122E-007  -0.217677886E-002   0.000000000E+000
   0.23787891573201492E-007  -0.288214139E-002   0.000000000E+000
   0.23818704904254862E-007  -0.317362696E-002   0.000000000E+000
   0.23849518235308231E-007  -0.299516693E-002   0.000000000E+000
   0.23880331566361601E-007  -0.235788524E-002   0.000000000E+000
   0.23911144897414971E-007  -0.133872835E-002   0.000000000E+000
   0.23941958228468341E-007  -0.695087947E-004   0.000000000E+000
   0.23972771559521711E-007   0.128199789E-002   0.000000000E+000
   0.24003584890575080E-007   0.253610127E-002   0.000000000E+000
   0.24034398221628450E-007   0.352682360E-002   0.000000000E+000
   0.24065211552681820E-007   0.412533339E-002   0.000000000E+000
   0.24096024883735190E-007   0.425775582E-002   0.000000000E+000
   0.24126838214788560E-007   0.391479162E-002   0.000000000E+000
   0.24157651545841929E-007   0.315181958E-002   0.000000000E+000
   0.24188464876895299E-007   0.207959022E-002   0.000000000E+000
   0.24219278207948669E-007   0.847026822E-003   0.000000000E+000
   0.24250091539002039E-007  -0.381189049E-003   0.000000000E+000
   0.24280904870055409E-007  -0.144881278E-002   0.000000000E+000
   0.24311718201108778E-007  -0.223036064E-002   0.000000000E+000
   0.24342531532162148E-007  -0.264824089E-002   0.000000000E+000
   0.24373344863215518E-007  -0.268221623E-002   0.000000000E+000
   0.24404158194268888E-007  -0.236991560E-002   0.000000000E+000
   0.24434971525322258E-007  -0.179851591E-002   0.000000000E+000
   0.24465784856375627E-007  -0.108905591E-002   0.000000000E+000
   0.24496598187428997E-007  -0.375960139E-003   0.000000000E+000
   0.24527411518482367E-007   0.214942789E-003   0.000000000E+000
   0.24558224849535737E-007   0.586451613E-003   0.000000000E+000
   0.24589038180589107E-007   0.684965809E-003   0.000000000E+000
   0.24619851511642477E-007   0.508122903E-003   0.000000000E+000
   0.24650664842695846E-007   0.104006060E-003   0.000000000E+000
   0.24681478173749216E-007  -0.437838404E-003   0.000000000E+000
   0.24712291504802586E-007  -0.100205455E-002   0.000000000E+000
   0.24743104835855956E-007  -0.146724156E-002   0.000000000E+000
   0.24773918166909326E-007  -0.172664970E-002   0.000000000E+000
   0.24804731497962695E-007  -0.170650240E-002   0.000000000E+000
   0.24835544829016065E-007  -0.137902936E-002   0.000000000E+000
   0.24866358160069435E-007  -0.768143102E-003   0.000000000E+000
   0.24897171491122805E-007   0.531529658E-004   0.000000000E+000
   0.24927984822176175E-007   0.973238319E-003   0.000000000E+000
   0.24958798153229544E-007   0.185862300E-002   0.000000000E+000
   0.24989611484282914E-007   0.257438282E-002   0.000000000E+000
   0.25020424815336284E-007   0.300512998E-002   0.000000000E+000
   0.25051238146389654E-007   0.307328114E-002   0.000000000E+000
   0.25082051477443024E-007   0.275180326E-002   0.000000000E+000
   0.25112864808496393E-007   0.206945348E-002   0.000000000E+000
   0.25143678139549763E-007   0.110767654E-002   0.000000000E+000
   0.25174491470603133E-007  -0.104177743E-004   0.000000000E+000
   0.25205304801656503E-007  -0.113737665E-002   0.000000000E+000
   0.25236118132709873E-007  -0.212246133E-002   0.000000000E+000
   0.25266931463763243E-007  -0.283331866E-002   0.000000000E+000
   0.25297744794816612E-007  -0.317505933E-002   0.000000000E+000
   0.25328558125869982E-007  -0.310392631E-002   0.000000000E+000
   0.25359371456923352E-007  -0.263355160E-002   0.000000000E+000
   0.25390184787976722E-007  -0.183289871E-002   0.000000000E+000
   0.25420998119030092E-007  -0.816217158E-003   0.000000000E+000
   0.25451811450083461E-007   0.273483573E-003   0.000000000E+000
   0.25482624781136831E-007   0.128499686E-002   0.000000000E+000
   0.25513438112190201E-007   0.208049687E-002   0.000000000E+000
   0.25544251443243571E-007   0.255498011E-002   0.000000000E+000
   0.25575064774296941E-007   0.265076454E-002   0.000000000E+000
   0.25605878105350310E-007   0.236498145E-002   0.000000000E+000
   0.25636691436403680E-007   0.174904941E-002   0.000000000E+000
   0.25667504767457050E-007   0.900301267E-003   0.000000000E+000
   0.25698318098510420E-007  -0.529119861E-004   0.000000000E+000
   0.25729131429563790E-007  -0.970373105E-003   0.000000000E+000
   0.25759944760617159E-007  -0.172053953E-002   0.000000000E+000
   0.25790758091670529E-007  -0.219943468E-002   0.000000000E+000
   0.25821571422723899E-007  -0.234513334E-002   0.000000000E+000
   0.25852384753777269E-007  -0.214577094E-002   0.000000000E+000
   0.25883198084830639E-007  -0.163999852E-002   0.000000000E+000
   0.25914011415884008E-007  -0.909944822E-003   0.000000000E+000
   0.25944824746937378E-007  -0.678634387E-004   0.000000000E+000
   0.25975638077990748E-007   0.761420582E-003   0.000000000E+000
   0.26006451409044118E-007   0.145954895E-002   0.000000000E+000
   0.26037264740097488E-007   0.193224708E-002   0.000000000E+000
   0.26068078071150858E-007   0.212286506E-002   0.000000000E+000
   0.26098891402204227E-007   0.201984518E-002   0.000000000E+000
   0.26129704733257597E-007   0.165707094E-002   0.000000000E+000
   0.26160518064310967E-007   0.110715185E-002   0.000000000E+000
   0.26191331395364337E-007   0.468800776E-003   0.000000000E+000
   0.26222144726417707E-007  -0.149650441E-003   0.000000000E+000
   0.26252958057471076E-007  -0.647960522E-003   0.000000000E+000
   0.26283771388524446E-007  -0.950111076E-003   0.000000000E+000
   0.26314584719577816E-007  -0.101632241E-002   0.000000000E+000
   0.26345398050631186E-007  -0.849080971E-003   0.000000000E+000
   0.26376211381684556E-007  -0.492248801E-003   0.000000000E+000
   0.26407024712737925E-007  -0.234276522E-004   0.000000000E+000
   0.26437838043791295E-007   0.459187635E-003   0.000000000E+000
   0.26468651374844665E-007   0.853362842E-003   0.000000000E+000
   0.26499464705898035E-007   0.107013737E-002   0.000000000E+000
   0.26530278036951405E-007   0.104912708E-002   0.000000000E+000
   0.26561091368004774E-007   0.769355800E-003   0.000000000E+000
   0.26591904699058144E-007   0.253855309E-003   0.000000000E+000
   0.26622718030111514E-007  -0.432756671E-003   0.000000000E+000
   0.26653531361164884E-007  -0.119340490E-002   0.000000000E+000
   0.26684344692218254E-007  -0.191302446E-002   0.000000000E+000
   0.26715158023271623E-007  -0.247615529E-002   0.000000000E+000
   0.26745971354324993E-007  -0.278494996E-002   0.000000000E+000
   0.26776784685378363E-007  -0.277480157E-002   0.000000000E+000
   0.26807598016431733E-007  -0.242515234E-002   0.000000000E+000
   0.26838411347485103E-007  -0.176377525E-002   0.000000000E+000
   0.26869224678538473E-007  -0.863816007E-003   0.000000000E+000
   0.26900038009591842E-007   0.166005222E-003   0.000000000E+000
   0.26930851340645212E-007   0.119659572E-002   0.000000000E+000
   0.26961664671698582E-007   0.209682598E-002   0.000000000E+000
   0.26992478002751952E-007   0.275226287E-002   0.000000000E+000
   0.27023291333805322E-007   0.308150030E-002   0.000000000E+000
   0.27054104664858691E-007   0.304766116E-002   0.000000000E+000
   0.27084917995912061E-007   0.266337977E-002   0.000000000E+000
   0.27115731326965431E-007   0.198856089E-002   0.000000000E+000
   0.27146544658018801E-007   0.112130167E-002   0.000000000E+000
   0.27177357989072171E-007   0.183377590E-003   0.000000000E+000
   0.27208171320125540E-007  -0.697501644E-003   0.000000000E+000
   0.27238984651178910E-007  -0.140600826E-002   0.000000000E+000
   0.27269797982232280E-007  -0.185536826E-002   0.000000000E+000
   0.27300611313285650E-007  -0.199903431E-002   0.000000000E+000
   0.27331424644339020E-007  -0.183620874E-002   0.000000000E+000
   0.27362237975392389E-007  -0.141050864E-002   0.000000000E+000
   0.27393051306445759E-007  -0.802108727E-003   0.000000000E+000
   0.27423864637499129E-007  -0.114660827E-003   0.000000000E+000
   0.27454677968552499E-007   0.540945330E-003   0.000000000E+000
   0.27485491299605869E-007   0.106347748E-002   0.000000000E+000
   0.27516304630659238E-007   0.137636054E-002   0.000000000E+000
   0.27547117961712608E-007   0.143855426E-002   0.000000000E+000
   0.27577931292765978E-007   0.124975294E-002   0.000000000E+000
   0.27608744623819348E-007   0.849230564E-003   0.000000000E+000
   0.27639557954872718E-007   0.308638671E-003   0.000000000E+000
   0.27670371285926088E-007  -0.280025881E-003   0.000000000E+000
   0.27701184616979457E-007  -0.819348730E-003   0.000000000E+000
   0.27731997948032827E-007  -0.122197194E-002   0.000000000E+000
   0.27762811279086197E-007  -0.142421969E-002   0.000000000E+000
   0.27793624610139567E-007  -0.139579095E-002   0.000000000E+000
   0.27824437941192937E-007  -0.114407018E-002   0.000000000E+000
   0.27855251272246306E-007  -0.712450943E-003   0.000000000E+000
   0.27886064603299676E-007  -0.172995438E-003   0.000000000E+000
   0.27916877934353046E-007   0.385370164E-003   0.000000000E+000
   0.27947691265406416E-007   0.871248485E-003   0.000000000E+000
   0.27978504596459786E-007   0.120547647E-002   0.000000000E+000
   0.28009317927513155E-007   0.133384042E-002   0.000000000E+000
   0.28040131258566525E-007   0.123580568E-002   0.000000000E+000
   0.28070944589619895E-007   0.927892164E-003   0.000000000E+000
   0.28101757920673265E-007   0.461161806E-003   0.000000000E+000
   0.28132571251726635E-007  -0.868034258E-004   0.000000000E+000
   0.28163384582780004E-007  -0.624191714E-003   0.000000000E+000
   0.28194197913833374E-007  -0.105961238E-002   0.000000000E+000
   0.28225011244886744E-007  -0.131682237E-002   0.000000000E+000
   0.28255824575940114E-007  -0.134722108E-002   0.000000000E+000
   0.28286637906993484E-007  -0.113813113E-002   0.000000000E+000
   0.28317451238046853E-007  -0.715531758E-003   0.000000000E+000
   0.28348264569100223E-007  -0.140752876E-003   0.000000000E+000
   0.28379077900153593E-007   0.498421607E-003   0.000000000E+000
   0.28409891231206963E-007   0.110093388E-002   0.000000000E+000
   0.28440704562260333E-007   0.156792067E-002   0.000000000E+000
   0.28471517893313703E-007   0.181811256E-002   0.000000000E+000
   0.28502331224367072E-007   0.180079008E-002   0.000000000E+000
   0.28533144555420442E-007   0.150427525E-002   0.000000000E+000
   0.28563957886473812E-007   0.958604738E-003   0.000000000E+000
   0.28594771217527182E-007   0.231911370E-003   0.000000000E+000
   0.28625584548580552E-007  -0.579003245E-003   0.000000000E+000
   0.28656397879633921E-007  -0.136252749E-002   0.000000000E+000
   0.28687211210687291E-007  -0.200846978E-002   0.000000000E+000
   0.28718024541740661E-007  -0.242422521E-002   0.000000000E+000
   0.28748837872794031E-007  -0.254844199E-002   0.000000000E+000
   0.28779651203847401E-007  -0.236012344E-002   0.000000000E+000
   0.28810464534900770E-007  -0.188178523E-002   0.000000000E+000
   0.28841277865954140E-007  -0.117619126E-002   0.000000000E+000
   0.28872091197007510E-007  -0.337165140E-003   0.000000000E+000
   0.28902904528060880E-007   0.524133968E-003   0.000000000E+000
   0.28933717859114250E-007   0.129538728E-002   0.000000000E+000
   0.28964531190167619E-007   0.187930814E-002   0.000000000E+000
   0.28995344521220989E-007   0.220741564E-002   0.000000000E+000
   0.29026157852274359E-007   0.224934379E-002   0.000000000E+000
   0.29056971183327729E-007   0.201633153E-002   0.000000000E+000
   0.29087784514381099E-007   0.155843981E-002   0.000000000E+000
   0.29118597845434468E-007   0.956000935E-003   0.000000000E+000
   0.29149411176487838E-007   0.306682952E-003   0.000000000E+000
   0.29180224507541208E-007  -0.289790914E-003   0.000000000E+000
   0.29211037838594578E-007  -0.746893929E-003   0.000000000E+000
   0.29241851169647948E-007  -0.100417517E-002   0.000000000E+000
   0.29272664500701318E-007  -0.103582290E-002   0.000000000E+000
   0.29303477831754687E-007  -0.853653823E-003   0.000000000E+000
   0.29334291162808057E-007  -0.504154537E-003   0.000000000E+000
   0.29365104493861427E-007  -0.601265929E-004   0.000000000E+000
   0.29395917824914797E-007   0.391677720E-003   0.000000000E+000
   0.29426731155968167E-007   0.764938304E-003   0.000000000E+000
   0.29457544487021536E-007   0.987879466E-003   0.000000000E+000
   0.29488357818074906E-007   0.101489236E-002   0.000000000E+000
   0.29519171149128276E-007   0.833857746E-003   0.000000000E+000
   0.29549984480181646E-007   0.468047685E-003   0.000000000E+000
   0.29580797811235016E-007  -0.276567298E-004   0.000000000E+000
   0.29611611142288385E-007  -0.575602346E-003   0.000000000E+000
   0.29642424473341755E-007  -0.108783972E-002   0.000000000E+000
   0.29673237804395125E-007  -0.148025842E-002   0.000000000E+000
   0.29704051135448495E-007  -0.168615161E-002   0.000000000E+000
   0.29734864466501865E-007  -0.166707684E-002   0.000000000E+000
   0.29765677797555234E-007  -0.141930161E-002   0.000000000E+000
   0.29796491128608604E-007  -0.974818482E-003   0.000000000E+000
   0.29827304459661974E-007  -0.396753894E-003   0.000000000E+000
   0.29858117790715344E-007   0.230132835E-003   0.000000000E+000
   0.29888931121768714E-007   0.812403508E-003   0.000000000E+000
   0.29919744452822084E-007   0.126235548E-002   0.000000000E+000
   0.29950557783875453E-007   0.151167263E-002   0.000000000E+000
   0.29981371114928823E-007   0.152220170E-002   0.000000000E+000
   0.30012184445982193E-007   0.129217515E-002   0.000000000E+000
   0.30042997777035563E-007   0.856895116E-003   0.000000000E+000
   0.30073811108088933E-007   0.283733243E-003   0.000000000E+000
   0.30104624439142302E-007  -0.337828766E-003   0.000000000E+000
   0.30135437770195672E-007  -0.909637660E-003   0.000000000E+000
   0.30166251101249042E-007  -0.133976468E-002   0.000000000E+000
   0.30197064432302412E-007  -0.155660836E-002   0.000000000E+000
   0.30227877763355782E-007  -0.152005954E-002   0.000000000E+000
   0.30258691094409151E-007  -0.122801668E-002   0.000000000E+000
   0.30289504425462521E-007  -0.717230607E-003   0.000000000E+000
   0.30320317756515891E-007  -0.583099318E-004   0.000000000E+000
   0.30351131087569261E-007   0.654406031E-003   0.000000000E+000
   0.30381944418622631E-007   0.131661980E-002   0.000000000E+000
   0.30412757749676000E-007   0.182945421E-002   0.000000000E+000
   0.30443571080729370E-007   0.211414369E-002   0.000000000E+000
   0.30474384411782740E-007   0.212383713E-002   0.000000000E+000
   0.30505197742836110E-007   0.185073679E-002   0.000000000E+000
   0.30536011073889480E-007   0.132748880E-002   0.000000000E+000
   0.30566824404942849E-007   0.622603111E-003   0.000000000E+000
   0.30597637735996219E-007  -0.169429055E-003   0.000000000E+000
   0.30628451067049589E-007  -0.941850652E-003   0.000000000E+000
   0.30659264398102959E-007  -0.159114227E-002   0.000000000E+000
   0.30690077729156329E-007  -0.203199638E-002   0.000000000E+000
   0.30720891060209699E-007  -0.220952928E-002   0.000000000E+000
   0.30751704391263068E-007  -0.210690778E-002   0.000000000E+000
   0.30782517722316438E-007  -0.174727221E-002   0.000000000E+000
   0.30813331053369808E-007  -0.118969253E-002   0.000000000E+000
   0.30844144384423178E-007  -0.519808789E-003   0.000000000E+000
   0.30874957715476548E-007   0.163395132E-003   0.000000000E+000
   0.30905771046529917E-007   0.762647367E-003   0.000000000E+000
   0.30936584377583287E-007   0.119696511E-002   0.000000000E+000
   0.30967397708636657E-007   0.141353183E-002   0.000000000E+000
   0.30998211039690027E-007   0.139507337E-002   0.000000000E+000
   0.31029024370743397E-007   0.116163935E-002   0.000000000E+000
   0.31059837701796766E-007   0.766559329E-003   0.000000000E+000
   0.31090651032850136E-007   0.287255447E-003   0.000000000E+000
   0.31121464363903506E-007  -0.187619036E-003   0.000000000E+000
   0.31152277694956876E-007  -0.572673744E-003   0.000000000E+000
   0.31183091026010246E-007  -0.799618661E-003   0.000000000E+000
   0.31213904357063615E-007  -0.828269869E-003   0.000000000E+000
   0.31244717688116985E-007  -0.652991934E-003   0.000000000E+000
   0.31275531019170355E-007  -0.303570618E-003   0.000000000E+000
   0.31306344350223725E-007   0.159618503E-003   0.000000000E+000
   0.31337157681277095E-007   0.655378681E-003   0.000000000E+000
   0.31367971012330464E-007   0.109485537E-002   0.000000000E+000
   0.31398784343383834E-007   0.139601633E-002   0.000000000E+000
   0.31429597674437204E-007   0.149715797E-002   0.000000000E+000
   0.31460411005490574E-007   0.136729528E-002   0.000000000E+000
   0.31491224336543944E-007   0.101177872E-002   0.000000000E+000
   0.31522037667597314E-007   0.472219079E-003   0.000000000E+000
   0.31552850998650683E-007  -0.179306895E-003   0.000000000E+000
   0.31583664329704053E-007  -0.850909040E-003   0.000000000E+000
   0.31614477660757423E-007  -0.144476700E-002   0.000000000E+000
   0.31645290991810793E-007  -0.187211437E-002   0.000000000E+000
   0.31676104322864163E-007  -0.206700759E-002   0.000000000E+000
   0.31706917653917532E-007  -0.199674512E-002   0.000000000E+000
   0.31737730984970902E-007  -0.166730979E-002   0.000000000E+000
   0.31768544316024272E-007  -0.112296431E-002   0.000000000E+000
   0.31799357647077642E-007  -0.440026575E-003   0.000000000E+000
   0.31830170978131012E-007   0.284263864E-003   0.000000000E+000
   0.31860984309184381E-007   0.946115528E-003   0.000000000E+000
   0.31891797640237751E-007   0.145063153E-002   0.000000000E+000
   0.31922610971291121E-007   0.172599894E-002   0.000000000E+000
   0.31953424302344491E-007   0.173427304E-002   0.000000000E+000
   0.31984237633397861E-007   0.147712603E-002   0.000000000E+000
   0.32015050964451230E-007   0.995681388E-003   0.000000000E+000
   0.32045864295504600E-007   0.364453183E-003   0.000000000E+000
   0.32076677626557970E-007  -0.319711224E-003   0.000000000E+000
   0.32107490957611340E-007  -0.952029077E-003   0.000000000E+000
   0.32138304288664710E-007  -0.143536821E-002   0.000000000E+000
   0.32169117619718079E-007  -0.169469486E-002   0.000000000E+000
   0.32199930950771449E-007  -0.168822496E-002   0.000000000E+000
   0.32230744281824819E-007  -0.141362171E-002   0.000000000E+000
   0.32261557612878189E-007  -0.908326241E-003   0.000000000E+000
   0.32292370943931559E-007  -0.243983581E-003   0.000000000E+000
   0.32323184274984929E-007   0.484189950E-003   0.000000000E+000
   0.32353997606038298E-007   0.117149833E-002   0.000000000E+000
   0.32384810937091668E-007   0.171920750E-002   0.000000000E+000
   0.32415624268145038E-007   0.204903050E-002   0.000000000E+000
   0.32446437599198408E-007   0.211450574E-002   0.000000000E+000
   0.32477250930251778E-007   0.190758531E-002   0.000000000E+000
   0.32508064261305147E-007   0.145947712E-002   0.000000000E+000
   0.32538877592358517E-007   0.835649262E-003   0.000000000E+000
   0.32569690923411887E-007   0.125777384E-003   0.000000000E+000
   0.32600504254465257E-007  -0.569820171E-003   0.000000000E+000
   0.32631317585518627E-007  -0.115520298E-002   0.000000000E+000
   0.32662130916571996E-007  -0.155300868E-002   0.000000000E+000
   0.32692944247625366E-007  -0.171569677E-002   0.000000000E+000
   0.32723757578678736E-007  -0.163215213E-002   0.000000000E+000
   0.32754570909732106E-007  -0.132867694E-002   0.000000000E+000
   0.32785384240785476E-007  -0.864257221E-003   0.000000000E+000
   0.32816197571838845E-007  -0.320864609E-003   0.000000000E+000
   0.32847010902892215E-007   0.209693331E-003   0.000000000E+000
   0.32877824233945585E-007   0.640326936E-003   0.000000000E+000
   0.32908637564998955E-007   0.902371597E-003   0.000000000E+000
   0.32939450896052325E-007   0.956322940E-003   0.000000000E+000
   0.32970264227105694E-007   0.797936344E-003   0.000000000E+000
   0.33001077558159064E-007   0.458745722E-003   0.000000000E+000
   0.33031890889212434E-007   0.915897544E-006   0.000000000E+000
   0.33062704220265804E-007  -0.492775522E-003   0.000000000E+000
   0.33093517551319174E-007  -0.932270428E-003   0.000000000E+000
   0.33124330882372544E-007  -0.123480312E-002   0.000000000E+000
   0.33155144213425913E-007  -0.133843278E-002   0.000000000E+000
   0.33185957544479283E-007  -0.121240737E-002   0.000000000E+000
   0.33216770875532653E-007  -0.862711924E-003   0.000000000E+000
   0.33247584206586023E-007  -0.331890129E-003   0.000000000E+000
   0.33278397537639393E-007   0.306885224E-003   0.000000000E+000
   0.33309210868692762E-007   0.960627338E-003   0.000000000E+000
   0.33340024199746132E-007   0.153060176E-002   0.000000000E+000
   0.33370837530799502E-007   0.192749780E-002   0.000000000E+000
   0.33401650861852872E-007   0.208536931E-002   0.000000000E+000
   0.33432464192906242E-007   0.197218289E-002   0.000000000E+000
   0.33463277523959611E-007   0.159531750E-002   0.000000000E+000
   0.33494090855012981E-007   0.100112590E-002   0.000000000E+000
   0.33524904186066351E-007   0.268572185E-003   0.000000000E+000
   0.33555717517119721E-007  -0.502128620E-003   0.000000000E+000
   0.33586530848173091E-007  -0.120417681E-002   0.000000000E+000
   0.33617344179226460E-007  -0.173995411E-002   0.000000000E+000
   0.33648157510279830E-007  -0.203550723E-002   0.000000000E+000
   0.33678970841333200E-007  -0.205155159E-002   0.000000000E+000
   0.33709784172386570E-007  -0.178932585E-002   0.000000000E+000
   0.33740597503439940E-007  -0.129040238E-002   0.000000000E+000
   0.33771410834493309E-007  -0.630477269E-003   0.000000000E+000
   0.33802224165546679E-007   0.919275917E-004   0.000000000E+000
   0.33833037496600049E-007   0.770146202E-003   0.000000000E+000
   0.33863850827653419E-007   0.130522111E-002   0.000000000E+000
   0.33894664158706789E-007   0.162054307E-002   0.000000000E+000
   0.33925477489760159E-007   0.167308305E-002   0.000000000E+000
   0.33956290820813528E-007   0.145954301E-002   0.000000000E+000
   0.33987104151866898E-007   0.101652555E-002   0.000000000E+000
   0.34017917482920268E-007   0.414728245E-003   0.000000000E+000
   0.34048730813973638E-007  -0.251929741E-003   0.000000000E+000
   0.34079544145027008E-007  -0.880584063E-003   0.000000000E+000
   0.34110357476080377E-007  -0.137493492E-002   0.000000000E+000
   0.34141170807133747E-007  -0.165965105E-002   0.000000000E+000
   0.34171984138187117E-007  -0.169150671E-002   0.000000000E+000
   0.34202797469240487E-007  -0.146560185E-002   0.000000000E+000
   0.34233610800293857E-007  -0.101576652E-002   0.000000000E+000
   0.34264424131347226E-007  -0.409134256E-003   0.000000000E+000
   0.34295237462400596E-007   0.264249975E-003   0.000000000E+000
   0.34326050793453966E-007   0.905179244E-003   0.000000000E+000
   0.34356864124507336E-007   0.142028905E-002   0.000000000E+000
   0.34387677455560706E-007   0.173603708E-002   0.000000000E+000
   0.34418490786614075E-007   0.180955394E-002   0.000000000E+000
   0.34449304117667445E-007   0.163474446E-002   0.000000000E+000
   0.34480117448720815E-007   0.124275486E-002   0.000000000E+000
   0.34510930779774185E-007   0.696775503E-003   0.000000000E+000
   0.34541744110827555E-007   0.820127898E-004   0.000000000E+000
   0.34572557441880925E-007  -0.507607067E-003   0.000000000E+000
   0.34603370772934294E-007  -0.983953709E-003   0.000000000E+000
   0.34634184103987664E-007  -0.127819856E-002   0.000000000E+000
   0.34664997435041034E-007  -0.135124859E-002   0.000000000E+000
   0.34695810766094404E-007  -0.119952182E-002   0.000000000E+000
   0.34726624097147774E-007  -0.855191378E-003   0.000000000E+000
   0.34757437428201143E-007  -0.380877085E-003   0.000000000E+000
   0.34788250759254513E-007   0.140386837E-003   0.000000000E+000
   0.34819064090307883E-007   0.618356513E-003   0.000000000E+000
   0.34849877421361253E-007   0.969914719E-003   0.000000000E+000
   0.34880690752414623E-007   0.113232259E-002   0.000000000E+000
   0.34911504083467992E-007   0.107333355E-002   0.000000000E+000
   0.34942317414521362E-007   0.796590350E-003   0.000000000E+000
   0.34973130745574732E-007   0.341448031E-003   0.000000000E+000
   0.35003944076628102E-007  -0.222783041E-003   0.000000000E+000
   0.35034757407681472E-007  -0.807321281E-003   0.000000000E+000
   0.35065570738734841E-007  -0.131754065E-002   0.000000000E+000
   0.35096384069788211E-007  -0.166766474E-002   0.000000000E+000
   0.35127197400841581E-007  -0.179427466E-002   0.000000000E+000
   0.35158010731894951E-007  -0.166654307E-002   0.000000000E+000
   0.35188824062948321E-007  -0.129159458E-002   0.000000000E+000
   0.35219637394001690E-007  -0.714127382E-003   0.000000000E+000
   0.35250450725055060E-007  -0.103011844E-004   0.000000000E+000
   0.35281264056108430E-007   0.723227800E-003   0.000000000E+000
   0.35312077387161800E-007   0.138349482E-002   0.000000000E+000
   0.35342890718215170E-007   0.187651091E-002   0.000000000E+000
   0.35373704049268540E-007   0.213133101E-002   0.000000000E+000
   0.35404517380321909E-007   0.211076997E-002   0.000000000E+000
   0.35435330711375279E-007   0.181712909E-002   0.000000000E+000
   0.35466144042428649E-007   0.129204057E-002   0.000000000E+000
   0.35496957373482019E-007   0.610435556E-003   0.000000000E+000
   0.35527770704535389E-007  -0.130475499E-003   0.000000000E+000
   0.35558584035588758E-007  -0.825556694E-003   0.000000000E+000
   0.35589397366642128E-007  -0.137727754E-002   0.000000000E+000
   0.35620210697695498E-007  -0.171007961E-002   0.000000000E+000
   0.35651024028748868E-007  -0.178141764E-002   0.000000000E+000
   0.35681837359802238E-007  -0.158781628E-002   0.000000000E+000
   0.35712650690855607E-007  -0.116504182E-002   0.000000000E+000
   0.35743464021908977E-007  -0.582385110E-003   0.000000000E+000
   0.35774277352962347E-007   0.680570956E-004   0.000000000E+000
   0.35805090684015717E-007   0.685456384E-003   0.000000000E+000
   0.35835904015069087E-007   0.117553514E-002   0.000000000E+000
   0.35866717346122456E-007   0.146473444E-002   0.000000000E+000
   0.35897530677175826E-007   0.151112513E-002   0.000000000E+000
   0.35928344008229196E-007   0.131042907E-002   0.000000000E+000
   0.35959157339282566E-007   0.896267709E-003   0.000000000E+000
   0.35989970670335936E-007   0.334644690E-003   0.000000000E+000
   0.36020784001389305E-007  -0.286452763E-003   0.000000000E+000
   0.36051597332442675E-007  -0.870712625E-003   0.000000000E+000
   0.36082410663496045E-007  -0.132830418E-002   0.000000000E+000
   0.36113223994549415E-007  -0.158956088E-002   0.000000000E+000
   0.36144037325602785E-007  -0.161545735E-002   0.000000000E+000
   0.36174850656656155E-007  -0.140330032E-002   0.000000000E+000
   0.36205663987709524E-007  -0.986800762E-003   0.000000000E+000
   0.36236477318762894E-007  -0.430557528E-003   0.000000000E+000
   0.36267290649816264E-007   0.180156203E-003   0.000000000E+000
   0.36298103980869634E-007   0.752705149E-003   0.000000000E+000
   0.36328917311923004E-007   0.120142836E-002   0.000000000E+000
   0.36359730642976373E-007   0.146079343E-002   0.000000000E+000
   0.36390543974029743E-007   0.149534503E-002   0.000000000E+000
   0.36421357305083113E-007   0.130493613E-002   0.000000000E+000
   0.36452170636136483E-007   0.924458203E-003   0.000000000E+000
   0.36482983967189853E-007   0.418137992E-003   0.000000000E+000
   0.36513797298243222E-007  -0.130696804E-003   0.000000000E+000
   0.36544610629296592E-007  -0.632785610E-003   0.000000000E+000
   0.36575423960349962E-007  -0.100699393E-002   0.000000000E+000
   0.36606237291403332E-007  -0.119308627E-002   0.000000000E+000
   0.36637050622456702E-007  -0.116123667E-002   0.000000000E+000
   0.36667863953510071E-007  -0.916803838E-003   0.000000000E+000
   0.36698677284563441E-007  -0.499626738E-003   0.000000000E+000
   0.36729490615616811E-007   0.220639049E-004   0.000000000E+000
   0.36760303946670181E-007   0.562194909E-003   0.000000000E+000
   0.36791117277723551E-007   0.103024987E-002   0.000000000E+000
   0.36821930608776920E-007   0.134546519E-002   0.000000000E+000
   0.36852743939830290E-007   0.144964270E-002   0.000000000E+000
   0.36883557270883660E-007   0.131659873E-002   0.000000000E+000
   0.36914370601937030E-007   0.956773642E-003   0.000000000E+000
   0.36945183932990400E-007   0.416260213E-003   0.000000000E+000
   0.36975997264043770E-007  -0.229645288E-003   0.000000000E+000
   0.37006810595097139E-007  -0.887432194E-003   0.000000000E+000
   0.37037623926150509E-007  -0.145927002E-002   0.000000000E+000
   0.37068437257203879E-007  -0.185771973E-002   0.000000000E+000
   0.37099250588257249E-007  -0.201904331E-002   0.000000000E+000
   0.37130063919310619E-007  -0.191308209E-002   0.000000000E+000
   0.37160877250363988E-007  -0.154819130E-002   0.000000000E+000
   0.37191690581417358E-007  -0.970448949E-003   0.000000000E+000
   0.37222503912470728E-007  -0.257223786E-003   0.000000000E+000
   0.37253317243524098E-007   0.493964821E-003   0.000000000E+000
   0.37284130574577468E-007   0.117964600E-002   0.000000000E+000
   0.37314943905630837E-007   0.170553732E-002   0.000000000E+000
   0.37345757236684207E-007   0.200036075E-002   0.000000000E+000
   0.37376570567737577E-007   0.202625780E-002   0.000000000E+000
   0.37407383898790947E-007   0.178424083E-002   0.000000000E+000
   0.37438197229844317E-007   0.131385541E-002   0.000000000E+000
   0.37469010560897686E-007   0.687110005E-003   0.000000000E+000
   0.37499823891951056E-007  -0.241037924E-005   0.000000000E+000
   0.37530637223004426E-007  -0.653599738E-003   0.000000000E+000
   0.37561450554057796E-007  -0.117292907E-002   0.000000000E+000
   0.37592263885111166E-007  -0.148830586E-002   0.000000000E+000
   0.37623077216164535E-007  -0.155960151E-002   0.000000000E+000
   0.37653890547217905E-007  -0.138426910E-002   0.000000000E+000
   0.37684703878271275E-007  -0.997219817E-003   0.000000000E+000
   0.37715517209324645E-007  -0.465007790E-003   0.000000000E+000
   0.37746330540378015E-007   0.124759506E-003   0.000000000E+000
   0.37777143871431385E-007   0.677140139E-003   0.000000000E+000
   0.37807957202484754E-007   0.110458268E-002   0.000000000E+000
   0.37838770533538124E-007   0.134039228E-002   0.000000000E+000
   0.37869583864591494E-007   0.134887034E-002   0.000000000E+000
   0.37900397195644864E-007   0.113057892E-002   0.000000000E+000
   0.37931210526698234E-007   0.721942168E-003   0.000000000E+000
   0.37962023857751603E-007   0.189271814E-003   0.000000000E+000
   0.37992837188804973E-007  -0.381833583E-003   0.000000000E+000
   0.38023650519858343E-007  -0.900049286E-003   0.000000000E+000
   0.38054463850911713E-007  -0.128272676E-002   0.000000000E+000
   0.38085277181965083E-007  -0.146889163E-002   0.000000000E+000
   0.38116090513018452E-007  -0.142881286E-002   0.000000000E+000
   0.38146903844071822E-007  -0.116865756E-002   0.000000000E+000
   0.38177717175125192E-007  -0.729507068E-003   0.000000000E+000
   0.38208530506178562E-007  -0.180892646E-003   0.000000000E+000
   0.38239343837231932E-007   0.390143716E-003   0.000000000E+000
   0.38270157168285301E-007   0.892758544E-003   0.000000000E+000
   0.38300970499338671E-007   0.124664989E-002   0.000000000E+000
   0.38331783830392041E-007   0.139479758E-002   0.000000000E+000
   0.38362597161445411E-007   0.131260965E-002   0.000000000E+000
   0.38393410492498781E-007   0.101203739E-002   0.000000000E+000
   0.38424223823552150E-007   0.539996312E-003   0.000000000E+000
   0.38455037154605520E-007  -0.286876457E-004   0.000000000E+000
   0.38485850485658890E-007  -0.602742250E-003   0.000000000E+000
   0.38516663816712260E-007  -0.108857371E-002   0.000000000E+000
   0.38547477147765630E-007  -0.140488450E-002   0.000000000E+000
   0.38578290478819000E-007  -0.149553374E-002   0.000000000E+000
   0.38609103809872369E-007  -0.133864535E-002   0.000000000E+000
   0.38639917140925739E-007  -0.950539717E-003   0.000000000E+000
   0.38670730471979109E-007  -0.383844948E-003   0.000000000E+000
   0.38701543803032479E-007   0.279968022E-003   0.000000000E+000
   0.38732357134085849E-007   0.942533370E-003   0.000000000E+000
   0.38763170465139218E-007   0.150324102E-002   0.000000000E+000
   0.38793983796192588E-007   0.187439029E-002   0.000000000E+000
   0.38824797127245958E-007   0.199455908E-002   0.000000000E+000
   0.38855610458299328E-007   0.183816219E-002   0.000000000E+000
   0.38886423789352698E-007   0.141973514E-002   0.000000000E+000
   0.38917237120406067E-007   0.792268664E-003   0.000000000E+000
   0.38948050451459437E-007   0.398113043E-004   0.000000000E+000
   0.38978863782512807E-007  -0.734584406E-003   0.000000000E+000
   0.39009677113566177E-007  -0.142379245E-002   0.000000000E+000
   0.39040490444619547E-007  -0.193220715E-002   0.000000000E+000
   0.39071303775672916E-007  -0.218968210E-002   0.000000000E+000
   0.39102117106726286E-007  -0.216173823E-002   0.000000000E+000
   0.39132930437779656E-007  -0.185452215E-002   0.000000000E+000
   0.39163743768833026E-007  -0.131377485E-002   0.000000000E+000
   0.39194557099886396E-007  -0.617970596E-003   0.000000000E+000
   0.39225370430939765E-007   0.133346941E-003   0.000000000E+000
   0.39256183761993135E-007   0.834283943E-003   0.000000000E+000
   0.39286997093046505E-007   0.138816726E-002   0.000000000E+000
   0.39317810424099875E-007   0.172163884E-002   0.000000000E+000
   0.39348623755153245E-007   0.179517060E-002   0.000000000E+000
   0.39379437086206615E-007   0.160843821E-002   0.000000000E+000
   0.39410250417259984E-007   0.119977002E-002   0.000000000E+000
   0.39441063748313354E-007   0.639782520E-003   0.000000000E+000
   0.39471877079366724E-007   0.201949151E-004   0.000000000E+000
   0.39502690410420094E-007  -0.560458458E-003   0.000000000E+000
   0.39533503741473464E-007  -0.101202843E-002   0.000000000E+000
   0.39564317072526833E-007  -0.126654049E-002   0.000000000E+000
   0.39595130403580203E-007  -0.128846709E-002   0.000000000E+000
   0.39625943734633573E-007  -0.107991928E-002   0.000000000E+000
   0.39656757065686943E-007  -0.679969904E-003   0.000000000E+000
   0.39687570396740313E-007  -0.158227631E-003   0.000000000E+000
   0.39718383727793682E-007   0.396338874E-003   0.000000000E+000
   0.39749197058847052E-007   0.889590010E-003   0.000000000E+000
   0.39780010389900422E-007   0.123721501E-002   0.000000000E+000
   0.39810823720953792E-007   0.137820723E-002   0.000000000E+000
   0.39841637052007162E-007   0.128471304E-002   0.000000000E+000
   0.39872450383060531E-007   0.966703403E-003   0.000000000E+000
   0.39903263714113901E-007   0.470715982E-003   0.000000000E+000
   0.39934077045167271E-007  -0.127167616E-003   0.000000000E+000
   0.39964890376220641E-007  -0.733050052E-003   0.000000000E+000
   0.39995703707274011E-007  -0.124985562E-002   0.000000000E+000
