t              BoxCavity.fdtd_Point probe002_Ey_24_10_7.dat
   0.00000000000000000E+000   0.000000000E+000
   0.30813331487050677E-011   0.000000000E+000
   0.61626662974101354E-011   0.000000000E+000
   0.92439994461152031E-011   0.000000000E+000
   0.12325332594820271E-010   0.000000000E+000
   0.15406665743525338E-010   0.000000000E+000
   0.18487998892230406E-010   0.000000000E+000
   0.21569332040935474E-010   0.000000000E+000
   0.24650665189640542E-010   0.000000000E+000
   0.27731998338345609E-010   0.000000000E+000
   0.30813331487050677E-010   0.000000000E+000
   0.33894664635755745E-010   0.000000000E+000
   0.36975997784460812E-010   0.000000000E+000
   0.40057330933165880E-010   0.000000000E+000
   0.43138664081870948E-010   0.000000000E+000
   0.46219997230576015E-010   0.000000000E+000
   0.49301330379281083E-010   0.000000000E+000
   0.52382663527986151E-010   0.000000000E+000
   0.55463996676691218E-010   0.000000000E+000
   0.58545329825396286E-010   0.000000000E+000
   0.61626662974101354E-010   0.000000000E+000
   0.64707996122806422E-010   0.000000000E+000
   0.67789329271511489E-010   0.000000000E+000
   0.70870662420216557E-010   0.000000000E+000
   0.73951995568921625E-010   0.120256116E-023
   0.77033328717626692E-010   0.108124297E-022
   0.80114661866331760E-010   0.568759814E-022
   0.83195995015036828E-010   0.293267990E-021
   0.86277328163741895E-010   0.143727054E-020
   0.89358661312446963E-010   0.603546518E-020
   0.92439994461152031E-010   0.230604933E-019
   0.95521327609857098E-010   0.843656112E-019
   0.98602660758562166E-010   0.287914067E-018
   0.10168399390726723E-009   0.896593680E-018
   0.10476532705597230E-009   0.258069205E-017
   0.10784666020467737E-009   0.696980564E-017
   0.11092799335338244E-009   0.176731373E-016
   0.11400932650208750E-009   0.420274554E-016
   0.11709065965079257E-009   0.942020148E-016
   0.12017199279949764E-009   0.199845618E-015
   0.12325332594820271E-009   0.400872133E-015
   0.12633465909690778E-009   0.759662716E-015
   0.12941599224561284E-009   0.136384142E-014
   0.13249732539431791E-009   0.232501523E-014
   0.13557865854302298E-009   0.375685158E-014
   0.13865999169172805E-009   0.573875876E-014
   0.14174132484043311E-009   0.828391785E-014
   0.14482265798913818E-009   0.112886986E-013
   0.14790399113784325E-009   0.144387676E-013
   0.15098532428654832E-009   0.171926682E-013
   0.15406665743525338E-009   0.189255248E-013
   0.15714799058395845E-009   0.190020339E-013
   0.16022932373266352E-009   0.167261055E-013
   0.16331065688136859E-009   0.117665777E-013
   0.16639199003007366E-009   0.491831798E-014
   0.16947332317877872E-009  -0.225821779E-014
   0.17255465632748379E-009  -0.860894472E-014
   0.17563598947618886E-009  -0.126824456E-013
   0.17871732262489393E-009  -0.115824200E-013
   0.18179865577359899E-009  -0.403441708E-014
   0.18487998892230406E-009   0.671315793E-014
   0.18796132207100913E-009   0.181942169E-013
   0.19104265521971420E-009   0.320754708E-013
   0.19412398836841926E-009   0.438725120E-013
   0.19720532151712433E-009   0.416075797E-013
   0.20028665466582940E-009   0.288044294E-013
   0.20336798781453447E-009   0.252313531E-013
   0.20644932096323954E-009   0.266024419E-013
   0.20953065411194460E-009   0.854760598E-014
   0.21261198726064967E-009  -0.942370232E-014
   0.21569332040935474E-009   0.153218485E-013
   0.21877465355805981E-009   0.483749529E-013
   0.22185598670676487E-009   0.308816625E-013
   0.22493731985546994E-009   0.234696889E-013
   0.22801865300417501E-009   0.901952192E-013
   0.23109998615288008E-009   0.106198775E-012
   0.23418131930158514E-009  -0.528635973E-014
   0.23726265245029021E-009  -0.210432698E-013
   0.24034398559899528E-009   0.151941543E-012
   0.24342531874770035E-009   0.160782981E-012
   0.24650665189640542E-009  -0.862991861E-013
   0.24958798504511048E-009  -0.641160844E-013
   0.25266931819381555E-009   0.287505561E-012
   0.25575065134252062E-009   0.236449803E-012
   0.25883198449122569E-009  -0.178086170E-012
   0.26191331763993075E-009   0.960562467E-014
   0.26499465078863582E-009   0.529525967E-012
   0.26807598393734089E-009   0.135776102E-012
   0.27115731708604596E-009  -0.493386256E-012
   0.27423865023475102E-009   0.237395119E-012
   0.27731998338345609E-009   0.105541660E-011
   0.28040131653216116E-009  -0.397922797E-013
   0.28348264968086623E-009  -0.101071864E-011
   0.28656398282957130E-009   0.535806642E-012
   0.28964531597827636E-009   0.165014877E-011
   0.29272664912698143E-009  -0.311008597E-012
   0.29580798227568650E-009  -0.133353550E-011
   0.29888931542439157E-009   0.117727247E-011
   0.30197064857309663E-009   0.194269687E-011
   0.30505198172180170E-009  -0.117069895E-011
   0.30813331487050677E-009  -0.136621834E-011
   0.31121464801921184E-009   0.260075078E-011
   0.31429598116791690E-009   0.218905796E-011
   0.31737731431662197E-009  -0.259787331E-011
   0.32045864746532704E-009  -0.141630902E-011
   0.32353998061403211E-009   0.420009296E-011
   0.32662131376273718E-009   0.233833482E-011
   0.32970264691144224E-009  -0.366017199E-011
   0.33278398006014731E-009  -0.835951317E-012
   0.33586531320885238E-009   0.533722459E-011
   0.33894664635755745E-009   0.154252696E-011
   0.34202797950626251E-009  -0.429687752E-011
   0.34510931265496758E-009   0.793487671E-012
   0.34819064580367265E-009   0.629511721E-011
   0.35127197895237772E-009   0.211034315E-012
   0.35435331210108278E-009  -0.452083119E-011
   0.35743464524978785E-009   0.255137664E-011
   0.36051597839849292E-009   0.662175696E-011
   0.36359731154719799E-009  -0.702724337E-012
   0.36667864469590306E-009  -0.359839155E-011
   0.36975997784460812E-009   0.386219268E-011
   0.37284131099331319E-009   0.585611854E-011
   0.37592264414201826E-009  -0.875768642E-012
   0.37900397729072333E-009  -0.155871778E-011
   0.38208531043942839E-009   0.451050395E-011
   0.38516664358813346E-009   0.458648831E-011
   0.38824797673683853E-009   0.615341111E-013
   0.39132930988554360E-009   0.823681184E-012
   0.39441064303424866E-009   0.414830496E-011
   0.39749197618295373E-009   0.360575176E-011
   0.40057330933165880E-009   0.233198270E-011
   0.40365464248036387E-009   0.303342334E-011
   0.40673597562906894E-009   0.309355709E-011
   0.40981730877777400E-009   0.337987320E-011
   0.41289864192647907E-009   0.518451514E-011
   0.41597997507518414E-009   0.466167729E-011
   0.41906130822388921E-009   0.245566349E-011
   0.42214264137259427E-009   0.446252583E-011
   0.42522397452129934E-009   0.776224050E-011
   0.42830530767000441E-009   0.549496212E-011
   0.43138664081870948E-009   0.286004532E-011
   0.43446797396741454E-009   0.665507840E-011
   0.43754930711611961E-009   0.981511834E-011
   0.44063064026482468E-009   0.645855721E-011
   0.44371197341352975E-009   0.473566368E-011
   0.44679330656223482E-009   0.901585664E-011
   0.44987463971093988E-009   0.110810536E-010
   0.45295597285964495E-009   0.839621601E-011
   0.45603730600835002E-009   0.824541390E-011
   0.45911863915705509E-009   0.113428286E-010
   0.46219997230576015E-009   0.121471383E-010
   0.46528130545446522E-009   0.114392983E-010
   0.46836263860317029E-009   0.125576910E-010
   0.47144397175187536E-009   0.138247035E-010
   0.47452530490058042E-009   0.142122243E-010
   0.47760663804928549E-009   0.156151255E-010
   0.48068797119799056E-009   0.170321483E-010
   0.48376930434669563E-009   0.169825855E-010
   0.48685063749540070E-009   0.179244102E-010
   0.48993197064410576E-009   0.204917663E-010
   0.49301330379281083E-009   0.215627446E-010
   0.49609463694151590E-009   0.215896693E-010
   0.49917597009022097E-009   0.235958388E-010
   0.50225730323892603E-009   0.260559976E-010
   0.50533863638763110E-009   0.266232401E-010
   0.50841996953633617E-009   0.276973687E-010
   0.51150130268504124E-009   0.307595338E-010
   0.51458263583374630E-009   0.329725622E-010
   0.51766396898245137E-009   0.335932150E-010
   0.52074530213115644E-009   0.353716778E-010
   0.52382663527986151E-009   0.387143997E-010
   0.52690796842856658E-009   0.415011185E-010
   0.52998930157727164E-009   0.432401302E-010
   0.53307063472597671E-009   0.451022726E-010
   0.53615196787468178E-009   0.480369182E-010
   0.53923330102338685E-009   0.518705426E-010
   0.54231463417209191E-009   0.550614276E-010
   0.54539596732079698E-009   0.571453336E-010
   0.54847730046950205E-009   0.602535521E-010
   0.55155863361820712E-009   0.649556728E-010
   0.55463996676691218E-009   0.687707391E-010
   0.55772129991561725E-009   0.717011797E-010
   0.56080263306432232E-009   0.763304489E-010
   0.56388396621302739E-009   0.816121754E-010
   0.56696529936173246E-009   0.851201262E-010
   0.57004663251043752E-009   0.891020452E-010
   0.57312796565914259E-009   0.957616347E-010
   0.57620929880784766E-009   0.102113470E-009
   0.57929063195655273E-009   0.106245693E-009
   0.58237196510525779E-009   0.110982175E-009
   0.58545329825396286E-009   0.117938201E-009
   0.58853463140266793E-009   0.125757765E-009
   0.59161596455137300E-009   0.133372258E-009
   0.59469729770007806E-009   0.139545347E-009
   0.59777863084878313E-009   0.144421058E-009
   0.60085996399748820E-009   0.152468496E-009
   0.60394129714619327E-009   0.165127481E-009
   0.60702263029489834E-009   0.175248954E-009
   0.61010396344360340E-009   0.179458351E-009
   0.61318529659230847E-009   0.186116886E-009
   0.61626662974101354E-009   0.200450420E-009
   0.61934796288971861E-009   0.215141932E-009
   0.62242929603842367E-009   0.223996155E-009
   0.62551062918712874E-009   0.231112282E-009
   0.62859196233583381E-009   0.242249082E-009
   0.63167329548453888E-009   0.258086247E-009
   0.63475462863324394E-009   0.275244771E-009
   0.63783596178194901E-009   0.288475632E-009
   0.64091729493065408E-009   0.297402741E-009
   0.64399862807935915E-009   0.310179105E-009
   0.64707996122806422E-009   0.331337097E-009
   0.65016129437676928E-009   0.352796847E-009
   0.65324262752547435E-009   0.367190833E-009
   0.65632396067417942E-009   0.379443366E-009
   0.65940529382288449E-009   0.397112149E-009
   0.66248662697158955E-009   0.420603163E-009
   0.66556796012029462E-009   0.445893267E-009
   0.66864929326899969E-009   0.467569428E-009
   0.67173062641770476E-009   0.483245888E-009
   0.67481195956640982E-009   0.500835484E-009
   0.67789329271511489E-009   0.530088307E-009
   0.68097462586381996E-009   0.564910563E-009
   0.68405595901252503E-009   0.590407723E-009
   0.68713729216123010E-009   0.606758033E-009
   0.69021862530993516E-009   0.629176156E-009
   0.69329995845864023E-009   0.665884792E-009
   0.69638129160734530E-009   0.708214931E-009
   0.69946262475605037E-009   0.741359585E-009
   0.70254395790475543E-009   0.762085728E-009
   0.70562529105346050E-009   0.786500864E-009
   0.70870662420216557E-009   0.831378133E-009
   0.71178795735087064E-009   0.886523299E-009
   0.71486929049957570E-009   0.925035937E-009
   0.71795062364828077E-009   0.944554435E-009
   0.72103195679698584E-009   0.973684577E-009
   0.72411328994569091E-009   0.103039244E-008
   0.72719462309439598E-009   0.109637122E-008
   0.73027595624310104E-009   0.114255294E-008
   0.73335728939180611E-009   0.116764953E-008
   0.73643862254051118E-009   0.120168497E-008
   0.73951995568921625E-009   0.126898259E-008
   0.74260128883792131E-009   0.135190370E-008
   0.74568262198662638E-009   0.140898515E-008
   0.74876395513533145E-009   0.143440426E-008
   0.75184528828403652E-009   0.147234180E-008
   0.75492662143274158E-009   0.155567803E-008
   0.75800795458144665E-009   0.165601022E-008
   0.76108928773015172E-009   0.172145920E-008
   0.76417062087885679E-009   0.174968706E-008
   0.76725195402756186E-009   0.179358572E-008
   0.77033328717626692E-009   0.189126048E-008
   0.77341462032497199E-009   0.201189909E-008
   0.77649595347367706E-009   0.209215667E-008
   0.77957728662238213E-009   0.212257212E-008
   0.78265861977108719E-009   0.216818608E-008
   0.78573995291979226E-009   0.228383024E-008
   0.78882128606849733E-009   0.243257259E-008
   0.79190261921720240E-009   0.252822030E-008
   0.79498395236590746E-009   0.255703103E-008
   0.79806528551461253E-009   0.260674726E-008
   0.80114661866331760E-009   0.274671286E-008
   0.80422795181202267E-009   0.292332114E-008
   0.80730928496072774E-009   0.302905301E-008
   0.81039061810943280E-009   0.305484882E-008
   0.81347195125813787E-009   0.310848858E-008
   0.81655328440684294E-009   0.326914296E-008
   0.81963461755554801E-009   0.347705309E-008
   0.82271595070425307E-009   0.360751784E-008
   0.82579728385295814E-009   0.363855879E-008
   0.82887861700166321E-009   0.369313891E-008
   0.83195995015036828E-009   0.387991861E-008
   0.83504128329907334E-009   0.413090540E-008
   0.83812261644777841E-009   0.427913394E-008
   0.84120394959648348E-009   0.429624736E-008
   0.84428528274518855E-009   0.434863079E-008
   0.84736661589389362E-009   0.456855753E-008
   0.85044794904259868E-009   0.486287632E-008
   0.85352928219130375E-009   0.503390840E-008
   0.85661061534000882E-009   0.504971664E-008
   0.85969194848871389E-009   0.509884224E-008
   0.86277328163741895E-009   0.534557731E-008
   0.86585461478612402E-009   0.569304781E-008
   0.86893594793482909E-009   0.589097082E-008
   0.87201728108353416E-009   0.588466698E-008
   0.87509861423223922E-009   0.591919802E-008
   0.87817994738094429E-009   0.620566309E-008
   0.88126128052964936E-009   0.660884947E-008
   0.88434261367835443E-009   0.682454759E-008
   0.88742394682705950E-009   0.680800349E-008
   0.89050527997576456E-009   0.684695856E-008
   0.89358661312446963E-009   0.717493087E-008
   0.89666794627317470E-009   0.764364838E-008
   0.89974927942187977E-009   0.790009569E-008
   0.90283061257058483E-009   0.786181964E-008
   0.90591194571928990E-009   0.786178322E-008
   0.90899327886799497E-009   0.821571966E-008
   0.91207461201670004E-009   0.876068995E-008
   0.91515594516540510E-009   0.904433417E-008
   0.91823727831411017E-009   0.896414765E-008
   0.92131861146281524E-009   0.895252228E-008
   0.92439994461152031E-009   0.938381461E-008
   0.92748127776022538E-009   0.100207664E-007
   0.93056261090893044E-009   0.103183853E-007
   0.93364394405763551E-009   0.101897575E-007
   0.93672527720634058E-009   0.101487201E-007
   0.93980661035504565E-009   0.106087281E-007
   0.94288794350375071E-009   0.113078427E-007
   0.94596927665245578E-009   0.116520660E-007
   0.94905060980116085E-009   0.115151622E-007
   0.95213194294986592E-009   0.114352501E-007
   0.95521327609857098E-009   0.119200774E-007
   0.95829460924727605E-009   0.127284272E-007
   0.96137594239598112E-009   0.131287852E-007
   0.96445727554468619E-009   0.129073667E-007
   0.96753860869339126E-009   0.127459954E-007
   0.97061994184209632E-009   0.132995392E-007
   0.97370127499080139E-009   0.142267318E-007
   0.97678260813950646E-009   0.146398911E-007
   0.97986394128821153E-009   0.143612429E-007
   0.98294527443691659E-009   0.141727163E-007
   0.98602660758562166E-009   0.147433044E-007
   0.98910794073432673E-009   0.157320201E-007
   0.99218927388303180E-009   0.162201026E-007
   0.99527060703173686E-009   0.159235931E-007
   0.99835194018044193E-009   0.156526312E-007
   0.10014332733291470E-008   0.162740683E-007
   0.10045146064778521E-008   0.174259416E-007
   0.10075959396265571E-008   0.179154647E-007
   0.10106772727752622E-008   0.174478760E-007
   0.10137586059239673E-008   0.171217884E-007
   0.10168399390726723E-008   0.178455810E-007
   0.10199212722213774E-008   0.190500273E-007
   0.10230026053700825E-008   0.195334167E-007
   0.10260839385187875E-008   0.190899048E-007
   0.10291652716674926E-008   0.187347080E-007
   0.10322466048161977E-008   0.194000069E-007
   0.10353279379649027E-008   0.207027497E-007
   0.10384092711136078E-008   0.213065654E-007
   0.10414906042623129E-008   0.207036610E-007
   0.10445719374110179E-008   0.201213730E-007
   0.10476532705597230E-008   0.209028741E-007
   0.10507346037084281E-008   0.224510099E-007
   0.10538159368571332E-008   0.229895534E-007
   0.10568972700058382E-008   0.221746657E-007
   0.10599786031545433E-008   0.215909548E-007
   0.10630599363032484E-008   0.224612062E-007
   0.10661412694519534E-008   0.240134490E-007
   0.10692226026006585E-008   0.246005580E-007
   0.10723039357493636E-008   0.238412312E-007
   0.10753852688980686E-008   0.231303918E-007
   0.10784666020467737E-008   0.239045672E-007
   0.10815479351954788E-008   0.256358987E-007
   0.10846292683441838E-008   0.263202224E-007
   0.10877106014928889E-008   0.252751455E-007
   0.10907919346415940E-008   0.243215847E-007
   0.10938732677902990E-008   0.252339714E-007
   0.10969546009390041E-008   0.271122680E-007
   0.11000359340877092E-008   0.277066547E-007
   0.11031172672364142E-008   0.266249298E-007
   0.11061986003851193E-008   0.257355310E-007
   0.11092799335338244E-008   0.265674149E-007
   0.11123612666825294E-008   0.283973076E-007
   0.11154425998312345E-008   0.291796898E-007
   0.11185239329799396E-008   0.281040293E-007
   0.11216052661286446E-008   0.268367248E-007
   0.11246865992773497E-008   0.275219740E-007
   0.11277679324260548E-008   0.296594322E-007
   0.11308492655747598E-008   0.305069392E-007
   0.11339305987234649E-008   0.290747053E-007
   0.11370119318721700E-008   0.277407057E-007
   0.11400932650208750E-008   0.287186896E-007
   0.11431745981695801E-008   0.308223775E-007
   0.11462559313182852E-008   0.313833297E-007
   0.11493372644669902E-008   0.300154639E-007
   0.11524185976156953E-008   0.288280120E-007
   0.11554999307644004E-008   0.295178637E-007
   0.11585812639131055E-008   0.313652819E-007
   0.11616625970618105E-008   0.321549045E-007
   0.11647439302105156E-008   0.309171000E-007
   0.11678252633592207E-008   0.294142168E-007
   0.11709065965079257E-008   0.299802174E-007
   0.11739879296566308E-008   0.320897868E-007
   0.11770692628053359E-008   0.328733947E-007
   0.11801505959540409E-008   0.313334851E-007
   0.11832319291027460E-008   0.298685343E-007
   0.11863132622514511E-008   0.307030383E-007
   0.11893945954001561E-008   0.327419620E-007
   0.11924759285488612E-008   0.333015002E-007
   0.11955572616975663E-008   0.317719255E-007
   0.11986385948462713E-008   0.302523624E-007
   0.12017199279949764E-008   0.307522647E-007
   0.12048012611436815E-008   0.325690834E-007
   0.12078825942923865E-008   0.331477423E-007
   0.12109639274410916E-008   0.316119291E-007
   0.12140452605897967E-008   0.301777483E-007
   0.12171265937385017E-008   0.309851735E-007
   0.12202079268872068E-008   0.328735048E-007
   0.12232892600359119E-008   0.331634951E-007
   0.12263705931846169E-008   0.316049515E-007
   0.12294519263333220E-008   0.304163379E-007
   0.12325332594820271E-008   0.309701669E-007
   0.12356145926307321E-008   0.322873674E-007
   0.12386959257794372E-008   0.325991500E-007
   0.12417772589281423E-008   0.313468433E-007
   0.12448585920768473E-008   0.298680867E-007
   0.12479399252255524E-008   0.300772136E-007
   0.12510212583742575E-008   0.317736202E-007
   0.12541025915229626E-008   0.323278861E-007
   0.12571839246716676E-008   0.305307317E-007
   0.12602652578203727E-008   0.288907422E-007
   0.12633465909690778E-008   0.297465430E-007
   0.12664279241177828E-008   0.313973239E-007
   0.12695092572664879E-008   0.311049675E-007
   0.12725905904151930E-008   0.295092093E-007
   0.12756719235638980E-008   0.288636759E-007
   0.12787532567126031E-008   0.293029494E-007
   0.12818345898613082E-008   0.296588212E-007
   0.12849159230100132E-008   0.295628073E-007
   0.12879972561587183E-008   0.288986186E-007
   0.12910785893074234E-008   0.277593823E-007
   0.12941599224561284E-008   0.274481540E-007
   0.12972412556048335E-008   0.285795618E-007
   0.13003225887535386E-008   0.291327478E-007
   0.13034039219022436E-008   0.276983698E-007
   0.13064852550509487E-008   0.263674718E-007
   0.13095665881996538E-008   0.269083564E-007
   0.13126479213483588E-008   0.275095111E-007
   0.13157292544970639E-008   0.266384035E-007
   0.13188105876457690E-008   0.258653685E-007
   0.13218919207944740E-008   0.261322857E-007
   0.13249732539431791E-008   0.259610786E-007
   0.13280545870918842E-008   0.250592667E-007
   0.13311359202405892E-008   0.248477932E-007
   0.13342172533892943E-008   0.250731382E-007
   0.13372985865379994E-008   0.244994993E-007
   0.13403799196867044E-008   0.238064715E-007
   0.13434612528354095E-008   0.238356002E-007
   0.13465425859841146E-008   0.235533264E-007
   0.13496239191328196E-008   0.227192718E-007
   0.13527052522815247E-008   0.227483756E-007
   0.13557865854302298E-008   0.232005704E-007
   0.13588679185789349E-008   0.221533689E-007
   0.13619492517276399E-008   0.205089616E-007
   0.13650305848763450E-008   0.207582325E-007
   0.13681119180250501E-008   0.221045262E-007
   0.13711932511737551E-008   0.218006448E-007
   0.13742745843224602E-008   0.199492298E-007
   0.13773559174711653E-008   0.188709866E-007
   0.13804372506198703E-008   0.194071603E-007
   0.13835185837685754E-008   0.204130775E-007
   0.13865999169172805E-008   0.202777848E-007
   0.13896812500659855E-008   0.184485280E-007
   0.13927625832146906E-008   0.167864034E-007
   0.13958439163633957E-008   0.176081976E-007
   0.13989252495121007E-008   0.194301801E-007
   0.14020065826608058E-008   0.185705513E-007
   0.14050879158095109E-008   0.155756084E-007
   0.14081692489582159E-008   0.146609018E-007
   0.14112505821069210E-008   0.165387899E-007
   0.14143319152556261E-008   0.177075599E-007
   0.14174132484043311E-008   0.165316987E-007
   0.14204945815530362E-008   0.146236570E-007
   0.14235759147017413E-008   0.134589451E-007
   0.14266572478504463E-008   0.137276350E-007
   0.14297385809991514E-008   0.153774238E-007
   0.14328199141478565E-008   0.159025397E-007
   0.14359012472965615E-008   0.130815359E-007
   0.14389825804452666E-008   0.101830055E-007
   0.14420639135939717E-008   0.119345893E-007
   0.14451452467426767E-008   0.156175304E-007
   0.14482265798913818E-008   0.144741188E-007
   0.14513079130400869E-008   0.939906375E-008
   0.14543892461887920E-008   0.792107091E-008
   0.14574705793374970E-008   0.117454970E-007
   0.14605519124862021E-008   0.144956562E-007
   0.14636332456349072E-008   0.122501254E-007
   0.14667145787836122E-008   0.846823944E-008
   0.14697959119323173E-008   0.772555619E-008
   0.14728772450810224E-008   0.101428910E-007
   0.14759585782297274E-008   0.123544863E-007
   0.14790399113784325E-008   0.111331531E-007
   0.14821212445271376E-008   0.706999659E-008
   0.14852025776758426E-008   0.509434361E-008
   0.14882839108245477E-008   0.827778113E-008
   0.14913652439732528E-008   0.121919488E-007
   0.14944465771219578E-008   0.105820419E-007
   0.14975279102706629E-008   0.521119325E-008
   0.15006092434193680E-008   0.350943385E-008
   0.15036905765680730E-008   0.731263583E-008
   0.15067719097167781E-008   0.106466906E-007
   0.15098532428654832E-008   0.882818796E-008
   0.15129345760141882E-008   0.436650582E-008
   0.15160159091628933E-008   0.288523783E-008
   0.15190972423115984E-008   0.602559957E-008
   0.15221785754603034E-008   0.940760714E-008
   0.15252599086090085E-008   0.792724730E-008
   0.15283412417577136E-008   0.298299119E-008
   0.15314225749064186E-008   0.136102274E-008
   0.15345039080551237E-008   0.541723644E-008
   0.15375852412038288E-008   0.910527032E-008
   0.15406665743525338E-008   0.693919722E-008
   0.15437479075012389E-008   0.197193195E-008
   0.15468292406499440E-008   0.739863060E-009
   0.15499105737986490E-008   0.414577617E-008
   0.15529919069473541E-008   0.725981142E-008
   0.15560732400960592E-008   0.606020656E-008
   0.15591545732447643E-008   0.195704253E-008
   0.15622359063934693E-008   0.394413391E-010
   0.15653172395421744E-008   0.287546320E-008
   0.15683985726908795E-008   0.661039312E-008
   0.15714799058395845E-008   0.570181991E-008
   0.15745612389882896E-008   0.104945519E-008
   0.15776425721369947E-008  -0.873349837E-009
   0.15807239052856997E-008   0.254534616E-008
   0.15838052384344048E-008   0.626776586E-008
   0.15868865715831099E-008   0.499700370E-008
   0.15899679047318149E-008   0.505661291E-009
   0.15930492378805200E-008  -0.119772303E-008
   0.15961305710292251E-008   0.183473992E-008
   0.15992119041779301E-008   0.508682163E-008
   0.16022932373266352E-008   0.396680910E-008
   0.16053745704753403E-008   0.137100109E-009
   0.16084559036240453E-008  -0.102347208E-008
   0.16115372367727504E-008   0.186361415E-008
   0.16146185699214555E-008   0.445204940E-008
   0.16176999030701605E-008   0.306072545E-008
   0.16207812362188656E-008  -0.362503361E-009
   0.16238625693675707E-008  -0.123737509E-008
   0.16269439025162757E-008   0.145155221E-008
   0.16300252356649808E-008   0.387794774E-008
   0.16331065688136859E-008   0.250567456E-008
   0.16361879019623909E-008  -0.823891844E-009
   0.16392692351110960E-008  -0.114973675E-008
   0.16423505682598011E-008   0.214378715E-008
   0.16454319014085061E-008   0.386727272E-008
   0.16485132345572112E-008   0.107280629E-008
   0.16515945677059163E-008  -0.193591809E-008
   0.16546759008546214E-008  -0.541210188E-009
   0.16577572340033264E-008   0.271037126E-008
   0.16608385671520315E-008   0.274241341E-008
   0.16639199003007366E-008   0.101547215E-009
   0.16670012334494416E-008  -0.107139730E-008
   0.16700825665981467E-008   0.120372379E-009
   0.16731638997468518E-008   0.145824031E-008
   0.16762452328955568E-008   0.163635527E-008
   0.16793265660442619E-008   0.699715841E-009
   0.16824078991929670E-008  -0.628485930E-009
   0.16854892323416720E-008  -0.637180864E-009
   0.16885705654903771E-008   0.110711640E-008
   0.16916518986390822E-008   0.197023153E-008
   0.16947332317877872E-008   0.397529787E-009
   0.16978145649364923E-008  -0.926727362E-009
   0.17008958980851974E-008   0.834786684E-010
   0.17039772312339024E-008   0.120019783E-008
   0.17070585643826075E-008   0.510275266E-009
   0.17101398975313126E-008  -0.322219085E-009
   0.17132212306800176E-008   0.574616188E-010
   0.17163025638287227E-008   0.611927842E-009
   0.17193838969774278E-008   0.645063891E-009
   0.17224652301261328E-008   0.372801429E-009
   0.17255465632748379E-008  -0.235795078E-009
   0.17286278964235430E-008  -0.433721337E-009
   0.17317092295722480E-008   0.624904406E-009
   0.17347905627209531E-008   0.137349487E-008
   0.17378718958696582E-008   0.197132755E-009
   0.17409532290183632E-008  -0.993914173E-009
   0.17440345621670683E-008  -0.196146321E-009
   0.17471158953157734E-008   0.898763508E-009
   0.17501972284644784E-008   0.570327008E-009
   0.17532785616131835E-008  -0.451063076E-010
   0.17563598947618886E-008  -0.112684521E-009
   0.17594412279105937E-008  -0.938527103E-010
   0.17625225610592987E-008   0.357818636E-009
   0.17656038942080038E-008   0.958938040E-009
   0.17686852273567089E-008   0.113261456E-009
   0.17717665605054139E-008  -0.118327637E-008
   0.17748478936541190E-008  -0.182828419E-009
   0.17779292268028241E-008   0.167960579E-008
   0.17810105599515291E-008   0.853796589E-009
   0.17840918931002342E-008  -0.126962707E-008
   0.17871732262489393E-008  -0.981046799E-009
   0.17902545593976443E-008   0.897261154E-009
   0.17933358925463494E-008   0.136802625E-008
   0.17964172256950545E-008   0.367691322E-009
   0.17994985588437595E-008  -0.719627802E-009
   0.18025798919924646E-008  -0.107003228E-008
   0.18056612251411697E-008   0.111942677E-009
   0.18087425582898747E-008   0.182160320E-008
   0.18118238914385798E-008   0.118010690E-008
   0.18149052245872849E-008  -0.139289469E-008
   0.18179865577359899E-008  -0.174377335E-008
   0.18210678908846950E-008   0.890678420E-009
   0.18241492240334001E-008   0.234336284E-008
   0.18272305571821051E-008   0.476675366E-009
   0.18303118903308102E-008  -0.183794979E-008
   0.18333932234795153E-008  -0.137244582E-008
   0.18364745566282203E-008   0.127123168E-008
   0.18395558897769254E-008   0.250104648E-008
   0.18426372229256305E-008   0.343078899E-009
   0.18457185560743355E-008  -0.225949726E-008
   0.18487998892230406E-008  -0.136407152E-008
   0.18518812223717457E-008   0.164376202E-008
   0.18549625555204508E-008   0.229793207E-008
   0.18580438886691558E-008   0.112641230E-009
   0.18611252218178609E-008  -0.165119152E-008
   0.18642065549665660E-008  -0.111461884E-008
   0.18672878881152710E-008   0.903956021E-009
   0.18703692212639761E-008   0.209168793E-008
   0.18734505544126812E-008   0.556721669E-009
   0.18765318875613862E-008  -0.183665738E-008
   0.18796132207100913E-008  -0.111639153E-008
   0.18826945538587964E-008   0.176873172E-008
   0.18857758870075014E-008   0.192666305E-008
   0.18888572201562065E-008  -0.657891963E-009
   0.18919385533049116E-008  -0.152609281E-008
   0.18950198864536166E-008   0.288933322E-010
   0.18981012196023217E-008   0.123455313E-008
   0.19011825527510268E-008   0.121368349E-008
   0.19042638858997318E-008   0.233244535E-009
   0.19073452190484369E-008  -0.130906064E-008
   0.19104265521971420E-008  -0.110489962E-008
   0.19135078853458470E-008   0.145691448E-008
   0.19165892184945521E-008   0.229294872E-008
   0.19196705516432572E-008  -0.286110247E-009
   0.19227518847919622E-008  -0.182538884E-008
   0.19258332179406673E-008  -0.135515932E-009
   0.19289145510893724E-008   0.137037770E-008
   0.19319958842380774E-008   0.101835718E-008
   0.19350772173867825E-008   0.308833847E-009
   0.19381585505354876E-008  -0.545470336E-009
   0.19412398836841926E-008  -0.999546002E-009
   0.19443212168328977E-008   0.621974694E-009
   0.19474025499816028E-008   0.219771756E-008
   0.19504838831303078E-008   0.405992684E-009
   0.19535652162790129E-008  -0.187042914E-008
   0.19566465494277180E-008  -0.456105376E-009
   0.19597278825764231E-008   0.192281746E-008
   0.19628092157251281E-008   0.133860079E-008
   0.19658905488738332E-008  -0.431199410E-009
   0.19689718820225383E-008  -0.834164515E-009
   0.19720532151712433E-008  -0.259245014E-009
   0.19751345483199484E-008   0.960745483E-009
   0.19782158814686535E-008   0.189634797E-008
   0.19812972146173585E-008   0.414205781E-009
   0.19843785477660636E-008  -0.177735471E-008
   0.19874598809147687E-008  -0.619150509E-009
   0.19905412140634737E-008   0.212119500E-008
   0.19936225472121788E-008   0.165916614E-008
   0.19967038803608839E-008  -0.714402981E-009
   0.19997852135095889E-008  -0.885363449E-009
   0.20028665466582940E-008   0.521655830E-009
   0.20059478798069991E-008   0.111938858E-008
   0.20090292129557041E-008   0.917486476E-009
   0.20121105461044092E-008   0.136431810E-009
   0.20151918792531143E-008  -0.753710316E-009
   0.20182732124018193E-008   0.287240787E-010
   0.20213545455505244E-008   0.171647008E-008
   0.20244358786992295E-008   0.117749055E-008
   0.20275172118479345E-008  -0.749884377E-009
   0.20305985449966396E-008  -0.564828129E-009
   0.20336798781453447E-008   0.100964836E-008
   0.20367612112940497E-008   0.115244059E-008
   0.20398425444427548E-008   0.430479818E-009
   0.20429238775914599E-008   0.224354646E-009
   0.20460052107401649E-008   0.244519544E-010
   0.20490865438888700E-008   0.860339161E-010
   0.20521678770375751E-008   0.963226499E-009
   0.20552492101862802E-008   0.116258203E-008
   0.20583305433349852E-008   0.117712950E-009
   0.20614118764836903E-008  -0.204276068E-009
   0.20644932096323954E-008   0.594757465E-009
   0.20675745427811004E-008   0.873605965E-009
   0.20706558759298055E-008   0.612739970E-009
   0.20737372090785106E-008   0.545239576E-009
   0.20768185422272156E-008   0.197210803E-009
   0.20798998753759207E-008  -0.730597527E-011
   0.20829812085246258E-008   0.892738328E-009
   0.20860625416733308E-008   0.144683132E-008
   0.20891438748220359E-008   0.311493498E-009
   0.20922252079707410E-008  -0.520594623E-009
   0.20953065411194460E-008   0.480674667E-009
   0.20983878742681511E-008   0.146497325E-008
   0.21014692074168562E-008   0.975063363E-009
   0.21045505405655612E-008   0.726322336E-010
   0.21076318737142663E-008  -0.108097045E-009
   0.21107132068629714E-008   0.549322199E-009
   0.21137945400116764E-008   0.138383394E-008
   0.21168758731603815E-008   0.107974785E-008
   0.21199572063090866E-008  -0.168639436E-009
   0.21230385394577916E-008  -0.160483016E-009
   0.21261198726064967E-008   0.124812183E-008
   0.21292012057552018E-008   0.149854018E-008
   0.21322825389039068E-008   0.253222332E-009
   0.21353638720526119E-008  -0.183055821E-009
   0.21384452052013170E-008   0.636124153E-009
   0.21415265383500220E-008   0.121639454E-008
   0.21446078714987271E-008   0.102056064E-008
   0.21476892046474322E-008   0.393469979E-009
   0.21507705377961372E-008  -0.197225569E-011
   0.21538518709448423E-008   0.637806474E-009
   0.21569332040935474E-008   0.143476075E-008
   0.21600145372422525E-008   0.766606112E-009
   0.21630958703909575E-008  -0.154696977E-009
   0.21661772035396626E-008   0.607005612E-009
   0.21692585366883677E-008   0.146453372E-008
   0.21723398698370727E-008   0.678226808E-009
   0.21754212029857778E-008   0.612491169E-010
   0.21785025361344829E-008   0.742618023E-009
   0.21815838692831879E-008   0.101632192E-008
   0.21846652024318930E-008   0.600806516E-009
   0.21877465355805981E-008   0.693252955E-009
   0.21908278687293031E-008   0.754611151E-009
   0.21939092018780082E-008   0.443001108E-009
   0.21969905350267133E-008   0.800290723E-009
   0.22000718681754183E-008   0.110024934E-008
   0.22031532013241234E-008   0.309639425E-009
   0.22062345344728285E-008   0.246719423E-009
   0.22093158676215335E-008   0.142328749E-008
   0.22123972007702386E-008   0.114184739E-008
   0.22154785339189437E-008  -0.268326694E-009
   0.22185598670676487E-008   0.302255110E-009
   0.22216412002163538E-008   0.166006575E-008
   0.22247225333650589E-008   0.941519973E-009
   0.22278038665137639E-008  -0.469924100E-010
   0.22308851996624690E-008   0.649464482E-009
   0.22339665328111741E-008   0.105802500E-008
   0.22370478659598791E-008   0.562302926E-009
   0.22401291991085842E-008   0.729910188E-009
   0.22432105322572893E-008   0.777233666E-009
   0.22462918654059943E-008   0.138816847E-009
   0.22493731985546994E-008   0.720229321E-009
   0.22524545317034045E-008   0.165219827E-008
   0.22555358648521096E-008   0.416928603E-009
   0.22586171980008146E-008  -0.624239660E-009
   0.22616985311495197E-008   0.101296027E-008
   0.22647798642982248E-008   0.186759164E-008
   0.22678611974469298E-008   0.158192126E-009
   0.22709425305956349E-008  -0.277841528E-009
   0.22740238637443400E-008   0.113326415E-008
   0.22771051968930450E-008   0.102162634E-008
   0.22801865300417501E-008   0.159457059E-009
   0.22832678631904552E-008   0.672637668E-009
   0.22863491963391602E-008   0.752924001E-009
   0.22894305294878653E-008   0.778045406E-010
   0.22925118626365704E-008   0.833000779E-009
   0.22955931957852754E-008   0.132585221E-008
   0.22986745289339805E-008  -0.231444530E-009
   0.23017558620826856E-008  -0.374266895E-009
   0.23048371952313906E-008   0.163731695E-008
   0.23079185283800957E-008   0.128713107E-008
   0.23109998615288008E-008  -0.740139505E-009
   0.23140811946775058E-008   0.845337134E-010
   0.23171625278262109E-008   0.162193325E-008
   0.23202438609749160E-008   0.371673026E-009
   0.23233251941236210E-008  -0.449539406E-009
   0.23264065272723261E-008   0.881028250E-009
   0.23294878604210312E-008   0.841535508E-009
   0.23325691935697362E-008  -0.206836881E-009
   0.23356505267184413E-008   0.571759196E-009
   0.23387318598671464E-008   0.895847174E-009
   0.23418131930158514E-008  -0.484520202E-009
   0.23448945261645565E-008   0.330606098E-010
   0.23479758593132616E-008   0.159847624E-008
   0.23510571924619666E-008   0.227609487E-009
   0.23541385256106717E-008  -0.113958887E-008
   0.23572198587593768E-008   0.795777000E-009
   0.23603011919080819E-008   0.151129775E-008
   0.23633825250567869E-008  -0.726778859E-009
   0.23664638582054920E-008  -0.706035563E-009
   0.23695451913541971E-008   0.132994182E-008
   0.23726265245029021E-008   0.595907934E-009
   0.23757078576516072E-008  -0.849405712E-009
   0.23787891908003123E-008   0.243253473E-009
   0.23818705239490173E-008   0.650179577E-009
   0.23849518570977224E-008  -0.534392530E-009
   0.23880331902464275E-008   0.138893952E-009
   0.23911145233951325E-008   0.979703429E-009
   0.23941958565438376E-008  -0.686184443E-009
   0.23972771896925427E-008  -0.965344249E-009
   0.24003585228412477E-008   0.120402999E-008
   0.24034398559899528E-008   0.636918129E-009
   0.24065211891386579E-008  -0.166907976E-008
   0.24096025222873629E-008  -0.400525613E-009
   0.24126838554360680E-008   0.151022728E-008
   0.24157651885847731E-008  -0.232988073E-009
   0.24188465217334781E-008  -0.146937329E-008
   0.24219278548821832E-008   0.180399362E-009
   0.24250091880308883E-008   0.409116907E-009
   0.24280905211795933E-008  -0.793608346E-009
   0.24311718543282984E-008  -0.105556064E-009
   0.24342531874770035E-008   0.249817472E-009
   0.24373345206257085E-008  -0.118599375E-008
   0.24404158537744136E-008  -0.678017698E-009
   0.24434971869231187E-008   0.922958654E-009
   0.24465785200718237E-008  -0.531227229E-009
   0.24496598532205288E-008  -0.194953076E-008
   0.24527411863692339E-008   0.112061693E-009
   0.24558225195179390E-008   0.932331656E-009
   0.24589038526666440E-008  -0.140233236E-008
   0.24619851858153491E-008  -0.159404745E-008
   0.24650665189640542E-008   0.375461995E-009
   0.24681478521127592E-008  -0.132841349E-009
   0.24712291852614643E-008  -0.138500256E-008
   0.24743105184101694E-008  -0.472993977E-009
   0.24773918515588744E-008  -0.285318658E-009
   0.24804731847075795E-008  -0.139358913E-008
   0.24835545178562846E-008  -0.678539336E-009
   0.24866358510049896E-008   0.811912204E-010
   0.24897171841536947E-008  -0.144782475E-008
   0.24927985173023998E-008  -0.164793479E-008
   0.24958798504511048E-008   0.244663512E-009
   0.24989611835998099E-008  -0.335542760E-009
   0.25020425167485150E-008  -0.228962937E-008
   0.25051238498972200E-008  -0.118344379E-008
   0.25082051830459251E-008   0.287274649E-009
   0.25112865161946302E-008  -0.116551946E-008
   0.25143678493433352E-008  -0.196505945E-008
   0.25174491824920403E-008  -0.651862564E-009
   0.25205305156407454E-008  -0.729235894E-009
   0.25236118487894504E-008  -0.166710401E-008
   0.25266931819381555E-008  -0.990068916E-009
   0.25297745150868606E-008  -0.836359870E-009
   0.25328558482355656E-008  -0.192991223E-008
   0.25359371813842707E-008  -0.129150801E-008
   0.25390185145329758E-008  -0.242101561E-009
   0.25420998476816808E-008  -0.170104997E-008
   0.25451811808303859E-008  -0.255155719E-008
   0.25482625139790910E-008  -0.725885685E-009
   0.25513438471277960E-008  -0.389405369E-009
   0.25544251802765011E-008  -0.225187846E-008
   0.25575065134252062E-008  -0.212471063E-008
   0.25605878465739113E-008  -0.762281682E-009
   0.25636691797226163E-008  -0.137846934E-008
   0.25667505128713214E-008  -0.208926276E-008
   0.25698318460200265E-008  -0.136693101E-008
   0.25729131791687315E-008  -0.153359025E-008
   0.25759945123174366E-008  -0.215083396E-008
   0.25790758454661417E-008  -0.128796218E-008
   0.25821571786148467E-008  -0.115935528E-008
   0.25852385117635518E-008  -0.261346100E-008
   0.25883198449122569E-008  -0.227082597E-008
   0.25914011780609619E-008  -0.704123204E-009
   0.25944825112096670E-008  -0.157107838E-008
   0.25975638443583721E-008  -0.296840019E-008
   0.26006451775070771E-008  -0.188766736E-008
   0.26037265106557822E-008  -0.109742571E-008
   0.26068078438044873E-008  -0.225973884E-008
   0.26098891769531923E-008  -0.244852183E-008
   0.26129705101018974E-008  -0.160951941E-008
   0.26160518432506025E-008  -0.203623873E-008
   0.26191331763993075E-008  -0.238281705E-008
   0.26222145095480126E-008  -0.166133785E-008
   0.26252958426967177E-008  -0.206452722E-008
   0.26283771758454227E-008  -0.293555469E-008
   0.26314585089941278E-008  -0.195495797E-008
   0.26345398421428329E-008  -0.130292621E-008
   0.26376211752915379E-008  -0.271886558E-008
   0.26407025084402430E-008  -0.304008330E-008
   0.26437838415889481E-008  -0.162299374E-008
   0.26468651747376531E-008  -0.183530269E-008
   0.26499465078863582E-008  -0.305693959E-008
   0.26530278410350633E-008  -0.250520804E-008
   0.26561091741837684E-008  -0.181599158E-008
   0.26591905073324734E-008  -0.257130939E-008
   0.26622718404811785E-008  -0.270242362E-008
   0.26653531736298836E-008  -0.213702123E-008
   0.26684345067785886E-008  -0.266197597E-008
   0.26715158399272937E-008  -0.291034041E-008
   0.26745971730759988E-008  -0.198691708E-008
   0.26776785062247038E-008  -0.225366681E-008
   0.26807598393734089E-008  -0.337978001E-008
   0.26838411725221140E-008  -0.270823541E-008
   0.26869225056708190E-008  -0.178582515E-008
   0.26900038388195241E-008  -0.282901813E-008
   0.26930851719682292E-008  -0.342165696E-008
   0.26961665051169342E-008  -0.232895214E-008
   0.26992478382656393E-008  -0.222602403E-008
   0.27023291714143444E-008  -0.315697513E-008
   0.27054105045630494E-008  -0.290649949E-008
   0.27084918377117545E-008  -0.247634735E-008
   0.27115731708604596E-008  -0.300326408E-008
   0.27146545040091646E-008  -0.286497071E-008
   0.27177358371578697E-008  -0.232873743E-008
   0.27208171703065748E-008  -0.306491721E-008
   0.27238985034552798E-008  -0.348033735E-008
   0.27269798366039849E-008  -0.243281395E-008
   0.27300611697526900E-008  -0.240086417E-008
   0.27331425029013950E-008  -0.357450336E-008
   0.27362238360501001E-008  -0.322825411E-008
   0.27393051691988052E-008  -0.223931651E-008
   0.27423865023475102E-008  -0.291869373E-008
   0.27454678354962153E-008  -0.357289021E-008
   0.27485491686449204E-008  -0.284173973E-008
   0.27516305017936254E-008  -0.271026446E-008
   0.27547118349423305E-008  -0.330925376E-008
   0.27577931680910356E-008  -0.298229774E-008
   0.27608745012397407E-008  -0.276538947E-008
   0.27639558343884457E-008  -0.345516837E-008
   0.27670371675371508E-008  -0.323737948E-008
   0.27701185006858559E-008  -0.247534815E-008
   0.27731998338345609E-008  -0.317029647E-008
   0.27762811669832660E-008  -0.380737175E-008
   0.27793625001319711E-008  -0.280134138E-008
   0.27824438332806761E-008  -0.249473775E-008
   0.27855251664293812E-008  -0.362553276E-008
   0.27886064995780863E-008  -0.359014951E-008
   0.27916878327267913E-008  -0.264559885E-008
   0.27947691658754964E-008  -0.299743919E-008
   0.27978504990242015E-008  -0.354941943E-008
   0.28009318321729065E-008  -0.305429970E-008
   0.28040131653216116E-008  -0.304886649E-008
   0.28070944984703167E-008  -0.352967855E-008
   0.28101758316190217E-008  -0.304764214E-008
   0.28132571647677268E-008  -0.279981105E-008
   0.28163384979164319E-008  -0.363190922E-008
   0.28194198310651369E-008  -0.351912610E-008
   0.28225011642138420E-008  -0.256464050E-008
   0.28255824973625471E-008  -0.307197778E-008
   0.28286638305112521E-008  -0.394324795E-008
   0.28317451636599572E-008  -0.318611137E-008
   0.28348264968086623E-008  -0.261734545E-008
   0.28379078299573673E-008  -0.343250672E-008
   0.28409891631060724E-008  -0.359798147E-008
   0.28440704962547775E-008  -0.296014102E-008
   0.28471518294034825E-008  -0.319106275E-008
   0.28502331625521876E-008  -0.346568685E-008
   0.28533144957008927E-008  -0.296461033E-008
   0.28563958288495978E-008  -0.314498871E-008
   0.28594771619983028E-008  -0.370407505E-008
   0.28625584951470079E-008  -0.307161829E-008
   0.28656398282957130E-008  -0.265127653E-008
   0.28687211614444180E-008  -0.360612495E-008
   0.28718024945931231E-008  -0.374595421E-008
   0.28748838277418282E-008  -0.267620281E-008
   0.28779651608905332E-008  -0.284077628E-008
   0.28810464940392383E-008  -0.376092091E-008
   0.28841278271879434E-008  -0.334459571E-008
   0.28872091603366484E-008  -0.277131584E-008
   0.28902904934853535E-008  -0.327382699E-008
   0.28933718266340586E-008  -0.336441519E-008
   0.28964531597827636E-008  -0.293290991E-008
   0.28995344929314687E-008  -0.327462812E-008
   0.29026158260801738E-008  -0.342625173E-008
   0.29056971592288788E-008  -0.275349543E-008
   0.29087784923775839E-008  -0.296707792E-008
   0.29118598255262890E-008  -0.375071041E-008
   0.29149411586749940E-008  -0.314286619E-008
   0.29180224918236991E-008  -0.241596343E-008
   0.29211038249724042E-008  -0.324920668E-008
   0.29241851581211092E-008  -0.370218478E-008
   0.29272664912698143E-008  -0.280873902E-008
   0.29303478244185194E-008  -0.268467404E-008
   0.29334291575672244E-008  -0.337517836E-008
   0.29365104907159295E-008  -0.314126569E-008
   0.29395918238646346E-008  -0.278127299E-008
   0.29426731570133396E-008  -0.319572413E-008
   0.29457544901620447E-008  -0.307979398E-008
   0.29488358233107498E-008  -0.262491717E-008
   0.29519171564594548E-008  -0.315914628E-008
   0.29549984896081599E-008  -0.342027984E-008
   0.29580798227568650E-008  -0.252444399E-008
   0.29611611559055701E-008  -0.250169219E-008
   0.29642424890542751E-008  -0.348041373E-008
   0.29673238222029802E-008  -0.317690207E-008
   0.29704051553516853E-008  -0.229663266E-008
   0.29734864885003903E-008  -0.280137780E-008
   0.29765678216490954E-008  -0.332505867E-008
   0.29796491547978005E-008  -0.269381872E-008
   0.29827304879465055E-008  -0.254843813E-008
   0.29858118210952106E-008  -0.304428238E-008
   0.29888931542439157E-008  -0.276445489E-008
   0.29919744873926207E-008  -0.252196397E-008
   0.29950558205413258E-008  -0.304146597E-008
   0.29981371536900309E-008  -0.283469337E-008
   0.30012184868387359E-008  -0.215450191E-008
   0.30042998199874410E-008  -0.271640044E-008
   0.30073811531361461E-008  -0.328736505E-008
   0.30104624862848511E-008  -0.241725506E-008
   0.30135438194335562E-008  -0.204594475E-008
   0.30166251525822613E-008  -0.295568547E-008
   0.30197064857309663E-008  -0.295782221E-008
   0.30227878188796714E-008  -0.212117390E-008
   0.30258691520283765E-008  -0.236003461E-008
   0.30289504851770815E-008  -0.284796653E-008
   0.30320318183257866E-008  -0.240854603E-008
   0.30351131514744917E-008  -0.229746000E-008
   0.30381944846231967E-008  -0.266588285E-008
   0.30412758177719018E-008  -0.227542984E-008
   0.30443571509206069E-008  -0.202936601E-008
   0.30474384840693119E-008  -0.272712786E-008
   0.30505198172180170E-008  -0.266230082E-008
   0.30536011503667221E-008  -0.176102255E-008
   0.30566824835154272E-008  -0.207173301E-008
   0.30597638166641322E-008  -0.285674639E-008
   0.30628451498128373E-008  -0.224481367E-008
   0.30659264829615424E-008  -0.163648184E-008
   0.30690078161102474E-008  -0.230191621E-008
   0.30720891492589525E-008  -0.254201771E-008
   0.30751704824076576E-008  -0.191930960E-008
   0.30782518155563626E-008  -0.194770222E-008
   0.30813331487050677E-008  -0.222458385E-008
   0.30844144818537728E-008  -0.187233917E-008
   0.30874958150024778E-008  -0.193179095E-008
   0.30905771481511829E-008  -0.237337838E-008
   0.30936584812998880E-008  -0.187990867E-008
   0.30967398144485930E-008  -0.140640655E-008
   0.30998211475972981E-008  -0.211813300E-008
   0.31029024807460032E-008  -0.234933784E-008
   0.31059838138947082E-008  -0.144432377E-008
   0.31090651470434133E-008  -0.140232315E-008
   0.31121464801921184E-008  -0.220637086E-008
   0.31152278133408234E-008  -0.197815364E-008
   0.31183091464895285E-008  -0.133240174E-008
   0.31213904796382336E-008  -0.159781166E-008
   0.31244718127869386E-008  -0.182682991E-008
   0.31275531459356437E-008  -0.153119961E-008
   0.31306344790843488E-008  -0.163666991E-008
   0.31337158122330538E-008  -0.172728265E-008
   0.31367971453817589E-008  -0.123733346E-008
   0.31398784785304640E-008  -0.130445077E-008
   0.31429598116791690E-008  -0.189456828E-008
   0.31460411448278741E-008  -0.150547208E-008
   0.31491224779765792E-008  -0.847339476E-009
   0.31522038111252842E-008  -0.138376777E-008
   0.31552851442739893E-008  -0.185871563E-008
   0.31583664774226944E-008  -0.118598642E-008
   0.31614478105713995E-008  -0.852260928E-009
   0.31645291437201045E-008  -0.136138978E-008
   0.31676104768688096E-008  -0.139658229E-008
   0.31706918100175147E-008  -0.106583131E-008
   0.31737731431662197E-008  -0.115604304E-008
   0.31768544763149248E-008  -0.109474718E-008
   0.31799358094636299E-008  -0.841219983E-009
   0.31830171426123349E-008  -0.115492260E-008
   0.31860984757610400E-008  -0.130954536E-008
   0.31891798089097451E-008  -0.675890899E-009
   0.31922611420584501E-008  -0.581098059E-009
   0.31953424752071552E-008  -0.127830790E-008
   0.31984238083558603E-008  -0.114775978E-008
   0.32015051415045653E-008  -0.404289879E-009
   0.32045864746532704E-008  -0.584470639E-009
   0.32076678078019755E-008  -0.108816223E-008
   0.32107491409506805E-008  -0.809708300E-009
   0.32138304740993856E-008  -0.515863352E-009
   0.32169118072480907E-008  -0.655299148E-009
   0.32199931403967957E-008  -0.572777548E-009
   0.32230744735455008E-008  -0.516641563E-009
   0.32261558066942059E-008  -0.775921993E-009
   0.32292371398429109E-008  -0.557383972E-009
   0.32323184729916160E-008  -0.104015463E-009
   0.32353998061403211E-008  -0.473722950E-009
   0.32384811392890261E-008  -0.864253225E-009
   0.32415624724377312E-008  -0.257445287E-009
   0.32446438055864363E-008   0.125845279E-009
   0.32477251387351413E-008  -0.448184712E-009
   0.32508064718838464E-008  -0.624507168E-009
   0.32538878050325515E-008  -0.926419497E-010
   0.32569691381812566E-008  -0.641970505E-011
   0.32600504713299616E-008  -0.248622317E-009
   0.32631318044786667E-008  -0.144610518E-009
   0.32662131376273718E-008  -0.103016158E-009
   0.32692944707760768E-008  -0.168557807E-009
   0.32723758039247819E-008   0.126010341E-009
   0.32754571370734870E-008   0.197799360E-009
   0.32785384702221920E-008  -0.234976455E-009
   0.32816198033708971E-008  -0.107763479E-009
   0.32847011365196022E-008   0.509714271E-009
   0.32877824696683072E-008   0.321060512E-009
   0.32908638028170123E-008  -0.225672592E-009
   0.32939451359657174E-008   0.101661707E-009
   0.32970264691144224E-008   0.593943228E-009
   0.33001078022631275E-008   0.355072444E-009
   0.33031891354118326E-008   0.147380150E-009
   0.33062704685605376E-008   0.363946984E-009
   0.33093518017092427E-008   0.419394380E-009
   0.33124331348579478E-008   0.428598657E-009
   0.33155144680066528E-008   0.599305272E-009
   0.33185958011553579E-008   0.450864235E-009
   0.33216771343040630E-008   0.278239265E-009
   0.33247584674527680E-008   0.713182569E-009
   0.33278398006014731E-008   0.962636859E-009
   0.33309211337501782E-008   0.454226434E-009
   0.33340024668988832E-008   0.321616567E-009
   0.33370838000475883E-008   0.913428777E-009
   0.33401651331962934E-008   0.101829545E-008
   0.33432464663449984E-008   0.595151040E-009
   0.33463277994937035E-008   0.658230581E-009
   0.33494091326424086E-008   0.970377001E-009
   0.33524904657911136E-008   0.924019083E-009
   0.33555717989398187E-008   0.891322682E-009
   0.33586531320885238E-008   0.967737335E-009
   0.33617344652372289E-008   0.852317272E-009
   0.33648157983859339E-008   0.955299395E-009
   0.33678971315346390E-008   0.132548217E-008
   0.33709784646833441E-008   0.116499022E-008
   0.33740597978320491E-008   0.762901742E-009
   0.33771411309807542E-008   0.109268838E-008
   0.33802224641294593E-008   0.155325175E-008
   0.33833037972781643E-008   0.124093102E-008
   0.33863851304268694E-008   0.948052081E-009
   0.33894664635755745E-008   0.130635425E-008
   0.33925477967242795E-008   0.151248258E-008
   0.33956291298729846E-008   0.130248734E-008
   0.33987104630216897E-008   0.129339195E-008
   0.34017917961703947E-008   0.141403578E-008
   0.34048731293190998E-008   0.140886802E-008
   0.34079544624678049E-008   0.156144131E-008
   0.34110357956165099E-008   0.166517333E-008
   0.34141171287652150E-008   0.137603340E-008
   0.34171984619139201E-008   0.133849576E-008
   0.34202797950626251E-008   0.181752169E-008
   0.34233611282113302E-008   0.188072780E-008
   0.34264424613600353E-008   0.144510559E-008
   0.34295237945087403E-008   0.151265112E-008
   0.34326051276574454E-008   0.194542427E-008
   0.34356864608061505E-008   0.188087124E-008
   0.34387677939548555E-008   0.162605696E-008
   0.34418491271035606E-008   0.175553594E-008
   0.34449304602522657E-008   0.192819516E-008
   0.34480117934009707E-008   0.192938954E-008
   0.34510931265496758E-008   0.196980632E-008
   0.34541744596983809E-008   0.191173943E-008
   0.34572557928470860E-008   0.179782178E-008
   0.34603371259957910E-008   0.203087480E-008
   0.34634184591444961E-008   0.227691754E-008
   0.34664997922932012E-008   0.201675698E-008
   0.34695811254419062E-008   0.183014581E-008
   0.34726624585906113E-008   0.219358709E-008
   0.34757437917393164E-008   0.239062592E-008
   0.34788251248880214E-008   0.209802198E-008
   0.34819064580367265E-008   0.202107153E-008
   0.34849877911854316E-008   0.229920438E-008
   0.34880691243341366E-008   0.239136888E-008
   0.34911504574828417E-008   0.229598052E-008
   0.34942317906315468E-008   0.226878782E-008
   0.34973131237802518E-008   0.226253349E-008
   0.35003944569289569E-008   0.235889996E-008
   0.35034757900776620E-008   0.256373500E-008
   0.35065571232263670E-008   0.249850562E-008
   0.35096384563750721E-008   0.226544783E-008
   0.35127197895237772E-008   0.242126785E-008
   0.35158011226724822E-008   0.272381850E-008
   0.35188824558211873E-008   0.258092769E-008
   0.35219637889698924E-008   0.235453124E-008
   0.35250451221185974E-008   0.255897525E-008
   0.35281264552673025E-008   0.279707058E-008
   0.35312077884160076E-008   0.269776845E-008
   0.35342891215647126E-008   0.256755306E-008
   0.35373704547134177E-008   0.261372635E-008
   0.35404517878621228E-008   0.273326028E-008
   0.35435331210108278E-008   0.286099522E-008
   0.35466144541595329E-008   0.284482948E-008
   0.35496957873082380E-008   0.266710098E-008
   0.35527771204569430E-008   0.270919287E-008
   0.35558584536056481E-008   0.299105496E-008
   0.35589397867543532E-008   0.298374214E-008
   0.35620211199030583E-008   0.273017942E-008
   0.35651024530517633E-008   0.280419421E-008
   0.35681837862004684E-008   0.309428771E-008
   0.35712651193491735E-008   0.308871284E-008
   0.35743464524978785E-008   0.290900593E-008
   0.35774277856465836E-008   0.290592417E-008
   0.35805091187952887E-008   0.302889203E-008
   0.35835904519439937E-008   0.314219450E-008
   0.35866717850926988E-008   0.316050675E-008
   0.35897531182414039E-008   0.302567993E-008
   0.35928344513901089E-008   0.299674507E-008
   0.35959157845388140E-008   0.324378102E-008
   0.35989971176875191E-008   0.333173023E-008
   0.36020784508362241E-008   0.307465564E-008
   0.36051597839849292E-008   0.303594971E-008
   0.36082411171336343E-008   0.334884209E-008
   0.36113224502823393E-008   0.342257689E-008
   0.36144037834310444E-008   0.319949001E-008
   0.36174851165797495E-008   0.316593507E-008
   0.36205664497284545E-008   0.332530181E-008
   0.36236477828771596E-008   0.341256889E-008
   0.36267291160258647E-008   0.342356432E-008
   0.36298104491745697E-008   0.334428063E-008
   0.36328917823232748E-008   0.325391447E-008
   0.36359731154719799E-008   0.342509865E-008
   0.36390544486206849E-008   0.363317243E-008
   0.36421357817693900E-008   0.343415874E-008
   0.36452171149180951E-008   0.323573768E-008
   0.36482984480668001E-008   0.353440943E-008
   0.36513797812155052E-008   0.376434350E-008
   0.36544611143642103E-008   0.348821461E-008
   0.36575424475129154E-008   0.332777428E-008
   0.36606237806616204E-008   0.357600238E-008
   0.36637051138103255E-008   0.370654107E-008
   0.36667864469590306E-008   0.361318220E-008
   0.36698677801077356E-008   0.358494390E-008
   0.36729491132564407E-008   0.356484686E-008
   0.36760304464051458E-008   0.359087515E-008
   0.36791117795538508E-008   0.379348908E-008
   0.36821931127025559E-008   0.379038978E-008
   0.36852744458512610E-008   0.349895779E-008
   0.36883557789999660E-008   0.358643981E-008
   0.36914371121486711E-008   0.398511402E-008
   0.36945184452973762E-008   0.386770083E-008
   0.36975997784460812E-008   0.348935525E-008
   0.37006811115947863E-008   0.366932307E-008
   0.37037624447434914E-008   0.401157108E-008
   0.37068437778921964E-008   0.387999544E-008
   0.37099251110409015E-008   0.369980224E-008
   0.37130064441896066E-008   0.379445186E-008
   0.37160877773383116E-008   0.385072241E-008
   0.37191691104870167E-008   0.389359078E-008
   0.37222504436357218E-008   0.398614386E-008
   0.37253317767844268E-008   0.382146847E-008
   0.37284131099331319E-008   0.368724229E-008
   0.37314944430818370E-008   0.403843847E-008
   0.37345757762305420E-008   0.421617186E-008
   0.37376571093792471E-008   0.376993770E-008
   0.37407384425279522E-008   0.364168540E-008
   0.37438197756766572E-008   0.414683665E-008
   0.37469011088253623E-008   0.424514957E-008
   0.37499824419740674E-008   0.383476095E-008
   0.37530637751227724E-008   0.382608256E-008
   0.37561451082714775E-008   0.410481382E-008
   0.37592264414201826E-008   0.409180156E-008
   0.37623077745688877E-008   0.403341405E-008
   0.37653891077175927E-008   0.405720391E-008
   0.37684704408662978E-008   0.393830168E-008
   0.37715517740150029E-008   0.401746103E-008
   0.37746331071637079E-008   0.432755609E-008
   0.37777144403124130E-008   0.414197743E-008
   0.37807957734611181E-008   0.373451270E-008
   0.37838771066098231E-008   0.405089917E-008
   0.37869584397585282E-008   0.450433069E-008
   0.37900397729072333E-008   0.415351575E-008
   0.37931211060559383E-008   0.379775678E-008
   0.37962024392046434E-008   0.415394164E-008
   0.37992837723533485E-008   0.438332792E-008
   0.38023651055020535E-008   0.413127266E-008
   0.38054464386507586E-008   0.406566825E-008
   0.38085277717994637E-008   0.416670876E-008
   0.38116091049481687E-008   0.414372137E-008
   0.38146904380968738E-008   0.429134417E-008
   0.38177717712455789E-008   0.438028547E-008
   0.38208531043942839E-008   0.400470146E-008
   0.38239344375429890E-008   0.393167943E-008
   0.38270157706916941E-008   0.450051862E-008
   0.38300971038403991E-008   0.453599780E-008
   0.38331784369891042E-008   0.391345001E-008
   0.38362597701378093E-008   0.397490840E-008
   0.38393411032865143E-008   0.455805882E-008
   0.38424224364352194E-008   0.443599690E-008
   0.38455037695839245E-008   0.401849798E-008
   0.38485851027326295E-008   0.416621404E-008
   0.38516664358813346E-008   0.437278880E-008
   0.38547477690300397E-008   0.430774127E-008
   0.38578291021787448E-008   0.435747394E-008
   0.38609104353274498E-008   0.428167679E-008
   0.38639917684761549E-008   0.402241795E-008
   0.38670731016248600E-008   0.429919345E-008
   0.38701544347735650E-008   0.471604933E-008
   0.38732357679222701E-008   0.427883773E-008
   0.38763171010709752E-008   0.383386123E-008
   0.38793984342196802E-008   0.438290648E-008
   0.38824797673683853E-008   0.476096718E-008
   0.38855611005170904E-008   0.420611013E-008
   0.38886424336657954E-008   0.397229272E-008
   0.38917237668145005E-008   0.443492976E-008
   0.38948050999632056E-008   0.453522242E-008
   0.38978864331119106E-008   0.429356284E-008
   0.39009677662606157E-008   0.429987512E-008
   0.39040490994093208E-008   0.425066204E-008
   0.39071304325580258E-008   0.420740376E-008
   0.39102117657067309E-008   0.456667237E-008
   0.39132930988554360E-008   0.458796690E-008
   0.39163744320041410E-008   0.399289757E-008
   0.39194557651528461E-008   0.405902068E-008
   0.39225370983015512E-008   0.477599915E-008
   0.39256184314502562E-008   0.460119765E-008
   0.39286997645989613E-008   0.390610033E-008
   0.39317810977476664E-008   0.417265245E-008
   0.39348624308963714E-008   0.473138284E-008
   0.39379437640450765E-008   0.445902293E-008
   0.39410250971937816E-008   0.412816892E-008
   0.39441064303424866E-008   0.429611680E-008
   0.39471877634911917E-008   0.435455227E-008
   0.39502690966398968E-008   0.438425785E-008
   0.39533504297886018E-008   0.458063587E-008
   0.39564317629373069E-008   0.431110969E-008
   0.39595130960860120E-008   0.394562694E-008
   0.39625944292347171E-008   0.444457982E-008
   0.39656757623834221E-008   0.485881557E-008
   0.39687570955321272E-008   0.419053592E-008
   0.39718384286808323E-008   0.383123222E-008
   0.39749197618295373E-008   0.455096139E-008
   0.39780010949782424E-008   0.478222484E-008
   0.39810824281269475E-008   0.414639034E-008
   0.39841637612756525E-008   0.404916900E-008
   0.39872450944243576E-008   0.445655868E-008
   0.39903264275730627E-008   0.445245396E-008
   0.39934077607217677E-008   0.436855796E-008
   0.39964890938704728E-008   0.440137971E-008
   0.39995704270191779E-008   0.412638546E-008
   0.40026517601678829E-008   0.412746015E-008
   0.40057330933165880E-008   0.468917172E-008
   0.40088144264652931E-008   0.457662974E-008
   0.40118957596139981E-008   0.383930088E-008
   0.40149770927627032E-008   0.408527168E-008
   0.40180584259114083E-008   0.484281149E-008
   0.40211397590601133E-008   0.447841764E-008
   0.40242210922088184E-008   0.382352017E-008
   0.40273024253575235E-008   0.420283897E-008
   0.40303837585062285E-008   0.463224215E-008
   0.40334650916549336E-008   0.434246283E-008
   0.40365464248036387E-008   0.417961354E-008
   0.40396277579523437E-008   0.425480673E-008
   0.40427090911010488E-008   0.414499235E-008
   0.40457904242497539E-008   0.433139613E-008
   0.40488717573984589E-008   0.461905048E-008
   0.40519530905471640E-008   0.414727896E-008
   0.40550344236958691E-008   0.377868226E-008
   0.40581157568445742E-008   0.446205695E-008
   0.40611970899932792E-008   0.478185447E-008
   0.40642784231419843E-008   0.397746724E-008
   0.40673597562906894E-008   0.375522191E-008
   0.40704410894393944E-008   0.450805837E-008
   0.40735224225880995E-008   0.459419036E-008
   0.40766037557368046E-008   0.402777767E-008
   0.40796850888855096E-008   0.402380529E-008
   0.40827664220342147E-008   0.426004387E-008
   0.40858477551829198E-008   0.422031077E-008
   0.40889290883316248E-008   0.433428804E-008
   0.40920104214803299E-008   0.431327951E-008
   0.40950917546290350E-008   0.386265242E-008
   0.40981730877777400E-008   0.399185707E-008
   0.41012544209264451E-008   0.465030237E-008
   0.41043357540751502E-008   0.435009984E-008
   0.41074170872238552E-008   0.359064267E-008
   0.41104984203725603E-008   0.400513755E-008
   0.41135797535212654E-008   0.469584505E-008
   0.41166610866699704E-008   0.422879776E-008
   0.41197424198186755E-008   0.370113584E-008
   0.41228237529673806E-008   0.407020595E-008
   0.41259050861160856E-008   0.432818847E-008
   0.41289864192647907E-008   0.413666346E-008
   0.41320677524134958E-008   0.412038803E-008
   0.41351490855622008E-008   0.402644895E-008
   0.41382304187109059E-008   0.383301790E-008
   0.41413117518596110E-008   0.420271906E-008
   0.41443930850083160E-008   0.446725679E-008
   0.41474744181570211E-008   0.382455090E-008
   0.41505557513057262E-008   0.356023167E-008
   0.41536370844544312E-008   0.434812186E-008
   0.41567184176031363E-008   0.451315962E-008
   0.41597997507518414E-008   0.369413500E-008
   0.41628810839005465E-008   0.361587715E-008
   0.41659624170492515E-008   0.426735935E-008
   0.41690437501979566E-008   0.423959623E-008
   0.41721250833466617E-008   0.384387766E-008
   0.41752064164953667E-008   0.388071753E-008
   0.41782877496440718E-008   0.391881905E-008
   0.41813690827927769E-008   0.391252764E-008
   0.41844504159414819E-008   0.417925250E-008
   0.41875317490901870E-008   0.404100087E-008
   0.41906130822388921E-008   0.350933638E-008
   0.41936944153875971E-008   0.379741305E-008
   0.41967757485363022E-008   0.444283232E-008
   0.41998570816850073E-008   0.398605504E-008
   0.42029384148337123E-008   0.331451178E-008
   0.42060197479824174E-008   0.381208709E-008
   0.42091010811311225E-008   0.434119141E-008
   0.42121824142798275E-008   0.387751875E-008
   0.42152637474285326E-008   0.353971985E-008
   0.42183450805772377E-008   0.381949272E-008
   0.42214264137259427E-008   0.390235000E-008
   0.42245077468746478E-008   0.384344467E-008
   0.42275890800233529E-008   0.392132105E-008
   0.42306704131720579E-008   0.367331121E-008
   0.42337517463207630E-008   0.348167517E-008
   0.42368330794694681E-008   0.398329636E-008
   0.42399144126181731E-008   0.415366275E-008
   0.42429957457668782E-008   0.342444162E-008
   0.42460770789155833E-008   0.328927996E-008
   0.42491584120642883E-008   0.406751921E-008
   0.42522397452129934E-008   0.409390166E-008
   0.42553210783616985E-008   0.337664385E-008
   0.42584024115104036E-008   0.340790907E-008
   0.42614837446591086E-008   0.388914279E-008
   0.42645650778078137E-008   0.379807208E-008
   0.42676464109565188E-008   0.357781160E-008
   0.42707277441052238E-008   0.360272878E-008
   0.42738090772539289E-008   0.349912743E-008
   0.42768904104026340E-008   0.356927266E-008
   0.42799717435513390E-008   0.390495591E-008
   0.42830530767000441E-008   0.364324149E-008
   0.42861344098487492E-008   0.311189585E-008
   0.42892157429974542E-008   0.350871066E-008
   0.42922970761461593E-008   0.407569267E-008
   0.42953784092948644E-008   0.356156127E-008
   0.42984597424435694E-008   0.303013259E-008
   0.43015410755922745E-008   0.351453044E-008
   0.43046224087409796E-008   0.386504873E-008
   0.43077037418896846E-008   0.345519124E-008
   0.43107850750383897E-008   0.326417826E-008
   0.43138664081870948E-008   0.345880258E-008
   0.43169477413357998E-008   0.346997586E-008
   0.43200290744845049E-008   0.350910945E-008
   0.43231104076332100E-008   0.356650021E-008
   0.43261917407819150E-008   0.322000338E-008
   0.43292730739306201E-008   0.310379056E-008
   0.43323544070793252E-008   0.365784780E-008
   0.43354357402280302E-008   0.372633213E-008
   0.43385170733767353E-008   0.301757019E-008
   0.43415984065254404E-008   0.297890135E-008
   0.43446797396741454E-008   0.365300856E-008
   0.43477610728228505E-008   0.359423469E-008
   0.43508424059715556E-008   0.301856207E-008
   0.43539237391202606E-008   0.309296899E-008
   0.43570050722689657E-008   0.343445339E-008
   0.43600864054176708E-008   0.335451467E-008
   0.43631677385663759E-008   0.323373217E-008
   0.43662490717150809E-008   0.319010862E-008
   0.43693304048637860E-008   0.303342240E-008
   0.43724117380124911E-008   0.319009885E-008
   0.43754930711611961E-008   0.352162521E-008
   0.43785744043099012E-008   0.319474358E-008
   0.43816557374586063E-008   0.272095257E-008
   0.43847370706073113E-008   0.312308379E-008
   0.43878184037560164E-008   0.357452357E-008
   0.43908997369047215E-008   0.310060999E-008
   0.43939810700534265E-008   0.270177880E-008
   0.43970624032021316E-008   0.311501269E-008
   0.44001437363508367E-008   0.336214034E-008
   0.44032250694995417E-008   0.303730530E-008
   0.44063064026482468E-008   0.288265234E-008
   0.44093877357969519E-008   0.298139402E-008
   0.44124690689456569E-008   0.300936454E-008
   0.44155504020943620E-008   0.312106407E-008
   0.44186317352430671E-008   0.312685011E-008
   0.44217130683917721E-008   0.276169754E-008
   0.44247944015404772E-008   0.270628986E-008
   0.44278757346891823E-008   0.319919025E-008
   0.44309570678378873E-008   0.320171334E-008
   0.44340384009865924E-008   0.261369237E-008
   0.44371197341352975E-008   0.263039901E-008
   0.44402010672840025E-008   0.316213278E-008
   0.44432824004327076E-008   0.307521719E-008
   0.44463637335814127E-008   0.261892241E-008
   0.44494450667301177E-008   0.267281597E-008
   0.44525263998788228E-008   0.293085978E-008
   0.44556077330275279E-008   0.290351387E-008
   0.44586890661762330E-008   0.281826829E-008
   0.44617703993249380E-008   0.271899481E-008
   0.44648517324736431E-008   0.257579824E-008
   0.44679330656223482E-008   0.275164447E-008
   0.44710143987710532E-008   0.301077829E-008
   0.44740957319197583E-008   0.270728018E-008
   0.44771770650684634E-008   0.234952990E-008
   0.44802583982171684E-008   0.269827916E-008
   0.44833397313658735E-008   0.302768344E-008
   0.44864210645145786E-008   0.261970823E-008
   0.44895023976632836E-008   0.230064034E-008
   0.44925837308119887E-008   0.263283373E-008
   0.44956650639606938E-008   0.285130164E-008
   0.44987463971093988E-008   0.260860222E-008
   0.45018277302581039E-008   0.244409293E-008
   0.45049090634068090E-008   0.248482013E-008
   0.45079903965555140E-008   0.253598631E-008
   0.45110717297042191E-008   0.264551181E-008
   0.45141530628529242E-008   0.261964161E-008
   0.45172343960016292E-008   0.232168373E-008
   0.45203157291503343E-008   0.230093766E-008
   0.45233970622990394E-008   0.268349964E-008
   0.45264783954477444E-008   0.265593347E-008
   0.45295597285964495E-008   0.217799889E-008
   0.45326410617451546E-008   0.219499907E-008
   0.45357223948938596E-008   0.263792543E-008
   0.45388037280425647E-008   0.258571076E-008
   0.45418850611912698E-008   0.218892593E-008
   0.45449663943399748E-008   0.219195639E-008
   0.45480477274886799E-008   0.242202858E-008
   0.45511290606373850E-008   0.242406251E-008
   0.45542103937860900E-008   0.232159358E-008
   0.45572917269347951E-008   0.223543029E-008
   0.45603730600835002E-008   0.216298823E-008
   0.45634543932322053E-008   0.229193664E-008
   0.45665357263809103E-008   0.244468534E-008
   0.45696170595296154E-008   0.219802820E-008
   0.45726983926783205E-008   0.193287919E-008
   0.45757797258270255E-008   0.221243468E-008
   0.45788610589757306E-008   0.248671794E-008
   0.45819423921244357E-008   0.215796514E-008
   0.45850237252731407E-008   0.185718518E-008
   0.45881050584218458E-008   0.211443396E-008
   0.45911863915705509E-008   0.233336839E-008
   0.45942677247192559E-008   0.213138196E-008
   0.45973490578679610E-008   0.195850469E-008
   0.46004303910166661E-008   0.201372208E-008
   0.46035117241653711E-008   0.207853046E-008
   0.46065930573140762E-008   0.211948881E-008
   0.46096743904627813E-008   0.207369411E-008
   0.46127557236114863E-008   0.186807969E-008
   0.46158370567601914E-008   0.185717874E-008
   0.46189183899088965E-008   0.214972196E-008
   0.46219997230576015E-008   0.213946993E-008
   0.46250810562063066E-008   0.173964743E-008
   0.46281623893550117E-008   0.171383585E-008
   0.46312437225037167E-008   0.208940620E-008
   0.46343250556524218E-008   0.207732076E-008
   0.46374063888011269E-008   0.172558556E-008
   0.46404877219498319E-008   0.171633641E-008
   0.46435690550985370E-008   0.194033767E-008
   0.46466503882472421E-008   0.192396077E-008
   0.46497317213959471E-008   0.178649118E-008
   0.46528130545446522E-008   0.173301085E-008
   0.46558943876933573E-008   0.170972059E-008
   0.46589757208420624E-008   0.179637716E-008
   0.46620570539907674E-008   0.191186555E-008
   0.46651383871394725E-008   0.172126180E-008
   0.46682197202881776E-008   0.147565782E-008
   0.46713010534368826E-008   0.168782399E-008
   0.46743823865855877E-008   0.194819805E-008
   0.46774637197342928E-008   0.168062519E-008
   0.46805450528829978E-008   0.140302814E-008
   0.46836263860317029E-008   0.163424652E-008
   0.46867077191804080E-008   0.182365378E-008
   0.46897890523291130E-008   0.159788571E-008
   0.46928703854778181E-008   0.144454870E-008
   0.46959517186265232E-008   0.155687707E-008
   0.46990330517752282E-008   0.161645963E-008
   0.47021143849239333E-008   0.159675706E-008
   0.47051957180726384E-008   0.155746627E-008
   0.47082770512213434E-008   0.140391321E-008
   0.47113583843700485E-008   0.137475686E-008
   0.47144397175187536E-008   0.161974256E-008
   0.47175210506674586E-008   0.163214020E-008
   0.47206023838161637E-008   0.128298838E-008
   0.47236837169648688E-008   0.125510247E-008
   0.47267650501135738E-008   0.158798374E-008
   0.47298463832622789E-008   0.154672886E-008
   0.47329277164109840E-008   0.121438026E-008
   0.47360090495596890E-008   0.125112398E-008
   0.47390903827083941E-008   0.147570001E-008
   0.47421717158570992E-008   0.141547907E-008
   0.47452530490058042E-008   0.127600286E-008
   0.47483343821545093E-008   0.126015620E-008
   0.47514157153032144E-008   0.122890087E-008
   0.47544970484519194E-008   0.127681854E-008
   0.47575783816006245E-008   0.140056211E-008
   0.47606597147493296E-008   0.125297028E-008
   0.47637410478980347E-008   0.102515463E-008
   0.47668223810467397E-008   0.121116062E-008
   0.47699037141954448E-008   0.142368972E-008
   0.47729850473441499E-008   0.114974241E-008
   0.47760663804928549E-008   0.932284694E-009
   0.47791477136415600E-008   0.119388943E-008
   0.47822290467902651E-008   0.133062428E-008
   0.47853103799389701E-008   0.108060583E-008
   0.47883917130876752E-008   0.976862924E-009
   0.47914730462363803E-008   0.109572196E-008
   0.47945543793850853E-008   0.110320919E-008
   0.47976357125337904E-008   0.108400222E-008
   0.48007170456824955E-008   0.108981468E-008
   0.48037983788312005E-008   0.947114054E-009
   0.48068797119799056E-008   0.904674724E-009
   0.48099610451286107E-008   0.112379994E-008
   0.48130423782773157E-008   0.110110920E-008
   0.48161237114260208E-008   0.782901188E-009
   0.48192050445747259E-008   0.830472302E-009
   0.48222863777234309E-008   0.113864818E-008
   0.48253677108721360E-008   0.101636288E-008
   0.48284490440208411E-008   0.713447634E-009
   0.48315303771695461E-008   0.812697798E-009
   0.48346117103182512E-008   0.991379090E-009
   0.48376930434669563E-008   0.891666796E-009
   0.48407743766156613E-008   0.809446510E-009
   0.48438557097643664E-008   0.820062462E-009
   0.48469370429130715E-008   0.754723062E-009
   0.48500183760617765E-008   0.797577948E-009
   0.48530997092104816E-008   0.909343156E-009
   0.48561810423591867E-008   0.736388450E-009
   0.48592623755078918E-008   0.567249026E-009
   0.48623437086565968E-008   0.805883471E-009
   0.48654250418053019E-008   0.935513667E-009
   0.48685063749540070E-008   0.611547923E-009
   0.48715877081027120E-008   0.485699259E-009
   0.48746690412514171E-008   0.765798092E-009
   0.48777503744001222E-008   0.809964651E-009
   0.48808317075488272E-008   0.581305171E-009
   0.48839130406975323E-008   0.562739411E-009
   0.48869943738462374E-008   0.640062447E-009
   0.48900757069949424E-008   0.596346195E-009
   0.48931570401436475E-008   0.620458518E-009
   0.48962383732923526E-008   0.622492446E-009
   0.48993197064410576E-008   0.450687820E-009
   0.49024010395897627E-008   0.476288009E-009
   0.49054823727384678E-008   0.708980430E-009
   0.49085637058871728E-008   0.579639337E-009
   0.49116450390358779E-008   0.273244399E-009
   0.49147263721845830E-008   0.429062341E-009
   0.49178077053332880E-008   0.686884882E-009
   0.49208890384819931E-008   0.485075702E-009
   0.49239703716306982E-008   0.280318602E-009
   0.49270517047794032E-008   0.431729485E-009
   0.49301330379281083E-008   0.497179964E-009
   0.49332143710768134E-008   0.377500198E-009
   0.49362957042255184E-008   0.379282578E-009
   0.49393770373742235E-008   0.368340608E-009
   0.49424583705229286E-008   0.280319712E-009
   0.49455397036716336E-008   0.393743871E-009
   0.49486210368203387E-008   0.471216510E-009
   0.49517023699690438E-008   0.203269068E-009
   0.49547837031177488E-008   0.109080488E-009
   0.49578650362664539E-008   0.423549695E-009
   0.49609463694151590E-008   0.450909032E-009
   0.49640277025638641E-008   0.108733411E-009
   0.49671090357125691E-008   0.112044492E-009
   0.49701903688612742E-008   0.361617819E-009
   0.49732717020099793E-008   0.280165113E-009
   0.49763530351586843E-008   0.109289550E-009
   0.49794343683073894E-008   0.171893721E-009
   0.49825157014560945E-008   0.187514143E-009
   0.49855970346047995E-008   0.144060000E-009
   0.49886783677535046E-008   0.228407238E-009
   0.49917597009022097E-008   0.154292246E-009
   0.49948410340509147E-008  -0.619975182E-010
   0.49979223671996198E-008   0.833089431E-010
   0.50010037003483249E-008   0.325134447E-009
   0.50040850334970299E-008   0.781301690E-010
   0.50071663666457350E-008  -0.174389753E-009
   0.50102476997944401E-008   0.794095067E-010
   0.50133290329431451E-008   0.230998581E-009
   0.50164103660918502E-008  -0.353820306E-010
   0.50194916992405553E-008  -0.119206256E-009
   0.50225730323892603E-008   0.516190979E-010
   0.50256543655379654E-008   0.330193130E-010
   0.50287356986866705E-008  -0.392459225E-010
   0.50318170318353755E-008  -0.753444876E-011
   0.50348983649840806E-008  -0.122239219E-009
   0.50379796981327857E-008  -0.188040666E-009
   0.50410610312814907E-008   0.447529513E-010
   0.50441423644301958E-008   0.578297722E-010
   0.50472236975789009E-008  -0.287012941E-009
   0.50503050307276059E-008  -0.268378181E-009
   0.50533863638763110E-008   0.611365403E-010
   0.50564676970250161E-008  -0.558338237E-010
   0.50595490301737212E-008  -0.359331287E-009
   0.50626303633224262E-008  -0.220094554E-009
   0.50657116964711313E-008  -0.396776778E-010
   0.50687930296198364E-008  -0.194869204E-009
   0.50718743627685414E-008  -0.276353163E-009
   0.50749556959172465E-008  -0.223826624E-009
   0.50780370290659516E-008  -0.300449665E-009
   0.50811183622146566E-008  -0.260573618E-009
   0.50841996953633617E-008  -0.103818329E-009
   0.50872810285120668E-008  -0.291703078E-009
   0.50903623616607718E-008  -0.518509236E-009
   0.50934436948094769E-008  -0.256621419E-009
   0.50965250279581820E-008  -0.807182932E-010
   0.50996063611068870E-008  -0.423626884E-009
   0.51026876942555921E-008  -0.548420309E-009
   0.51057690274042972E-008  -0.232429742E-009
   0.51088503605530022E-008  -0.218345980E-009
   0.51119316937017073E-008  -0.486298390E-009
   0.51150130268504124E-008  -0.463515226E-009
   0.51180943599991174E-008  -0.362081420E-009
   0.51211756931478225E-008  -0.436033709E-009
   0.51242570262965276E-008  -0.387059745E-009
   0.51273383594452326E-008  -0.350613427E-009
   0.51304196925939377E-008  -0.581231285E-009
   0.51335010257426428E-008  -0.588960269E-009
   0.51365823588913478E-008  -0.285130752E-009
   0.51396636920400529E-008  -0.387562482E-009
   0.51427450251887580E-008  -0.740883799E-009
   0.51458263583374630E-008  -0.573071091E-009
   0.51489076914861681E-008  -0.282086937E-009
   0.51519890246348732E-008  -0.521254373E-009
   0.51550703577835782E-008  -0.743531903E-009
   0.51581516909322833E-008  -0.550741841E-009
   0.51612330240809884E-008  -0.481104045E-009
   0.51643143572296935E-008  -0.608129436E-009
   0.51673956903783985E-008  -0.570318570E-009
   0.51704770235271036E-008  -0.600055283E-009
   0.51735583566758087E-008  -0.756509189E-009
   0.51766396898245137E-008  -0.607708106E-009
   0.51797210229732188E-008  -0.447055726E-009
   0.51828023561219239E-008  -0.743917206E-009
   0.51858836892706289E-008  -0.887309726E-009
   0.51889650224193340E-008  -0.530620881E-009
   0.51920463555680391E-008  -0.487703489E-009
   0.51951276887167441E-008  -0.881314965E-009
   0.51982090218654492E-008  -0.871547889E-009
   0.52012903550141543E-008  -0.574161718E-009
   0.52043716881628593E-008  -0.655546728E-009
   0.52074530213115644E-008  -0.826096191E-009
   0.52105343544602695E-008  -0.755857155E-009
   0.52136156876089745E-008  -0.789572130E-009
   0.52166970207576796E-008  -0.848815573E-009
   0.52197783539063847E-008  -0.676781242E-009
   0.52228596870550897E-008  -0.720570381E-009
   0.52259410202037948E-008  -0.101843989E-008
   0.52290223533524999E-008  -0.885081453E-009
   0.52321036865012049E-008  -0.574033931E-009
   0.52351850196499100E-008  -0.832193037E-009
   0.52382663527986151E-008  -0.113487830E-008
   0.52413476859473201E-008  -0.851423987E-009
   0.52444290190960252E-008  -0.659209742E-009
   0.52475103522447303E-008  -0.932768085E-009
   0.52505916853934353E-008  -0.102082265E-008
   0.52536730185421404E-008  -0.871494321E-009
   0.52567543516908455E-008  -0.928681243E-009
   0.52598356848395506E-008  -0.952413592E-009
   0.52629170179882556E-008  -0.838789538E-009
   0.52659983511369607E-008  -0.997120719E-009
   0.52690796842856658E-008  -0.113847975E-008
   0.52721610174343708E-008  -0.855137849E-009
   0.52752423505830759E-008  -0.789763643E-009
   0.52783236837317810E-008  -0.119226640E-008
   0.52814050168804860E-008  -0.119595311E-008
   0.52844863500291911E-008  -0.798162980E-009
   0.52875676831778962E-008  -0.892768859E-009
   0.52906490163266012E-008  -0.123373134E-008
   0.52937303494753063E-008  -0.111259091E-008
   0.52968116826240114E-008  -0.942870004E-009
   0.52998930157727164E-008  -0.108402454E-008
   0.53029743489214215E-008  -0.109596909E-008
   0.53060556820701266E-008  -0.103392794E-008
   0.53091370152188316E-008  -0.119914578E-008
   0.53122183483675367E-008  -0.116784105E-008
   0.53152996815162418E-008  -0.920207355E-009
   0.53183810146649468E-008  -0.111388099E-008
   0.53214623478136519E-008  -0.141815981E-008
   0.53245436809623570E-008  -0.112197829E-008
   0.53276250141110620E-008  -0.867073857E-009
   0.53307063472597671E-008  -0.123619615E-008
   0.53337876804084722E-008  -0.141951595E-008
   0.53368690135571772E-008  -0.110298870E-008
   0.53399503467058823E-008  -0.106449516E-008
   0.53430316798545874E-008  -0.129184652E-008
   0.53461130130032924E-008  -0.123654764E-008
   0.53491943461519975E-008  -0.118791976E-008
   0.53522756793007026E-008  -0.131924982E-008
   0.53553570124494076E-008  -0.120458254E-008
   0.53584383455981127E-008  -0.110688525E-008
   0.53615196787468178E-008  -0.140965528E-008
   0.53646010118955229E-008  -0.145659396E-008
   0.53676823450442279E-008  -0.106078912E-008
   0.53707636781929330E-008  -0.112566234E-008
   0.53738450113416381E-008  -0.155932822E-008
   0.53769263444903431E-008  -0.142800627E-008
   0.53800076776390482E-008  -0.109420661E-008
   0.53830890107877533E-008  -0.129664901E-008
   0.53861703439364583E-008  -0.149756618E-008
   0.53892516770851634E-008  -0.131808220E-008
   0.53923330102338685E-008  -0.130860733E-008
   0.53954143433825735E-008  -0.142851087E-008
   0.53984956765312786E-008  -0.130389344E-008
   0.54015770096799837E-008  -0.134401090E-008
   0.54046583428286887E-008  -0.158917257E-008
   0.54077396759773938E-008  -0.139967160E-008
   0.54108210091260989E-008  -0.113562570E-008
   0.54139023422748039E-008  -0.147932000E-008
   0.54169836754235090E-008  -0.172263759E-008
   0.54200650085722141E-008  -0.133150790E-008
   0.54231463417209191E-008  -0.120565113E-008
   0.54262276748696242E-008  -0.159001501E-008
   0.54293090080183293E-008  -0.160732483E-008
   0.54323903411670343E-008  -0.134725153E-008
   0.54354716743157394E-008  -0.145039447E-008
   0.54385530074644445E-008  -0.155941937E-008
   0.54416343406131495E-008  -0.143261369E-008
   0.54447156737618546E-008  -0.153921975E-008
   0.54477970069105597E-008  -0.165143121E-008
   0.54508783400592647E-008  -0.137675393E-008
   0.54539596732079698E-008  -0.136768774E-008
   0.54570410063566749E-008  -0.178100867E-008
   0.54601223395053800E-008  -0.169596581E-008
   0.54632036726540850E-008  -0.127453148E-008
   0.54662850058027901E-008  -0.147767432E-008
   0.54693663389514952E-008  -0.183866389E-008
   0.54724476721002002E-008  -0.158914726E-008
   0.54755290052489053E-008  -0.139043188E-008
   0.54786103383976104E-008  -0.164974745E-008
   0.54816916715463154E-008  -0.169560499E-008
   0.54847730046950205E-008  -0.154455526E-008
   0.54878543378437256E-008  -0.166744940E-008
   0.54909356709924306E-008  -0.167227510E-008
   0.54940170041411357E-008  -0.145905088E-008
   0.54970983372898408E-008  -0.165496439E-008
   0.55001796704385458E-008  -0.191918459E-008
   0.55032610035872509E-008  -0.158517199E-008
   0.55063423367359560E-008  -0.138085188E-008
   0.55094236698846610E-008  -0.181248661E-008
   0.55125050030333661E-008  -0.192525440E-008
   0.55155863361820712E-008  -0.151673230E-008
   0.55186676693307762E-008  -0.154722635E-008
   0.55217490024794813E-008  -0.187533122E-008
   0.55248303356281864E-008  -0.176264348E-008
   0.55279116687768914E-008  -0.161750835E-008
   0.55309930019255965E-008  -0.177702497E-008
   0.55340743350743016E-008  -0.172940084E-008
   0.55371556682230066E-008  -0.162323099E-008
   0.55402370013717117E-008  -0.188075244E-008
   0.55433183345204168E-008  -0.190760541E-008
   0.55463996676691218E-008  -0.153503388E-008
   0.55494810008178269E-008  -0.164498959E-008
   0.55525623339665320E-008  -0.206276418E-008
   0.55556436671152370E-008  -0.184871440E-008
   0.55587250002639421E-008  -0.151115376E-008
   0.55618063334126472E-008  -0.181479232E-008
   0.55648876665613523E-008  -0.203255657E-008
   0.55679689997100573E-008  -0.174484271E-008
   0.55710503328587624E-008  -0.170198033E-008
   0.55741316660074675E-008  -0.190972282E-008
   0.55772129991561725E-008  -0.181708171E-008
   0.55802943323048776E-008  -0.179046877E-008
   0.55833756654535827E-008  -0.200258587E-008
   0.55864569986022877E-008  -0.185113791E-008
   0.55895383317509928E-008  -0.161916935E-008
   0.55926196648996979E-008  -0.194824068E-008
   0.55957009980484029E-008  -0.214564344E-008
   0.55987823311971080E-008  -0.173189063E-008
   0.56018636643458131E-008  -0.165624314E-008
   0.56049449974945181E-008  -0.209321183E-008
   0.56080263306432232E-008  -0.205607131E-008
   0.56111076637919283E-008  -0.171302383E-008
   0.56141889969406333E-008  -0.185570070E-008
   0.56172703300893384E-008  -0.205101491E-008
   0.56203516632380435E-008  -0.189186333E-008
   0.56234329963867485E-008  -0.191522243E-008
   0.56265143295354536E-008  -0.204874184E-008
   0.56295956626841587E-008  -0.184296622E-008
   0.56326769958328637E-008  -0.181797932E-008
   0.56357583289815688E-008  -0.216873342E-008
   0.56388396621302739E-008  -0.207705519E-008
   0.56419209952789789E-008  -0.169905723E-008
   0.56450023284276840E-008  -0.193047045E-008
   0.56480836615763891E-008  -0.226736740E-008
   0.56511649947250941E-008  -0.196181382E-008
   0.56542463278737992E-008  -0.175470616E-008
   0.56573276610225043E-008  -0.207831263E-008
   0.56604089941712094E-008  -0.214971196E-008
   0.56634903273199144E-008  -0.192658822E-008
   0.56665716604686195E-008  -0.201125916E-008
   0.56696529936173246E-008  -0.208694395E-008
   0.56727343267660296E-008  -0.191127225E-008
   0.56758156599147347E-008  -0.203252948E-008
   0.56788969930634398E-008  -0.225055108E-008
   0.56819783262121448E-008  -0.197639416E-008
   0.56850596593608499E-008  -0.182033288E-008
   0.56881409925095550E-008  -0.221618146E-008
   0.56912223256582600E-008  -0.227836150E-008
   0.56943036588069651E-008  -0.186412041E-008
   0.56973849919556702E-008  -0.192896499E-008
   0.57004663251043752E-008  -0.229114949E-008
   0.57035476582530803E-008  -0.215288387E-008
   0.57066289914017854E-008  -0.194762828E-008
   0.57097103245504904E-008  -0.212479168E-008
   0.57127916576991955E-008  -0.214921481E-008
   0.57158729908479006E-008  -0.201819117E-008
   0.57189543239966056E-008  -0.218670504E-008
   0.57220356571453107E-008  -0.223387153E-008
   0.57251169902940158E-008  -0.194905714E-008
   0.57281983234427208E-008  -0.204303041E-008
   0.57312796565914259E-008  -0.238219933E-008
   0.57343609897401310E-008  -0.216587681E-008
   0.57374423228888360E-008  -0.187409643E-008
   0.57405236560375411E-008  -0.219165952E-008
   0.57436049891862462E-008  -0.239670750E-008
   0.57466863223349512E-008  -0.207895745E-008
   0.57497676554836563E-008  -0.201576578E-008
   0.57528489886323614E-008  -0.226619457E-008
   0.57559303217810664E-008  -0.220778040E-008
   0.57590116549297715E-008  -0.210986117E-008
   0.57620929880784766E-008  -0.226935071E-008
   0.57651743212271817E-008  -0.220607599E-008
   0.57682556543758867E-008  -0.203436090E-008
   0.57713369875245918E-008  -0.226824137E-008
   0.57744183206732969E-008  -0.240008191E-008
   0.57774996538220019E-008  -0.206044137E-008
   0.57805809869707070E-008  -0.203459871E-008
   0.57836623201194121E-008  -0.242547227E-008
   0.57867436532681171E-008  -0.235656206E-008
   0.57898249864168222E-008  -0.202078576E-008
   0.57929063195655273E-008  -0.217456342E-008
   0.57959876527142323E-008  -0.239575559E-008
   0.57990689858629374E-008  -0.222664442E-008
   0.58021503190116425E-008  -0.218131802E-008
   0.58052316521603475E-008  -0.232414044E-008
   0.58083129853090526E-008  -0.221769891E-008
   0.58113943184577577E-008  -0.217595297E-008
   0.58144756516064627E-008  -0.240515985E-008
   0.58175569847551678E-008  -0.232632580E-008
   0.58206383179038729E-008  -0.205909112E-008
   0.58237196510525779E-008  -0.227603203E-008
   0.58268009842012830E-008  -0.253070009E-008
   0.58298823173499881E-008  -0.223658381E-008
   0.58329636504986931E-008  -0.206804085E-008
   0.58360449836473982E-008  -0.238210185E-008
   0.58391263167961033E-008  -0.244766496E-008
   0.58422076499448083E-008  -0.220838903E-008
   0.58452889830935134E-008  -0.226161023E-008
   0.58483703162422185E-008  -0.238258369E-008
   0.58514516493909235E-008  -0.226331132E-008
   0.58545329825396286E-008  -0.230449904E-008
   0.58576143156883337E-008  -0.244390463E-008
   0.58606956488370388E-008  -0.226151964E-008
   0.58637769819857438E-008  -0.217898166E-008
   0.58668583151344489E-008  -0.248103182E-008
   0.58699396482831540E-008  -0.248669574E-008
   0.58730209814318590E-008  -0.214792650E-008
   0.58761023145805641E-008  -0.223848429E-008
   0.58791836477292692E-008  -0.254907473E-008
   0.58822649808779742E-008  -0.240332554E-008
   0.58853463140266793E-008  -0.220654162E-008
   0.58884276471753844E-008  -0.237835085E-008
   0.58915089803240894E-008  -0.243982479E-008
   0.58945903134727945E-008  -0.230967090E-008
   0.58976716466214996E-008  -0.238970288E-008
   0.59007529797702046E-008  -0.243847476E-008
   0.59038343129189097E-008  -0.227081687E-008
   0.59069156460676148E-008  -0.235299824E-008
   0.59099969792163198E-008  -0.256944732E-008
   0.59130783123650249E-008  -0.237410913E-008
   0.59161596455137300E-008  -0.217974438E-008
   0.59192409786624350E-008  -0.245952969E-008
   0.59223223118111401E-008  -0.259654698E-008
   0.59254036449598452E-008  -0.231188557E-008
   0.59284849781085502E-008  -0.227295671E-008
   0.59315663112572553E-008  -0.250704257E-008
   0.59346476444059604E-008  -0.246440113E-008
   0.59377289775546654E-008  -0.234619435E-008
   0.59408103107033705E-008  -0.244832399E-008
   0.59438916438520756E-008  -0.243758835E-008
   0.59469729770007806E-008  -0.234323183E-008
   0.59500543101494857E-008  -0.249377097E-008
   0.59531356432981908E-008  -0.254434585E-008
   0.59562169764468958E-008  -0.230008457E-008
   0.59592983095956009E-008  -0.233278130E-008
   0.59623796427443060E-008  -0.262387889E-008
   0.59654609758930111E-008  -0.252085797E-008
   0.59685423090417161E-008  -0.226443642E-008
   0.59716236421904212E-008  -0.242469111E-008
   0.59747049753391263E-008  -0.260063260E-008
   0.59777863084878313E-008  -0.243742071E-008
   0.59808676416365364E-008  -0.238170594E-008
   0.59839489747852415E-008  -0.250858578E-008
   0.59870303079339465E-008  -0.246234655E-008
   0.59901116410826516E-008  -0.243056997E-008
   0.59931929742313567E-008  -0.255768273E-008
   0.59962743073800617E-008  -0.247856380E-008
