t              BoxCavity.fdtd_Point probe001_Ex_15_10_7.dat
   0.00000000000000000E+000   0.000000000E+000
   0.30813331487050677E-011   0.000000000E+000
   0.61626662974101354E-011   0.000000000E+000
   0.92439994461152031E-011   0.000000000E+000
   0.12325332594820271E-010   0.000000000E+000
   0.15406665743525338E-010   0.000000000E+000
   0.18487998892230406E-010   0.000000000E+000
   0.21569332040935474E-010   0.000000000E+000
   0.24650665189640542E-010   0.000000000E+000
   0.27731998338345609E-010   0.000000000E+000
   0.30813331487050677E-010   0.000000000E+000
   0.33894664635755745E-010   0.000000000E+000
   0.36975997784460812E-010   0.000000000E+000
   0.40057330933165880E-010   0.000000000E+000
   0.43138664081870948E-010   0.000000000E+000
   0.46219997230576015E-010   0.131395128E-017
   0.49301330379281083E-010   0.122694517E-016
   0.52382663527986151E-010   0.642553503E-016
   0.55463996676691218E-010   0.266025467E-015
   0.58545329825396286E-010   0.942442315E-015
   0.61626662974101354E-010   0.291245503E-014
   0.64707996122806422E-010   0.821005488E-014
   0.67789329271511489E-010   0.217795634E-013
   0.70870662420216557E-010   0.535827689E-013
   0.73951995568921625E-010   0.119316937E-012
   0.77033328717626692E-010   0.240131211E-012
   0.80114661866331760E-010   0.442939901E-012
   0.83195995015036828E-010   0.756622087E-012
   0.86277328163741895E-010   0.119875377E-011
   0.89358661312446963E-010   0.175850805E-011
   0.92439994461152031E-010   0.237472867E-011
   0.95521327609857098E-010   0.290491546E-011
   0.98602660758562166E-010   0.314213195E-011
   0.10168399390726723E-009   0.293996641E-011
   0.10476532705597230E-009   0.231084726E-011
   0.10784666020467737E-009   0.132131263E-011
   0.11092799335338244E-009   0.216244123E-014
   0.11400932650208750E-009  -0.142269389E-011
   0.11709065965079257E-009  -0.235776069E-011
   0.12017199279949764E-009  -0.219107675E-011
   0.12325332594820271E-009  -0.731176296E-012
   0.12633465909690778E-009   0.172279454E-011
   0.12941599224561284E-009   0.423626976E-011
   0.13249732539431791E-009   0.544511788E-011
   0.13557865854302298E-009   0.512013522E-011
   0.13865999169172805E-009   0.491419318E-011
   0.14174132484043311E-009   0.554342856E-011
   0.14482265798913818E-009   0.465781537E-011
   0.14790399113784325E-009   0.910729825E-012
   0.15098532428654832E-009  -0.199643969E-011
   0.15406665743525338E-009  -0.483966166E-013
   0.15714799058395845E-009   0.494088407E-011
   0.16022932373266352E-009   0.859395367E-011
   0.16331065688136859E-009   0.924601368E-011
   0.16639199003007366E-009   0.666073880E-011
   0.16947332317877872E-009   0.268260154E-011
   0.17255465632748379E-009   0.400443047E-011
   0.17563598947618886E-009   0.125990416E-010
   0.17871732262489393E-009   0.162612857E-010
   0.18179865577359899E-009   0.627454078E-011
   0.18487998892230406E-009  -0.264576468E-011
   0.18796132207100913E-009   0.611010981E-011
   0.19104265521971420E-009   0.208567122E-010
   0.19412398836841926E-009   0.210937899E-010
   0.19720532151712433E-009   0.115394734E-010
   0.20028665466582940E-009   0.811098584E-011
   0.20336798781453447E-009   0.110497930E-010
   0.20644932096323954E-009   0.164358804E-010
   0.20953065411194460E-009   0.261554719E-010
   0.21261198726064967E-009   0.305589165E-010
   0.21569332040935474E-009   0.182779920E-010
   0.21877465355805981E-009   0.754127663E-011
   0.22185598670676487E-009   0.217081474E-010
   0.22493731985546994E-009   0.421710306E-010
   0.22801865300417501E-009   0.383777940E-010
   0.23109998615288008E-009   0.239442112E-010
   0.23418131930158514E-009   0.279209988E-010
   0.23726265245029021E-009   0.414155099E-010
   0.24034398559899528E-009   0.437618275E-010
   0.24342531874770035E-009   0.429556529E-010
   0.24650665189640542E-009   0.496395459E-010
   0.24958798504511048E-009   0.539822249E-010
   0.25266931819381555E-009   0.530619784E-010
   0.25575065134252062E-009   0.577795208E-010
   0.25883198449122569E-009   0.663846408E-010
   0.26191331763993075E-009   0.705718886E-010
   0.26499465078863582E-009   0.760097471E-010
   0.26807598393734089E-009   0.857645135E-010
   0.27115731708604596E-009   0.897471403E-010
   0.27423865023475102E-009   0.895710520E-010
   0.27731998338345609E-009   0.988448351E-010
   0.28040131653216116E-009   0.114259963E-009
   0.28348264968086623E-009   0.122933483E-009
   0.28656398282957130E-009   0.128359809E-009
   0.28964531597827636E-009   0.138007314E-009
   0.29272664912698143E-009   0.147437854E-009
   0.29580798227568650E-009   0.156609170E-009
   0.29888931542439157E-009   0.172330414E-009
   0.30197064857309663E-009   0.189519678E-009
   0.30505198172180170E-009   0.200664985E-009
   0.30813331487050677E-009   0.213055976E-009
   0.31121464801921184E-009   0.231219863E-009
   0.31429598116791690E-009   0.246927562E-009
   0.31737731431662197E-009   0.261859007E-009
   0.32045864746532704E-009   0.286426605E-009
   0.32353998061403211E-009   0.313780446E-009
   0.32662131376273718E-009   0.331409761E-009
   0.32970264691144224E-009   0.348077372E-009
   0.33278398006014731E-009   0.376784298E-009
   0.33586531320885238E-009   0.411030959E-009
   0.33894664635755745E-009   0.440811748E-009
   0.34202797950626251E-009   0.468359407E-009
   0.34510931265496758E-009   0.498798891E-009
   0.34819064580367265E-009   0.535985978E-009
   0.35127197895237772E-009   0.581482362E-009
   0.35435331210108278E-009   0.625553886E-009
   0.35743464524978785E-009   0.659703459E-009
   0.36051597839849292E-009   0.698594016E-009
   0.36359731154719799E-009   0.758555996E-009
   0.36667864469590306E-009   0.825007562E-009
   0.36975997784460812E-009   0.876288209E-009
   0.37284131099331319E-009   0.921660748E-009
   0.37592264414201826E-009   0.984096360E-009
   0.37900397729072333E-009   0.106551812E-008
   0.38208531043942839E-009   0.114980758E-008
   0.38516664358813346E-009   0.122372834E-008
   0.38824797673683853E-009   0.129043776E-008
   0.39132930988554360E-009   0.137145872E-008
   0.39441064303424866E-009   0.148164592E-008
   0.39749197618295373E-009   0.160097469E-008
   0.40057330933165880E-009   0.169986292E-008
   0.40365464248036387E-009   0.178810289E-008
   0.40673597562906894E-009   0.190257721E-008
   0.40981730877777400E-009   0.205241535E-008
   0.41289864192647907E-009   0.220894636E-008
   0.41597997507518414E-009   0.234578312E-008
   0.41906130822388921E-009   0.247090459E-008
   0.42214264137259427E-009   0.262074185E-008
   0.42522397452129934E-009   0.281828094E-008
   0.42830530767000441E-009   0.303516923E-008
   0.43138664081870948E-009   0.322233640E-008
   0.43446797396741454E-009   0.338504602E-008
   0.43754930711611961E-009   0.358553165E-008
   0.44063064026482468E-009   0.385499055E-008
   0.44371197341352975E-009   0.414523083E-008
   0.44679330656223482E-009   0.439370851E-008
   0.44987463971093988E-009   0.461154892E-008
   0.45295597285964495E-009   0.487693042E-008
   0.45603730600835002E-009   0.523523269E-008
   0.45911863915705509E-009   0.562797053E-008
   0.46219997230576015E-009   0.596075012E-008
   0.46528130545446522E-009   0.624165786E-008
   0.46836263860317029E-009   0.658909327E-008
   0.47144397175187536E-009   0.707019332E-008
   0.47452530490058042E-009   0.759450902E-008
   0.47760663804928549E-009   0.803138178E-008
   0.48068797119799056E-009   0.839845349E-008
   0.48376930434669563E-009   0.885433771E-008
   0.48685063749540070E-009   0.948773948E-008
   0.48993197064410576E-009   0.101812532E-007
   0.49301330379281083E-009   0.107564730E-007
   0.49609463694151590E-009   0.112310659E-007
   0.49917597009022097E-009   0.118232464E-007
   0.50225730323892603E-009   0.126573090E-007
   0.50533863638763110E-009   0.135691414E-007
   0.50841996953633617E-009   0.143154635E-007
   0.51150130268504124E-009   0.149250745E-007
   0.51458263583374630E-009   0.156922386E-007
   0.51766396898245137E-009   0.167812217E-007
   0.52074530213115644E-009   0.179724093E-007
   0.52382663527986151E-009   0.189383300E-007
   0.52690796842856658E-009   0.197143475E-007
   0.52998930157727164E-009   0.206969464E-007
   0.53307063472597671E-009   0.221100898E-007
   0.53615196787468178E-009   0.236586892E-007
   0.53923330102338685E-009   0.249016132E-007
   0.54231463417209191E-009   0.258832600E-007
   0.54539596732079698E-009   0.271320140E-007
   0.54847730046950205E-009   0.289516038E-007
   0.55155863361820712E-009   0.309525277E-007
   0.55463996676691218E-009   0.325408891E-007
   0.55772129991561725E-009   0.337707426E-007
   0.56080263306432232E-009   0.353495757E-007
   0.56388396621302739E-009   0.376818861E-007
   0.56696529936173246E-009   0.402462206E-007
   0.57004663251043752E-009   0.422589004E-007
   0.57312796565914259E-009   0.437934844E-007
   0.57620929880784766E-009   0.457757281E-007
   0.57929063195655273E-009   0.487397216E-007
   0.58237196510525779E-009   0.520099803E-007
   0.58545329825396286E-009   0.545490266E-007
   0.58853463140266793E-009   0.564391591E-007
   0.59161596455137300E-009   0.589049627E-007
   0.59469729770007806E-009   0.626585219E-007
   0.59777863084878313E-009   0.668027553E-007
   0.60085996399748820E-009   0.699736589E-007
   0.60394129714619327E-009   0.722902485E-007
   0.60702263029489834E-009   0.753456675E-007
   0.61010396344360340E-009   0.800547397E-007
   0.61318529659230847E-009   0.852633804E-007
   0.61626662974101354E-009   0.892107792E-007
   0.61934796288971861E-009   0.920302270E-007
   0.62242929603842367E-009   0.957748227E-007
   0.62551062918712874E-009   0.101648801E-006
   0.62859196233583381E-009   0.108166283E-006
   0.63167329548453888E-009   0.113036833E-006
   0.63475462863324394E-009   0.116430897E-006
   0.63783596178194901E-009   0.120998735E-006
   0.64091729493065408E-009   0.128280050E-006
   0.64399862807935915E-009   0.136367461E-006
   0.64707996122806422E-009   0.142337782E-006
   0.65016129437676928E-009   0.146399387E-006
   0.65324262752547435E-009   0.151921171E-006
   0.65632396067417942E-009   0.160881484E-006
   0.65940529382288449E-009   0.170866187E-006
   0.66248662697158955E-009   0.178139103E-006
   0.66556796012029462E-009   0.182947488E-006
   0.66864929326899969E-009   0.189572702E-006
   0.67173062641770476E-009   0.200529513E-006
   0.67481195956640982E-009   0.212765357E-006
   0.67789329271511489E-009   0.221559972E-006
   0.68097462586381996E-009   0.227209469E-006
   0.68405595901252503E-009   0.235092699E-006
   0.68713729216123010E-009   0.248394684E-006
   0.69021862530993516E-009   0.263303860E-006
   0.69329995845864023E-009   0.273872246E-006
   0.69638129160734530E-009   0.280438002E-006
   0.69946262475605037E-009   0.289746481E-006
   0.70254395790475543E-009   0.305800882E-006
   0.70562529105346050E-009   0.323835252E-006
   0.70870662420216557E-009   0.336425131E-006
   0.71178795735087064E-009   0.343990337E-006
   0.71486929049957570E-009   0.354903818E-006
   0.71795062364828077E-009   0.374133776E-006
   0.72103195679698584E-009   0.395798963E-006
   0.72411328994569091E-009   0.410712374E-006
   0.72719462309439598E-009   0.419352517E-006
   0.73027595624310104E-009   0.432034057E-006
   0.73335728939180611E-009   0.454913646E-006
   0.73643862254051118E-009   0.480774247E-006
   0.73951995568921625E-009   0.498299073E-006
   0.74260128883792131E-009   0.508046867E-006
   0.74568262198662638E-009   0.522663868E-006
   0.74876395513533145E-009   0.549700587E-006
   0.75184528828403652E-009   0.580346750E-006
   0.75492662143274158E-009   0.600789406E-006
   0.75800795458144665E-009   0.611687426E-006
   0.76108928773015172E-009   0.628407747E-006
   0.76417062087885679E-009   0.660136038E-006
   0.76725195402756186E-009   0.696208701E-006
   0.77033328717626692E-009   0.719881427E-006
   0.77341462032497199E-009   0.731915350E-006
   0.77649595347367706E-009   0.750861602E-006
   0.77957728662238213E-009   0.787824149E-006
   0.78265861977108719E-009   0.829979456E-006
   0.78573995291979226E-009   0.857182272E-006
   0.78882128606849733E-009   0.870319468E-006
   0.79190261921720240E-009   0.891613183E-006
   0.79498395236590746E-009   0.934370462E-006
   0.79806528551461253E-009   0.983301106E-006
   0.80114661866331760E-009   0.101435467E-005
   0.80422795181202267E-009   0.102851800E-005
   0.80730928496072774E-009   0.105220101E-005
   0.81039061810943280E-009   0.110127985E-005
   0.81347195125813787E-009   0.115766693E-005
   0.81655328440684294E-009   0.119282390E-005
   0.81963461755554801E-009   0.120785808E-005
   0.82271595070425307E-009   0.123397547E-005
   0.82579728385295814E-009   0.128992906E-005
   0.82887861700166321E-009   0.135443008E-005
   0.83195995015036828E-009   0.139393228E-005
   0.83504128329907334E-009   0.140970315E-005
   0.83812261644777841E-009   0.143824059E-005
   0.84120394959648348E-009   0.150149469E-005
   0.84428528274518855E-009   0.157470436E-005
   0.84736661589389362E-009   0.161876073E-005
   0.85044794904259868E-009   0.163501056E-005
   0.85352928219130375E-009   0.166583300E-005
   0.85661061534000882E-009   0.173682008E-005
   0.85969194848871389E-009   0.181933353E-005
   0.86277328163741895E-009   0.186803993E-005
   0.86585461478612402E-009   0.188445915E-005
   0.86893594793482909E-009   0.191750905E-005
   0.87201728108353416E-009   0.199660803E-005
   0.87509861423223922E-009   0.208878396E-005
   0.87817994738094429E-009   0.214213401E-005
   0.88126128052964936E-009   0.215847263E-005
   0.88434261367835443E-009   0.219354365E-005
   0.88742394682705950E-009   0.228081012E-005
   0.89050527997576456E-009   0.238293751E-005
   0.89358661312446963E-009   0.244103398E-005
   0.89666794627317470E-009   0.245689307E-005
   0.89974927942187977E-009   0.249355412E-005
   0.90283061257058483E-009   0.258915384E-005
   0.90591194571928990E-009   0.270161172E-005
   0.90899327886799497E-009   0.276421861E-005
   0.91207461201670004E-009   0.277896675E-005
   0.91515594516540510E-009   0.281698681E-005
   0.91823727831411017E-009   0.292095751E-005
   0.92131861146281524E-009   0.304344917E-005
   0.92439994461152031E-009   0.311013628E-005
   0.92748127776022538E-009   0.312358839E-005
   0.93056261090893044E-009   0.316267369E-005
   0.93364394405763551E-009   0.327447583E-005
   0.93672527720634058E-009   0.340676434E-005
   0.93980661035504565E-009   0.347752189E-005
   0.94288794350375071E-009   0.348916046E-005
   0.94596927665245578E-009   0.352848724E-005
   0.94905060980116085E-009   0.364773450E-005
   0.95213194294986592E-009   0.378952814E-005
   0.95521327609857098E-009   0.386357078E-005
   0.95829460924727605E-009   0.387268210E-005
   0.96137594239598112E-009   0.391200319E-005
   0.96445727554468619E-009   0.403813146E-005
   0.96753860869339126E-009   0.418838908E-005
   0.97061994184209632E-009   0.426517772E-005
   0.97370127499080139E-009   0.427169698E-005
   0.97678260813950646E-009   0.431032458E-005
   0.97986394128821153E-009   0.444207308E-005
   0.98294527443691659E-009   0.459987041E-005
   0.98602660758562166E-009   0.467877180E-005
   0.98910794073432673E-009   0.468197550E-005
   0.99218927388303180E-009   0.471925750E-005
   0.99527060703173686E-009   0.485573628E-005
   0.99835194018044193E-009   0.501952945E-005
   0.10014332733291470E-008   0.509940901E-005
   0.10045146064778521E-008   0.509940764E-005
   0.10075959396265571E-008   0.513511986E-005
   0.10106772727752622E-008   0.527444354E-005
   0.10137586059239673E-008   0.544231216E-005
   0.10168399390726723E-008   0.552270876E-005
   0.10199212722213774E-008   0.551926996E-005
   0.10230026053700825E-008   0.555223914E-005
   0.10260839385187875E-008   0.569292570E-005
   0.10291652716674926E-008   0.586335727E-005
   0.10322466048161977E-008   0.594271205E-005
   0.10353279379649027E-008   0.593531195E-005
   0.10384092711136078E-008   0.596581549E-005
   0.10414906042623129E-008   0.610639245E-005
   0.10445719374110179E-008   0.627621375E-005
   0.10476532705597230E-008   0.635327433E-005
   0.10507346037084281E-008   0.634298613E-005
   0.10538159368571332E-008   0.637039011E-005
   0.10568972700058382E-008   0.650764832E-005
   0.10599786031545433E-008   0.667464064E-005
   0.10630599363032484E-008   0.674921102E-005
   0.10661412694519534E-008   0.673563454E-005
   0.10692226026006585E-008   0.675891852E-005
   0.10723039357493636E-008   0.689172975E-005
   0.10753852688980686E-008   0.705361435E-005
   0.10784666020467737E-008   0.712320252E-005
   0.10815479351954788E-008   0.710657696E-005
   0.10846292683441838E-008   0.712693372E-005
   0.10877106014928889E-008   0.725266591E-005
   0.10907919346415940E-008   0.740483574E-005
   0.10938732677902990E-008   0.746881551E-005
   0.10969546009390041E-008   0.745129364E-005
   0.11000359340877092E-008   0.746783553E-005
   0.11031172672364142E-008   0.758302622E-005
   0.11061986003851193E-008   0.772371368E-005
   0.11092799335338244E-008   0.778172307E-005
   0.11123612666825294E-008   0.776248908E-005
   0.11154425998312345E-008   0.777483638E-005
   0.11185239329799396E-008   0.787868703E-005
   0.11216052661286446E-008   0.800452017E-005
   0.11246865992773497E-008   0.805387299E-005
   0.11277679324260548E-008   0.803485182E-005
   0.11308492655747598E-008   0.804489810E-005
   0.11339305987234649E-008   0.813382576E-005
   0.11370119318721700E-008   0.824043218E-005
   0.11400932650208750E-008   0.828180782E-005
   0.11431745981695801E-008   0.826489304E-005
   0.11462559313182852E-008   0.827099575E-005
   0.11493372644669902E-008   0.834251387E-005
   0.11524185976156953E-008   0.842893223E-005
   0.11554999307644004E-008   0.846121384E-005
   0.11585812639131055E-008   0.844606529E-005
   0.11616625970618105E-008   0.844989790E-005
   0.11647439302105156E-008   0.850333618E-005
   0.11678252633592207E-008   0.856500537E-005
   0.11709065965079257E-008   0.858665771E-005
   0.11739879296566308E-008   0.857692066E-005
   0.11770692628053359E-008   0.857933901E-005
   0.11801505959540409E-008   0.861027456E-005
   0.11832319291027460E-008   0.864493177E-005
   0.11863132622514511E-008   0.865798393E-005
   0.11893945954001561E-008   0.865458060E-005
   0.11924759285488612E-008   0.865479069E-005
   0.11955572616975663E-008   0.866332812E-005
   0.11986385948462713E-008   0.866988739E-005
   0.12017199279949764E-008   0.867173185E-005
   0.12048012611436815E-008   0.867544441E-005
   0.12078825942923865E-008   0.867661674E-005
   0.12109639274410916E-008   0.866162009E-005
   0.12140452605897967E-008   0.863625337E-005
   0.12171265937385017E-008   0.862732213E-005
   0.12202079268872068E-008   0.864103822E-005
   0.12232892600359119E-008   0.864311642E-005
   0.12263705931846169E-008   0.860376713E-005
   0.12294519263333220E-008   0.854753853E-005
   0.12325332594820271E-008   0.852764606E-005
   0.12356145926307321E-008   0.854999053E-005
   0.12386959257794372E-008   0.855428880E-005
   0.12417772589281423E-008   0.849244680E-005
   0.12448585920768473E-008   0.840400025E-005
   0.12479399252255524E-008   0.837231801E-005
   0.12510212583742575E-008   0.840572648E-005
   0.12541025915229626E-008   0.841312703E-005
   0.12571839246716676E-008   0.832702790E-005
   0.12602652578203727E-008   0.820734022E-005
   0.12633465909690778E-008   0.816693137E-005
   0.12664279241177828E-008   0.821126105E-005
   0.12695092572664879E-008   0.822049515E-005
   0.12725905904151930E-008   0.811204882E-005
   0.12756719235638980E-008   0.796305449E-005
   0.12787532567126031E-008   0.791310231E-005
   0.12818345898613082E-008   0.796850145E-005
   0.12849159230100132E-008   0.798178826E-005
   0.12879972561587183E-008   0.785188513E-005
   0.12910785893074234E-008   0.767377242E-005
   0.12941599224561284E-008   0.761605907E-005
   0.12972412556048335E-008   0.768355949E-005
   0.13003225887535386E-008   0.770025508E-005
   0.13034039219022436E-008   0.755026895E-005
   0.13064852550509487E-008   0.734617970E-005
   0.13095665881996538E-008   0.728142459E-005
   0.13126479213483588E-008   0.736018865E-005
   0.13157292544970639E-008   0.738135259E-005
   0.13188105876457690E-008   0.721329070E-005
   0.13218919207944740E-008   0.698489293E-005
   0.13249732539431791E-008   0.691524292E-005
   0.13280545870918842E-008   0.700594910E-005
   0.13311359202405892E-008   0.702981652E-005
   0.13342172533892943E-008   0.684479846E-005
   0.13372985865379994E-008   0.659760917E-005
   0.13403799196867044E-008   0.652516655E-005
   0.13434612528354095E-008   0.662437378E-005
   0.13465425859841146E-008   0.665065636E-005
   0.13496239191328196E-008   0.645390446E-005
   0.13527052522815247E-008   0.619086495E-005
   0.13557865854302298E-008   0.611457108E-005
   0.13588679185789349E-008   0.622262678E-005
   0.13619492517276399E-008   0.625303210E-005
   0.13650305848763450E-008   0.604526485E-005
   0.13681119180250501E-008   0.576886441E-005
   0.13711932511737551E-008   0.569242911E-005
   0.13742745843224602E-008   0.580824826E-005
   0.13773559174711653E-008   0.583940255E-005
   0.13804372506198703E-008   0.562414789E-005
   0.13835185837685754E-008   0.534200717E-005
   0.13865999169172805E-008   0.526583381E-005
   0.13896812500659855E-008   0.538401491E-005
   0.13927625832146906E-008   0.541596046E-005
   0.13958439163633957E-008   0.519938794E-005
   0.13989252495121007E-008   0.491502806E-005
   0.14020065826608058E-008   0.483792883E-005
   0.14050879158095109E-008   0.495730183E-005
   0.14081692489582159E-008   0.499073212E-005
   0.14112505821069210E-008   0.477494814E-005
   0.14143319152556261E-008   0.449201070E-005
   0.14174132484043311E-008   0.441646716E-005
   0.14204945815530362E-008   0.453513258E-005
   0.14235759147017413E-008   0.456749103E-005
   0.14266572478504463E-008   0.435540142E-005
   0.14297385809991514E-008   0.407953212E-005
   0.14328199141478565E-008   0.400632234E-005
   0.14359012472965615E-008   0.412072177E-005
   0.14389825804452666E-008   0.415122531E-005
   0.14420639135939717E-008   0.394652534E-005
   0.14451452467426767E-008   0.368125120E-005
   0.14482265798913818E-008   0.361093180E-005
   0.14513079130400869E-008   0.371976080E-005
   0.14543892461887920E-008   0.374742831E-005
   0.14574705793374970E-008   0.355166617E-005
   0.14605519124862021E-008   0.330079069E-005
   0.14636332456349072E-008   0.323494214E-005
   0.14667145787836122E-008   0.333540174E-005
   0.14697959119323173E-008   0.335830941E-005
   0.14728772450810224E-008   0.317469517E-005
   0.14759585782297274E-008   0.294203710E-005
   0.14790399113784325E-008   0.288001070E-005
   0.14821212445271376E-008   0.296995495E-005
   0.14852025776758426E-008   0.298892019E-005
   0.14882839108245477E-008   0.281987354E-005
   0.14913652439732528E-008   0.260659749E-005
   0.14944465771219578E-008   0.254821725E-005
   0.14975279102706629E-008   0.262658455E-005
   0.15006092434193680E-008   0.264050050E-005
   0.15036905765680730E-008   0.248710671E-005
   0.15067719097167781E-008   0.229625743E-005
   0.15098532428654832E-008   0.224254723E-005
   0.15129345760141882E-008   0.230697992E-005
   0.15160159091628933E-008   0.231406807E-005
   0.15190972423115984E-008   0.217816660E-005
   0.15221785754603034E-008   0.201289504E-005
   0.15252599086090085E-008   0.196430801E-005
   0.15283412417577136E-008   0.201230068E-005
   0.15314225749064186E-008   0.201087164E-005
   0.15345039080551237E-008   0.189396440E-005
   0.15375852412038288E-008   0.175612308E-005
   0.15406665743525338E-008   0.171175441E-005
   0.15437479075012389E-008   0.174197271E-005
   0.15468292406499440E-008   0.173308638E-005
   0.15499105737986490E-008   0.163615016E-005
   0.15529919069473541E-008   0.152467032E-005
   0.15560732400960592E-008   0.148441939E-005
   0.15591545732447643E-008   0.149843265E-005
   0.15622359063934693E-008   0.148151832E-005
   0.15653172395421744E-008   0.140225654E-005
   0.15683985726908795E-008   0.131738784E-005
   0.15714799058395845E-008   0.128283421E-005
   0.15745612389882896E-008   0.127976273E-005
   0.15776425721369947E-008   0.125356428E-005
   0.15807239052856997E-008   0.119291110E-005
   0.15838052384344048E-008   0.113473891E-005
   0.15868865715831099E-008   0.110420342E-005
   0.15899679047318149E-008   0.108467805E-005
   0.15930492378805200E-008   0.105149252E-005
   0.15961305710292251E-008   0.100825855E-005
   0.15992119041779301E-008   0.973327019E-006
   0.16022932373266352E-008   0.946609305E-006
   0.16053745704753403E-008   0.913007966E-006
   0.16084559036240453E-008   0.873241618E-006
   0.16115372367727504E-008   0.845540683E-006
   0.16146185699214555E-008   0.832175147E-006
   0.16176999030701605E-008   0.809046867E-006
   0.16207812362188656E-008   0.762589025E-006
   0.16238625693675707E-008   0.717293176E-006
   0.16269439025162757E-008   0.703952367E-006
   0.16300252356649808E-008   0.710118570E-006
   0.16331065688136859E-008   0.690457341E-006
   0.16361879019623909E-008   0.631989167E-006
   0.16392692351110960E-008   0.580959124E-006
   0.16423505682598011E-008   0.581405970E-006
   0.16454319014085061E-008   0.606291962E-006
   0.16485132345572112E-008   0.588372700E-006
   0.16515945677059163E-008   0.517707235E-006
   0.16546759008546214E-008   0.463373112E-006
   0.16577572340033264E-008   0.477832828E-006
   0.16608385671520315E-008   0.517796991E-006
   0.16639199003007366E-008   0.500378803E-006
   0.16670012334494416E-008   0.420616431E-006
   0.16700825665981467E-008   0.363750644E-006
   0.16731638997468518E-008   0.388725624E-006
   0.16762452328955568E-008   0.441865097E-006
   0.16793265660442619E-008   0.426381007E-006
   0.16824078991929670E-008   0.338618747E-006
   0.16854892323416720E-008   0.278969651E-006
   0.16885705654903771E-008   0.313424749E-006
   0.16916518986390822E-008   0.377517978E-006
   0.16947332317877872E-008   0.363119511E-006
   0.16978145649364923E-008   0.270216873E-006
   0.17008958980851974E-008   0.209653422E-006
   0.17039772312339024E-008   0.250214271E-006
   0.17070585643826075E-008   0.321633905E-006
   0.17101398975313126E-008   0.309508948E-006
   0.17132212306800176E-008   0.213865690E-006
   0.17163025638287227E-008   0.152035511E-006
   0.17193838969774278E-008   0.197367939E-006
   0.17224652301261328E-008   0.275239756E-006
   0.17255465632748379E-008   0.264517894E-006
   0.17286278964235430E-008   0.166558408E-006
   0.17317092295722480E-008   0.104938430E-006
   0.17347905627209531E-008   0.154182274E-006
   0.17378718958696582E-008   0.235843515E-006
   0.17409532290183632E-008   0.226615128E-006
   0.17440345621670683E-008   0.128649816E-006
   0.17471158953157734E-008   0.669968401E-007
   0.17501972284644784E-008   0.117550620E-006
   0.17532785616131835E-008   0.202033647E-006
   0.17563598947618886E-008   0.195306086E-006
   0.17594412279105937E-008   0.981866535E-007
   0.17625225610592987E-008   0.368138444E-007
   0.17656038942080038E-008   0.882122393E-007
   0.17686852273567089E-008   0.173561830E-006
   0.17717665605054139E-008   0.167737340E-006
   0.17748478936541190E-008   0.727832372E-007
   0.17779292268028241E-008   0.140973171E-007
   0.17810105599515291E-008   0.658189308E-007
   0.17840918931002342E-008   0.149130940E-006
   0.17871732262489393E-008   0.143166787E-006
   0.17902545593976443E-008   0.520277226E-007
   0.17933358925463494E-008  -0.299991854E-008
   0.17964172256950545E-008   0.480394533E-007
   0.17994985588437595E-008   0.128549686E-006
   0.18025798919924646E-008   0.122694544E-006
   0.18056612251411697E-008   0.352385001E-007
   0.18087425582898747E-008  -0.164829181E-007
   0.18118238914385798E-008   0.340258062E-007
   0.18149052245872849E-008   0.111250600E-006
   0.18179865577359899E-008   0.104578469E-006
   0.18210678908846950E-008   0.216849614E-007
   0.18241492240334001E-008  -0.253171919E-007
   0.18272305571821051E-008   0.231804584E-007
   0.18303118903308102E-008   0.948323731E-007
   0.18333932234795153E-008   0.884305251E-007
   0.18364745566282203E-008   0.121542882E-007
   0.18395558897769254E-008  -0.310368407E-007
   0.18426372229256305E-008   0.139893643E-007
   0.18457185560743355E-008   0.805795537E-007
   0.18487998892230406E-008   0.744906927E-007
   0.18518812223717457E-008   0.393206534E-008
   0.18549625555204508E-008  -0.347881226E-007
   0.18580438886691558E-008   0.755944640E-008
   0.18611252218178609E-008   0.678864041E-007
   0.18642065549665660E-008   0.616977047E-007
   0.18672878881152710E-008  -0.184633819E-008
   0.18703692212639761E-008  -0.367872453E-007
   0.18734505544126812E-008   0.107093356E-008
   0.18765318875613862E-008   0.564340930E-007
   0.18796132207100913E-008   0.519830223E-007
   0.18826945538587964E-008  -0.625842489E-008
   0.18857758870075014E-008  -0.389685688E-007
   0.18888572201562065E-008  -0.400736511E-008
   0.18919385533049116E-008   0.468507011E-007
   0.18950198864536166E-008   0.423714681E-007
   0.18981012196023217E-008  -0.101802797E-007
   0.19011825527510268E-008  -0.390063732E-007
   0.19042638858997318E-008  -0.789046695E-008
   0.19073452190484369E-008   0.372604489E-007
   0.19104265521971420E-008   0.337616974E-007
   0.19135078853458470E-008  -0.130969866E-007
   0.19165892184945521E-008  -0.393683202E-007
   0.19196705516432572E-008  -0.110876091E-007
   0.19227518847919622E-008   0.298823295E-007
   0.19258332179406673E-008   0.257555435E-007
   0.19289145510893724E-008  -0.168970296E-007
   0.19319958842380774E-008  -0.391256734E-007
   0.19350772173867825E-008  -0.129835200E-007
   0.19381585505354876E-008   0.224859775E-007
   0.19412398836841926E-008   0.180181772E-007
   0.19443212168328977E-008  -0.192749816E-007
   0.19474025499816028E-008  -0.385365375E-007
   0.19504838831303078E-008  -0.155679487E-007
   0.19535652162790129E-008   0.155600759E-007
   0.19566465494277180E-008   0.111975478E-007
   0.19597278825764231E-008  -0.217157865E-007
   0.19628092157251281E-008  -0.376677498E-007
   0.19658905488738332E-008  -0.171605059E-007
   0.19689718820225383E-008   0.861705374E-008
   0.19720532151712433E-008   0.389774923E-008
   0.19751345483199484E-008  -0.235148470E-007
   0.19782158814686535E-008  -0.363179069E-007
   0.19812972146173585E-008  -0.193085103E-007
   0.19843785477660636E-008   0.207222151E-008
   0.19874598809147687E-008  -0.198647321E-008
   0.19905412140634737E-008  -0.254166324E-007
   0.19936225472121788E-008  -0.362331107E-007
   0.19967038803608839E-008  -0.213966427E-007
   0.19997852135095889E-008  -0.341651685E-008
   0.20028665466582940E-008  -0.738581818E-008
   0.20059478798069991E-008  -0.271548863E-007
   0.20090292129557041E-008  -0.362105723E-007
   0.20121105461044092E-008  -0.241852334E-007
   0.20151918792531143E-008  -0.902156749E-008
   0.20182732124018193E-008  -0.116924346E-007
   0.20213545455505244E-008  -0.285286248E-007
   0.20244358786992295E-008  -0.370350222E-007
   0.20275172118479345E-008  -0.268510281E-007
   0.20305985449966396E-008  -0.135664031E-007
   0.20336798781453447E-008  -0.162467408E-007
   0.20367612112940497E-008  -0.309338937E-007
   0.20398425444427548E-008  -0.375555089E-007
   0.20429238775914599E-008  -0.285282908E-007
   0.20460052107401649E-008  -0.179730879E-007
   0.20490865438888700E-008  -0.209755200E-007
   0.20521678770375751E-008  -0.333661383E-007
   0.20552492101862802E-008  -0.385260464E-007
   0.20583305433349852E-008  -0.304400984E-007
   0.20614118764836903E-008  -0.215758629E-007
   0.20644932096323954E-008  -0.250577958E-007
   0.20675745427811004E-008  -0.361854937E-007
   0.20706558759298055E-008  -0.397359798E-007
   0.20737372090785106E-008  -0.320683640E-007
   0.20768185422272156E-008  -0.254333372E-007
   0.20798998753759207E-008  -0.294564124E-007
   0.20829812085246258E-008  -0.382018968E-007
   0.20860625416733308E-008  -0.401397884E-007
   0.20891438748220359E-008  -0.342535813E-007
   0.20922252079707410E-008  -0.299629583E-007
   0.20953065411194460E-008  -0.334167396E-007
   0.20983878742681511E-008  -0.397586781E-007
   0.21014692074168562E-008  -0.407648812E-007
   0.21045505405655612E-008  -0.363603334E-007
   0.21076318737142663E-008  -0.339446657E-007
   0.21107132068629714E-008  -0.372431117E-007
   0.21137945400116764E-008  -0.415338199E-007
   0.21168758731603815E-008  -0.415043537E-007
   0.21199572063090866E-008  -0.386180510E-007
   0.21230385394577916E-008  -0.377059237E-007
   0.21261198726064967E-008  -0.400311500E-007
   0.21292012057552018E-008  -0.427596412E-007
   0.21322825389039068E-008  -0.432033396E-007
   0.21353638720526119E-008  -0.416166195E-007
   0.21384452052013170E-008  -0.405475085E-007
   0.21415265383500220E-008  -0.418346602E-007
   0.21446078714987271E-008  -0.442596857E-007
   0.21476892046474322E-008  -0.451573570E-007
   0.21507705377961372E-008  -0.440821069E-007
   0.21538518709448423E-008  -0.431385097E-007
   0.21569332040935474E-008  -0.439097221E-007
   0.21600145372422525E-008  -0.457081057E-007
   0.21630958703909575E-008  -0.467220325E-007
   0.21661772035396626E-008  -0.461068765E-007
   0.21692585366883677E-008  -0.451516087E-007
   0.21723398698370727E-008  -0.458482781E-007
   0.21754212029857778E-008  -0.478029776E-007
   0.21785025361344829E-008  -0.484120939E-007
   0.21815838692831879E-008  -0.470650079E-007
   0.21846652024318930E-008  -0.464237573E-007
   0.21877465355805981E-008  -0.480841322E-007
   0.21908278687293031E-008  -0.499173751E-007
   0.21939092018780082E-008  -0.495237025E-007
   0.21969905350267133E-008  -0.479306443E-007
   0.22000718681754183E-008  -0.479132893E-007
   0.22031532013241234E-008  -0.498589756E-007
   0.22062345344728285E-008  -0.511872713E-007
   0.22093158676215335E-008  -0.501944690E-007
   0.22123972007702386E-008  -0.488058909E-007
   0.22154785339189437E-008  -0.496275838E-007
   0.22185598670676487E-008  -0.515926040E-007
   0.22216412002163538E-008  -0.516703516E-007
   0.22247225333650589E-008  -0.500238713E-007
   0.22278038665137639E-008  -0.496904171E-007
   0.22308851996624690E-008  -0.514577287E-007
   0.22339665328111741E-008  -0.527048840E-007
   0.22370478659598791E-008  -0.516580663E-007
   0.22401291991085842E-008  -0.500313462E-007
   0.22432105322572893E-008  -0.504179809E-007
   0.22462918654059943E-008  -0.524162438E-007
   0.22493731985546994E-008  -0.530755742E-007
   0.22524545317034045E-008  -0.514242693E-007
   0.22555358648521096E-008  -0.501730426E-007
   0.22586171980008146E-008  -0.512891631E-007
   0.22616985311495197E-008  -0.527476018E-007
   0.22647798642982248E-008  -0.522009778E-007
   0.22678611974469298E-008  -0.508187199E-007
   0.22709425305956349E-008  -0.507706410E-007
   0.22740238637443400E-008  -0.517309786E-007
   0.22771051968930450E-008  -0.520613419E-007
   0.22801865300417501E-008  -0.513042338E-007
   0.22832678631904552E-008  -0.503805744E-007
   0.22863491963391602E-008  -0.504104989E-007
   0.22894305294878653E-008  -0.512336484E-007
   0.22925118626365704E-008  -0.513220400E-007
   0.22955931957852754E-008  -0.502440578E-007
   0.22986745289339805E-008  -0.495892643E-007
   0.23017558620826856E-008  -0.499610060E-007
   0.23048371952313906E-008  -0.499526500E-007
   0.23079185283800957E-008  -0.492990182E-007
   0.23109998615288008E-008  -0.492221801E-007
   0.23140811946775058E-008  -0.493511614E-007
   0.23171625278262109E-008  -0.484836669E-007
   0.23202438609749160E-008  -0.475129696E-007
   0.23233251941236210E-008  -0.477201283E-007
   0.23264065272723261E-008  -0.481330957E-007
   0.23294878604210312E-008  -0.475024606E-007
   0.23325691935697362E-008  -0.463683101E-007
   0.23356505267184413E-008  -0.456982967E-007
   0.23387318598671464E-008  -0.457506069E-007
   0.23418131930158514E-008  -0.460586698E-007
   0.23448945261645565E-008  -0.453933460E-007
   0.23479758593132616E-008  -0.436062138E-007
   0.23510571924619666E-008  -0.428832259E-007
   0.23541385256106717E-008  -0.440399113E-007
   0.23572198587593768E-008  -0.441850183E-007
   0.23603011919080819E-008  -0.418219486E-007
   0.23633825250567869E-008  -0.400014670E-007
   0.23664638582054920E-008  -0.407849825E-007
   0.23695451913541971E-008  -0.416991384E-007
   0.23726265245029021E-008  -0.404610070E-007
   0.23757078576516072E-008  -0.383282135E-007
   0.23787891908003123E-008  -0.373114020E-007
   0.23818705239490173E-008  -0.376308442E-007
   0.23849518570977224E-008  -0.379481229E-007
   0.23880331902464275E-008  -0.367268171E-007
   0.23911145233951325E-008  -0.345259501E-007
   0.23941958565438376E-008  -0.337840227E-007
   0.23972771896925427E-008  -0.345550042E-007
   0.24003585228412477E-008  -0.339698190E-007
   0.24034398559899528E-008  -0.316179332E-007
   0.24065211891386579E-008  -0.303446619E-007
   0.24096025222873629E-008  -0.307288097E-007
   0.24126838554360680E-008  -0.303914263E-007
   0.24157651885847731E-008  -0.286895698E-007
   0.24188465217334781E-008  -0.271578386E-007
   0.24219278548821832E-008  -0.264343178E-007
   0.24250091880308883E-008  -0.260096940E-007
   0.24280905211795933E-008  -0.252730281E-007
   0.24311718543282984E-008  -0.238068907E-007
   0.24342531874770035E-008  -0.222891163E-007
   0.24373345206257085E-008  -0.217726281E-007
   0.24404158537744136E-008  -0.213121041E-007
   0.24434971869231187E-008  -0.195183887E-007
   0.24465785200718237E-008  -0.177623942E-007
   0.24496598532205288E-008  -0.175759833E-007
   0.24527411863692339E-008  -0.172260357E-007
   0.24558225195179390E-008  -0.151647441E-007
   0.24589038526666440E-008  -0.131759457E-007
   0.24619851858153491E-008  -0.126864306E-007
   0.24650665189640542E-008  -0.122789086E-007
   0.24681478521127592E-008  -0.107873532E-007
   0.24712291852614643E-008  -0.891705199E-008
   0.24743105184101694E-008  -0.751856533E-008
   0.24773918515588744E-008  -0.680050105E-008
   0.24804731847075795E-008  -0.616696028E-008
   0.24835545178562846E-008  -0.443131487E-008
   0.24866358510049896E-008  -0.203047912E-008
   0.24897171841536947E-008  -0.104547382E-008
   0.24927985173023998E-008  -0.118516108E-008
   0.24958798504511048E-008   0.229778863E-009
   0.24989611835998099E-008   0.313358073E-008
   0.25020425167485150E-008   0.476253659E-008
   0.25051238498972200E-008   0.488070384E-008
   0.25082051830459251E-008   0.574542636E-008
   0.25112865161946302E-008   0.788669752E-008
   0.25143678493433352E-008   0.998800331E-008
   0.25174491824920403E-008   0.112727268E-007
   0.25205305156407454E-008   0.119706494E-007
   0.25236118487894504E-008   0.130989335E-007
   0.25266931819381555E-008   0.154041633E-007
   0.25297745150868606E-008   0.175904251E-007
   0.25328558482355656E-008   0.181788167E-007
   0.25359371813842707E-008   0.187208560E-007
   0.25390185145329758E-008   0.211198472E-007
   0.25420998476816808E-008   0.237360531E-007
   0.25451811808303859E-008   0.245989948E-007
   0.25482625139790910E-008   0.251584691E-007
   0.25513438471277960E-008   0.270843135E-007
   0.25544251802765011E-008   0.293801392E-007
   0.25575065134252062E-008   0.309293569E-007
   0.25605878465739113E-008   0.320955955E-007
   0.25636691797226163E-008   0.334050725E-007
   0.25667505128713214E-008   0.352309790E-007
   0.25698318460200265E-008   0.374792357E-007
   0.25729131791687315E-008   0.389904002E-007
   0.25759945123174366E-008   0.396387243E-007
   0.25790758454661417E-008   0.413050998E-007
   0.25821571786148467E-008   0.441857146E-007
   0.25852385117635518E-008   0.459359022E-007
   0.25883198449122569E-008   0.463625440E-007
   0.25914011780609619E-008   0.478338542E-007
   0.25944825112096670E-008   0.504818267E-007
   0.25975638443583721E-008   0.523762331E-007
   0.26006451775070771E-008   0.534811448E-007
   0.26037265106557822E-008   0.549792212E-007
   0.26068078438044873E-008   0.568708600E-007
   0.26098891769531923E-008   0.588227671E-007
   0.26129705101018974E-008   0.606791133E-007
   0.26160518432506025E-008   0.619543954E-007
   0.26191331763993075E-008   0.631682155E-007
   0.26222145095480126E-008   0.655150956E-007
   0.26252958426967177E-008   0.680461625E-007
   0.26283771758454227E-008   0.690713264E-007
   0.26314585089941278E-008   0.698255747E-007
   0.26345398421428329E-008   0.721380431E-007
   0.26376211752915379E-008   0.747419477E-007
   0.26407025084402430E-008   0.760878436E-007
   0.26437838415889481E-008   0.772400739E-007
   0.26468651747376531E-008   0.791607491E-007
   0.26499465078863582E-008   0.811539849E-007
   0.26530278410350633E-008   0.829048332E-007
   0.26561091741837684E-008   0.845921235E-007
   0.26591905073324734E-008   0.860305818E-007
   0.26622718404811785E-008   0.876915820E-007
   0.26653531736298836E-008   0.900485233E-007
   0.26684345067785886E-008   0.919539502E-007
   0.26715158399272937E-008   0.928215940E-007
   0.26745971730759988E-008   0.942871523E-007
   0.26776785062247038E-008   0.968927623E-007
   0.26807598393734089E-008   0.988781323E-007
   0.26838411725221140E-008   0.999095420E-007
   0.26869225056708190E-008   0.101492645E-006
   0.26900038388195241E-008   0.103637234E-006
   0.26930851719682292E-008   0.105336582E-006
   0.26961665051169342E-008   0.106857776E-006
   0.26992478382656393E-008   0.108604105E-006
   0.27023291714143444E-008   0.110249637E-006
   0.27054105045630494E-008   0.112023109E-006
   0.27084918377117545E-008   0.114050607E-006
   0.27115731708604596E-008   0.115500242E-006
   0.27146545040091646E-008   0.116577915E-006
   0.27177358371578697E-008   0.118560024E-006
   0.27208171703065748E-008   0.120937287E-006
   0.27238985034552798E-008   0.122302367E-006
   0.27269798366039849E-008   0.123361488E-006
   0.27300611697526900E-008   0.125286249E-006
   0.27331425029013950E-008   0.127275598E-006
   0.27362238360501001E-008   0.128633587E-006
   0.27393051691988052E-008   0.130134325E-006
   0.27423865023475102E-008   0.131967752E-006
   0.27454678354962153E-008   0.133575426E-006
   0.27485491686449204E-008   0.135159212E-006
   0.27516305017936254E-008   0.136842459E-006
   0.27547118349423305E-008   0.138164665E-006
   0.27577931680910356E-008   0.139541314E-006
   0.27608745012397407E-008   0.141567199E-006
   0.27639558343884457E-008   0.143392725E-006
   0.27670371675371508E-008   0.144452585E-006
   0.27701185006858559E-008   0.145775630E-006
   0.27731998338345609E-008   0.147687345E-006
   0.27762811669832660E-008   0.149223382E-006
   0.27793625001319711E-008   0.150441679E-006
   0.27824438332806761E-008   0.152094913E-006
   0.27855251664293812E-008   0.153780434E-006
   0.27886064995780863E-008   0.155040738E-006
   0.27916878327267913E-008   0.156410763E-006
   0.27947691658754964E-008   0.157968856E-006
   0.27978504990242015E-008   0.159284099E-006
   0.28009318321729065E-008   0.160708026E-006
   0.28040131653216116E-008   0.162440486E-006
   0.28070944984703167E-008   0.163774899E-006
   0.28101758316190217E-008   0.164749665E-006
   0.28132571647677268E-008   0.166194241E-006
   0.28163384979164319E-008   0.167857493E-006
   0.28194198310651369E-008   0.169062844E-006
   0.28225011642138420E-008   0.170252918E-006
   0.28255824973625471E-008   0.171782062E-006
   0.28286638305112521E-008   0.173081730E-006
   0.28317451636599572E-008   0.174128715E-006
   0.28348264968086623E-008   0.175457956E-006
   0.28379078299573673E-008   0.176840061E-006
   0.28409891631060724E-008   0.177967095E-006
   0.28440704962547775E-008   0.179229900E-006
   0.28471518294034825E-008   0.180600850E-006
   0.28502331625521876E-008   0.181628778E-006
   0.28533144957008927E-008   0.182637109E-006
   0.28563958288495978E-008   0.183988433E-006
   0.28594771619983028E-008   0.185190643E-006
   0.28625584951470079E-008   0.186134102E-006
   0.28656398282957130E-008   0.187357571E-006
   0.28687211614444180E-008   0.188636861E-006
   0.28718024945931231E-008   0.189475443E-006
   0.28748838277418282E-008   0.190361092E-006
   0.28779651608905332E-008   0.191651267E-006
   0.28810464940392383E-008   0.192764034E-006
   0.28841278271879434E-008   0.193588093E-006
   0.28872091603366484E-008   0.194641103E-006
   0.28902904934853535E-008   0.195739290E-006
   0.28933718266340586E-008   0.196517391E-006
   0.28964531597827636E-008   0.197372216E-006
   0.28995344929314687E-008   0.198464988E-006
   0.29026158260801738E-008   0.199368955E-006
   0.29056971592288788E-008   0.200180338E-006
   0.29087784923775839E-008   0.201182999E-006
   0.29118598255262890E-008   0.201995178E-006
   0.29149411586749940E-008   0.202547412E-006
   0.29180224918236991E-008   0.203439470E-006
   0.29211038249724042E-008   0.204542701E-006
   0.29241851581211092E-008   0.205208480E-006
   0.29272664912698143E-008   0.205724490E-006
   0.29303478244185194E-008   0.206605264E-006
   0.29334291575672244E-008   0.207442241E-006
   0.29365104907159295E-008   0.207948617E-006
   0.29395918238646346E-008   0.208574036E-006
   0.29426731570133396E-008   0.209387395E-006
   0.29457544901620447E-008   0.210041506E-006
   0.29488358233107498E-008   0.210635648E-006
   0.29519171564594548E-008   0.211264791E-006
   0.29549984896081599E-008   0.211699643E-006
   0.29580798227568650E-008   0.212155783E-006
   0.29611611559055701E-008   0.212943405E-006
   0.29642424890542751E-008   0.213596095E-006
   0.29673238222029802E-008   0.213818339E-006
   0.29704051553516853E-008   0.214215191E-006
   0.29734864885003903E-008   0.214958618E-006
   0.29765678216490954E-008   0.215397890E-006
   0.29796491547978005E-008   0.215519336E-006
   0.29827304879465055E-008   0.215938982E-006
   0.29858118210952106E-008   0.216584766E-006
   0.29888931542439157E-008   0.216986194E-006
   0.29919744873926207E-008   0.217185757E-006
   0.29950558205413258E-008   0.217376467E-006
   0.29981371536900309E-008   0.217610875E-006
   0.30012184868387359E-008   0.218046637E-006
   0.30042998199874410E-008   0.218542667E-006
   0.30073811531361461E-008   0.218642697E-006
   0.30104624862848511E-008   0.218553524E-006
   0.30135438194335562E-008   0.218880231E-006
   0.30166251525822613E-008   0.219339839E-006
   0.30197064857309663E-008   0.219323468E-006
   0.30227878188796714E-008   0.219203656E-006
   0.30258691520283765E-008   0.219522406E-006
   0.30289504851770815E-008   0.219871680E-006
   0.30320318183257866E-008   0.219799631E-006
   0.30351131514744917E-008   0.219620119E-006
   0.30381944846231967E-008   0.219655050E-006
   0.30412758177719018E-008   0.219806793E-006
   0.30443571509206069E-008   0.219940119E-006
   0.30474384840693119E-008   0.219904265E-006
   0.30505198172180170E-008   0.219640313E-006
   0.30536011503667221E-008   0.219499725E-006
   0.30566824835154272E-008   0.219659682E-006
   0.30597638166641322E-008   0.219622279E-006
   0.30628451498128373E-008   0.219193652E-006
   0.30659264829615424E-008   0.218990749E-006
   0.30690078161102474E-008   0.219184756E-006
   0.30720891492589525E-008   0.219088747E-006
   0.30751704824076576E-008   0.218519219E-006
   0.30782518155563626E-008   0.218111339E-006
   0.30813331487050677E-008   0.218096872E-006
   0.30844144818537728E-008   0.218052207E-006
   0.30874958150024778E-008   0.217722587E-006
   0.30905771481511829E-008   0.217221455E-006
   0.30936584812998880E-008   0.216770829E-006
   0.30967398144485930E-008   0.216553943E-006
   0.30998211475972981E-008   0.216392266E-006
   0.31029024807460032E-008   0.215881883E-006
   0.31059838138947082E-008   0.215208743E-006
   0.31090651470434133E-008   0.214941636E-006
   0.31121464801921184E-008   0.214845144E-006
   0.31152278133408234E-008   0.214208967E-006
   0.31183091464895285E-008   0.213283258E-006
   0.31213904796382336E-008   0.212867747E-006
   0.31244718127869386E-008   0.212791448E-006
   0.31275531459356437E-008   0.212288924E-006
   0.31306344790843488E-008   0.211386777E-006
   0.31337158122330538E-008   0.210671487E-006
   0.31367971453817589E-008   0.210251983E-006
   0.31398784785304640E-008   0.209794976E-006
   0.31429598116791690E-008   0.209092505E-006
   0.31460411448278741E-008   0.208247272E-006
   0.31491224779765792E-008   0.207572086E-006
   0.31522038111252842E-008   0.207144197E-006
   0.31552851442739893E-008   0.206507266E-006
   0.31583664774226944E-008   0.205417308E-006
   0.31614478105713995E-008   0.204467852E-006
   0.31645291437201045E-008   0.204076429E-006
   0.31676104768688096E-008   0.203609403E-006
   0.31706918100175147E-008   0.202519743E-006
   0.31737731431662197E-008   0.201345827E-006
   0.31768544763149248E-008   0.200653972E-006
   0.31799358094636299E-008   0.200088849E-006
   0.31830171426123349E-008   0.199174195E-006
   0.31860984757610400E-008   0.198064910E-006
   0.31891798089097451E-008   0.197115128E-006
   0.31922611420584501E-008   0.196373833E-006
   0.31953424752071552E-008   0.195574287E-006
   0.31984238083558603E-008   0.194433682E-006
   0.32015051415045653E-008   0.193160972E-006
   0.32045864746532704E-008   0.192296284E-006
   0.32076678078019755E-008   0.191707855E-006
   0.32107491409506805E-008   0.190651122E-006
   0.32138304740993856E-008   0.189148295E-006
   0.32169118072480907E-008   0.188011100E-006
   0.32199931403967957E-008   0.187318605E-006
   0.32230744735455008E-008   0.186344991E-006
   0.32261558066942059E-008   0.184954359E-006
   0.32292371398429109E-008   0.183691398E-006
   0.32323184729916160E-008   0.182731426E-006
   0.32353998061403211E-008   0.181751147E-006
   0.32384811392890261E-008   0.180496684E-006
   0.32415624724377312E-008   0.179040484E-006
   0.32446438055864363E-008   0.177765969E-006
   0.32477251387351413E-008   0.176880775E-006
   0.32508064718838464E-008   0.175876650E-006
   0.32538878050325515E-008   0.174285006E-006
   0.32569691381812566E-008   0.172674902E-006
   0.32600504713299616E-008   0.171678295E-006
   0.32631318044786667E-008   0.170739654E-006
   0.32662131376273718E-008   0.169202480E-006
   0.32692944707760768E-008   0.167559676E-006
   0.32723758039247819E-008   0.166390777E-006
   0.32754571370734870E-008   0.165314873E-006
   0.32785384702221920E-008   0.163863007E-006
   0.32816198033708971E-008   0.162220118E-006
   0.32847011365196022E-008   0.160743596E-006
   0.32877824696683072E-008   0.159545124E-006
   0.32908638028170123E-008   0.158397668E-006
   0.32939451359657174E-008   0.156853687E-006
   0.32970264691144224E-008   0.154985017E-006
   0.33001078022631275E-008   0.153504018E-006
   0.33031891354118326E-008   0.152472168E-006
   0.33062704685605376E-008   0.151055247E-006
   0.33093518017092427E-008   0.149141528E-006
   0.33124331348579478E-008   0.147562019E-006
   0.33155144680066528E-008   0.146406535E-006
   0.33185958011553579E-008   0.144922510E-006
   0.33216771343040630E-008   0.143028302E-006
   0.33247584674527680E-008   0.141331029E-006
   0.33278398006014731E-008   0.139996303E-006
   0.33309211337501782E-008   0.138663083E-006
   0.33340024668988832E-008   0.137002843E-006
   0.33370838000475883E-008   0.135035833E-006
   0.33401651331962934E-008   0.133250197E-006
   0.33432464663449984E-008   0.131972641E-006
   0.33463277994937035E-008   0.130622794E-006
   0.33494091326424086E-008   0.128642313E-006
   0.33524904657911136E-008   0.126644792E-006
   0.33555717989398187E-008   0.125256619E-006
   0.33586531320885238E-008   0.123861696E-006
   0.33617344652372289E-008   0.121879864E-006
   0.33648157983859339E-008   0.119879090E-006
   0.33678971315346390E-008   0.118357946E-006
   0.33709784646833441E-008   0.116912162E-006
   0.33740597978320491E-008   0.115133766E-006
   0.33771411309807542E-008   0.113123171E-006
   0.33802224641294593E-008   0.111171317E-006
   0.33833037972781643E-008   0.109556510E-006
   0.33863851304268694E-008   0.108130479E-006
   0.33894664635755745E-008   0.106279721E-006
   0.33925477967242795E-008   0.104037937E-006
   0.33956291298729846E-008   0.102233166E-006
   0.33987104630216897E-008   0.100867744E-006
   0.34017917961703947E-008   0.990257050E-007
   0.34048731293190998E-008   0.967303038E-007
   0.34079544624678049E-008   0.948798444E-007
   0.34110357956165099E-008   0.934423241E-007
   0.34141171287652150E-008   0.916506764E-007
   0.34171984619139201E-008   0.894707526E-007
   0.34202797950626251E-008   0.874122676E-007
   0.34233611282113302E-008   0.856400675E-007
   0.34264424613600353E-008   0.839915373E-007
   0.34295237945087403E-008   0.821586852E-007
   0.34326051276574454E-008   0.799669451E-007
   0.34356864608061505E-008   0.778514462E-007
   0.34387677939548555E-008   0.762195569E-007
   0.34418491271035606E-008   0.745217790E-007
   0.34449304602522657E-008   0.722476159E-007
   0.34480117934009707E-008   0.700390359E-007
   0.34510931265496758E-008   0.684247397E-007
   0.34541744596983809E-008   0.667520013E-007
   0.34572557928470860E-008   0.645163141E-007
   0.34603371259957910E-008   0.622334682E-007
   0.34634184591444961E-008   0.603452008E-007
   0.34664997922932012E-008   0.586228381E-007
   0.34695811254419062E-008   0.567320200E-007
   0.34726624585906113E-008   0.545419923E-007
   0.34757437917393164E-008   0.522679890E-007
   0.34788251248880214E-008   0.503777002E-007
   0.34819064580367265E-008   0.487314402E-007
   0.34849877911854316E-008   0.466038266E-007
   0.34880691243341366E-008   0.441271588E-007
   0.34911504574828417E-008   0.421906243E-007
   0.34942317906315468E-008   0.406433003E-007
   0.34973131237802518E-008   0.385433552E-007
   0.35003944569289569E-008   0.360199586E-007
   0.35034757900776620E-008   0.339274173E-007
   0.35065571232263670E-008   0.322325810E-007
   0.35096384563750721E-008   0.303140411E-007
   0.35127197895237772E-008   0.280539130E-007
   0.35158011226724822E-008   0.257508113E-007
   0.35188824558211873E-008   0.236967654E-007
   0.35219637889698924E-008   0.219147065E-007
   0.35250451221185974E-008   0.199330579E-007
   0.35281264552673025E-008   0.174791079E-007
   0.35312077884160076E-008   0.151962318E-007
   0.35342891215647126E-008   0.135213654E-007
   0.35373704547134177E-008   0.116933307E-007
   0.35404517878621228E-008   0.918157816E-008
   0.35435331210108278E-008   0.674215483E-008
   0.35466144541595329E-008   0.493232966E-008
   0.35496957873082380E-008   0.316425330E-008
   0.35527771204569430E-008   0.930960642E-009
   0.35558584536056481E-008  -0.147488222E-008
   0.35589397867543532E-008  -0.365218500E-008
   0.35620211199030583E-008  -0.555397417E-008
   0.35651024530517633E-008  -0.748216422E-008
   0.35681837862004684E-008  -0.980034187E-008
   0.35712651193491735E-008  -0.122406334E-007
   0.35743464524978785E-008  -0.141682497E-007
   0.35774277856465836E-008  -0.158743401E-007
   0.35805091187952887E-008  -0.182031545E-007
   0.35835904519439937E-008  -0.208510560E-007
   0.35866717850926988E-008  -0.228709851E-007
   0.35897531182414039E-008  -0.245050860E-007
   0.35928344513901089E-008  -0.266407376E-007
   0.35959157845388140E-008  -0.291709323E-007
   0.35989971176875191E-008  -0.314280335E-007
   0.36020784508362241E-008  -0.333508403E-007
   0.36051597839849292E-008  -0.353066056E-007
   0.36082411171336343E-008  -0.375331624E-007
   0.36113224502823393E-008  -0.399416820E-007
   0.36144037834310444E-008  -0.421018314E-007
   0.36174851165797495E-008  -0.438964669E-007
   0.36205664497284545E-008  -0.459554350E-007
   0.36236477828771596E-008  -0.485362506E-007
   0.36267291160258647E-008  -0.508598603E-007
   0.36298104491745697E-008  -0.525745278E-007
   0.36328917823232748E-008  -0.544777414E-007
   0.36359731154719799E-008  -0.569596672E-007
   0.36390544486206849E-008  -0.593672560E-007
   0.36421357817693900E-008  -0.613422060E-007
   0.36452171149180951E-008  -0.632754862E-007
   0.36482984480668001E-008  -0.654487167E-007
   0.36513797812155052E-008  -0.677696548E-007
   0.36544611143642103E-008  -0.700100600E-007
   0.36575424475129154E-008  -0.719759754E-007
   0.36606237806616204E-008  -0.739110746E-007
   0.36637051138103255E-008  -0.762679875E-007
   0.36667864469590306E-008  -0.787425947E-007
   0.36698677801077356E-008  -0.806721658E-007
   0.36729491132564407E-008  -0.823953741E-007
   0.36760304464051458E-008  -0.846814885E-007
   0.36791117795538508E-008  -0.872286776E-007
   0.36821931127025559E-008  -0.893105394E-007
   0.36852744458512610E-008  -0.911299551E-007
   0.36883557789999660E-008  -0.932412618E-007
   0.36914371121486711E-008  -0.955744781E-007
   0.36945184452973762E-008  -0.977948389E-007
   0.36975997784460812E-008  -0.998062788E-007
   0.37006811115947863E-008  -0.101750317E-006
   0.37037624447434914E-008  -0.103930986E-006
   0.37068437778921964E-008  -0.106351493E-006
   0.37099251110409015E-008  -0.108483064E-006
   0.37130064441896066E-008  -0.110209911E-006
   0.37160877773383116E-008  -0.112227418E-006
   0.37191691104870167E-008  -0.114734398E-006
   0.37222504436357218E-008  -0.116998940E-006
   0.37253317767844268E-008  -0.118789586E-006
   0.37284131099331319E-008  -0.120734214E-006
   0.37314944430818370E-008  -0.123041147E-006
   0.37345757762305420E-008  -0.125275236E-006
   0.37376571093792471E-008  -0.127262666E-006
   0.37407384425279522E-008  -0.129211770E-006
   0.37438197756766572E-008  -0.131311239E-006
   0.37469011088253623E-008  -0.133591996E-006
   0.37499824419740674E-008  -0.135785285E-006
   0.37530637751227724E-008  -0.137617960E-006
   0.37561451082714775E-008  -0.139454940E-006
   0.37592264414201826E-008  -0.141772901E-006
   0.37623077745688877E-008  -0.144155166E-006
   0.37653891077175927E-008  -0.146022515E-006
   0.37684704408662978E-008  -0.147778962E-006
   0.37715517740150029E-008  -0.149977382E-006
   0.37746331071637079E-008  -0.152272634E-006
   0.37777144403124130E-008  -0.154226854E-006
   0.37807957734611181E-008  -0.156087651E-006
   0.37838771066098231E-008  -0.158160873E-006
   0.37869584397585282E-008  -0.160351647E-006
   0.37900397729072333E-008  -0.162460893E-006
   0.37931211060559383E-008  -0.164369723E-006
   0.37962024392046434E-008  -0.166190006E-006
   0.37992837723533485E-008  -0.168268500E-006
   0.38023651055020535E-008  -0.170571752E-006
   0.38054464386507586E-008  -0.172588571E-006
   0.38085277717994637E-008  -0.174298918E-006
   0.38116091049481687E-008  -0.176267321E-006
   0.38146904380968738E-008  -0.178519514E-006
   0.38177717712455789E-008  -0.180533277E-006
   0.38208531043942839E-008  -0.182307900E-006
   0.38239344375429890E-008  -0.184270618E-006
   0.38270157706916941E-008  -0.186421815E-006
   0.38300971038403991E-008  -0.188458813E-006
   0.38331784369891042E-008  -0.190312804E-006
   0.38362597701378093E-008  -0.192129164E-006
   0.38393411032865143E-008  -0.194099925E-006
   0.38424224364352194E-008  -0.196259293E-006
   0.38455037695839245E-008  -0.198293748E-006
   0.38485851027326295E-008  -0.200012352E-006
   0.38516664358813346E-008  -0.201801853E-006
   0.38547477690300397E-008  -0.203934803E-006
   0.38578291021787448E-008  -0.206004671E-006
   0.38609104353274498E-008  -0.207740612E-006
   0.38639917684761549E-008  -0.209527485E-006
   0.38670731016248600E-008  -0.211592777E-006
   0.38701544347735650E-008  -0.213619984E-006
   0.38732357679222701E-008  -0.215418126E-006
   0.38763171010709752E-008  -0.217169230E-006
   0.38793984342196802E-008  -0.219045774E-006
   0.38824797673683853E-008  -0.221056439E-006
   0.38855611005170904E-008  -0.223044182E-006
   0.38886424336657954E-008  -0.224806925E-006
   0.38917237668145005E-008  -0.226486833E-006
   0.38948050999632056E-008  -0.228421740E-006
   0.38978864331119106E-008  -0.230463129E-006
   0.39009677662606157E-008  -0.232212997E-006
   0.39040490994093208E-008  -0.233854450E-006
   0.39071304325580258E-008  -0.235795667E-006
   0.39102117657067309E-008  -0.237823599E-006
   0.39132930988554360E-008  -0.239542487E-006
   0.39163744320041410E-008  -0.241137826E-006
   0.39194557651528461E-008  -0.242966991E-006
   0.39225370983015512E-008  -0.244949945E-006
   0.39256184314502562E-008  -0.246807446E-006
   0.39286997645989613E-008  -0.248468211E-006
   0.39317810977476664E-008  -0.250104904E-006
   0.39348624308963714E-008  -0.251933415E-006
   0.39379437640450765E-008  -0.253874902E-006
   0.39410250971937816E-008  -0.255601975E-006
   0.39441064303424866E-008  -0.257142887E-006
   0.39471877634911917E-008  -0.258908415E-006
   0.39502690966398968E-008  -0.260891539E-006
   0.39533504297886018E-008  -0.262624411E-006
   0.39564317629373069E-008  -0.264077784E-006
   0.39595130960860120E-008  -0.265724054E-006
   0.39625944292347171E-008  -0.267665683E-006
   0.39656757623834221E-008  -0.269506643E-006
   0.39687570955321272E-008  -0.271056251E-006
   0.39718384286808323E-008  -0.272564876E-006
   0.39749197618295373E-008  -0.274290358E-006
   0.39780010949782424E-008  -0.276143311E-006
   0.39810824281269475E-008  -0.277827723E-006
   0.39841637612756525E-008  -0.279306050E-006
   0.39872450944243576E-008  -0.280901702E-006
   0.39903264275730627E-008  -0.282738455E-006
   0.39934077607217677E-008  -0.284468882E-006
   0.39964890938704728E-008  -0.285898125E-006
   0.39995704270191779E-008  -0.287369403E-006
   0.40026517601678829E-008  -0.289148858E-006
   0.40057330933165880E-008  -0.290954972E-006
   0.40088144264652931E-008  -0.292461209E-006
   0.40118957596139981E-008  -0.293832045E-006
   0.40149770927627032E-008  -0.295428435E-006
   0.40180584259114083E-008  -0.297223608E-006
   0.40211397590601133E-008  -0.298841769E-006
   0.40242210922088184E-008  -0.300183217E-006
   0.40273024253575235E-008  -0.301635623E-006
   0.40303837585062285E-008  -0.303408711E-006
   0.40334650916549336E-008  -0.305110916E-006
   0.40365464248036387E-008  -0.306430934E-006
   0.40396277579523437E-008  -0.307723496E-006
   0.40427090911010488E-008  -0.309382301E-006
   0.40457904242497539E-008  -0.311157663E-006
   0.40488717573984589E-008  -0.312620017E-006
   0.40519530905471640E-008  -0.313856219E-006
   0.40550344236958691E-008  -0.315271279E-006
   0.40581157568445742E-008  -0.316955152E-006
   0.40611970899932792E-008  -0.318566833E-006
   0.40642784231419843E-008  -0.319864000E-006
   0.40673597562906894E-008  -0.321123053E-006
   0.40704410894393944E-008  -0.322704778E-006
   0.40735224225880995E-008  -0.324383194E-006
   0.40766037557368046E-008  -0.325707646E-006
   0.40796850888855096E-008  -0.326844798E-006
   0.40827664220342147E-008  -0.328293709E-006
   0.40858477551829198E-008  -0.329984061E-006
   0.40889290883316248E-008  -0.331438741E-006
   0.40920104214803299E-008  -0.332597637E-006
   0.40950917546290350E-008  -0.333837420E-006
   0.40981730877777400E-008  -0.335353718E-006
   0.41012544209264451E-008  -0.336913644E-006
   0.41043357540751502E-008  -0.338200181E-006
   0.41074170872238552E-008  -0.339309764E-006
   0.41104984203725603E-008  -0.340671477E-006
   0.41135797535212654E-008  -0.342295806E-006
   0.41166610866699704E-008  -0.343648878E-006
   0.41197424198186755E-008  -0.344629029E-006
   0.41228237529673806E-008  -0.345836668E-006
   0.41259050861160856E-008  -0.347466766E-006
   0.41289864192647907E-008  -0.348938414E-006
   0.41320677524134958E-008  -0.349968502E-006
   0.41351490855622008E-008  -0.351009589E-006
   0.41382304187109059E-008  -0.352406119E-006
   0.41413117518596110E-008  -0.353914146E-006
   0.41443930850083160E-008  -0.355158420E-006
   0.41474744181570211E-008  -0.356150991E-006
   0.41505557513057262E-008  -0.357291270E-006
   0.41536370844544312E-008  -0.358779744E-006
   0.41567184176031363E-008  -0.360179939E-006
   0.41597997507518414E-008  -0.361111233E-006
   0.41628810839005465E-008  -0.362042499E-006
   0.41659624170492515E-008  -0.363491978E-006
   0.41690437501979566E-008  -0.365009555E-006
   0.41721250833466617E-008  -0.366008749E-006
   0.41752064164953667E-008  -0.366839600E-006
   0.41782877496440718E-008  -0.368064917E-006
   0.41813690827927769E-008  -0.369505244E-006
   0.41844504159414819E-008  -0.370698501E-006
   0.41875317490901870E-008  -0.371611463E-006
   0.41906130822388921E-008  -0.372578313E-006
   0.41936944153875971E-008  -0.373866015E-006
   0.41967757485363022E-008  -0.375250693E-006
   0.41998570816850073E-008  -0.376225756E-006
   0.42029384148337123E-008  -0.376930331E-006
   0.42060197479824174E-008  -0.378081921E-006
   0.42091010811311225E-008  -0.379621156E-006
   0.42121824142798275E-008  -0.380711413E-006
   0.42152637474285326E-008  -0.381325094E-006
   0.42183450805772377E-008  -0.382271793E-006
   0.42214264137259427E-008  -0.383661302E-006
   0.42245077468746478E-008  -0.384857032E-006
   0.42275890800233529E-008  -0.385679385E-006
   0.42306704131720579E-008  -0.386501029E-006
   0.42337517463207630E-008  -0.387579661E-006
   0.42368330794694681E-008  -0.388831154E-006
   0.42399144126181731E-008  -0.389881194E-006
   0.42429957457668782E-008  -0.390541516E-006
   0.42460770789155833E-008  -0.391338517E-006
   0.42491584120642883E-008  -0.392696364E-006
   0.42522397452129934E-008  -0.393954906E-006
   0.42553210783616985E-008  -0.394519816E-006
   0.42584024115104036E-008  -0.395097771E-006
   0.42614837446591086E-008  -0.396346650E-006
   0.42645650778078137E-008  -0.397631936E-006
   0.42676464109565188E-008  -0.398354047E-006
   0.42707277441052238E-008  -0.398973640E-006
   0.42738090772539289E-008  -0.399952995E-006
   0.42768904104026340E-008  -0.401075710E-006
   0.42799717435513390E-008  -0.402018685E-006
   0.42830530767000441E-008  -0.402699612E-006
   0.42861344098487492E-008  -0.403352487E-006
   0.42892157429974542E-008  -0.404392296E-006
   0.42922970761461593E-008  -0.405628924E-006
   0.42953784092948644E-008  -0.406339751E-006
   0.42984597424435694E-008  -0.406684421E-006
   0.43015410755922745E-008  -0.407579194E-006
   0.43046224087409796E-008  -0.408898131E-006
   0.43077037418896846E-008  -0.409707894E-006
   0.43107850750383897E-008  -0.410099318E-006
   0.43138664081870948E-008  -0.410854653E-006
   0.43169477413357998E-008  -0.411932916E-006
   0.43200290744845049E-008  -0.412808816E-006
   0.43231104076332100E-008  -0.413417951E-006
   0.43261917407819150E-008  -0.413987237E-006
   0.43292730739306201E-008  -0.414770227E-006
   0.43323544070793252E-008  -0.415840276E-006
   0.43354357402280302E-008  -0.416699947E-006
   0.43385170733767353E-008  -0.417008835E-006
   0.43415984065254404E-008  -0.417482568E-006
   0.43446797396741454E-008  -0.418643793E-006
   0.43477610728228505E-008  -0.419662086E-006
   0.43508424059715556E-008  -0.419963271E-006
   0.43539237391202606E-008  -0.420358219E-006
   0.43570050722689657E-008  -0.421347750E-006
   0.43600864054176708E-008  -0.422267931E-006
   0.43631677385663759E-008  -0.422749764E-006
   0.43662490717150809E-008  -0.423196127E-006
   0.43693304048637860E-008  -0.423865743E-006
   0.43724117380124911E-008  -0.424717570E-006
   0.43754930711611961E-008  -0.425542908E-006
   0.43785744043099012E-008  -0.425964771E-006
   0.43816557374586063E-008  -0.426190041E-006
   0.43847370706073113E-008  -0.426976698E-006
   0.43878184037560164E-008  -0.428097508E-006
   0.43908997369047215E-008  -0.428557883E-006
   0.43939810700534265E-008  -0.428615323E-006
   0.43970624032021316E-008  -0.429300826E-006
   0.44001437363508367E-008  -0.430330175E-006
   0.44032250694995417E-008  -0.430816272E-006
   0.44063064026482468E-008  -0.431024432E-006
   0.44093877357969519E-008  -0.431581242E-006
   0.44124690689456569E-008  -0.432342887E-006
   0.44155504020943620E-008  -0.432998831E-006
   0.44186317352430671E-008  -0.433447354E-006
   0.44217130683917721E-008  -0.433674415E-006
   0.44247944015404772E-008  -0.434103498E-006
   0.44278757346891823E-008  -0.435028795E-006
   0.44309570678378873E-008  -0.435724303E-006
   0.44340384009865924E-008  -0.435725070E-006
   0.44371197341352975E-008  -0.435955684E-006
   0.44402010672840025E-008  -0.436902752E-006
   0.44432824004327076E-008  -0.437588142E-006
   0.44463637335814127E-008  -0.437627648E-006
   0.44494450667301177E-008  -0.437896858E-006
   0.44525263998788228E-008  -0.438634515E-006
   0.44556077330275279E-008  -0.439226739E-006
   0.44586890661762330E-008  -0.439541509E-006
   0.44617703993249380E-008  -0.439789289E-006
   0.44648517324736431E-008  -0.440070664E-006
   0.44679330656223482E-008  -0.440653309E-006
   0.44710143987710532E-008  -0.441399465E-006
   0.44740957319197583E-008  -0.441603561E-006
   0.44771770650684634E-008  -0.441490670E-006
   0.44802583982171684E-008  -0.442050549E-006
   0.44833397313658735E-008  -0.442940774E-006
   0.44864210645145786E-008  -0.443097122E-006
   0.44895023976632836E-008  -0.442971384E-006
   0.44925837308119887E-008  -0.443508242E-006
   0.44956650639606938E-008  -0.444221200E-006
   0.44987463971093988E-008  -0.444425211E-006
   0.45018277302581039E-008  -0.444499420E-006
   0.45049090634068090E-008  -0.444789237E-006
   0.45079903965555140E-008  -0.445180234E-006
   0.45110717297042191E-008  -0.445684975E-006
   0.45141530628529242E-008  -0.446051217E-006
   0.45172343960016292E-008  -0.445965810E-006
   0.45203157291503343E-008  -0.446054599E-006
   0.45233970622990394E-008  -0.446799731E-006
   0.45264783954477444E-008  -0.447281792E-006
   0.45295597285964495E-008  -0.447012496E-006
   0.45326410617451546E-008  -0.447067123E-006
   0.45357223948938596E-008  -0.447816035E-006
   0.45388037280425647E-008  -0.448204958E-006
   0.45418850611912698E-008  -0.448021950E-006
   0.45449663943399748E-008  -0.448100337E-006
   0.45480477274886799E-008  -0.448528965E-006
   0.45511290606373850E-008  -0.448876307E-006
   0.45542103937860900E-008  -0.449104988E-006
   0.45572917269347951E-008  -0.449148843E-006
   0.45603730600835002E-008  -0.449074719E-006
   0.45634543932322053E-008  -0.449414699E-006
   0.45665357263809103E-008  -0.449991205E-006
   0.45696170595296154E-008  -0.449947947E-006
   0.45726983926783205E-008  -0.449635621E-006
   0.45757797258270255E-008  -0.450045121E-006
   0.45788610589757306E-008  -0.450652522E-006
   0.45819423921244357E-008  -0.450516268E-006
   0.45850237252731407E-008  -0.450240407E-006
   0.45881050584218458E-008  -0.450562226E-006
   0.45911863915705509E-008  -0.450961693E-006
   0.45942677247192559E-008  -0.451018053E-006
   0.45973490578679610E-008  -0.450999806E-006
   0.46004303910166661E-008  -0.450970191E-006
   0.46035117241653711E-008  -0.451018337E-006
   0.46065930573140762E-008  -0.451381879E-006
   0.46096743904627813E-008  -0.451591603E-006
   0.46127557236114863E-008  -0.451250827E-006
   0.46158370567601914E-008  -0.451160162E-006
   0.46189183899088965E-008  -0.451713674E-006
   0.46219997230576015E-008  -0.451890770E-006
   0.46250810562063066E-008  -0.451409704E-006
   0.46281623893550117E-008  -0.451336348E-006
   0.46312437225037167E-008  -0.451809257E-006
   0.46343250556524218E-008  -0.451933801E-006
   0.46374063888011269E-008  -0.451684940E-006
   0.46404877219498319E-008  -0.451590807E-006
   0.46435690550985370E-008  -0.451626761E-006
   0.46466503882472421E-008  -0.451734223E-006
   0.46497317213959471E-008  -0.451901258E-006
   0.46528130545446522E-008  -0.451738003E-006
   0.46558943876933573E-008  -0.451390406E-006
   0.46589757208420624E-008  -0.451578586E-006
   0.46620570539907674E-008  -0.451950456E-006
   0.46651383871394725E-008  -0.451618348E-006
   0.46682197202881776E-008  -0.451136231E-006
   0.46713010534368826E-008  -0.451388644E-006
   0.46743823865855877E-008  -0.451722656E-006
   0.46774637197342928E-008  -0.451417037E-006
   0.46805450528829978E-008  -0.451058810E-006
   0.46836263860317029E-008  -0.451084077E-006
   0.46867077191804080E-008  -0.451131882E-006
   0.46897890523291130E-008  -0.451093086E-006
   0.46928703854778181E-008  -0.450996623E-006
   0.46959517186265232E-008  -0.450687139E-006
   0.46990330517752282E-008  -0.450506803E-006
   0.47021143849239333E-008  -0.450737389E-006
   0.47051957180726384E-008  -0.450690237E-006
   0.47082770512213434E-008  -0.450102675E-006
   0.47113583843700485E-008  -0.449914126E-006
   0.47144397175187536E-008  -0.450276332E-006
   0.47175210506674586E-008  -0.450170830E-006
   0.47206023838161637E-008  -0.449581023E-006
   0.47236837169648688E-008  -0.449389205E-006
   0.47267650501135738E-008  -0.449503887E-006
   0.47298463832622789E-008  -0.449367292E-006
   0.47329277164109840E-008  -0.449113628E-006
   0.47360090495596890E-008  -0.448879689E-006
   0.47390903827083941E-008  -0.448588196E-006
   0.47421717158570992E-008  -0.448511457E-006
   0.47452530490058042E-008  -0.448558637E-006
   0.47483343821545093E-008  -0.448141776E-006
   0.47514157153032144E-008  -0.447593408E-006
   0.47544970484519194E-008  -0.447678076E-006
   0.47575783816006245E-008  -0.447833855E-006
   0.47606597147493296E-008  -0.447281735E-006
   0.47637410478980347E-008  -0.446707787E-006
   0.47668223810467397E-008  -0.446744195E-006
   0.47699037141954448E-008  -0.446736095E-006
   0.47729850473441499E-008  -0.446317586E-006
   0.47760663804928549E-008  -0.445962741E-006
   0.47791477136415600E-008  -0.445741023E-006
   0.47822290467902651E-008  -0.445471443E-006
   0.47853103799389701E-008  -0.445311230E-006
   0.47883917130876752E-008  -0.445084339E-006
   0.47914730462363803E-008  -0.444535999E-006
   0.47945543793850853E-008  -0.444201106E-006
   0.47976357125337904E-008  -0.444306750E-006
   0.48007170456824955E-008  -0.444040666E-006
   0.48037983788312005E-008  -0.443283909E-006
   0.48068797119799056E-008  -0.442961692E-006
   0.48099610451286107E-008  -0.443054773E-006
   0.48130423782773157E-008  -0.442728322E-006
   0.48161237114260208E-008  -0.442125952E-006
   0.48192050445747259E-008  -0.441821072E-006
   0.48222863777234309E-008  -0.441606204E-006
   0.48253677108721360E-008  -0.441257612E-006
   0.48284490440208411E-008  -0.440941108E-006
   0.48315303771695461E-008  -0.440530869E-006
   0.48346117103182512E-008  -0.440023115E-006
   0.48376930434669563E-008  -0.439829392E-006
   0.48407743766156613E-008  -0.439713403E-006
   0.48438557097643664E-008  -0.439084857E-006
   0.48469370429130715E-008  -0.438412656E-006
   0.48500183760617765E-008  -0.438327646E-006
   0.48530997092104816E-008  -0.438218933E-006
   0.48561810423591867E-008  -0.437558782E-006
   0.48592623755078918E-008  -0.436967753E-006
   0.48623437086565968E-008  -0.436767834E-006
   0.48654250418053019E-008  -0.436463068E-006
   0.48685063749540070E-008  -0.435959009E-006
   0.48715877081027120E-008  -0.435513101E-006
   0.48746690412514171E-008  -0.435051334E-006
   0.48777503744001222E-008  -0.434632398E-006
   0.48808317075488272E-008  -0.434399709E-006
   0.48839130406975323E-008  -0.433962612E-006
   0.48869943738462374E-008  -0.433200483E-006
   0.48900757069949424E-008  -0.432767791E-006
   0.48931570401436475E-008  -0.432700404E-006
   0.48962383732923526E-008  -0.432224425E-006
   0.48993197064410576E-008  -0.431418187E-006
   0.49024010395897627E-008  -0.431003485E-006
   0.49054823727384678E-008  -0.430796803E-006
   0.49085637058871728E-008  -0.430266567E-006
   0.49116450390358779E-008  -0.429643961E-006
   0.49147263721845830E-008  -0.429196433E-006
   0.49178077053332880E-008  -0.428745835E-006
   0.49208890384819931E-008  -0.428301206E-006
   0.49239703716306982E-008  -0.427883776E-006
   0.49270517047794032E-008  -0.427245965E-006
   0.49301330379281083E-008  -0.426579192E-006
   0.49332143710768134E-008  -0.426286107E-006
   0.49362957042255184E-008  -0.425979977E-006
   0.49393770373742235E-008  -0.425222709E-006
   0.49424583705229286E-008  -0.424522142E-006
   0.49455397036716336E-008  -0.424230990E-006
   0.49486210368203387E-008  -0.423820467E-006
   0.49517023699690438E-008  -0.423096196E-006
   0.49547837031177488E-008  -0.422502836E-006
   0.49578650362664539E-008  -0.422077505E-006
   0.49609463694151590E-008  -0.421560770E-006
   0.49640277025638641E-008  -0.421014448E-006
   0.49671090357125691E-008  -0.420435867E-006
   0.49701903688612742E-008  -0.419738058E-006
   0.49732717020099793E-008  -0.419202593E-006
   0.49763530351586843E-008  -0.418882877E-006
   0.49794343683073894E-008  -0.418285509E-006
   0.49825157014560945E-008  -0.417433085E-006
   0.49855970346047995E-008  -0.416902253E-006
   0.49886783677535046E-008  -0.416567246E-006
   0.49917597009022097E-008  -0.415901582E-006
   0.49948410340509147E-008  -0.415127261E-006
   0.49979223671996198E-008  -0.414628602E-006
   0.50010037003483249E-008  -0.414148616E-006
   0.50040850334970299E-008  -0.413487697E-006
   0.50071663666457350E-008  -0.412835362E-006
   0.50102476997944401E-008  -0.412199171E-006
   0.50133290329431451E-008  -0.411553032E-006
   0.50164103660918502E-008  -0.411059688E-006
   0.50194916992405553E-008  -0.410543265E-006
   0.50225730323892603E-008  -0.409730887E-006
   0.50256543655379654E-008  -0.408970209E-006
   0.50287356986866705E-008  -0.408548374E-006
   0.50318170318353755E-008  -0.408017115E-006
   0.50348983649840806E-008  -0.407171001E-006
   0.50379796981327857E-008  -0.406477938E-006
   0.50410610312814907E-008  -0.406014948E-006
   0.50441423644301958E-008  -0.405377449E-006
   0.50472236975789009E-008  -0.404597245E-006
   0.50503050307276059E-008  -0.403931722E-006
   0.50533863638763110E-008  -0.403299850E-006
   0.50564676970250161E-008  -0.402655331E-006
   0.50595490301737212E-008  -0.402067570E-006
   0.50626303633224262E-008  -0.401363081E-006
   0.50657116964711313E-008  -0.400529473E-006
   0.50687930296198364E-008  -0.399900784E-006
   0.50718743627685414E-008  -0.399399482E-006
   0.50749556959172465E-008  -0.398630789E-006
   0.50780370290659516E-008  -0.397778223E-006
   0.50811183622146566E-008  -0.397204957E-006
   0.50841996953633617E-008  -0.396643486E-006
   0.50872810285120668E-008  -0.395820649E-006
   0.50903623616607718E-008  -0.395017054E-006
   0.50934436948094769E-008  -0.394385978E-006
   0.50965250279581820E-008  -0.393729636E-006
   0.50996063611068870E-008  -0.393026255E-006
   0.51026876942555921E-008  -0.392320914E-006
   0.51057690274042972E-008  -0.391518796E-006
   0.51088503605530022E-008  -0.390738904E-006
   0.51119316937017073E-008  -0.390137245E-006
   0.51150130268504124E-008  -0.389466891E-006
   0.51180943599991174E-008  -0.388593833E-006
   0.51211756931478225E-008  -0.387840970E-006
   0.51242570262965276E-008  -0.387255028E-006
   0.51273383594452326E-008  -0.386491593E-006
   0.51304196925939377E-008  -0.385601055E-006
   0.51335010257426428E-008  -0.384885453E-006
   0.51365823588913478E-008  -0.384239229E-006
   0.51396636920400529E-008  -0.383474315E-006
   0.51427450251887580E-008  -0.382694878E-006
   0.51458263583374630E-008  -0.381924451E-006
   0.51489076914861681E-008  -0.381101302E-006
   0.51519890246348732E-008  -0.380360717E-006
   0.51550703577835782E-008  -0.379697411E-006
   0.51581516909322833E-008  -0.378881907E-006
   0.51612330240809884E-008  -0.378007229E-006
   0.51643143572296935E-008  -0.377312631E-006
   0.51673956903783985E-008  -0.376609137E-006
   0.51704770235271036E-008  -0.375708424E-006
   0.51735583566758087E-008  -0.374867057E-006
   0.51766396898245137E-008  -0.374196873E-006
   0.51797210229732188E-008  -0.373445289E-006
   0.51828023561219239E-008  -0.372583230E-006
   0.51858836892706289E-008  -0.371776196E-006
   0.51889650224193340E-008  -0.370974135E-006
   0.51920463555680391E-008  -0.370148030E-006
   0.51951276887167441E-008  -0.369402841E-006
   0.51982090218654492E-008  -0.368633408E-006
   0.52012903550141543E-008  -0.367733918E-006
   0.52043716881628593E-008  -0.366908210E-006
   0.52074530213115644E-008  -0.366200283E-006
   0.52105343544602695E-008  -0.365352662E-006
   0.52136156876089745E-008  -0.364416650E-006
   0.52166970207576796E-008  -0.363653726E-006
   0.52197783539063847E-008  -0.362931644E-006
   0.52228596870550897E-008  -0.362042385E-006
   0.52259410202037948E-008  -0.361153184E-006
   0.52290223533524999E-008  -0.360366016E-006
   0.52321036865012049E-008  -0.359526894E-006
   0.52351850196499100E-008  -0.358659179E-006
   0.52382663527986151E-008  -0.357866952E-006
   0.52413476859473201E-008  -0.357034025E-006
   0.52444290190960252E-008  -0.356137150E-006
   0.52475103522447303E-008  -0.355320111E-006
   0.52505916853934353E-008  -0.354499434E-006
   0.52536730185421404E-008  -0.353562882E-006
   0.52567543516908455E-008  -0.352701022E-006
   0.52598356848395506E-008  -0.351965781E-006
   0.52629170179882556E-008  -0.351103552E-006
   0.52659983511369607E-008  -0.350128772E-006
   0.52690796842856658E-008  -0.349280924E-006
   0.52721610174343708E-008  -0.348481052E-006
   0.52752423505830759E-008  -0.347573177E-006
   0.52783236837317810E-008  -0.346689262E-006
   0.52814050168804860E-008  -0.345874213E-006
   0.52844863500291911E-008  -0.344980890E-006
   0.52875676831778962E-008  -0.344062784E-006
   0.52906490163266012E-008  -0.343221103E-006
   0.52937303494753063E-008  -0.342332129E-006
   0.52968116826240114E-008  -0.341393360E-006
   0.52998930157727164E-008  -0.340568903E-006
   0.53029743489214215E-008  -0.339751608E-006
   0.53060556820701266E-008  -0.338775152E-006
   0.53091370152188316E-008  -0.337822001E-006
   0.53122183483675367E-008  -0.337011556E-006
   0.53152996815162418E-008  -0.336138157E-006
   0.53183810146649468E-008  -0.335171052E-006
   0.53214623478136519E-008  -0.334295322E-006
   0.53245436809623570E-008  -0.333449691E-006
   0.53276250141110620E-008  -0.332501941E-006
   0.53307063472597671E-008  -0.331564792E-006
   0.53337876804084722E-008  -0.330688238E-006
   0.53368690135571772E-008  -0.329766181E-006
   0.53399503467058823E-008  -0.328851371E-006
   0.53430316798545874E-008  -0.328001363E-006
   0.53461130130032924E-008  -0.327070410E-006
   0.53491943461519975E-008  -0.326065276E-006
   0.53522756793007026E-008  -0.325176615E-006
   0.53553570124494076E-008  -0.324332234E-006
   0.53584383455981127E-008  -0.323360979E-006
   0.53615196787468178E-008  -0.322395181E-006
   0.53646010118955229E-008  -0.321541563E-006
   0.53676823450442279E-008  -0.320630022E-006
   0.53707636781929330E-008  -0.319625656E-006
   0.53738450113416381E-008  -0.318688279E-006
   0.53769263444903431E-008  -0.317797742E-006
   0.53800076776390482E-008  -0.316864742E-006
   0.53830890107877533E-008  -0.315944362E-006
   0.53861703439364583E-008  -0.315017161E-006
   0.53892516770851634E-008  -0.314013732E-006
   0.53923330102338685E-008  -0.313056489E-006
   0.53954143433825735E-008  -0.312198040E-006
   0.53984956765312786E-008  -0.311252450E-006
   0.54015770096799837E-008  -0.310222219E-006
   0.54046583428286887E-008  -0.309313378E-006
   0.54077396759773938E-008  -0.308448620E-006
   0.54108210091260989E-008  -0.307435329E-006
   0.54139023422748039E-008  -0.306405070E-006
   0.54169836754235090E-008  -0.305506319E-006
   0.54200650085722141E-008  -0.304604839E-006
   0.54231463417209191E-008  -0.303628013E-006
   0.54262276748696242E-008  -0.302663949E-006
   0.54293090080183293E-008  -0.301691955E-006
   0.54323903411670343E-008  -0.300694751E-006
   0.54354716743157394E-008  -0.299767947E-006
   0.54385530074644445E-008  -0.298854161E-006
   0.54416343406131495E-008  -0.297832941E-006
   0.54447156737618546E-008  -0.296834060E-006
   0.54477970069105597E-008  -0.295952987E-006
   0.54508783400592647E-008  -0.294997875E-006
   0.54539596732079698E-008  -0.293918418E-006
   0.54570410063566749E-008  -0.292934430E-006
   0.54601223395053800E-008  -0.292059497E-006
   0.54632036726540850E-008  -0.291106574E-006
   0.54662850058027901E-008  -0.290083960E-006
   0.54693663389514952E-008  -0.289087609E-006
   0.54724476721002002E-008  -0.288096089E-006
   0.54755290052489053E-008  -0.287127079E-006
   0.54786103383976104E-008  -0.286201129E-006
   0.54816916715463154E-008  -0.285207676E-006
   0.54847730046950205E-008  -0.284156016E-006
   0.54878543378437256E-008  -0.283209943E-006
   0.54909356709924306E-008  -0.282300022E-006
   0.54940170041411357E-008  -0.281242905E-006
   0.54970983372898408E-008  -0.280171633E-006
   0.55001796704385458E-008  -0.279263787E-006
   0.55032610035872509E-008  -0.278357561E-006
   0.55063423367359560E-008  -0.277309653E-006
   0.55094236698846610E-008  -0.276258021E-006
   0.55125050030333661E-008  -0.275283583E-006
   0.55155863361820712E-008  -0.274311816E-006
   0.55186676693307762E-008  -0.273333086E-006
   0.55217490024794813E-008  -0.272341879E-006
   0.55248303356281864E-008  -0.271299683E-006
   0.55279116687768914E-008  -0.270295601E-006
   0.55309930019255965E-008  -0.269375988E-006
   0.55340743350743016E-008  -0.268371423E-006
   0.55371556682230066E-008  -0.267255928E-006
   0.55402370013717117E-008  -0.266259519E-006
   0.55433183345204168E-008  -0.265384926E-006
   0.55463996676691218E-008  -0.264388120E-006
   0.55494810008178269E-008  -0.263279873E-006
   0.55525623339665320E-008  -0.262257970E-006
   0.55556436671152370E-008  -0.261304848E-006
   0.55587250002639421E-008  -0.260311538E-006
   0.55618063334126472E-008  -0.259295319E-006
   0.55648876665613523E-008  -0.258271399E-006
   0.55679689997100573E-008  -0.257243698E-006
   0.55710503328587624E-008  -0.256270056E-006
   0.55741316660074675E-008  -0.255293514E-006
   0.55772129991561725E-008  -0.254205361E-006
   0.55802943323048776E-008  -0.253132697E-006
   0.55833756654535827E-008  -0.252220133E-006
   0.55864569986022877E-008  -0.251289492E-006
   0.55895383317509928E-008  -0.250181301E-006
   0.55926196648996979E-008  -0.249077573E-006
   0.55957009980484029E-008  -0.248119306E-006
   0.55987823311971080E-008  -0.247164905E-006
   0.56018636643458131E-008  -0.246120635E-006
   0.56049449974945181E-008  -0.245065877E-006
   0.56080263306432232E-008  -0.244047897E-006
   0.56111076637919283E-008  -0.243057031E-006
   0.56141889969406333E-008  -0.242063152E-006
   0.56172703300893384E-008  -0.240996911E-006
   0.56203516632380435E-008  -0.239901567E-006
   0.56234329963867485E-008  -0.238932273E-006
   0.56265143295354536E-008  -0.238028647E-006
   0.56295956626841587E-008  -0.236965889E-006
   0.56326769958328637E-008  -0.235802091E-006
   0.56357583289815688E-008  -0.234783656E-006
   0.56388396621302739E-008  -0.233873735E-006
   0.56419209952789789E-008  -0.232862419E-006
   0.56450023284276840E-008  -0.231761788E-006
   0.56480836615763891E-008  -0.230711720E-006
   0.56511649947250941E-008  -0.229725458E-006
   0.56542463278737992E-008  -0.228730400E-006
   0.56573276610225043E-008  -0.227673340E-006
   0.56604089941712094E-008  -0.226577370E-006
   0.56634903273199144E-008  -0.225557997E-006
   0.56665716604686195E-008  -0.224632913E-006
   0.56696529936173246E-008  -0.223621527E-006
   0.56727343267660296E-008  -0.222466454E-006
   0.56758156599147347E-008  -0.221381825E-006
   0.56788969930634398E-008  -0.220454339E-006
   0.56819783262121448E-008  -0.219485912E-006
   0.56850596593608499E-008  -0.218384301E-006
   0.56881409925095550E-008  -0.217294868E-006
   0.56912223256582600E-008  -0.216296229E-006
   0.56943036588069651E-008  -0.215308319E-006
   0.56973849919556702E-008  -0.214261789E-006
   0.57004663251043752E-008  -0.213169542E-006
   0.57035476582530803E-008  -0.212114159E-006
   0.57066289914017854E-008  -0.211154301E-006
   0.57097103245504904E-008  -0.210180929E-006
   0.57127916576991955E-008  -0.209063018E-006
   0.57158729908479006E-008  -0.207925083E-006
   0.57189543239966056E-008  -0.206950290E-006
   0.57220356571453107E-008  -0.206024069E-006
   0.57251169902940158E-008  -0.204950979E-006
   0.57281983234427208E-008  -0.203816953E-006
   0.57312796565914259E-008  -0.202792364E-006
   0.57343609897401310E-008  -0.201827973E-006
   0.57374423228888360E-008  -0.200792641E-006
   0.57405236560375411E-008  -0.199690220E-006
   0.57436049891862462E-008  -0.198618409E-006
   0.57466863223349512E-008  -0.197634236E-006
   0.57497676554836563E-008  -0.196667344E-006
   0.57528489886323614E-008  -0.195591326E-006
   0.57559303217810664E-008  -0.194445008E-006
   0.57590116549297715E-008  -0.193408127E-006
   0.57620929880784766E-008  -0.192478311E-006
   0.57651743212271817E-008  -0.191461524E-006
   0.57682556543758867E-008  -0.190330624E-006
   0.57713369875245918E-008  -0.189254735E-006
   0.57744183206732969E-008  -0.188277610E-006
   0.57774996538220019E-008  -0.187274907E-006
   0.57805809869707070E-008  -0.186187421E-006
   0.57836623201194121E-008  -0.185090528E-006
   0.57867436532681171E-008  -0.184074565E-006
   0.57898249864168222E-008  -0.183117834E-006
   0.57929063195655273E-008  -0.182085216E-006
   0.57959876527142323E-008  -0.180937022E-006
   0.57990689858629374E-008  -0.179843482E-006
   0.58021503190116425E-008  -0.178901360E-006
   0.58052316521603475E-008  -0.177936315E-006
   0.58083129853090526E-008  -0.176820734E-006
   0.58113943184577577E-008  -0.175703391E-006
   0.58144756516064627E-008  -0.174709243E-006
   0.58175569847551678E-008  -0.173728708E-006
   0.58206383179038729E-008  -0.172654794E-006
   0.58237196510525779E-008  -0.171552117E-006
   0.58268009842012830E-008  -0.170519854E-006
   0.58298823173499881E-008  -0.169552237E-006
   0.58329636504986931E-008  -0.168541959E-006
   0.58360449836473982E-008  -0.167417483E-006
   0.58391263167961033E-008  -0.166292651E-006
   0.58422076499448083E-008  -0.165317374E-006
   0.58452889830935134E-008  -0.164389476E-006
   0.58483703162422185E-008  -0.163311000E-006
   0.58514516493909235E-008  -0.162157392E-006
   0.58545329825396286E-008  -0.161128682E-006
   0.58576143156883337E-008  -0.160177564E-006
   0.58606956488370388E-008  -0.159135382E-006
   0.58637769819857438E-008  -0.158021976E-006
   0.58668583151344489E-008  -0.156965740E-006
   0.58699396482831540E-008  -0.155986655E-006
   0.58730209814318590E-008  -0.154993941E-006
   0.58761023145805641E-008  -0.153906129E-006
   0.58791836477292692E-008  -0.152775002E-006
   0.58822649808779742E-008  -0.151751578E-006
   0.58853463140266793E-008  -0.150827873E-006
   0.58884276471753844E-008  -0.149803626E-006
   0.58915089803240894E-008  -0.148649605E-006
   0.58945903134727945E-008  -0.147576870E-006
   0.58976716466214996E-008  -0.146631066E-006
   0.59007529797702046E-008  -0.145623346E-006
   0.59038343129189097E-008  -0.144509769E-006
   0.59069156460676148E-008  -0.143439422E-006
   0.59099969792163198E-008  -0.142458177E-006
   0.59130783123650249E-008  -0.141468973E-006
   0.59161596455137300E-008  -0.140402761E-006
   0.59192409786624350E-008  -0.139287877E-006
   0.59223223118111401E-008  -0.138231499E-006
   0.59254036449598452E-008  -0.137285355E-006
   0.59284849781085502E-008  -0.136311726E-006
   0.59315663112572553E-008  -0.135191343E-006
   0.59346476444059604E-008  -0.134070874E-006
   0.59377289775546654E-008  -0.133099945E-006
   0.59408103107033705E-008  -0.132140656E-006
   0.59438916438520756E-008  -0.131052573E-006
   0.59469729770007806E-008  -0.129954188E-006
   0.59500543101494857E-008  -0.128958831E-006
   0.59531356432981908E-008  -0.127984421E-006
   0.59562169764468958E-008  -0.126940535E-006
   0.59592983095956009E-008  -0.125842931E-006
   0.59623796427443060E-008  -0.124766146E-006
   0.59654609758930111E-008  -0.123787785E-006
   0.59685423090417161E-008  -0.122851489E-006
   0.59716236421904212E-008  -0.121787394E-006
   0.59747049753391263E-008  -0.120630105E-006
   0.59777863084878313E-008  -0.119607108E-006
   0.59808676416365364E-008  -0.118697066E-006
   0.59839489747852415E-008  -0.117662864E-006
   0.59870303079339465E-008  -0.116529080E-006
   0.59901116410826516E-008  -0.115505919E-006
   0.59931929742313567E-008  -0.114562120E-006
   0.59962743073800617E-008  -0.113534732E-006
