t              BoxCavity.fdtd_Point probe_Ez_5_10_7.dat
   0.00000000000000000E+000   0.000000000E+000
   0.30813331487050677E-011   0.000000000E+000
   0.61626662974101354E-011   0.000000000E+000
   0.92439994461152031E-011   0.000000000E+000
   0.12325332594820271E-010   0.315452491E-010
   0.15406665743525338E-010   0.125481542E-009
   0.18487998892230406E-010   0.249733123E-009
   0.21569332040935474E-010   0.367960634E-009
   0.24650665189640542E-010   0.487818008E-009
   0.27731998338345609E-010   0.576596326E-009
   0.30813331487050677E-010   0.562195790E-009
   0.33894664635755745E-010   0.420614266E-009
   0.36975997784460812E-010   0.129090433E-009
   0.40057330933165880E-010  -0.290796803E-009
   0.43138664081870948E-010  -0.555687829E-009
   0.46219997230576015E-010  -0.332942729E-009
   0.49301330379281083E-010   0.209561590E-009
   0.52382663527986151E-010   0.575886894E-009
   0.55463996676691218E-010   0.671510958E-009
   0.58545329825396286E-010   0.761209706E-009
   0.61626662974101354E-010   0.847978465E-009
   0.64707996122806422E-010   0.744604933E-009
   0.67789329271511489E-010   0.527604849E-009
   0.70870662420216557E-010   0.384080878E-009
   0.73951995568921625E-010   0.333688688E-009
   0.77033328717626692E-010   0.407302969E-009
   0.80114661866331760E-010   0.660508981E-009
   0.83195995015036828E-010   0.921973664E-009
   0.86277328163741895E-010   0.998737204E-009
   0.89358661312446963E-010   0.101436848E-008
   0.92439994461152031E-010   0.113742082E-008
   0.95521327609857098E-010   0.127231048E-008
   0.98602660758562166E-010   0.132397360E-008
   0.10168399390726723E-009   0.138428502E-008
   0.10476532705597230E-009   0.149196444E-008
   0.10784666020467737E-009   0.158157965E-008
   0.11092799335338244E-009   0.167667547E-008
   0.11400932650208750E-009   0.184192783E-008
   0.11709065965079257E-009   0.206076667E-008
   0.12017199279949764E-009   0.231077157E-008
   0.12325332594820271E-009   0.257348942E-008
   0.12633465909690778E-009   0.277646883E-008
   0.12941599224561284E-009   0.292180147E-008
   0.13249732539431791E-009   0.313368997E-008
   0.13557865854302298E-009   0.344012596E-008
   0.13865999169172805E-009   0.374053410E-008
   0.14174132484043311E-009   0.403154354E-008
   0.14482265798913818E-009   0.439157821E-008
   0.14790399113784325E-009   0.479204854E-008
   0.15098532428654832E-009   0.516860155E-008
   0.15406665743525338E-009   0.556682256E-008
   0.15714799058395845E-009   0.605200956E-008
   0.16022932373266352E-009   0.661026256E-008
   0.16331065688136859E-009   0.719742266E-008
   0.16639199003007366E-009   0.777184628E-008
   0.16947332317877872E-009   0.833170244E-008
   0.17255465632748379E-009   0.897174157E-008
   0.17563598947618886E-009   0.976961179E-008
   0.17871732262489393E-009   0.106438955E-007
   0.18179865577359899E-009   0.114911813E-007
   0.18487998892230406E-009   0.123677930E-007
   0.18796132207100913E-009   0.133735760E-007
   0.19104265521971420E-009   0.144930432E-007
   0.19412398836841926E-009   0.156705227E-007
   0.19720532151712433E-009   0.169041225E-007
   0.20028665466582940E-009   0.182282847E-007
   0.20336798781453447E-009   0.196939371E-007
   0.20644932096323954E-009   0.213187139E-007
   0.20953065411194460E-009   0.230328467E-007
   0.21261198726064967E-009   0.247809382E-007
   0.21569332040935474E-009   0.266536428E-007
   0.21877465355805981E-009   0.287786079E-007
   0.22185598670676487E-009   0.311394253E-007
   0.22493731985546994E-009   0.336237527E-007
   0.22801865300417501E-009   0.361739865E-007
   0.23109998615288008E-009   0.388539583E-007
   0.23418131930158514E-009   0.418192272E-007
   0.23726265245029021E-009   0.451608706E-007
   0.24034398559899528E-009   0.487595813E-007
   0.24342531874770035E-009   0.524322274E-007
   0.24650665189640542E-009   0.562447084E-007
   0.24958798504511048E-009   0.604716703E-007
   0.25266931819381555E-009   0.652170371E-007
   0.25575065134252062E-009   0.702877045E-007
   0.25883198449122569E-009   0.754823262E-007
   0.26191331763993075E-009   0.809049823E-007
   0.26499465078863582E-009   0.868996679E-007
   0.26807598393734089E-009   0.936209261E-007
   0.27115731708604596E-009   0.100789087E-006
   0.27423865023475102E-009   0.108067887E-006
   0.27731998338345609E-009   0.115646401E-006
   0.28040131653216116E-009   0.124094910E-006
   0.28348264968086623E-009   0.133581096E-006
   0.28656398282957130E-009   0.143629990E-006
   0.28964531597827636E-009   0.153808998E-006
   0.29272664912698143E-009   0.164415013E-006
   0.29580798227568650E-009   0.176198455E-006
   0.29888931542439157E-009   0.189403949E-006
   0.30197064857309663E-009   0.203418153E-006
   0.30505198172180170E-009   0.217607251E-006
   0.30813331487050677E-009   0.232350160E-006
   0.31121464801921184E-009   0.248712325E-006
   0.31429598116791690E-009   0.267014144E-006
   0.31737731431662197E-009   0.286378565E-006
   0.32045864746532704E-009   0.305989545E-006
   0.32353998061403211E-009   0.326396417E-006
   0.32662131376273718E-009   0.348985395E-006
   0.32970264691144224E-009   0.374172998E-006
   0.33278398006014731E-009   0.400812866E-006
   0.33586531320885238E-009   0.427770260E-006
   0.33894664635755745E-009   0.455754474E-006
   0.34202797950626251E-009   0.486706881E-006
   0.34510931265496758E-009   0.521218340E-006
   0.34819064580367265E-009   0.557657813E-006
   0.35127197895237772E-009   0.594459095E-006
   0.35435331210108278E-009   0.632622630E-006
   0.35743464524978785E-009   0.674773503E-006
   0.36051597839849292E-009   0.721706840E-006
   0.36359731154719799E-009   0.771242355E-006
   0.36667864469590306E-009   0.821219203E-006
   0.36975997784460812E-009   0.872922556E-006
   0.37284131099331319E-009   0.929940938E-006
   0.37592264414201826E-009   0.993397634E-006
   0.37900397729072333E-009   0.106028824E-005
   0.38208531043942839E-009   0.112766293E-005
   0.38516664358813346E-009   0.119730544E-005
   0.38824797673683853E-009   0.127403450E-005
   0.39132930988554360E-009   0.135928315E-005
   0.39441064303424866E-009   0.144901060E-005
   0.39749197618295373E-009   0.153928636E-005
   0.40057330933165880E-009   0.163247967E-005
   0.40365464248036387E-009   0.173503281E-005
   0.40673597562906894E-009   0.184886449E-005
   0.40981730877777400E-009   0.196850965E-005
   0.41289864192647907E-009   0.208867709E-005
   0.41597997507518414E-009   0.221257574E-005
   0.41906130822388921E-009   0.234879553E-005
   0.42214264137259427E-009   0.249980553E-005
   0.42522397452129934E-009   0.265831295E-005
   0.42830530767000441E-009   0.281733423E-005
   0.43138664081870948E-009   0.298109012E-005
   0.43446797396741454E-009   0.316085925E-005
   0.43754930711611961E-009   0.335987579E-005
   0.44063064026482468E-009   0.356852183E-005
   0.44371197341352975E-009   0.377758670E-005
   0.44679330656223482E-009   0.399260716E-005
   0.44987463971093988E-009   0.422835683E-005
   0.45295597285964495E-009   0.448900482E-005
   0.45603730600835002E-009   0.476191190E-005
   0.45911863915705509E-009   0.503504134E-005
   0.46219997230576015E-009   0.531561500E-005
   0.46528130545446522E-009   0.562283685E-005
   0.46836263860317029E-009   0.596205291E-005
   0.47144397175187536E-009   0.631674766E-005
   0.47452530490058042E-009   0.667126687E-005
   0.47760663804928549E-009   0.703498927E-005
   0.48068797119799056E-009   0.743273586E-005
   0.48376930434669563E-009   0.787132103E-005
   0.48685063749540070E-009   0.832936166E-005
   0.48993197064410576E-009   0.878665924E-005
   0.49301330379281083E-009   0.925524364E-005
   0.49609463694151590E-009   0.976695628E-005
   0.49917597009022097E-009   0.103304492E-004
   0.50225730323892603E-009   0.109181665E-004
   0.50533863638763110E-009   0.115041767E-004
   0.50841996953633617E-009   0.121039002E-004
   0.51150130268504124E-009   0.127579697E-004
   0.51458263583374630E-009   0.134772499E-004
   0.51766396898245137E-009   0.142264835E-004
   0.52074530213115644E-009   0.149726866E-004
   0.52382663527986151E-009   0.157354716E-004
   0.52690796842856658E-009   0.165662223E-004
   0.52998930157727164E-009   0.174784309E-004
   0.53307063472597671E-009   0.184273158E-004
   0.53615196787468178E-009   0.193712549E-004
   0.53923330102338685E-009   0.203350482E-004
   0.54231463417209191E-009   0.213832773E-004
   0.54539596732079698E-009   0.225326730E-004
   0.54847730046950205E-009   0.237268378E-004
   0.55155863361820712E-009   0.249134700E-004
   0.55463996676691218E-009   0.261235346E-004
   0.55772129991561725E-009   0.274376653E-004
   0.56080263306432232E-009   0.288764932E-004
   0.56388396621302739E-009   0.303693450E-004
   0.56696529936173246E-009   0.318510392E-004
   0.57004663251043752E-009   0.333602584E-004
   0.57312796565914259E-009   0.349969778E-004
   0.57620929880784766E-009   0.367862667E-004
   0.57929063195655273E-009   0.386403517E-004
   0.58237196510525779E-009   0.404788079E-004
   0.58545329825396286E-009   0.423493620E-004
   0.58853463140266793E-009   0.443747922E-004
   0.59161596455137300E-009   0.465854682E-004
   0.59469729770007806E-009   0.488731239E-004
   0.59777863084878313E-009   0.511389480E-004
   0.60085996399748820E-009   0.534415740E-004
   0.60394129714619327E-009   0.559311629E-004
   0.60702263029489834E-009   0.586441965E-004
   0.61010396344360340E-009   0.614480814E-004
   0.61318529659230847E-009   0.642226078E-004
   0.61626662974101354E-009   0.670392619E-004
   0.61934796288971861E-009   0.700798191E-004
   0.62242929603842367E-009   0.733877023E-004
   0.62551062918712874E-009   0.768018072E-004
   0.62859196233583381E-009   0.801765709E-004
   0.63167329548453888E-009   0.835984320E-004
   0.63475462863324394E-009   0.872864766E-004
   0.63783596178194901E-009   0.912922405E-004
   0.64091729493065408E-009   0.954211500E-004
   0.64399862807935915E-009   0.994986694E-004
   0.64707996122806422E-009   0.103629034E-003
   0.65016129437676928E-009   0.108073866E-003
   0.65324262752547435E-009   0.112893060E-003
   0.65632396067417942E-009   0.117853495E-003
   0.65940529382288449E-009   0.122747675E-003
   0.66248662697158955E-009   0.127699779E-003
   0.66556796012029462E-009   0.133019552E-003
   0.66864929326899969E-009   0.138776872E-003
   0.67173062641770476E-009   0.144695296E-003
   0.67481195956640982E-009   0.150529639E-003
   0.67789329271511489E-009   0.156426642E-003
   0.68097462586381996E-009   0.162751050E-003
   0.68405595901252503E-009   0.169584062E-003
   0.68713729216123010E-009   0.176599249E-003
   0.69021862530993516E-009   0.183508469E-003
   0.69329995845864023E-009   0.190484236E-003
   0.69638129160734530E-009   0.197952308E-003
   0.69946262475605037E-009   0.206004945E-003
   0.70254395790475543E-009   0.214260508E-003
   0.70562529105346050E-009   0.222385104E-003
   0.70870662420216557E-009   0.230579797E-003
   0.71178795735087064E-009   0.239336790E-003
   0.71486929049957570E-009   0.248761527E-003
   0.71795062364828077E-009   0.258412445E-003
   0.72103195679698584E-009   0.267903670E-003
   0.72411328994569091E-009   0.277466344E-003
   0.72719462309439598E-009   0.287665782E-003
   0.73027595624310104E-009   0.298620289E-003
   0.73335728939180611E-009   0.309820840E-003
   0.73643862254051118E-009   0.320827472E-003
   0.73951995568921625E-009   0.331907329E-003
   0.74260128883792131E-009   0.343702937E-003
   0.74568262198662638E-009   0.356344157E-003
   0.74876395513533145E-009   0.369252404E-003
   0.75184528828403652E-009   0.381931401E-003
   0.75492662143274158E-009   0.394682575E-003
   0.75800795458144665E-009   0.408228923E-003
   0.76108928773015172E-009   0.422715326E-003
   0.76417062087885679E-009   0.437488139E-003
   0.76725195402756186E-009   0.451987638E-003
   0.77033328717626692E-009   0.466554367E-003
   0.77341462032497199E-009   0.481999479E-003
   0.77649595347367706E-009   0.498479872E-003
   0.77957728662238213E-009   0.515261025E-003
   0.78265861977108719E-009   0.531722908E-003
   0.78573995291979226E-009   0.548248470E-003
   0.78882128606849733E-009   0.565733819E-003
   0.79190261921720240E-009   0.584346417E-003
   0.79498395236590746E-009   0.603273744E-003
   0.79806528551461253E-009   0.621833198E-003
   0.80114661866331760E-009   0.640445796E-003
   0.80422795181202267E-009   0.660094200E-003
   0.80730928496072774E-009   0.680958678E-003
   0.81039061810943280E-009   0.702145044E-003
   0.81347195125813787E-009   0.722908706E-003
   0.81655328440684294E-009   0.743714918E-003
   0.81963461755554801E-009   0.765632140E-003
   0.82271595070425307E-009   0.788847217E-003
   0.82579728385295814E-009   0.812387560E-003
   0.82887861700166321E-009   0.835452753E-003
   0.83195995015036828E-009   0.858545303E-003
   0.83504128329907334E-009   0.882808352E-003
   0.83812261644777841E-009   0.908438058E-003
   0.84120394959648348E-009   0.934391341E-003
   0.84428528274518855E-009   0.959812256E-003
   0.84736661589389362E-009   0.985239167E-003
   0.85044794904259868E-009   0.101189082E-002
   0.85352928219130375E-009   0.103996915E-002
   0.85661061534000882E-009   0.106836052E-002
   0.85969194848871389E-009   0.109616539E-002
   0.86277328163741895E-009   0.112395966E-002
   0.86585461478612402E-009   0.115301658E-002
   0.86893594793482909E-009   0.118353113E-002
   0.87201728108353416E-009   0.121433730E-002
   0.87509861423223922E-009   0.124450703E-002
   0.87817994738094429E-009   0.127464090E-002
   0.88126128052964936E-009   0.130605267E-002
   0.88434261367835443E-009   0.133894070E-002
   0.88742394682705950E-009   0.137210020E-002
   0.89050527997576456E-009   0.140457519E-002
   0.89358661312446963E-009   0.143698661E-002
   0.89666794627317470E-009   0.147067849E-002
   0.89974927942187977E-009   0.150583952E-002
   0.90283061257058483E-009   0.154123153E-002
   0.90591194571928990E-009   0.157589302E-002
   0.90899327886799497E-009   0.161046314E-002
   0.91207461201670004E-009   0.164628727E-002
   0.91515594516540510E-009   0.168353878E-002
   0.91823727831411017E-009   0.172097981E-002
   0.92131861146281524E-009   0.175766309E-002
   0.92439994461152031E-009   0.179422484E-002
   0.92748127776022538E-009   0.183198741E-002
   0.93056261090893044E-009   0.187111262E-002
   0.93364394405763551E-009   0.191037869E-002
   0.93672527720634058E-009   0.194886094E-002
   0.93980661035504565E-009   0.198718649E-002
   0.94288794350375071E-009   0.202663383E-002
   0.94596927665245578E-009   0.206733914E-002
   0.94905060980116085E-009   0.210811850E-002
   0.95213194294986592E-009   0.214810600E-002
   0.95521327609857098E-009   0.218791398E-002
   0.95829460924727605E-009   0.222873478E-002
   0.96137594239598112E-009   0.227067200E-002
   0.96445727554468619E-009   0.231262227E-002
   0.96753860869339126E-009   0.235379348E-002
   0.97061994184209632E-009   0.239474745E-002
   0.97370127499080139E-009   0.243656756E-002
   0.97678260813950646E-009   0.247933622E-002
   0.97986394128821153E-009   0.252203667E-002
   0.98294527443691659E-009   0.256396621E-002
   0.98602660758562166E-009   0.260566245E-002
   0.98910794073432673E-009   0.264807697E-002
   0.99218927388303180E-009   0.269122911E-002
   0.99527060703173686E-009   0.273422361E-002
   0.99835194018044193E-009   0.277649937E-002
   0.10014332733291470E-008   0.281851878E-002
   0.10045146064778521E-008   0.286103063E-002
   0.10075959396265571E-008   0.290403166E-002
   0.10106772727752622E-008   0.294681475E-002
   0.10137586059239673E-008   0.298894499E-002
   0.10168399390726723E-008   0.303078606E-002
   0.10199212722213774E-008   0.307290442E-002
   0.10230026053700825E-008   0.311525399E-002
   0.10260839385187875E-008   0.315728667E-002
   0.10291652716674926E-008   0.319873914E-002
   0.10322466048161977E-008   0.323989987E-002
   0.10353279379649027E-008   0.328107807E-002
   0.10384092711136078E-008   0.332216802E-002
   0.10414906042623129E-008   0.336287590E-002
   0.10445719374110179E-008   0.340313488E-002
   0.10476532705597230E-008   0.344308140E-002
   0.10507346037084281E-008   0.348275155E-002
   0.10538159368571332E-008   0.352202542E-002
   0.10568972700058382E-008   0.356085040E-002
   0.10599786031545433E-008   0.359933521E-002
   0.10630599363032484E-008   0.363750150E-002
   0.10661412694519534E-008   0.367511390E-002
   0.10692226026006585E-008   0.371198566E-002
   0.10723039357493636E-008   0.374831841E-002
   0.10753852688980686E-008   0.378446071E-002
   0.10784666020467737E-008   0.382031105E-002
   0.10815479351954788E-008   0.385531527E-002
   0.10846292683441838E-008   0.388923124E-002
   0.10877106014928889E-008   0.392254163E-002
   0.10907919346415940E-008   0.395581173E-002
   0.10938732677902990E-008   0.398879359E-002
   0.10969546009390041E-008   0.402062573E-002
   0.11000359340877092E-008   0.405101897E-002
   0.11031172672364142E-008   0.408074353E-002
   0.11061986003851193E-008   0.411060872E-002
   0.11092799335338244E-008   0.414023409E-002
   0.11123612666825294E-008   0.416842615E-002
   0.11154425998312345E-008   0.419482589E-002
   0.11185239329799396E-008   0.422049360E-002
   0.11216052661286446E-008   0.424648030E-002
   0.11246865992773497E-008   0.427225837E-002
   0.11277679324260548E-008   0.429631630E-002
   0.11308492655747598E-008   0.431826105E-002
   0.11339305987234649E-008   0.433944352E-002
   0.11370119318721700E-008   0.436112378E-002
   0.11400932650208750E-008   0.438262895E-002
   0.11431745981695801E-008   0.440215925E-002
   0.11462559313182852E-008   0.441928487E-002
   0.11493372644669902E-008   0.443562446E-002
   0.11524185976156953E-008   0.445264950E-002
   0.11554999307644004E-008   0.446955208E-002
   0.11585812639131055E-008   0.448423065E-002
   0.11616625970618105E-008   0.449621677E-002
   0.11647439302105156E-008   0.450741313E-002
   0.11678252633592207E-008   0.451949472E-002
   0.11709065965079257E-008   0.453149760E-002
   0.11739879296566308E-008   0.454105297E-002
   0.11770692628053359E-008   0.454769982E-002
   0.11801505959540409E-008   0.455359044E-002
   0.11832319291027460E-008   0.456053810E-002
   0.11863132622514511E-008   0.456743641E-002
   0.11893945954001561E-008   0.457170745E-002
   0.11924759285488612E-008   0.457289629E-002
   0.11955572616975663E-008   0.457336195E-002
   0.11986385948462713E-008   0.457504718E-002
   0.12017199279949764E-008   0.457673334E-002
   0.12048012611436815E-008   0.457565812E-002
   0.12078825942923865E-008   0.457137078E-002
   0.12109639274410916E-008   0.456640404E-002
   0.12140452605897967E-008   0.456280075E-002
   0.12171265937385017E-008   0.455924869E-002
   0.12202079268872068E-008   0.455285143E-002
   0.12232892600359119E-008   0.454316614E-002
   0.12263705931846169E-008   0.453285407E-002
   0.12294519263333220E-008   0.452402933E-002
   0.12325332594820271E-008   0.451531075E-002
   0.12356145926307321E-008   0.450370554E-002
   0.12386959257794372E-008   0.448878948E-002
   0.12417772589281423E-008   0.447331648E-002
   0.12448585920768473E-008   0.445942953E-002
   0.12479399252255524E-008   0.444569578E-002
   0.12510212583742575E-008   0.442909170E-002
   0.12541025915229626E-008   0.440921634E-002
   0.12571839246716676E-008   0.438885018E-002
   0.12602652578203727E-008   0.437013106E-002
   0.12633465909690778E-008   0.435161684E-002
   0.12664279241177828E-008   0.433030026E-002
   0.12695092572664879E-008   0.430580741E-002
   0.12725905904151930E-008   0.428090850E-002
   0.12756719235638980E-008   0.425769668E-002
   0.12787532567126031E-008   0.423472468E-002
   0.12818345898613082E-008   0.420905277E-002
   0.12849159230100132E-008   0.418035174E-002
   0.12879972561587183E-008   0.415133219E-002
   0.12910785893074234E-008   0.412400393E-002
   0.12941599224561284E-008   0.409695180E-002
   0.12972412556048335E-008   0.406735810E-002
   0.13003225887535386E-008   0.403493317E-002
   0.13034039219022436E-008   0.400228286E-002
   0.13064852550509487E-008   0.397130148E-002
   0.13095665881996538E-008   0.394061906E-002
   0.13126479213483588E-008   0.390757993E-002
   0.13157292544970639E-008   0.387194799E-002
   0.13188105876457690E-008   0.383618008E-002
   0.13218919207944740E-008   0.380202592E-002
   0.13249732539431791E-008   0.376819028E-002
   0.13280545870918842E-008   0.373222539E-002
   0.13311359202405892E-008   0.369394571E-002
   0.13342172533892943E-008   0.365562388E-002
   0.13372985865379994E-008   0.361883664E-002
   0.13403799196867044E-008   0.358238094E-002
   0.13434612528354095E-008   0.354405353E-002
   0.13465425859841146E-008   0.350371585E-002
   0.13496239191328196E-008   0.346340588E-002
   0.13527052522815247E-008   0.342451106E-002
   0.13557865854302298E-008   0.338595686E-002
   0.13588679185789349E-008   0.334581174E-002
   0.13619492517276399E-008   0.330397813E-002
   0.13650305848763450E-008   0.326225511E-002
   0.13681119180250501E-008   0.322182849E-002
   0.13711932511737551E-008   0.318173785E-002
   0.13742745843224602E-008   0.314034661E-002
   0.13773559174711653E-008   0.309762266E-002
   0.13804372506198703E-008   0.305507565E-002
   0.13835185837685754E-008   0.301363878E-002
   0.13865999169172805E-008   0.297250692E-002
   0.13896812500659855E-008   0.293039368E-002
   0.13927625832146906E-008   0.288731325E-002
   0.13958439163633957E-008   0.284446846E-002
   0.13989252495121007E-008   0.280256709E-002
   0.14020065826608058E-008   0.276095700E-002
   0.14050879158095109E-008   0.271866377E-002
   0.14081692489582159E-008   0.267575029E-002
   0.14112505821069210E-008   0.263313088E-002
   0.14143319152556261E-008   0.259126839E-002
   0.14174132484043311E-008   0.254965387E-002
   0.14204945815530362E-008   0.250765192E-002
   0.14235759147017413E-008   0.246537477E-002
   0.14266572478504463E-008   0.242342544E-002
   0.14297385809991514E-008   0.238204212E-002
   0.14328199141478565E-008   0.234088372E-002
   0.14359012472965615E-008   0.229963078E-002
   0.14389825804452666E-008   0.225842791E-002
   0.14420639135939717E-008   0.221759290E-002
   0.14451452467426767E-008   0.217714068E-002
   0.14482265798913818E-008   0.213686377E-002
   0.14513079130400869E-008   0.209674286E-002
   0.14543892461887920E-008   0.205696397E-002
   0.14574705793374970E-008   0.201756950E-002
   0.14605519124862021E-008   0.197837781E-002
   0.14636332456349072E-008   0.193933945E-002
   0.14667145787836122E-008   0.190070935E-002
   0.14697959119323173E-008   0.186267949E-002
   0.14728772450810224E-008   0.182504021E-002
   0.14759585782297274E-008   0.178744877E-002
   0.14790399113784325E-008   0.174998504E-002
   0.14821212445271376E-008   0.171313272E-002
   0.14852025776758426E-008   0.167709694E-002
   0.14882839108245477E-008   0.164144847E-002
   0.14913652439732528E-008   0.160569348E-002
   0.14944465771219578E-008   0.157003512E-002
   0.14975279102706629E-008   0.153517432E-002
   0.15006092434193680E-008   0.150132249E-002
   0.15036905765680730E-008   0.146785122E-002
   0.15067719097167781E-008   0.143414456E-002
   0.15098532428654832E-008   0.140051462E-002
   0.15129345760141882E-008   0.136783614E-002
   0.15160159091628933E-008   0.133631669E-002
   0.15190972423115984E-008   0.130515615E-002
   0.15221785754603034E-008   0.127363577E-002
   0.15252599086090085E-008   0.124216359E-002
   0.15283412417577136E-008   0.121176487E-002
   0.15314225749064186E-008   0.118264870E-002
   0.15345039080551237E-008   0.115387619E-002
   0.15375852412038288E-008   0.112463755E-002
   0.15406665743525338E-008   0.109541195E-002
   0.15437479075012389E-008   0.106735667E-002
   0.15468292406499440E-008   0.104069326E-002
   0.15499105737986490E-008   0.101435778E-002
   0.15529919069473541E-008   0.987451756E-003
   0.15560732400960592E-008   0.960522273E-003
   0.15591545732447643E-008   0.934837211E-003
   0.15622359063934693E-008   0.910605886E-003
   0.15653172395421744E-008   0.886663154E-003
   0.15683985726908795E-008   0.862071931E-003
   0.15714799058395845E-008   0.837439205E-003
   0.15745612389882896E-008   0.814098981E-003
   0.15776425721369947E-008   0.792255509E-003
   0.15807239052856997E-008   0.770681596E-003
   0.15838052384344048E-008   0.748397084E-003
   0.15868865715831099E-008   0.726035389E-003
   0.15899679047318149E-008   0.704980688E-003
   0.15930492378805200E-008   0.685430830E-003
   0.15961305710292251E-008   0.666112406E-003
   0.15992119041779301E-008   0.646042987E-003
   0.16022932373266352E-008   0.625894230E-003
   0.16053745704753403E-008   0.607052236E-003
   0.16084559036240453E-008   0.589682313E-003
   0.16115372367727504E-008   0.572509889E-003
   0.16146185699214555E-008   0.554580824E-003
   0.16176999030701605E-008   0.536567182E-003
   0.16207812362188656E-008   0.519823574E-003
   0.16238625693675707E-008   0.504500757E-003
   0.16269439025162757E-008   0.489345868E-003
   0.16300252356649808E-008   0.473434309E-003
   0.16331065688136859E-008   0.457433431E-003
   0.16361879019623909E-008   0.442655321E-003
   0.16392692351110960E-008   0.429228647E-003
   0.16423505682598011E-008   0.415944291E-003
   0.16454319014085061E-008   0.401931436E-003
   0.16485132345572112E-008   0.387832726E-003
   0.16515945677059163E-008   0.374884927E-003
   0.16546759008546214E-008   0.363202533E-003
   0.16577572340033264E-008   0.351642491E-003
   0.16608385671520315E-008   0.339383143E-003
   0.16639199003007366E-008   0.327032583E-003
   0.16670012334494416E-008   0.315759622E-003
   0.16700825665981467E-008   0.305669353E-003
   0.16731638997468518E-008   0.295681442E-003
   0.16762452328955568E-008   0.285026472E-003
   0.16793265660442619E-008   0.274279766E-003
   0.16824078991929670E-008   0.264533621E-003
   0.16854892323416720E-008   0.255881750E-003
   0.16885705654903771E-008   0.247314922E-003
   0.16916518986390822E-008   0.238117238E-003
   0.16947332317877872E-008   0.228825607E-003
   0.16978145649364923E-008   0.220455782E-003
   0.17008958980851974E-008   0.213090680E-003
   0.17039772312339024E-008   0.205789649E-003
   0.17070585643826075E-008   0.197893780E-003
   0.17101398975313126E-008   0.189908475E-003
   0.17132212306800176E-008   0.182771153E-003
   0.17163025638287227E-008   0.176548798E-003
   0.17193838969774278E-008   0.170371743E-003
   0.17224652301261328E-008   0.163641191E-003
   0.17255465632748379E-008   0.156826281E-003
   0.17286278964235430E-008   0.150779757E-003
   0.17317092295722480E-008   0.145553116E-003
   0.17347905627209531E-008   0.140354226E-003
   0.17378718958696582E-008   0.134650763E-003
   0.17409532290183632E-008   0.128875108E-003
   0.17440345621670683E-008   0.123789723E-003
   0.17471158953157734E-008   0.119429242E-003
   0.17501972284644784E-008   0.115082257E-003
   0.17532785616131835E-008   0.110281282E-003
   0.17563598947618886E-008   0.105417857E-003
   0.17594412279105937E-008   0.101167105E-003
   0.17625225610592987E-008   0.975519652E-004
   0.17656038942080038E-008   0.939400416E-004
   0.17686852273567089E-008   0.899250226E-004
   0.17717665605054139E-008   0.858572312E-004
   0.17748478936541190E-008   0.823249793E-004
   0.17779292268028241E-008   0.793424406E-004
   0.17810105599515291E-008   0.763602875E-004
   0.17840918931002342E-008   0.730289103E-004
   0.17871732262489393E-008   0.696497664E-004
   0.17902545593976443E-008   0.667302302E-004
   0.17933358925463494E-008   0.642852538E-004
   0.17964172256950545E-008   0.618407794E-004
   0.17994985588437595E-008   0.590921300E-004
   0.18025798919924646E-008   0.562994173E-004
   0.18056612251411697E-008   0.539016328E-004
   0.18087425582898747E-008   0.519107707E-004
   0.18118238914385798E-008   0.499186972E-004
   0.18149052245872849E-008   0.476649038E-004
   0.18179865577359899E-008   0.453714347E-004
   0.18210678908846950E-008   0.434131834E-004
   0.18241492240334001E-008   0.418026029E-004
   0.18272305571821051E-008   0.401911821E-004
   0.18303118903308102E-008   0.383531587E-004
   0.18333932234795153E-008   0.364783555E-004
   0.18364745566282203E-008   0.348899703E-004
   0.18395558897769254E-008   0.335971818E-004
   0.18426372229256305E-008   0.322996457E-004
   0.18457185560743355E-008   0.308074414E-004
   0.18487998892230406E-008   0.292852183E-004
   0.18518812223717457E-008   0.280051754E-004
   0.18549625555204508E-008   0.269722113E-004
   0.18580438886691558E-008   0.259332774E-004
   0.18611252218178609E-008   0.247300650E-004
   0.18642065549665660E-008   0.235020616E-004
   0.18672878881152710E-008   0.224771138E-004
   0.18703692212639761E-008   0.216561220E-004
   0.18734505544126812E-008   0.208262700E-004
   0.18765318875613862E-008   0.198601101E-004
   0.18796132207100913E-008   0.188770882E-004
   0.18826945538587964E-008   0.180622246E-004
   0.18857758870075014E-008   0.174120614E-004
   0.18888572201562065E-008   0.167530143E-004
   0.18919385533049116E-008   0.159829669E-004
   0.18950198864536166E-008   0.151994109E-004
   0.18981012196023217E-008   0.145531267E-004
   0.19011825527510268E-008   0.140410657E-004
   0.19042638858997318E-008   0.135210475E-004
   0.19073452190484369E-008   0.129108357E-004
   0.19104265521971420E-008   0.122904730E-004
   0.19135078853458470E-008   0.117800782E-004
   0.19165892184945521E-008   0.113763963E-004
   0.19196705516432572E-008   0.109680832E-004
   0.19227518847919622E-008   0.104897654E-004
   0.19258332179406673E-008   0.100017551E-004
   0.19289145510893724E-008   0.959927820E-005
   0.19319958842380774E-008   0.928276495E-005
   0.19350772173867825E-008   0.896361780E-005
   0.19381585505354876E-008   0.858798285E-005
   0.19412398836841926E-008   0.820470723E-005
   0.19443212168328977E-008   0.789032129E-005
   0.19474025499816028E-008   0.764387096E-005
   0.19504838831303078E-008   0.739516508E-005
   0.19535652162790129E-008   0.710259155E-005
   0.19566465494277180E-008   0.680367702E-005
   0.19597278825764231E-008   0.655810345E-005
   0.19628092157251281E-008   0.636658342E-005
   0.19658905488738332E-008   0.617396245E-005
   0.19689718820225383E-008   0.594621679E-005
   0.19720532151712433E-008   0.571333931E-005
   0.19751345483199484E-008   0.552264737E-005
   0.19782158814686535E-008   0.537348615E-005
   0.19812972146173585E-008   0.522339769E-005
   0.19843785477660636E-008   0.504802802E-005
   0.19874598809147687E-008   0.486954650E-005
   0.19905412140634737E-008   0.472183774E-005
   0.19936225472121788E-008   0.460493584E-005
   0.19967038803608839E-008   0.448828450E-005
   0.19997852135095889E-008   0.435349557E-005
   0.20028665466582940E-008   0.421676168E-005
   0.20059478798069991E-008   0.410277380E-005
   0.20090292129557041E-008   0.401076295E-005
   0.20121105461044092E-008   0.391944968E-005
   0.20151918792531143E-008   0.381709606E-005
   0.20182732124018193E-008   0.371362830E-005
   0.20213545455505244E-008   0.362464107E-005
   0.20244358786992295E-008   0.355180259E-005
   0.20275172118479345E-008   0.348228218E-005
   0.20305985449966396E-008   0.340556630E-005
   0.20336798781453447E-008   0.332626996E-005
   0.20367612112940497E-008   0.325634210E-005
   0.20398425444427548E-008   0.319858896E-005
   0.20429238775914599E-008   0.314485897E-005
   0.20460052107401649E-008   0.308779317E-005
   0.20490865438888700E-008   0.302840249E-005
   0.20521678770375751E-008   0.297331599E-005
   0.20552492101862802E-008   0.292715822E-005
   0.20583305433349852E-008   0.288684896E-005
   0.20614118764836903E-008   0.284478710E-005
   0.20644932096323954E-008   0.279908159E-005
   0.20675745427811004E-008   0.275594994E-005
   0.20706558759298055E-008   0.272012767E-005
   0.20737372090785106E-008   0.268890767E-005
   0.20768185422272156E-008   0.265717222E-005
   0.20798998753759207E-008   0.262336334E-005
   0.20829812085246258E-008   0.259006583E-005
   0.20860625416733308E-008   0.256128942E-005
   0.20891438748220359E-008   0.253784560E-005
   0.20922252079707410E-008   0.251539177E-005
   0.20953065411194460E-008   0.249008554E-005
   0.20983878742681511E-008   0.246401237E-005
   0.21014692074168562E-008   0.244150920E-005
   0.21045505405655612E-008   0.242341321E-005
   0.21076318737142663E-008   0.240724012E-005
   0.21107132068629714E-008   0.238977532E-005
   0.21137945400116764E-008   0.236973824E-005
   0.21168758731603815E-008   0.235057655E-005
   0.21199572063090866E-008   0.233722176E-005
   0.21230385394577916E-008   0.232805519E-005
   0.21261198726064967E-008   0.231610625E-005
   0.21292012057552018E-008   0.229963257E-005
   0.21322825389039068E-008   0.228464000E-005
   0.21353638720526119E-008   0.227586656E-005
   0.21384452052013170E-008   0.227069427E-005
   0.21415265383500220E-008   0.226286397E-005
   0.21446078714987271E-008   0.225020517E-005
   0.21476892046474322E-008   0.223816278E-005
   0.21507705377961372E-008   0.223319034E-005
   0.21538518709448423E-008   0.223252937E-005
   0.21569332040935474E-008   0.222723497E-005
   0.21600145372422525E-008   0.221624487E-005
   0.21630958703909575E-008   0.220823381E-005
   0.21661772035396626E-008   0.220785364E-005
   0.21692585366883677E-008   0.220932588E-005
   0.21723398698370727E-008   0.220577772E-005
   0.21754212029857778E-008   0.219826325E-005
   0.21785025361344829E-008   0.219356343E-005
   0.21815838692831879E-008   0.219543449E-005
   0.21846652024318930E-008   0.219931076E-005
   0.21877465355805981E-008   0.219808726E-005
   0.21908278687293031E-008   0.219281264E-005
   0.21939092018780082E-008   0.219137269E-005
   0.21969905350267133E-008   0.219609615E-005
   0.22000718681754183E-008   0.220085712E-005
   0.22031532013241234E-008   0.220125276E-005
   0.22062345344728285E-008   0.219994172E-005
   0.22093158676215335E-008   0.220147331E-005
   0.22123972007702386E-008   0.220698348E-005
   0.22154785339189437E-008   0.221345545E-005
   0.22185598670676487E-008   0.221681944E-005
   0.22216412002163538E-008   0.221757909E-005
   0.22247225333650589E-008   0.222104518E-005
   0.22278038665137639E-008   0.222927770E-005
   0.22308851996624690E-008   0.223767620E-005
   0.22339665328111741E-008   0.224242308E-005
   0.22370478659598791E-008   0.224568521E-005
   0.22401291991085842E-008   0.225151052E-005
   0.22432105322572893E-008   0.226101020E-005
   0.22462918654059943E-008   0.227163514E-005
   0.22493731985546994E-008   0.227937812E-005
   0.22524545317034045E-008   0.228406952E-005
   0.22555358648521096E-008   0.229119041E-005
   0.22586171980008146E-008   0.230381806E-005
   0.22616985311495197E-008   0.231680724E-005
   0.22647798642982248E-008   0.232494926E-005
   0.22678611974469298E-008   0.233141714E-005
   0.22709425305956349E-008   0.234209710E-005
   0.22740238637443400E-008   0.235678863E-005
   0.22771051968930450E-008   0.237058907E-005
   0.22801865300417501E-008   0.238060943E-005
   0.22832678631904552E-008   0.238943835E-005
   0.22863491963391602E-008   0.240240547E-005
   0.22894305294878653E-008   0.242001079E-005
   0.22925118626365704E-008   0.243576915E-005
   0.22955931957852754E-008   0.244600960E-005
   0.22986745289339805E-008   0.245660249E-005
   0.23017558620826856E-008   0.247349749E-005
   0.23048371952313906E-008   0.249305572E-005
   0.23079185283800957E-008   0.250873677E-005
   0.23109998615288008E-008   0.252120435E-005
   0.23140811946775058E-008   0.253586722E-005
   0.23171625278262109E-008   0.255485793E-005
   0.23202438609749160E-008   0.257509191E-005
   0.23233251941236210E-008   0.259248895E-005
   0.23264065272723261E-008   0.260735192E-005
   0.23294878604210312E-008   0.262447179E-005
   0.23325691935697362E-008   0.264602932E-005
   0.23356505267184413E-008   0.266782104E-005
   0.23387318598671464E-008   0.268611643E-005
   0.23418131930158514E-008   0.270349619E-005
   0.23448945261645565E-008   0.272391458E-005
   0.23479758593132616E-008   0.274685385E-005
   0.23510571924619666E-008   0.276944456E-005
   0.23541385256106717E-008   0.279045980E-005
   0.23572198587593768E-008   0.281089683E-005
   0.23603011919080819E-008   0.283289501E-005
   0.23633825250567869E-008   0.285739543E-005
   0.23664638582054920E-008   0.288238220E-005
   0.23695451913541971E-008   0.290560638E-005
   0.23726265245029021E-008   0.292807681E-005
   0.23757078576516072E-008   0.295223913E-005
   0.23787891908003123E-008   0.297848760E-005
   0.23818705239490173E-008   0.300533748E-005
   0.23849518570977224E-008   0.303116758E-005
   0.23880331902464275E-008   0.305571098E-005
   0.23911145233951325E-008   0.308119502E-005
   0.23941958565438376E-008   0.310985365E-005
   0.23972771896925427E-008   0.313972714E-005
   0.24003585228412477E-008   0.316706223E-005
   0.24034398559899528E-008   0.319270544E-005
   0.24065211891386579E-008   0.322093251E-005
   0.24096025222873629E-008   0.325251835E-005
   0.24126838554360680E-008   0.328388660E-005
   0.24157651885847731E-008   0.331260799E-005
   0.24188465217334781E-008   0.334046217E-005
   0.24219278548821832E-008   0.337107440E-005
   0.24250091880308883E-008   0.340515021E-005
   0.24280905211795933E-008   0.343877127E-005
   0.24311718543282984E-008   0.346876277E-005
   0.24342531874770035E-008   0.349828315E-005
   0.24373345206257085E-008   0.353219593E-005
   0.24404158537744136E-008   0.356890223E-005
   0.24434971869231187E-008   0.360310969E-005
   0.24465785200718237E-008   0.363455706E-005
   0.24496598532205288E-008   0.366762242E-005
   0.24527411863692339E-008   0.370414296E-005
   0.24558225195179390E-008   0.374160413E-005
   0.24589038526666440E-008   0.377726815E-005
   0.24619851858153491E-008   0.381149266E-005
   0.24650665189640542E-008   0.384721034E-005
   0.24681478521127592E-008   0.388595117E-005
   0.24712291852614643E-008   0.392515631E-005
   0.24743105184101694E-008   0.396200858E-005
   0.24773918515588744E-008   0.399825194E-005
   0.24804731847075795E-008   0.403711965E-005
   0.24835545178562846E-008   0.407787275E-005
   0.24866358510049896E-008   0.411781457E-005
   0.24897171841536947E-008   0.415690965E-005
   0.24927985173023998E-008   0.419667549E-005
   0.24958798504511048E-008   0.423741585E-005
   0.24989611835998099E-008   0.427884561E-005
   0.25020425167485150E-008   0.432082606E-005
   0.25051238498972200E-008   0.436281152E-005
   0.25082051830459251E-008   0.440459507E-005
   0.25112865161946302E-008   0.444693251E-005
   0.25143678493433352E-008   0.449025265E-005
   0.25174491824920403E-008   0.453413531E-005
   0.25205305156407454E-008   0.457819760E-005
   0.25236118487894504E-008   0.462218895E-005
   0.25266931819381555E-008   0.466616166E-005
   0.25297745150868606E-008   0.471114299E-005
   0.25328558482355656E-008   0.475768229E-005
   0.25359371813842707E-008   0.480414474E-005
   0.25390185145329758E-008   0.484916154E-005
   0.25420998476816808E-008   0.489447211E-005
   0.25451811808303859E-008   0.494224560E-005
   0.25482625139790910E-008   0.499131920E-005
   0.25513438471277960E-008   0.503907586E-005
   0.25544251802765011E-008   0.508551966E-005
   0.25575065134252062E-008   0.513308487E-005
   0.25605878465739113E-008   0.518309571E-005
   0.25636691797226163E-008   0.523389645E-005
   0.25667505128713214E-008   0.528308283E-005
   0.25698318460200265E-008   0.533120101E-005
   0.25729131791687315E-008   0.538123822E-005
   0.25759945123174366E-008   0.543374335E-005
   0.25790758454661417E-008   0.548565777E-005
   0.25821571786148467E-008   0.553556583E-005
   0.25852385117635518E-008   0.558616875E-005
   0.25883198449122569E-008   0.563945696E-005
   0.25914011780609619E-008   0.569343138E-005
   0.25944825112096670E-008   0.574578826E-005
   0.25975638443583721E-008   0.579748439E-005
   0.26006451775070771E-008   0.585076577E-005
   0.26037265106557822E-008   0.590587752E-005
   0.26068078438044873E-008   0.596105747E-005
   0.26098891769531923E-008   0.601504507E-005
   0.26129705101018974E-008   0.606887033E-005
   0.26160518432506025E-008   0.612435861E-005
   0.26191331763993075E-008   0.618109152E-005
   0.26222145095480126E-008   0.623704454E-005
   0.26252958426967177E-008   0.629230226E-005
   0.26283771758454227E-008   0.634890966E-005
   0.26314585089941278E-008   0.640691860E-005
   0.26345398421428329E-008   0.646436956E-005
   0.26376211752915379E-008   0.652111703E-005
   0.26407025084402430E-008   0.657886039E-005
   0.26437838415889481E-008   0.663779292E-005
   0.26468651747376531E-008   0.669660722E-005
   0.26499465078863582E-008   0.675509773E-005
   0.26530278410350633E-008   0.681416441E-005
   0.26561091741837684E-008   0.687406919E-005
   0.26591905073324734E-008   0.693423272E-005
   0.26622718404811785E-008   0.699413886E-005
   0.26653531736298836E-008   0.705405409E-005
   0.26684345067785886E-008   0.711495341E-005
   0.26715158399272937E-008   0.717698822E-005
   0.26745971730759988E-008   0.723868106E-005
   0.26776785062247038E-008   0.729932526E-005
   0.26807598393734089E-008   0.736067432E-005
   0.26838411725221140E-008   0.742394832E-005
   0.26869225056708190E-008   0.748742696E-005
   0.26900038388195241E-008   0.754957318E-005
   0.26930851719682292E-008   0.761180581E-005
   0.26961665051169342E-008   0.767574147E-005
   0.26992478382656393E-008   0.774042655E-005
   0.27023291714143444E-008   0.780427217E-005
   0.27054105045630494E-008   0.786758665E-005
   0.27084918377117545E-008   0.793186427E-005
   0.27115731708604596E-008   0.799763438E-005
   0.27146545040091646E-008   0.806361095E-005
   0.27177358371578697E-008   0.812831331E-005
   0.27208171703065748E-008   0.819260458E-005
   0.27238985034552798E-008   0.825876577E-005
   0.27269798366039849E-008   0.832652586E-005
   0.27300611697526900E-008   0.839320546E-005
   0.27331425029013950E-008   0.845848172E-005
   0.27362238360501001E-008   0.852495486E-005
   0.27393051691988052E-008   0.859337342E-005
   0.27423865023475102E-008   0.866154096E-005
   0.27454678354962153E-008   0.872838973E-005
   0.27485491686449204E-008   0.879545132E-005
   0.27516305017936254E-008   0.886406178E-005
   0.27547118349423305E-008   0.893357173E-005
   0.27577931680910356E-008   0.900244777E-005
   0.27608745012397407E-008   0.907033609E-005
   0.27639558343884457E-008   0.913879740E-005
   0.27670371675371508E-008   0.920905222E-005
   0.27701185006858559E-008   0.927966175E-005
   0.27731998338345609E-008   0.934883155E-005
   0.27762811669832660E-008   0.941780308E-005
   0.27793625001319711E-008   0.948858997E-005
   0.27824438332806761E-008   0.956018175E-005
   0.27855251664293812E-008   0.963061848E-005
   0.27886064995780863E-008   0.970058227E-005
   0.27916878327267913E-008   0.977177297E-005
   0.27947691658754964E-008   0.984396229E-005
   0.27978504990242015E-008   0.991582237E-005
   0.28009318321729065E-008   0.998696578E-005
   0.28040131653216116E-008   0.100582538E-004
   0.28070944984703167E-008   0.101307605E-004
   0.28101758316190217E-008   0.102041286E-004
   0.28132571647677268E-008   0.102766880E-004
   0.28163384979164319E-008   0.103483353E-004
   0.28194198310651369E-008   0.104210822E-004
   0.28225011642138420E-008   0.104952996E-004
   0.28255824973625471E-008   0.105688950E-004
   0.28286638305112521E-008   0.106414154E-004
   0.28317451636599572E-008   0.107148026E-004
   0.28348264968086623E-008   0.107895157E-004
   0.28379078299573673E-008   0.108639642E-004
   0.28409891631060724E-008   0.109375896E-004
   0.28440704962547775E-008   0.110113651E-004
   0.28471518294034825E-008   0.110860474E-004
   0.28502331625521876E-008   0.111615082E-004
   0.28533144957008927E-008   0.112367807E-004
   0.28563958288495978E-008   0.113110818E-004
   0.28594771619983028E-008   0.113855049E-004
   0.28625584951470079E-008   0.114615368E-004
   0.28656398282957130E-008   0.115380217E-004
   0.28687211614444180E-008   0.116131005E-004
   0.28718024945931231E-008   0.116879191E-004
   0.28748838277418282E-008   0.117643694E-004
   0.28779651608905332E-008   0.118414164E-004
   0.28810464940392383E-008   0.119173765E-004
   0.28841278271879434E-008   0.119929309E-004
   0.28872091603366484E-008   0.120693430E-004
   0.28902904934853535E-008   0.121465328E-004
   0.28933718266340586E-008   0.122238498E-004
   0.28964531597827636E-008   0.123006603E-004
   0.28995344929314687E-008   0.123769278E-004
   0.29026158260801738E-008   0.124538819E-004
   0.29056971592288788E-008   0.125320721E-004
   0.29087784923775839E-008   0.126098785E-004
   0.29118598255262890E-008   0.126865561E-004
   0.29149411586749940E-008   0.127639005E-004
   0.29180224918236991E-008   0.128425481E-004
   0.29211038249724042E-008   0.129207083E-004
   0.29241851581211092E-008   0.129979371E-004
   0.29272664912698143E-008   0.130757298E-004
   0.29303478244185194E-008   0.131543720E-004
   0.29334291575672244E-008   0.132329924E-004
   0.29365104907159295E-008   0.133114218E-004
   0.29395918238646346E-008   0.133896965E-004
   0.29426731570133396E-008   0.134679158E-004
   0.29457544901620447E-008   0.135468354E-004
   0.29488358233107498E-008   0.136262961E-004
   0.29519171564594548E-008   0.137049619E-004
   0.29549984896081599E-008   0.137831967E-004
   0.29580798227568650E-008   0.138625974E-004
   0.29611611559055701E-008   0.139424756E-004
   0.29642424890542751E-008   0.140212578E-004
   0.29673238222029802E-008   0.140999173E-004
   0.29704051553516853E-008   0.141797454E-004
   0.29734864885003903E-008   0.142596855E-004
   0.29765678216490954E-008   0.143389288E-004
   0.29796491547978005E-008   0.144183377E-004
   0.29827304879465055E-008   0.144981059E-004
   0.29858118210952106E-008   0.145777749E-004
   0.29888931542439157E-008   0.146577222E-004
   0.29919744873926207E-008   0.147378705E-004
   0.29950558205413258E-008   0.148174850E-004
   0.29981371536900309E-008   0.148971894E-004
   0.30012184868387359E-008   0.149777325E-004
   0.30042998199874410E-008   0.150579835E-004
   0.30073811531361461E-008   0.151374752E-004
   0.30104624862848511E-008   0.152177063E-004
   0.30135438194335562E-008   0.152987359E-004
   0.30166251525822613E-008   0.153789497E-004
   0.30197064857309663E-008   0.154586724E-004
   0.30227878188796714E-008   0.155392354E-004
   0.30258691520283765E-008   0.156200022E-004
   0.30289504851770815E-008   0.157001923E-004
   0.30320318183257866E-008   0.157806171E-004
   0.30351131514744917E-008   0.158614184E-004
   0.30381944846231967E-008   0.159418705E-004
   0.30412758177719018E-008   0.160223826E-004
   0.30443571509206069E-008   0.161032985E-004
   0.30474384840693119E-008   0.161838088E-004
   0.30505198172180170E-008   0.162641718E-004
   0.30536011503667221E-008   0.163453678E-004
   0.30566824835154272E-008   0.164265020E-004
   0.30597638166641322E-008   0.165066213E-004
   0.30628451498128373E-008   0.165870697E-004
   0.30659264829615424E-008   0.166685259E-004
   0.30690078161102474E-008   0.167494873E-004
   0.30720891492589525E-008   0.168297356E-004
   0.30751704824076576E-008   0.169106352E-004
   0.30782518155563626E-008   0.169919349E-004
   0.30813331487050677E-008   0.170726235E-004
   0.30844144818537728E-008   0.171532192E-004
   0.30874958150024778E-008   0.172341661E-004
   0.30905771481511829E-008   0.173149965E-004
   0.30936584812998880E-008   0.173960252E-004
   0.30967398144485930E-008   0.174774250E-004
   0.30998211475972981E-008   0.175580863E-004
   0.31029024807460032E-008   0.176381418E-004
   0.31059838138947082E-008   0.177192196E-004
   0.31090651470434133E-008   0.178008613E-004
   0.31121464801921184E-008   0.178813425E-004
   0.31152278133408234E-008   0.179614581E-004
   0.31183091464895285E-008   0.180427196E-004
   0.31213904796382336E-008   0.181241176E-004
   0.31244718127869386E-008   0.182045278E-004
   0.31275531459356437E-008   0.182848780E-004
   0.31306344790843488E-008   0.183658085E-004
   0.31337158122330538E-008   0.184467954E-004
   0.31367971453817589E-008   0.185277058E-004
   0.31398784785304640E-008   0.186083962E-004
   0.31429598116791690E-008   0.186885336E-004
   0.31460411448278741E-008   0.187689639E-004
   0.31491224779765792E-008   0.188503236E-004
   0.31522038111252842E-008   0.189311977E-004
   0.31552851442739893E-008   0.190108985E-004
   0.31583664774226944E-008   0.190911833E-004
   0.31614478105713995E-008   0.191725867E-004
   0.31645291437201045E-008   0.192532498E-004
   0.31676104768688096E-008   0.193328233E-004
   0.31706918100175147E-008   0.194129389E-004
   0.31737731431662197E-008   0.194938584E-004
   0.31768544763149248E-008   0.195745397E-004
   0.31799358094636299E-008   0.196547007E-004
   0.31830171426123349E-008   0.197345216E-004
   0.31860984757610400E-008   0.198143298E-004
   0.31891798089097451E-008   0.198948001E-004
   0.31922611420584501E-008   0.199755050E-004
   0.31953424752071552E-008   0.200551422E-004
   0.31984238083558603E-008   0.201343519E-004
   0.32015051415045653E-008   0.202147967E-004
   0.32045864746532704E-008   0.202955689E-004
   0.32076678078019755E-008   0.203748550E-004
   0.32107491409506805E-008   0.204536736E-004
   0.32138304740993856E-008   0.205337456E-004
   0.32169118072480907E-008   0.206142377E-004
   0.32199931403967957E-008   0.206937857E-004
   0.32230744735455008E-008   0.207727608E-004
   0.32261558066942059E-008   0.208519505E-004
   0.32292371398429109E-008   0.209315658E-004
   0.32323184729916160E-008   0.210114358E-004
   0.32353998061403211E-008   0.210907547E-004
   0.32384811392890261E-008   0.211692222E-004
   0.32415624724377312E-008   0.212481937E-004
   0.32446438055864363E-008   0.213282456E-004
   0.32477251387351413E-008   0.214075608E-004
   0.32508064718838464E-008   0.214854117E-004
   0.32538878050325515E-008   0.215638120E-004
   0.32569691381812566E-008   0.216435874E-004
   0.32600504713299616E-008   0.217228771E-004
   0.32631318044786667E-008   0.218008299E-004
   0.32662131376273718E-008   0.218787791E-004
   0.32692944707760768E-008   0.219575304E-004
   0.32723758039247819E-008   0.220364927E-004
   0.32754571370734870E-008   0.221149530E-004
   0.32785384702221920E-008   0.221927166E-004
   0.32816198033708971E-008   0.222704402E-004
   0.32847011365196022E-008   0.223489878E-004
   0.32877824696683072E-008   0.224276773E-004
   0.32908638028170123E-008   0.225051172E-004
   0.32939451359657174E-008   0.225820186E-004
   0.32970264691144224E-008   0.226601042E-004
   0.33001078022631275E-008   0.227387445E-004
   0.33031891354118326E-008   0.228161607E-004
   0.33062704685605376E-008   0.228927638E-004
   0.33093518017092427E-008   0.229700854E-004
   0.33124331348579478E-008   0.230480273E-004
   0.33155144680066528E-008   0.231254780E-004
   0.33185958011553579E-008   0.232021557E-004
   0.33216771343040630E-008   0.232786879E-004
   0.33247584674527680E-008   0.233557930E-004
   0.33278398006014731E-008   0.234333147E-004
   0.33309211337501782E-008   0.235100943E-004
   0.33340024668988832E-008   0.235858388E-004
   0.33370838000475883E-008   0.236620435E-004
   0.33401651331962934E-008   0.237393651E-004
   0.33432464663449984E-008   0.238161829E-004
   0.33463277994937035E-008   0.238915836E-004
   0.33494091326424086E-008   0.239670662E-004
   0.33524904657911136E-008   0.240436784E-004
   0.33555717989398187E-008   0.241202761E-004
   0.33586531320885238E-008   0.241957732E-004
   0.33617344652372289E-008   0.242707974E-004
   0.33648157983859339E-008   0.243463655E-004
   0.33678971315346390E-008   0.244224320E-004
   0.33709784646833441E-008   0.244980856E-004
   0.33740597978320491E-008   0.245728115E-004
   0.33771411309807542E-008   0.246474228E-004
   0.33802224641294593E-008   0.247229164E-004
   0.33833037972781643E-008   0.247986263E-004
   0.33863851304268694E-008   0.248731831E-004
   0.33894664635755745E-008   0.249470140E-004
   0.33925477967242795E-008   0.250216472E-004
   0.33956291298729846E-008   0.250969588E-004
   0.33987104630216897E-008   0.251714737E-004
   0.34017917961703947E-008   0.252449918E-004
   0.34048731293190998E-008   0.253187518E-004
   0.34079544624678049E-008   0.253932922E-004
   0.34110357956165099E-008   0.254677234E-004
   0.34141171287652150E-008   0.255411996E-004
   0.34171984619139201E-008   0.256142121E-004
   0.34202797950626251E-008   0.256878557E-004
   0.34233611282113302E-008   0.257620377E-004
   0.34264424613600353E-008   0.258354703E-004
   0.34295237945087403E-008   0.259078479E-004
   0.34326051276574454E-008   0.259805056E-004
   0.34356864608061505E-008   0.260541219E-004
   0.34387677939548555E-008   0.261274799E-004
   0.34418491271035606E-008   0.261996338E-004
   0.34449304602522657E-008   0.262715403E-004
   0.34480117934009707E-008   0.263443053E-004
   0.34510931265496758E-008   0.264173195E-004
   0.34541744596983809E-008   0.264894097E-004
   0.34572557928470860E-008   0.265607796E-004
   0.34603371259957910E-008   0.266325696E-004
   0.34634184591444961E-008   0.267049782E-004
   0.34664997922932012E-008   0.267769810E-004
   0.34695811254419062E-008   0.268480053E-004
   0.34726624585906113E-008   0.269188622E-004
   0.34757437917393164E-008   0.269904522E-004
   0.34788251248880214E-008   0.270622659E-004
   0.34819064580367265E-008   0.271331846E-004
   0.34849877911854316E-008   0.272033649E-004
   0.34880691243341366E-008   0.272740108E-004
   0.34911504574828417E-008   0.273453243E-004
   0.34942317906315468E-008   0.274161157E-004
   0.34973131237802518E-008   0.274858467E-004
   0.35003944569289569E-008   0.275555849E-004
   0.35034757900776620E-008   0.276261471E-004
   0.35065571232263670E-008   0.276966930E-004
   0.35096384563750721E-008   0.277662184E-004
   0.35127197895237772E-008   0.278352491E-004
   0.35158011226724822E-008   0.279048636E-004
   0.35188824558211873E-008   0.279749092E-004
   0.35219637889698924E-008   0.280443383E-004
   0.35250451221185974E-008   0.281129014E-004
   0.35281264552673025E-008   0.281814973E-004
   0.35312077884160076E-008   0.282507553E-004
   0.35342891215647126E-008   0.283200134E-004
   0.35373704547134177E-008   0.283883364E-004
   0.35404517878621228E-008   0.284561411E-004
   0.35435331210108278E-008   0.285245496E-004
   0.35466144541595329E-008   0.285933820E-004
   0.35496957873082380E-008   0.286614304E-004
   0.35527771204569430E-008   0.287286439E-004
   0.35558584536056481E-008   0.287961884E-004
   0.35589397867543532E-008   0.288643514E-004
   0.35620211199030583E-008   0.289321488E-004
   0.35651024530517633E-008   0.289990785E-004
   0.35681837862004684E-008   0.290657881E-004
   0.35712651193491735E-008   0.291329488E-004
   0.35743464524978785E-008   0.292003133E-004
   0.35774277856465836E-008   0.292670939E-004
   0.35805091187952887E-008   0.293331595E-004
   0.35835904519439937E-008   0.293993744E-004
   0.35866717850926988E-008   0.294661968E-004
   0.35897531182414039E-008   0.295327136E-004
   0.35928344513901089E-008   0.295982190E-004
   0.35959157845388140E-008   0.296636099E-004
   0.35989971176875191E-008   0.297297574E-004
   0.36020784508362241E-008   0.297959032E-004
   0.36051597839849292E-008   0.298611176E-004
   0.36082411171336343E-008   0.299258936E-004
   0.36113224502823393E-008   0.299910698E-004
   0.36144037834310444E-008   0.300564934E-004
   0.36174851165797495E-008   0.301214768E-004
   0.36205664497284545E-008   0.301858054E-004
   0.36236477828771596E-008   0.302499993E-004
   0.36267291160258647E-008   0.303146389E-004
   0.36298104491745697E-008   0.303793549E-004
   0.36328917823232748E-008   0.304432597E-004
   0.36359731154719799E-008   0.305066169E-004
   0.36390544486206849E-008   0.305705362E-004
   0.36421357817693900E-008   0.306348520E-004
   0.36452171149180951E-008   0.306983820E-004
   0.36482984480668001E-008   0.307611699E-004
   0.36513797812155052E-008   0.308242707E-004
   0.36544611143642103E-008   0.308877388E-004
   0.36575424475129154E-008   0.309508032E-004
   0.36606237806616204E-008   0.310132891E-004
   0.36637051138103255E-008   0.310756295E-004
   0.36667864469590306E-008   0.311381846E-004
   0.36698677801077356E-008   0.312008706E-004
   0.36729491132564407E-008   0.312630982E-004
   0.36760304464051458E-008   0.313246310E-004
   0.36791117795538508E-008   0.313862765E-004
   0.36821931127025559E-008   0.314485187E-004
   0.36852744458512610E-008   0.315103825E-004
   0.36883557789999660E-008   0.315712496E-004
   0.36914371121486711E-008   0.316321348E-004
   0.36945184452973762E-008   0.316936748E-004
   0.36975997784460812E-008   0.317549748E-004
   0.37006811115947863E-008   0.318154816E-004
   0.37037624447434914E-008   0.318758212E-004
   0.37068437778921964E-008   0.319364226E-004
   0.37099251110409015E-008   0.319970422E-004
   0.37130064441896066E-008   0.320573490E-004
   0.37160877773383116E-008   0.321171246E-004
   0.37191691104870167E-008   0.321766238E-004
   0.37222504436357218E-008   0.322365340E-004
   0.37253317767844268E-008   0.322966443E-004
   0.37284131099331319E-008   0.323559143E-004
   0.37314944430818370E-008   0.324145622E-004
   0.37345757762305420E-008   0.324738139E-004
   0.37376571093792471E-008   0.325334186E-004
   0.37407384425279522E-008   0.325921610E-004
   0.37438197756766572E-008   0.326502777E-004
   0.37469011088253623E-008   0.327087691E-004
   0.37499824419740674E-008   0.327674970E-004
   0.37530637751227724E-008   0.328258138E-004
   0.37561451082714775E-008   0.328836686E-004
   0.37592264414201826E-008   0.329413015E-004
   0.37623077745688877E-008   0.329990253E-004
   0.37653891077175927E-008   0.330569856E-004
   0.37684704408662978E-008   0.331145820E-004
   0.37715517740150029E-008   0.331713891E-004
   0.37746331071637079E-008   0.332282725E-004
   0.37777144403124130E-008   0.332857744E-004
   0.37807957734611181E-008   0.333428507E-004
   0.37838771066098231E-008   0.333989738E-004
   0.37869584397585282E-008   0.334552278E-004
   0.37900397729072333E-008   0.335120385E-004
   0.37931211060559383E-008   0.335684672E-004
   0.37962024392046434E-008   0.336242119E-004
   0.37992837723533485E-008   0.336798803E-004
   0.38023651055020535E-008   0.337356905E-004
   0.38054464386507586E-008   0.337915008E-004
   0.38085277717994637E-008   0.338471182E-004
   0.38116091049481687E-008   0.339021572E-004
   0.38146904380968738E-008   0.339568651E-004
   0.38177717712455789E-008   0.340120969E-004
   0.38208531043942839E-008   0.340674815E-004
   0.38239344375429890E-008   0.341218729E-004
   0.38270157706916941E-008   0.341757586E-004
   0.38300971038403991E-008   0.342303829E-004
   0.38331784369891042E-008   0.342851636E-004
   0.38362597701378093E-008   0.343389875E-004
   0.38393411032865143E-008   0.343923966E-004
   0.38424224364352194E-008   0.344462205E-004
   0.38455037695839245E-008   0.345001172E-004
   0.38485851027326295E-008   0.345536610E-004
   0.38516664358813346E-008   0.346068555E-004
   0.38547477690300397E-008   0.346597044E-004
   0.38578291021787448E-008   0.347126224E-004
   0.38609104353274498E-008   0.347658970E-004
   0.38639917684761549E-008   0.348186950E-004
   0.38670731016248600E-008   0.348705908E-004
   0.38701544347735650E-008   0.349227776E-004
   0.38732357679222701E-008   0.349756847E-004
   0.38763171010709752E-008   0.350279261E-004
   0.38793984342196802E-008   0.350791743E-004
   0.38824797673683853E-008   0.351307499E-004
   0.38855611005170904E-008   0.351828312E-004
   0.38886424336657954E-008   0.352344177E-004
   0.38917237668145005E-008   0.352854586E-004
   0.38948050999632056E-008   0.353364630E-004
   0.38978864331119106E-008   0.353874420E-004
   0.39009677662606157E-008   0.354384574E-004
   0.39040490994093208E-008   0.354894073E-004
   0.39071304325580258E-008   0.355396623E-004
   0.39102117657067309E-008   0.355895572E-004
   0.39132930988554360E-008   0.356401542E-004
   0.39163744320041410E-008   0.356908677E-004
   0.39194557651528461E-008   0.357403769E-004
   0.39225370983015512E-008   0.357894714E-004
   0.39256184314502562E-008   0.358394536E-004
   0.39286997645989613E-008   0.358894940E-004
   0.39317810977476664E-008   0.359385376E-004
   0.39348624308963714E-008   0.359873047E-004
   0.39379437640450765E-008   0.360364320E-004
   0.39410250971937816E-008   0.360855120E-004
   0.39441064303424866E-008   0.361343300E-004
   0.39471877634911917E-008   0.361828133E-004
   0.39502690966398968E-008   0.362308383E-004
   0.39533504297886018E-008   0.362790415E-004
   0.39564317629373069E-008   0.363277722E-004
   0.39595130960860120E-008   0.363758809E-004
   0.39625944292347171E-008   0.364229381E-004
   0.39656757623834221E-008   0.364704101E-004
   0.39687570955321272E-008   0.365186643E-004
   0.39718384286808323E-008   0.365661690E-004
   0.39749197618295373E-008   0.366127279E-004
   0.39780010949782424E-008   0.366596578E-004
   0.39810824281269475E-008   0.367069988E-004
   0.39841637612756525E-008   0.367538814E-004
   0.39872450944243576E-008   0.368003348E-004
   0.39903264275730627E-008   0.368466208E-004
   0.39934077607217677E-008   0.368927831E-004
   0.39964890938704728E-008   0.369392001E-004
   0.39995704270191779E-008   0.369856425E-004
   0.40026517601678829E-008   0.370311682E-004
   0.40057330933165880E-008   0.370762755E-004
   0.40088144264652931E-008   0.371222341E-004
   0.40118957596139981E-008   0.371682945E-004
   0.40149770927627032E-008   0.372131290E-004
   0.40180584259114083E-008   0.372576542E-004
   0.40211397590601133E-008   0.373030125E-004
   0.40242210922088184E-008   0.373483126E-004
   0.40273024253575235E-008   0.373927505E-004
   0.40303837585062285E-008   0.374369811E-004
   0.40334650916549336E-008   0.374813753E-004
   0.40365464248036387E-008   0.375257405E-004
   0.40396277579523437E-008   0.375701020E-004
   0.40427090911010488E-008   0.376140852E-004
   0.40457904242497539E-008   0.376573662E-004
   0.40488717573984589E-008   0.377008691E-004
   0.40519530905471640E-008   0.377450269E-004
   0.40550344236958691E-008   0.377885190E-004
   0.40581157568445742E-008   0.378309815E-004
   0.40611970899932792E-008   0.378739423E-004
   0.40642784231419843E-008   0.379175726E-004
   0.40673597562906894E-008   0.379604280E-004
   0.40704410894393944E-008   0.380024940E-004
   0.40735224225880995E-008   0.380448764E-004
   0.40766037557368046E-008   0.380875172E-004
   0.40796850888855096E-008   0.381298778E-004
   0.40827664220342147E-008   0.381719583E-004
   0.40858477551829198E-008   0.382136204E-004
   0.40889290883316248E-008   0.382550643E-004
   0.40920104214803299E-008   0.382970175E-004
   0.40950917546290350E-008   0.383389925E-004
   0.40981730877777400E-008   0.383798651E-004
   0.41012544209264451E-008   0.384204650E-004
   0.41043357540751502E-008   0.384620580E-004
   0.41074170872238552E-008   0.385035491E-004
   0.41104984203725603E-008   0.385437561E-004
   0.41135797535212654E-008   0.385838393E-004
   0.41166610866699704E-008   0.386247157E-004
   0.41197424198186755E-008   0.386654356E-004
   0.41228237529673806E-008   0.387054533E-004
   0.41259050861160856E-008   0.387452819E-004
   0.41289864192647907E-008   0.387850523E-004
   0.41320677524134958E-008   0.388248554E-004
   0.41351490855622008E-008   0.388648659E-004
   0.41382304187109059E-008   0.389043780E-004
   0.41413117518596110E-008   0.389430934E-004
   0.41443930850083160E-008   0.389822526E-004
   0.41474744181570211E-008   0.390220957E-004
   0.41505557513057262E-008   0.390610330E-004
   0.41536370844544312E-008   0.390989808E-004
   0.41567184176031363E-008   0.391375834E-004
   0.41597997507518414E-008   0.391767790E-004
   0.41628810839005465E-008   0.392151887E-004
   0.41659624170492515E-008   0.392529510E-004
   0.41690437501979566E-008   0.392909205E-004
   0.41721250833466617E-008   0.393289884E-004
   0.41752064164953667E-008   0.393669798E-004
   0.41782877496440718E-008   0.394048075E-004
   0.41813690827927769E-008   0.394420240E-004
   0.41844504159414819E-008   0.394790150E-004
   0.41875317490901870E-008   0.395167081E-004
   0.41906130822388921E-008   0.395543429E-004
   0.41936944153875971E-008   0.395907300E-004
   0.41967757485363022E-008   0.396269534E-004
   0.41998570816850073E-008   0.396642245E-004
   0.42029384148337123E-008   0.397013318E-004
   0.42060197479824174E-008   0.397372787E-004
   0.42091010811311225E-008   0.397731492E-004
   0.42121824142798275E-008   0.398095799E-004
   0.42152637474285326E-008   0.398458433E-004
   0.42183450805772377E-008   0.398817065E-004
   0.42214264137259427E-008   0.399173332E-004
   0.42245077468746478E-008   0.399526507E-004
   0.42275890800233529E-008   0.399881210E-004
   0.42306704131720579E-008   0.400239769E-004
   0.42337517463207630E-008   0.400591671E-004
   0.42368330794694681E-008   0.400934987E-004
   0.42399144126181731E-008   0.401284524E-004
   0.42429957457668782E-008   0.401640755E-004
   0.42460770789155833E-008   0.401987163E-004
   0.42491584120642883E-008   0.402324731E-004
   0.42522397452129934E-008   0.402668556E-004
   0.42553210783616985E-008   0.403016711E-004
   0.42584024115104036E-008   0.403358426E-004
   0.42614837446591086E-008   0.403695485E-004
   0.42645650778078137E-008   0.404032653E-004
   0.42676464109565188E-008   0.404369821E-004
   0.42707277441052238E-008   0.404708517E-004
   0.42738090772539289E-008   0.405045648E-004
   0.42768904104026340E-008   0.405374412E-004
   0.42799717435513390E-008   0.405701976E-004
   0.42830530767000441E-008   0.406038562E-004
   0.42861344098487492E-008   0.406373365E-004
   0.42892157429974542E-008   0.406694890E-004
   0.42922970761461593E-008   0.407015868E-004
   0.42953784092948644E-008   0.407346888E-004
   0.42984597424435694E-008   0.407675907E-004
   0.43015410755922745E-008   0.407995067E-004
   0.43046224087409796E-008   0.408313172E-004
   0.43077037418896846E-008   0.408634442E-004
   0.43107850750383897E-008   0.408955311E-004
   0.43138664081870948E-008   0.409274689E-004
   0.43169477413357998E-008   0.409589957E-004
   0.43200290744845049E-008   0.409900422E-004
   0.43231104076332100E-008   0.410214852E-004
   0.43261917407819150E-008   0.410534158E-004
   0.43292730739306201E-008   0.410844623E-004
   0.43323544070793252E-008   0.411146248E-004
   0.43354357402280302E-008   0.411455367E-004
   0.43385170733767353E-008   0.411770889E-004
   0.43415984065254404E-008   0.412077097E-004
   0.43446797396741454E-008   0.412375630E-004
   0.43477610728228505E-008   0.412678601E-004
   0.43508424059715556E-008   0.412984591E-004
   0.43539237391202606E-008   0.413286907E-004
   0.43570050722689657E-008   0.413585549E-004
   0.43600864054176708E-008   0.413881135E-004
   0.43631677385663759E-008   0.414176830E-004
   0.43662490717150809E-008   0.414477472E-004
   0.43693304048637860E-008   0.414775895E-004
   0.43724117380124911E-008   0.415063150E-004
   0.43754930711611961E-008   0.415350041E-004
   0.43785744043099012E-008   0.415647701E-004
   0.43816557374586063E-008   0.415943359E-004
   0.43847370706073113E-008   0.416225957E-004
   0.43878184037560164E-008   0.416507937E-004
   0.43908997369047215E-008   0.416798248E-004
   0.43939810700534265E-008   0.417087103E-004
   0.43970624032021316E-008   0.417368756E-004
   0.44001437363508367E-008   0.417648153E-004
   0.44032250694995417E-008   0.417928240E-004
   0.44063064026482468E-008   0.418210111E-004
   0.44093877357969519E-008   0.418492746E-004
   0.44124690689456569E-008   0.418768650E-004
   0.44155504020943620E-008   0.419038042E-004
   0.44186317352430671E-008   0.419313801E-004
   0.44217130683917721E-008   0.419595781E-004
   0.44247944015404772E-008   0.419868156E-004
   0.44278757346891823E-008   0.420131546E-004
   0.44309570678378873E-008   0.420401739E-004
   0.44340384009865924E-008   0.420677388E-004
   0.44371197341352975E-008   0.420945398E-004
   0.44402010672840025E-008   0.421207042E-004
   0.44432824004327076E-008   0.421470941E-004
   0.44463637335814127E-008   0.421737350E-004
   0.44494450667301177E-008   0.422003395E-004
   0.44525263998788228E-008   0.422265766E-004
   0.44556077330275279E-008   0.422521589E-004
   0.44586890661762330E-008   0.422777593E-004
   0.44617703993249380E-008   0.423041638E-004
   0.44648517324736431E-008   0.423303936E-004
   0.44679330656223482E-008   0.423553756E-004
   0.44710143987710532E-008   0.423802448E-004
   0.44740957319197583E-008   0.424061291E-004
   0.44771770650684634E-008   0.424319114E-004
   0.44802583982171684E-008   0.424566133E-004
   0.44833397313658735E-008   0.424811551E-004
   0.44864210645145786E-008   0.425062644E-004
   0.44895023976632836E-008   0.425313992E-004
   0.44925837308119887E-008   0.425560793E-004
   0.44956650639606938E-008   0.425803191E-004
   0.44987463971093988E-008   0.426043953E-004
   0.45018277302581039E-008   0.426288861E-004
   0.45049090634068090E-008   0.426536644E-004
   0.45079903965555140E-008   0.426776387E-004
   0.45110717297042191E-008   0.427008526E-004
   0.45141530628529242E-008   0.427247032E-004
   0.45172343960016292E-008   0.427491868E-004
   0.45203157291503343E-008   0.427728519E-004
   0.45233970622990394E-008   0.427956948E-004
   0.45264783954477444E-008   0.428190033E-004
   0.45295597285964495E-008   0.428428029E-004
   0.45326410617451546E-008   0.428661442E-004
   0.45357223948938596E-008   0.428888670E-004
   0.45388037280425647E-008   0.429114625E-004
   0.45418850611912698E-008   0.429343308E-004
   0.45449663943399748E-008   0.429575011E-004
   0.45480477274886799E-008   0.429803113E-004
   0.45511290606373850E-008   0.430022774E-004
   0.45542103937860900E-008   0.430242508E-004
   0.45572917269347951E-008   0.430470354E-004
   0.45603730600835002E-008   0.430696891E-004
   0.45634543932322053E-008   0.430912769E-004
   0.45665357263809103E-008   0.431127046E-004
   0.45696170595296154E-008   0.431348817E-004
   0.45726983926783205E-008   0.431570734E-004
   0.45757797258270255E-008   0.431784756E-004
   0.45788610589757306E-008   0.431995031E-004
   0.45819423921244357E-008   0.432208180E-004
   0.45850237252731407E-008   0.432424786E-004
   0.45881050584218458E-008   0.432639790E-004
   0.45911863915705509E-008   0.432847846E-004
   0.45942677247192559E-008   0.433052046E-004
   0.45973490578679610E-008   0.433261521E-004
   0.46004303910166661E-008   0.433474816E-004
   0.46035117241653711E-008   0.433680907E-004
   0.46065930573140762E-008   0.433880268E-004
   0.46096743904627813E-008   0.434083922E-004
   0.46127557236114863E-008   0.434292197E-004
   0.46158370567601914E-008   0.434495269E-004
   0.46189183899088965E-008   0.434691792E-004
   0.46219997230576015E-008   0.434889225E-004
   0.46250810562063066E-008   0.435090842E-004
   0.46281623893550117E-008   0.435292350E-004
   0.46312437225037167E-008   0.435488182E-004
   0.46343250556524218E-008   0.435678994E-004
   0.46374063888011269E-008   0.435872316E-004
   0.46404877219498319E-008   0.436070659E-004
   0.46435690550985370E-008   0.436265436E-004
   0.46466503882472421E-008   0.436452137E-004
   0.46497317213959471E-008   0.436639566E-004
   0.46528130545446522E-008   0.436833070E-004
   0.46558943876933573E-008   0.437024573E-004
   0.46589757208420624E-008   0.437208473E-004
   0.46620570539907674E-008   0.437390991E-004
   0.46651383871394725E-008   0.437577801E-004
   0.46682197202881776E-008   0.437765921E-004
   0.46713010534368826E-008   0.437949566E-004
   0.46743823865855877E-008   0.438127681E-004
   0.46774637197342928E-008   0.438305797E-004
   0.46805450528829978E-008   0.438489005E-004
   0.46836263860317029E-008   0.438672359E-004
   0.46867077191804080E-008   0.438848001E-004
   0.46897890523291130E-008   0.439020114E-004
   0.46928703854778181E-008   0.439197793E-004
   0.46959517186265232E-008   0.439377691E-004
   0.46990330517752282E-008   0.439550786E-004
   0.47021143849239333E-008   0.439719224E-004
   0.47051957180726384E-008   0.439890791E-004
   0.47082770512213434E-008   0.440065560E-004
   0.47113583843700485E-008   0.440237454E-004
   0.47144397175187536E-008   0.440403637E-004
   0.47175210506674586E-008   0.440567746E-004
   0.47206023838161637E-008   0.440735676E-004
   0.47236837169648688E-008   0.440906297E-004
   0.47267650501135738E-008   0.441071497E-004
   0.47298463832622789E-008   0.441230586E-004
   0.47329277164109840E-008   0.441392694E-004
   0.47360090495596890E-008   0.441559532E-004
   0.47390903827083941E-008   0.441721895E-004
   0.47421717158570992E-008   0.441877637E-004
   0.47452530490058042E-008   0.442034834E-004
   0.47483343821545093E-008   0.442196106E-004
   0.47514157153032144E-008   0.442355886E-004
   0.47544970484519194E-008   0.442510682E-004
   0.47575783816006245E-008   0.442662531E-004
   0.47606597147493296E-008   0.442816017E-004
   0.47637410478980347E-008   0.442972887E-004
   0.47668223810467397E-008   0.443127683E-004
   0.47699037141954448E-008   0.443275567E-004
   0.47729850473441499E-008   0.443422578E-004
   0.47760663804928549E-008   0.443575445E-004
   0.47791477136415600E-008   0.443727658E-004
   0.47822290467902651E-008   0.443871977E-004
   0.47853103799389701E-008   0.444014659E-004
   0.47883917130876752E-008   0.444162652E-004
   0.47914730462363803E-008   0.444311190E-004
   0.47945543793850853E-008   0.444454272E-004
   0.47976357125337904E-008   0.444593934E-004
   0.48007170456824955E-008   0.444734469E-004
   0.48037983788312005E-008   0.444877587E-004
   0.48068797119799056E-008   0.445020814E-004
   0.48099610451286107E-008   0.445158803E-004
   0.48130423782773157E-008   0.445292608E-004
   0.48161237114260208E-008   0.445430378E-004
   0.48192050445747259E-008   0.445571604E-004
   0.48222863777234309E-008   0.445706610E-004
   0.48253677108721360E-008   0.445835976E-004
   0.48284490440208411E-008   0.445969672E-004
   0.48315303771695461E-008   0.446106969E-004
   0.48346117103182512E-008   0.446239246E-004
   0.48376930434669563E-008   0.446366648E-004
   0.48407743766156613E-008   0.446495105E-004
   0.48438557097643664E-008   0.446625781E-004
   0.48469370429130715E-008   0.446756458E-004
   0.48500183760617765E-008   0.446884042E-004
   0.48530997092104816E-008   0.447006969E-004
   0.48561810423591867E-008   0.447130333E-004
   0.48592623755078918E-008   0.447258717E-004
   0.48623437086565968E-008   0.447385064E-004
   0.48654250418053019E-008   0.447503480E-004
   0.48685063749540070E-008   0.447622442E-004
   0.48715877081027120E-008   0.447747916E-004
   0.48746690412514171E-008   0.447871025E-004
   0.48777503744001222E-008   0.447986422E-004
   0.48808317075488272E-008   0.448101637E-004
   0.48839130406975323E-008   0.448220962E-004
   0.48869943738462374E-008   0.448340106E-004
   0.48900757069949424E-008   0.448456267E-004
   0.48931570401436475E-008   0.448569408E-004
   0.48962383732923526E-008   0.448680876E-004
   0.48993197064410576E-008   0.448794963E-004
   0.49024010395897627E-008   0.448910796E-004
   0.49054823727384678E-008   0.449020954E-004
   0.49085637058871728E-008   0.449126856E-004
   0.49116450390358779E-008   0.449238141E-004
   0.49147263721845830E-008   0.449352265E-004
   0.49178077053332880E-008   0.449458676E-004
   0.49208890384819931E-008   0.449560539E-004
   0.49239703716306982E-008   0.449667386E-004
   0.49270517047794032E-008   0.449776562E-004
   0.49301330379281083E-008   0.449881481E-004
   0.49332143710768134E-008   0.449983272E-004
   0.49362957042255184E-008   0.450084590E-004
   0.49393770373742235E-008   0.450186453E-004
   0.49424583705229286E-008   0.450289917E-004
   0.49455397036716336E-008   0.450391381E-004
   0.49486210368203387E-008   0.450487387E-004
   0.49517023699690438E-008   0.450584375E-004
   0.49547837031177488E-008   0.450686857E-004
   0.49578650362664539E-008   0.450785919E-004
   0.49609463694151590E-008   0.450876905E-004
   0.49640277025638641E-008   0.450969856E-004
   0.49671090357125691E-008   0.451068699E-004
   0.49701903688612742E-008   0.451164487E-004
   0.49732717020099793E-008   0.451254564E-004
   0.49763530351586843E-008   0.451344858E-004
   0.49794343683073894E-008   0.451436717E-004
   0.49825157014560945E-008   0.451528358E-004
   0.49855970346047995E-008   0.451619235E-004
   0.49886783677535046E-008   0.451706765E-004
   0.49917597009022097E-008   0.451791821E-004
   0.49948410340509147E-008   0.451880769E-004
   0.49979223671996198E-008   0.451971391E-004
   0.50010037003483249E-008   0.452054592E-004
   0.50040850334970299E-008   0.452134263E-004
   0.50071663666457350E-008   0.452220484E-004
   0.50102476997944401E-008   0.452308523E-004
   0.50133290329431451E-008   0.452389249E-004
   0.50164103660918502E-008   0.452467066E-004
   0.50194916992405553E-008   0.452548484E-004
   0.50225730323892603E-008   0.452630484E-004
   0.50256543655379654E-008   0.452710119E-004
   0.50287356986866705E-008   0.452788008E-004
   0.50318170318353755E-008   0.452863896E-004
   0.50348983649840806E-008   0.452940476E-004
   0.50379796981327857E-008   0.453019893E-004
   0.50410610312814907E-008   0.453095854E-004
   0.50441423644301958E-008   0.453165521E-004
   0.50472236975789009E-008   0.453238317E-004
   0.50503050307276059E-008   0.453316861E-004
   0.50533863638763110E-008   0.453390239E-004
   0.50564676970250161E-008   0.453456669E-004
   0.50595490301737212E-008   0.453526300E-004
   0.50626303633224262E-008   0.453599714E-004
   0.50657116964711313E-008   0.453669563E-004
   0.50687930296198364E-008   0.453736357E-004
   0.50718743627685414E-008   0.453803477E-004
   0.50749556959172465E-008   0.453870271E-004
   0.50780370290659516E-008   0.453937537E-004
   0.50811183622146566E-008   0.454004548E-004
   0.50841996953633617E-008   0.454066721E-004
   0.50872810285120668E-008   0.454127185E-004
   0.50903623616607718E-008   0.454193651E-004
   0.50934436948094769E-008   0.454260662E-004
   0.50965250279581820E-008   0.454318979E-004
   0.50996063611068870E-008   0.454375295E-004
   0.51026876942555921E-008   0.454438086E-004
   0.51057690274042972E-008   0.454500914E-004
   0.51088503605530022E-008   0.454557885E-004
   0.51119316937017073E-008   0.454613946E-004
   0.51150130268504124E-008   0.454671863E-004
   0.51180943599991174E-008   0.454729197E-004
   0.51211756931478225E-008   0.454785950E-004
   0.51242570262965276E-008   0.454840774E-004
   0.51273383594452326E-008   0.454892142E-004
   0.51304196925939377E-008   0.454945548E-004
   0.51335010257426428E-008   0.455002955E-004
   0.51365823588913478E-008   0.455055451E-004
   0.51396636920400529E-008   0.455101617E-004
   0.51427450251887580E-008   0.455152040E-004
   0.51458263583374630E-008   0.455206937E-004
   0.51489076914861681E-008   0.455256268E-004
   0.51519890246348732E-008   0.455301160E-004
   0.51550703577835782E-008   0.455349218E-004
   0.51581516909322833E-008   0.455398549E-004
   0.51612330240809884E-008   0.455445261E-004
   0.51643143572296935E-008   0.455490735E-004
   0.51673956903783985E-008   0.455534646E-004
   0.51704770235271036E-008   0.455577574E-004
   0.51735583566758087E-008   0.455623667E-004
   0.51766396898245137E-008   0.455669615E-004
   0.51797210229732188E-008   0.455708432E-004
   0.51828023561219239E-008   0.455746158E-004
   0.51858836892706289E-008   0.455790760E-004
   0.51889650224193340E-008   0.455834634E-004
   0.51920463555680391E-008   0.455870795E-004
   0.51951276887167441E-008   0.455907175E-004
   0.51982090218654492E-008   0.455948175E-004
   0.52012903550141543E-008   0.455987101E-004
   0.52043716881628593E-008   0.456022208E-004
   0.52074530213115644E-008   0.456057460E-004
   0.52105343544602695E-008   0.456092675E-004
   0.52136156876089745E-008   0.456128037E-004
   0.52166970207576796E-008   0.456164671E-004
   0.52197783539063847E-008   0.456197777E-004
   0.52228596870550897E-008   0.456226189E-004
   0.52259410202037948E-008   0.456258495E-004
   0.52290223533524999E-008   0.456295056E-004
   0.52321036865012049E-008   0.456325433E-004
   0.52351850196499100E-008   0.456350826E-004
   0.52382663527986151E-008   0.456381240E-004
   0.52413476859473201E-008   0.456413836E-004
   0.52444290190960252E-008   0.456440830E-004
   0.52475103522447303E-008   0.456465787E-004
   0.52505916853934353E-008   0.456493181E-004
   0.52536730185421404E-008   0.456520356E-004
   0.52567543516908455E-008   0.456546768E-004
   0.52598356848395506E-008   0.456572488E-004
   0.52629170179882556E-008   0.456594316E-004
   0.52659983511369607E-008   0.456615453E-004
   0.52690796842856658E-008   0.456641937E-004
   0.52721610174343708E-008   0.456667440E-004
   0.52752423505830759E-008   0.456685157E-004
   0.52783236837317810E-008   0.456703419E-004
   0.52814050168804860E-008   0.456727867E-004
   0.52844863500291911E-008   0.456749476E-004
   0.52875676831778962E-008   0.456764828E-004
   0.52906490163266012E-008   0.456782182E-004
   0.52937303494753063E-008   0.456802627E-004
   0.52968116826240114E-008   0.456820781E-004
   0.52998930157727164E-008   0.456836970E-004
   0.53029743489214215E-008   0.456852285E-004
   0.53060556820701266E-008   0.456865819E-004
   0.53091370152188316E-008   0.456881207E-004
   0.53122183483675367E-008   0.456898997E-004
   0.53152996815162418E-008   0.456911803E-004
   0.53183810146649468E-008   0.456920316E-004
   0.53214623478136519E-008   0.456933776E-004
   0.53245436809623570E-008   0.456949710E-004
   0.53276250141110620E-008   0.456958951E-004
   0.53307063472597671E-008   0.456965827E-004
   0.53337876804084722E-008   0.456977723E-004
   0.53368690135571772E-008   0.456989619E-004
   0.53399503467058823E-008   0.456997041E-004
   0.53430316798545874E-008   0.457003844E-004
   0.53461130130032924E-008   0.457011047E-004
   0.53491943461519975E-008   0.457017559E-004
   0.53522756793007026E-008   0.457025635E-004
   0.53553570124494076E-008   0.457032838E-004
   0.53584383455981127E-008   0.457034803E-004
   0.53615196787468178E-008   0.457037204E-004
   0.53646010118955229E-008   0.457044916E-004
   0.53676823450442279E-008   0.457049864E-004
   0.53707636781929330E-008   0.457048409E-004
   0.53738450113416381E-008   0.457049646E-004
   0.53769263444903431E-008   0.457055248E-004
   0.53800076776390482E-008   0.457056776E-004
   0.53830890107877533E-008   0.457054266E-004
   0.53861703439364583E-008   0.457053538E-004
   0.53892516770851634E-008   0.457053538E-004
   0.53923330102338685E-008   0.457052556E-004
   0.53954143433825735E-008   0.457051901E-004
   0.53984956765312786E-008   0.457048882E-004
   0.54015770096799837E-008   0.457042988E-004
   0.54046583428286887E-008   0.457040369E-004
   0.54077396759773938E-008   0.457039605E-004
   0.54108210091260989E-008   0.457032875E-004
   0.54139023422748039E-008   0.457023998E-004
   0.54169836754235090E-008   0.457020833E-004
   0.54200650085722141E-008   0.457017559E-004
   0.54231463417209191E-008   0.457007663E-004
   0.54262276748696242E-008   0.456997441E-004
   0.54293090080183293E-008   0.456991147E-004
   0.54323903411670343E-008   0.456983907E-004
   0.54354716743157394E-008   0.456974485E-004
   0.54385530074644445E-008   0.456964626E-004
   0.54416343406131495E-008   0.456952876E-004
   0.54447156737618546E-008   0.456941016E-004
   0.54477970069105597E-008   0.456932175E-004
   0.54508783400592647E-008   0.456921152E-004
   0.54539596732079698E-008   0.456904963E-004
   0.54570410063566749E-008   0.456891503E-004
   0.54601223395053800E-008   0.456882262E-004
   0.54632036726540850E-008   0.456867747E-004
   0.54662850058027901E-008   0.456848429E-004
   0.54693663389514952E-008   0.456833441E-004
   0.54724476721002002E-008   0.456820999E-004
   0.54755290052489053E-008   0.456804446E-004
   0.54786103383976104E-008   0.456786183E-004
   0.54816916715463154E-008   0.456768830E-004
   0.54847730046950205E-008   0.456750313E-004
   0.54878543378437256E-008   0.456732232E-004
   0.54909356709924306E-008   0.456715206E-004
   0.54940170041411357E-008   0.456694434E-004
   0.54970983372898408E-008   0.456671696E-004
   0.55001796704385458E-008   0.456653470E-004
   0.55032610035872509E-008   0.456635316E-004
   0.55063423367359560E-008   0.456610469E-004
   0.55094236698846610E-008   0.456585476E-004
   0.55125050030333661E-008   0.456566086E-004
   0.55155863361820712E-008   0.456545276E-004
   0.55186676693307762E-008   0.456519301E-004
   0.55217490024794813E-008   0.456493872E-004
   0.55248303356281864E-008   0.456470007E-004
   0.55279116687768914E-008   0.456444868E-004
   0.55309930019255965E-008   0.456419511E-004
   0.55340743350743016E-008   0.456393536E-004
   0.55371556682230066E-008   0.456365087E-004
   0.55402370013717117E-008   0.456337984E-004
   0.55433183345204168E-008   0.456313319E-004
   0.55463996676691218E-008   0.456284251E-004
   0.55494810008178269E-008   0.456251328E-004
   0.55525623339665320E-008   0.456223243E-004
   0.55556436671152370E-008   0.456197886E-004
   0.55587250002639421E-008   0.456166708E-004
   0.55618063334126472E-008   0.456132584E-004
   0.55648876665613523E-008   0.456101952E-004
   0.55679689997100573E-008   0.456071793E-004
   0.55710503328587624E-008   0.456039306E-004
   0.55741316660074675E-008   0.456006637E-004
   0.55772129991561725E-008   0.455973131E-004
   0.55802943323048776E-008   0.455938389E-004
   0.55833756654535827E-008   0.455905756E-004
   0.55864569986022877E-008   0.455872832E-004
   0.55895383317509928E-008   0.455834852E-004
   0.55926196648996979E-008   0.455797053E-004
   0.55957009980484029E-008   0.455764603E-004
   0.55987823311971080E-008   0.455730296E-004
   0.56018636643458131E-008   0.455689842E-004
   0.56049449974945181E-008   0.455650625E-004
   0.56080263306432232E-008   0.455615082E-004
   0.56111076637919283E-008   0.455577319E-004
   0.56141889969406333E-008   0.455537120E-004
   0.56172703300893384E-008   0.455497830E-004
   0.56203516632380435E-008   0.455458066E-004
   0.56234329963867485E-008   0.455417539E-004
   0.56265143295354536E-008   0.455377922E-004
   0.56295956626841587E-008   0.455336340E-004
   0.56326769958328637E-008   0.455292138E-004
   0.56357583289815688E-008   0.455250920E-004
   0.56388396621302739E-008   0.455211812E-004
   0.56419209952789789E-008   0.455167465E-004
   0.56450023284276840E-008   0.455120280E-004
   0.56480836615763891E-008   0.455077316E-004
   0.56511649947250941E-008   0.455035515E-004
   0.56542463278737992E-008   0.454989640E-004
   0.56573276610225043E-008   0.454943074E-004
   0.56604089941712094E-008   0.454898109E-004
   0.56634903273199144E-008   0.454852088E-004
   0.56665716604686195E-008   0.454805195E-004
   0.56696529936173246E-008   0.454758301E-004
   0.56727343267660296E-008   0.454709516E-004
   0.56758156599147347E-008   0.454660694E-004
   0.56788969930634398E-008   0.454614783E-004
   0.56819783262121448E-008   0.454567053E-004
   0.56850596593608499E-008   0.454514484E-004
   0.56881409925095550E-008   0.454463370E-004
   0.56912223256582600E-008   0.454416077E-004
   0.56943036588069651E-008   0.454366091E-004
   0.56973849919556702E-008   0.454312758E-004
   0.57004663251043752E-008   0.454261244E-004
   0.57035476582530803E-008   0.454210713E-004
   0.57066289914017854E-008   0.454157962E-004
   0.57097103245504904E-008   0.454104629E-004
   0.57127916576991955E-008   0.454051224E-004
   0.57158729908479006E-008   0.453996763E-004
   0.57189543239966056E-008   0.453943539E-004
   0.57220356571453107E-008   0.453891043E-004
   0.57251169902940158E-008   0.453834728E-004
   0.57281983234427208E-008   0.453776556E-004
   0.57312796565914259E-008   0.453722205E-004
   0.57343609897401310E-008   0.453668545E-004
   0.57374423228888360E-008   0.453610410E-004
   0.57405236560375411E-008   0.453551620E-004
   0.57436049891862462E-008   0.453495632E-004
   0.57466863223349512E-008   0.453438588E-004
   0.57497676554836563E-008   0.453379034E-004
   0.57528489886323614E-008   0.453319917E-004
   0.57559303217810664E-008   0.453261055E-004
   0.57590116549297715E-008   0.453201756E-004
   0.57620929880784766E-008   0.453143075E-004
   0.57651743212271817E-008   0.453082757E-004
   0.57682556543758867E-008   0.453019420E-004
   0.57713369875245918E-008   0.452957829E-004
   0.57744183206732969E-008   0.452899185E-004
   0.57774996538220019E-008   0.452837521E-004
   0.57805809869707070E-008   0.452772547E-004
   0.57836623201194121E-008   0.452710156E-004
   0.57867436532681171E-008   0.452649110E-004
   0.57898249864168222E-008   0.452584609E-004
   0.57929063195655273E-008   0.452518980E-004
   0.57959876527142323E-008   0.452455388E-004
   0.57990689858629374E-008   0.452391578E-004
   0.58021503190116425E-008   0.452326494E-004
   0.58052316521603475E-008   0.452261156E-004
   0.58083129853090526E-008   0.452194290E-004
   0.58113943184577577E-008   0.452126696E-004
   0.58144756516064627E-008   0.452061504E-004
   0.58175569847551678E-008   0.451996239E-004
   0.58206383179038729E-008   0.451927081E-004
   0.58237196510525779E-008   0.451857741E-004
   0.58268009842012830E-008   0.451791348E-004
   0.58298823173499881E-008   0.451723463E-004
   0.58329636504986931E-008   0.451652559E-004
   0.58360449836473982E-008   0.451582928E-004
   0.58391263167961033E-008   0.451514716E-004
   0.58422076499448083E-008   0.451444830E-004
   0.58452889830935134E-008   0.451373890E-004
   0.58483703162422185E-008   0.451302767E-004
   0.58514516493909235E-008   0.451230553E-004
   0.58545329825396286E-008   0.451158994E-004
   0.58576143156883337E-008   0.451088963E-004
   0.58606956488370388E-008   0.451016531E-004
   0.58637769819857438E-008   0.450941625E-004
   0.58668583151344489E-008   0.450869011E-004
   0.58699396482831540E-008   0.450797452E-004
   0.58730209814318590E-008   0.450722400E-004
   0.58761023145805641E-008   0.450646512E-004
   0.58791836477292692E-008   0.450573534E-004
   0.58822649808779742E-008   0.450500193E-004
   0.58853463140266793E-008   0.450423977E-004
   0.58884276471753844E-008   0.450347434E-004
   0.58915089803240894E-008   0.450271327E-004
   0.58945903134727945E-008   0.450194857E-004
   0.58976716466214996E-008   0.450119114E-004
   0.59007529797702046E-008   0.450042935E-004
   0.59038343129189097E-008   0.449964027E-004
   0.59069156460676148E-008   0.449885265E-004
   0.59099969792163198E-008   0.449809013E-004
   0.59130783123650249E-008   0.449731160E-004
   0.59161596455137300E-008   0.449650252E-004
   0.59192409786624350E-008   0.449571053E-004
   0.59223223118111401E-008   0.449493709E-004
   0.59254036449598452E-008   0.449413747E-004
   0.59284849781085502E-008   0.449331928E-004
   0.59315663112572553E-008   0.449251347E-004
   0.59346476444059604E-008   0.449170911E-004
   0.59377289775546654E-008   0.449089857E-004
   0.59408103107033705E-008   0.449009094E-004
   0.59438916438520756E-008   0.448927021E-004
   0.59469729770007806E-008   0.448843348E-004
   0.59500543101494857E-008   0.448761275E-004
   0.59531356432981908E-008   0.448679930E-004
   0.59562169764468958E-008   0.448595529E-004
   0.59592983095956009E-008   0.448510436E-004
   0.59623796427443060E-008   0.448428291E-004
   0.59654609758930111E-008   0.448345490E-004
   0.59685423090417161E-008   0.448259198E-004
   0.59716236421904212E-008   0.448173087E-004
   0.59747049753391263E-008   0.448088867E-004
   0.59777863084878313E-008   0.448003884E-004
   0.59808676416365364E-008   0.447918028E-004
   0.59839489747852415E-008   0.447832062E-004
   0.59870303079339465E-008   0.447744787E-004
   0.59901116410826516E-008   0.447657403E-004
   0.59931929742313567E-008   0.447571474E-004
   0.59962743073800617E-008   0.447484126E-004
