t              BoxCavity.fdtd_Point probe001_Ez_15_10_7.dat
   0.00000000000000000E+000   0.000000000E+000
   0.30813331487050677E-011   0.000000000E+000
   0.61626662974101354E-011   0.000000000E+000
   0.92439994461152031E-011   0.000000000E+000
   0.12325332594820271E-010   0.000000000E+000
   0.15406665743525338E-010   0.000000000E+000
   0.18487998892230406E-010   0.000000000E+000
   0.21569332040935474E-010   0.000000000E+000
   0.24650665189640542E-010   0.000000000E+000
   0.27731998338345609E-010   0.000000000E+000
   0.30813331487050677E-010   0.000000000E+000
   0.33894664635755745E-010   0.000000000E+000
   0.36975997784460812E-010   0.000000000E+000
   0.40057330933165880E-010   0.000000000E+000
   0.43138664081870948E-010   0.615914714E-017
   0.46219997230576015E-010   0.688458917E-016
   0.49301330379281083E-010   0.454105322E-015
   0.52382663527986151E-010   0.233975530E-014
   0.55463996676691218E-010   0.101054961E-013
   0.58545329825396286E-010   0.377523770E-013
   0.61626662974101354E-010   0.124753587E-012
   0.64707996122806422E-010   0.368204924E-012
   0.67789329271511489E-010   0.973466316E-012
   0.70870662420216557E-010   0.231670672E-011
   0.73951995568921625E-010   0.500198841E-011
   0.77033328717626692E-010   0.986547823E-011
   0.80114661866331760E-010   0.178350425E-010
   0.83195995015036828E-010   0.295617246E-010
   0.86277328163741895E-010   0.448261914E-010
   0.89358661312446963E-010   0.618474369E-010
   0.92439994461152031E-010   0.768332134E-010
   0.95521327609857098E-010   0.843259421E-010
   0.98602660758562166E-010   0.786241003E-010
   0.10168399390726723E-009   0.558561114E-010
   0.10476532705597230E-009   0.162087704E-010
   0.10784666020467737E-009  -0.338757113E-010
   0.11092799335338244E-009  -0.808476133E-010
   0.11400932650208750E-009  -0.107111785E-009
   0.11709065965079257E-009  -0.981406553E-010
   0.12017199279949764E-009  -0.498075886E-010
   0.12325332594820271E-009   0.276930562E-010
   0.12633465909690778E-009   0.111101267E-009
   0.12941599224561284E-009   0.172387965E-009
   0.13249732539431791E-009   0.191317281E-009
   0.13557865854302298E-009   0.162230646E-009
   0.13865999169172805E-009   0.927242935E-010
   0.14174132484043311E-009   0.524798260E-011
   0.14482265798913818E-009  -0.607721165E-010
   0.14790399113784325E-009  -0.674439671E-010
   0.15098532428654832E-009  -0.108815665E-010
   0.15406665743525338E-009   0.743450718E-010
   0.15714799058395845E-009   0.146613610E-009
   0.16022932373266352E-009   0.182360391E-009
   0.16331065688136859E-009   0.178667192E-009
   0.16639199003007366E-009   0.152853868E-009
   0.16947332317877872E-009   0.130252531E-009
   0.17255465632748379E-009   0.115160798E-009
   0.17563598947618886E-009   0.970455452E-010
   0.17871732262489393E-009   0.954148149E-010
   0.18179865577359899E-009   0.145710485E-009
   0.18487998892230406E-009   0.223062693E-009
   0.18796132207100913E-009   0.253257582E-009
   0.19104265521971420E-009   0.224062283E-009
   0.19412398836841926E-009   0.204730732E-009
   0.19720532151712433E-009   0.237078079E-009
   0.20028665466582940E-009   0.292510127E-009
   0.20336798781453447E-009   0.338564926E-009
   0.20644932096323954E-009   0.363007346E-009
   0.20953065411194460E-009   0.354661994E-009
   0.21261198726064967E-009   0.338265443E-009
   0.21569332040935474E-009   0.374371950E-009
   0.21877465355805981E-009   0.459595473E-009
   0.22185598670676487E-009   0.515253895E-009
   0.22493731985546994E-009   0.523627031E-009
   0.22801865300417501E-009   0.555345492E-009
   0.23109998615288008E-009   0.629182928E-009
   0.23418131930158514E-009   0.684440893E-009
   0.23726265245029021E-009   0.708861081E-009
   0.24034398559899528E-009   0.754677654E-009
   0.24342531874770035E-009   0.831645308E-009
   0.24650665189640542E-009   0.904985087E-009
   0.24958798504511048E-009   0.971924985E-009
   0.25266931819381555E-009   0.104926412E-008
   0.25575065134252062E-009   0.113213394E-008
   0.25883198449122569E-009   0.121826005E-008
   0.26191331763993075E-009   0.131573974E-008
   0.26499465078863582E-009   0.141597456E-008
   0.26807598393734089E-009   0.151613044E-008
   0.27115731708604596E-009   0.163898095E-008
   0.27423865023475102E-009   0.178365689E-008
   0.27731998338345609E-009   0.191699723E-008
   0.28040131653216116E-009   0.204073158E-008
   0.28348264968086623E-009   0.219051710E-008
   0.28656398282957130E-009   0.236802000E-008
   0.28964531597827636E-009   0.255158805E-008
   0.29272664912698143E-009   0.274648726E-008
   0.29580798227568650E-009   0.295990099E-008
   0.29888931542439157E-009   0.317615845E-008
   0.30197064857309663E-009   0.339691275E-008
   0.30505198172180170E-009   0.364503783E-008
   0.30813331487050677E-009   0.392114519E-008
   0.31121464801921184E-009   0.421521307E-008
   0.31429598116791690E-009   0.453431426E-008
   0.31737731431662197E-009   0.487251395E-008
   0.32045864746532704E-009   0.520897459E-008
   0.32353998061403211E-009   0.556203084E-008
   0.32662131376273718E-009   0.597314020E-008
   0.32970264691144224E-009   0.643434683E-008
   0.33278398006014731E-009   0.690431134E-008
   0.33586531320885238E-009   0.737837258E-008
   0.33894664635755745E-009   0.788511567E-008
   0.34202797950626251E-009   0.844428882E-008
   0.34510931265496758E-009   0.905744901E-008
   0.34819064580367265E-009   0.970747127E-008
   0.35127197895237772E-009   0.103752038E-007
   0.35435331210108278E-009   0.110820713E-007
   0.35743464524978785E-009   0.118691670E-007
   0.36051597839849292E-009   0.127201538E-007
   0.36359731154719799E-009   0.135831577E-007
   0.36667864469590306E-009   0.144732448E-007
   0.36975997784460812E-009   0.154619322E-007
   0.37284131099331319E-009   0.165665828E-007
   0.37592264414201826E-009   0.177302706E-007
   0.37900397729072333E-009   0.189072491E-007
   0.38208531043942839E-009   0.201217940E-007
   0.38516664358813346E-009   0.214485443E-007
   0.38824797673683853E-009   0.229347226E-007
   0.39132930988554360E-009   0.245320173E-007
   0.39441064303424866E-009   0.261517012E-007
   0.39749197618295373E-009   0.278029582E-007
   0.40057330933165880E-009   0.295977056E-007
   0.40365464248036387E-009   0.315946878E-007
   0.40673597562906894E-009   0.337254598E-007
   0.40981730877777400E-009   0.359054972E-007
   0.41289864192647907E-009   0.381553740E-007
   0.41597997507518414E-009   0.405825880E-007
   0.41906130822388921E-009   0.432567973E-007
   0.42214264137259427E-009   0.461142058E-007
   0.42522397452129934E-009   0.490307492E-007
   0.42830530767000441E-009   0.520161940E-007
   0.43138664081870948E-009   0.552485275E-007
   0.43446797396741454E-009   0.588423497E-007
   0.43754930711611961E-009   0.626743315E-007
   0.44063064026482468E-009   0.665504487E-007
   0.44371197341352975E-009   0.704965686E-007
   0.44679330656223482E-009   0.747634417E-007
   0.44987463971093988E-009   0.795176476E-007
   0.45295597285964495E-009   0.846097237E-007
   0.45603730600835002E-009   0.897568455E-007
   0.45911863915705509E-009   0.949569312E-007
   0.46219997230576015E-009   0.100561095E-006
   0.46528130545446522E-009   0.106822313E-006
   0.46836263860317029E-009   0.113522994E-006
   0.47144397175187536E-009   0.120266265E-006
   0.47452530490058042E-009   0.127071630E-006
   0.47760663804928549E-009   0.134418357E-006
   0.48068797119799056E-009   0.142619953E-006
   0.48376930434669563E-009   0.151372319E-006
   0.48685063749540070E-009   0.160149980E-006
   0.48993197064410576E-009   0.168982041E-006
   0.49301330379281083E-009   0.178521788E-006
   0.49609463694151590E-009   0.189200065E-006
   0.49917597009022097E-009   0.200588005E-006
   0.50225730323892603E-009   0.211952070E-006
   0.50533863638763110E-009   0.223335263E-006
   0.50841996953633617E-009   0.235629130E-006
   0.51150130268504124E-009   0.249411102E-006
   0.51458263583374630E-009   0.264105182E-006
   0.51766396898245137E-009   0.278727640E-006
   0.52074530213115644E-009   0.293319431E-006
   0.52382663527986151E-009   0.309058748E-006
   0.52690796842856658E-009   0.326724717E-006
   0.52998930157727164E-009   0.345558476E-006
   0.53307063472597671E-009   0.364241259E-006
   0.53615196787468178E-009   0.382812715E-006
   0.53923330102338685E-009   0.402832598E-006
   0.54231463417209191E-009   0.425338612E-006
   0.54539596732079698E-009   0.449320652E-006
   0.54847730046950205E-009   0.473009550E-006
   0.55155863361820712E-009   0.496444841E-006
   0.55463996676691218E-009   0.521710604E-006
   0.55772129991561725E-009   0.550196489E-006
   0.56080263306432232E-009   0.580546839E-006
   0.56388396621302739E-009   0.610396853E-006
   0.56696529936173246E-009   0.639788709E-006
   0.57004663251043752E-009   0.671462089E-006
   0.57312796565914259E-009   0.707247750E-006
   0.57620929880784766E-009   0.745376951E-006
   0.57929063195655273E-009   0.782727057E-006
   0.58237196510525779E-009   0.819310742E-006
   0.58545329825396286E-009   0.858719773E-006
   0.58853463140266793E-009   0.903382329E-006
   0.59161596455137300E-009   0.950968342E-006
   0.59469729770007806E-009   0.997360075E-006
   0.59777863084878313E-009   0.104257731E-005
   0.60085996399748820E-009   0.109130167E-005
   0.60394129714619327E-009   0.114665670E-005
   0.60702263029489834E-009   0.120560264E-005
   0.61010396344360340E-009   0.126280963E-005
   0.61318529659230847E-009   0.131828006E-005
   0.61626662974101354E-009   0.137804898E-005
   0.61934796288971861E-009   0.144618264E-005
   0.62242929603842367E-009   0.151876282E-005
   0.62551062918712874E-009   0.158885587E-005
   0.62859196233583381E-009   0.165641950E-005
   0.63167329548453888E-009   0.172921705E-005
   0.63475462863324394E-009   0.181246128E-005
   0.63783596178194901E-009   0.190111484E-005
   0.64091729493065408E-009   0.198630846E-005
   0.64399862807935915E-009   0.206797267E-005
   0.64707996122806422E-009   0.215598516E-005
   0.65016129437676928E-009   0.225700546E-005
   0.65324262752547435E-009   0.236463552E-005
   0.65632396067417942E-009   0.246753507E-005
   0.65940529382288449E-009   0.256554313E-005
   0.66248662697158955E-009   0.267118094E-005
   0.66556796012029462E-009   0.279288656E-005
   0.66864929326899969E-009   0.292254072E-005
   0.67173062641770476E-009   0.304580226E-005
   0.67481195956640982E-009   0.316244927E-005
   0.67789329271511489E-009   0.328822648E-005
   0.68097462586381996E-009   0.343377542E-005
   0.68405595901252503E-009   0.358894454E-005
   0.68713729216123010E-009   0.373567809E-005
   0.69021862530993516E-009   0.387356704E-005
   0.69329995845864023E-009   0.402227761E-005
   0.69638129160734530E-009   0.419514026E-005
   0.69946262475605037E-009   0.437944982E-005
   0.70254395790475543E-009   0.455263626E-005
   0.70562529105346050E-009   0.471417843E-005
   0.70870662420216557E-009   0.488852402E-005
   0.71178795735087064E-009   0.509222536E-005
   0.71486929049957570E-009   0.530957641E-005
   0.71795062364828077E-009   0.551264293E-005
   0.72103195679698584E-009   0.570066413E-005
   0.72411328994569091E-009   0.590369473E-005
   0.72719462309439598E-009   0.614212149E-005
   0.73027595624310104E-009   0.639661721E-005
   0.73335728939180611E-009   0.663276887E-005
   0.73643862254051118E-009   0.684956012E-005
   0.73951995568921625E-009   0.708382777E-005
   0.74260128883792131E-009   0.736057154E-005
   0.74568262198662638E-009   0.765621462E-005
   0.74876395513533145E-009   0.792877017E-005
   0.75184528828403652E-009   0.817693308E-005
   0.75492662143274158E-009   0.844541682E-005
   0.75800795458144665E-009   0.876455670E-005
   0.76108928773015172E-009   0.910574272E-005
   0.76417062087885679E-009   0.941800135E-005
   0.76725195402756186E-009   0.969957273E-005
   0.77033328717626692E-009   0.100044135E-004
   0.77341462032497199E-009   0.103691909E-004
   0.77649595347367706E-009   0.107594988E-004
   0.77957728662238213E-009   0.111140344E-004
   0.78265861977108719E-009   0.114307177E-004
   0.78573995291979226E-009   0.117742538E-004
   0.78882128606849733E-009   0.121884659E-004
   0.79190261921720240E-009   0.126321556E-004
   0.79498395236590746E-009   0.130320868E-004
   0.79806528551461253E-009   0.133855483E-004
   0.80114661866331760E-009   0.137692605E-004
   0.80422795181202267E-009   0.142353247E-004
   0.80730928496072774E-009   0.147350947E-004
   0.81039061810943280E-009   0.151818140E-004
   0.81347195125813787E-009   0.155721427E-004
   0.81655328440684294E-009   0.159968095E-004
   0.81963461755554801E-009   0.165174661E-004
   0.82271595070425307E-009   0.170767362E-004
   0.82579728385295814E-009   0.175723726E-004
   0.82887861700166321E-009   0.180002935E-004
   0.83195995015036828E-009   0.184666351E-004
   0.83504128329907334E-009   0.190433075E-004
   0.83812261644777841E-009   0.196633737E-004
   0.84120394959648348E-009   0.202078299E-004
   0.84428528274518855E-009   0.206718287E-004
   0.84736661589389362E-009   0.211785100E-004
   0.85044794904259868E-009   0.218115219E-004
   0.85352928219130375E-009   0.224936484E-004
   0.85661061534000882E-009   0.230870992E-004
   0.85969194848871389E-009   0.235859407E-004
   0.86277328163741895E-009   0.241321031E-004
   0.86585461478612402E-009   0.248218294E-004
   0.86893594793482909E-009   0.255661253E-004
   0.87201728108353416E-009   0.262068843E-004
   0.87509861423223922E-009   0.267374871E-004
   0.87817994738094429E-009   0.273199548E-004
   0.88126128052964936E-009   0.280637396E-004
   0.88434261367835443E-009   0.288677857E-004
   0.88742394682705950E-009   0.295528935E-004
   0.89050527997576456E-009   0.301114414E-004
   0.89358661312446963E-009   0.307266891E-004
   0.89666794627317470E-009   0.315226716E-004
   0.89974927942187977E-009   0.323852910E-004
   0.90283061257058483E-009   0.331118208E-004
   0.90591194571928990E-009   0.336933590E-004
   0.90899327886799497E-009   0.343361680E-004
   0.91207461201670004E-009   0.351791678E-004
   0.91515594516540510E-009   0.360940285E-004
   0.91823727831411017E-009   0.368547662E-004
   0.92131861146281524E-009   0.374526062E-004
   0.92439994461152031E-009   0.381171049E-004
   0.92748127776022538E-009   0.390018758E-004
   0.93056261090893044E-009   0.399647652E-004
   0.93364394405763551E-009   0.407558109E-004
   0.93672527720634058E-009   0.413644229E-004
   0.93980661035504565E-009   0.420431716E-004
   0.94288794350375071E-009   0.429615720E-004
   0.94596927665245578E-009   0.439634314E-004
   0.94905060980116085E-009   0.447742896E-004
   0.95213194294986592E-009   0.453833891E-004
   0.95521327609857098E-009   0.460675474E-004
   0.95829460924727605E-009   0.470109699E-004
   0.96137594239598112E-009   0.480432027E-004
   0.96445727554468619E-009   0.488671758E-004
   0.96753860869339126E-009   0.494713931E-004
   0.97061994184209632E-009   0.501535906E-004
   0.97370127499080139E-009   0.511117069E-004
   0.97678260813950646E-009   0.521628499E-004
   0.97986394128821153E-009   0.529879653E-004
   0.98294527443691659E-009   0.535746694E-004
   0.98602660758562166E-009   0.542424859E-004
   0.98910794073432673E-009   0.552030433E-004
   0.99218927388303180E-009   0.562605092E-004
   0.99527060703173686E-009   0.570763186E-004
   0.99835194018044193E-009   0.576392740E-004
   0.10014332733291470E-008   0.582864632E-004
   0.10045146064778521E-008   0.592381002E-004
   0.10075959396265571E-008   0.602880064E-004
   0.10106772727752622E-008   0.610832649E-004
   0.10137586059239673E-008   0.616122488E-004
   0.10168399390726723E-008   0.622252119E-004
   0.10199212722213774E-008   0.631517105E-004
   0.10230026053700825E-008   0.641786901E-004
   0.10260839385187875E-008   0.649404537E-004
   0.10291652716674926E-008   0.654256146E-004
   0.10322466048161977E-008   0.659965299E-004
   0.10353279379649027E-008   0.668877619E-004
   0.10384092711136078E-008   0.678780852E-004
   0.10414906042623129E-008   0.685946798E-004
   0.10445719374110179E-008   0.690289598E-004
   0.10476532705597230E-008   0.695478520E-004
   0.10507346037084281E-008   0.703853657E-004
   0.10538159368571332E-008   0.713190457E-004
   0.10568972700058382E-008   0.719778400E-004
   0.10599786031545433E-008   0.723541889E-004
   0.10630599363032484E-008   0.728129526E-004
   0.10661412694519534E-008   0.735860231E-004
   0.10692226026006585E-008   0.744522331E-004
   0.10723039357493636E-008   0.750444597E-004
   0.10753852688980686E-008   0.753563436E-004
   0.10784666020467737E-008   0.757461676E-004
   0.10815479351954788E-008   0.764376746E-004
   0.10846292683441838E-008   0.772145140E-004
   0.10877106014928889E-008   0.777262176E-004
   0.10907919346415940E-008   0.779714173E-004
   0.10938732677902990E-008   0.782906936E-004
   0.10969546009390041E-008   0.788918478E-004
   0.11000359340877092E-008   0.795692322E-004
   0.11031172672364142E-008   0.799946065E-004
   0.11061986003851193E-008   0.801673450E-004
   0.11092799335338244E-008   0.804053197E-004
   0.11123612666825294E-008   0.809011399E-004
   0.11154425998312345E-008   0.814635932E-004
   0.11185239329799396E-008   0.817935143E-004
   0.11216052661286446E-008   0.818963890E-004
   0.11246865992773497E-008   0.820592322E-004
   0.11277679324260548E-008   0.824446761E-004
   0.11308492655747598E-008   0.828783086E-004
   0.11339305987234649E-008   0.831056241E-004
   0.11370119318721700E-008   0.831381330E-004
   0.11400932650208750E-008   0.832180012E-004
   0.11431745981695801E-008   0.834787788E-004
   0.11462559313182852E-008   0.837769476E-004
   0.11493372644669902E-008   0.839046334E-004
   0.11524185976156953E-008   0.838713677E-004
   0.11554999307644004E-008   0.838722117E-004
   0.11585812639131055E-008   0.840090142E-004
   0.11616625970618105E-008   0.841641886E-004
   0.11647439302105156E-008   0.841847068E-004
   0.11678252633592207E-008   0.840897701E-004
   0.11709065965079257E-008   0.840161592E-004
   0.11739879296566308E-008   0.840179491E-004
   0.11770692628053359E-008   0.840166322E-004
   0.11801505959540409E-008   0.839348140E-004
   0.11832319291027460E-008   0.837930711E-004
   0.11863132622514511E-008   0.836530089E-004
   0.11893945954001561E-008   0.835248429E-004
   0.11924759285488612E-008   0.833744998E-004
   0.11955572616975663E-008   0.831923680E-004
   0.11986385948462713E-008   0.830007630E-004
   0.12017199279949764E-008   0.827946496E-004
   0.12048012611436815E-008   0.825349271E-004
   0.12078825942923865E-008   0.822272559E-004
   0.12109639274410916E-008   0.819463821E-004
   0.12140452605897967E-008   0.817253240E-004
   0.12171265937385017E-008   0.814730374E-004
   0.12202079268872068E-008   0.810885322E-004
   0.12232892600359119E-008   0.806294338E-004
   0.12263705931846169E-008   0.802595750E-004
   0.12294519263333220E-008   0.800125636E-004
   0.12325332594820271E-008   0.797142129E-004
   0.12356145926307321E-008   0.792120991E-004
   0.12386959257794372E-008   0.786105593E-004
   0.12417772589281423E-008   0.781561030E-004
   0.12448585920768473E-008   0.778907925E-004
   0.12479399252255524E-008   0.775592998E-004
   0.12510212583742575E-008   0.769488688E-004
   0.12541025915229626E-008   0.762130221E-004
   0.12571839246716676E-008   0.756892259E-004
   0.12602652578203727E-008   0.754211214E-004
   0.12633465909690778E-008   0.750645195E-004
   0.12664279241177828E-008   0.743538476E-004
   0.12695092572664879E-008   0.734948480E-004
   0.12725905904151930E-008   0.729071180E-004
   0.12756719235638980E-008   0.726386206E-004
   0.12787532567126031E-008   0.722688710E-004
   0.12818345898613082E-008   0.714766938E-004
   0.12849159230100132E-008   0.705092170E-004
   0.12879972561587183E-008   0.698698932E-004
   0.12910785893074234E-008   0.696139177E-004
   0.12941599224561284E-008   0.692382964E-004
   0.12972412556048335E-008   0.683685939E-004
   0.13003225887535386E-008   0.673049581E-004
   0.13034039219022436E-008   0.666317646E-004
   0.13064852550509487E-008   0.663986721E-004
   0.13095665881996538E-008   0.660236183E-004
   0.13126479213483588E-008   0.650910661E-004
   0.13157292544970639E-008   0.639495483E-004
   0.13188105876457690E-008   0.632513766E-004
   0.13218919207944740E-008   0.630431750E-004
   0.13249732539431791E-008   0.626767651E-004
   0.13280545870918842E-008   0.616983671E-004
   0.13311359202405892E-008   0.604961897E-004
   0.13342172533892943E-008   0.597831058E-004
   0.13372985865379994E-008   0.596040663E-004
   0.13403799196867044E-008   0.592522520E-004
   0.13434612528354095E-008   0.582411412E-004
   0.13465425859841146E-008   0.569954573E-004
   0.13496239191328196E-008   0.562799578E-004
   0.13527052522815247E-008   0.561347588E-004
   0.13557865854302298E-008   0.558017273E-004
   0.13588679185789349E-008   0.547697346E-004
   0.13619492517276399E-008   0.534961182E-004
   0.13650305848763450E-008   0.527854500E-004
   0.13681119180250501E-008   0.526715194E-004
   0.13711932511737551E-008   0.523595227E-004
   0.13742745843224602E-008   0.513245941E-004
   0.13773559174711653E-008   0.500466667E-004
   0.13804372506198703E-008   0.493518237E-004
   0.13835185837685754E-008   0.492655636E-004
   0.13865999169172805E-008   0.489723352E-004
   0.13896812500659855E-008   0.479446862E-004
   0.13927625832146906E-008   0.466765741E-004
   0.13958439163633957E-008   0.460007977E-004
   0.13989252495121007E-008   0.459362127E-004
   0.14020065826608058E-008   0.456631533E-004
   0.14050879158095109E-008   0.446594167E-004
   0.14081692489582159E-008   0.434213107E-004
   0.14112505821069210E-008   0.427733503E-004
   0.14143319152556261E-008   0.427275409E-004
   0.14174132484043311E-008   0.424724385E-004
   0.14204945815530362E-008   0.414997594E-004
   0.14235759147017413E-008   0.403022059E-004
   0.14266572478504463E-008   0.396830364E-004
   0.14297385809991514E-008   0.396465039E-004
   0.14328199141478565E-008   0.394042181E-004
   0.14359012472965615E-008   0.384718624E-004
   0.14389825804452666E-008   0.373296425E-004
   0.14420639135939717E-008   0.367459761E-004
   0.14451452467426767E-008   0.367178764E-004
   0.14482265798913818E-008   0.364906518E-004
   0.14513079130400869E-008   0.356080200E-004
   0.14543892461887920E-008   0.345291883E-004
   0.14574705793374970E-008   0.339768558E-004
   0.14605519124862021E-008   0.339422586E-004
   0.14636332456349072E-008   0.337190431E-004
   0.14667145787836122E-008   0.328892675E-004
   0.14697959119323173E-008   0.318845996E-004
   0.14728772450810224E-008   0.313702039E-004
   0.14759585782297274E-008   0.313310047E-004
   0.14790399113784325E-008   0.311163385E-004
   0.14821212445271376E-008   0.303479046E-004
   0.14852025776758426E-008   0.294222245E-004
   0.14882839108245477E-008   0.289396357E-004
   0.14913652439732528E-008   0.288810443E-004
   0.14944465771219578E-008   0.286625673E-004
   0.14975279102706629E-008   0.279538799E-004
   0.15006092434193680E-008   0.271128738E-004
   0.15036905765680730E-008   0.266655534E-004
   0.15067719097167781E-008   0.265857998E-004
   0.15098532428654832E-008   0.263630282E-004
   0.15129345760141882E-008   0.257211595E-004
   0.15160159091628933E-008   0.249744608E-004
   0.15190972423115984E-008   0.245623651E-004
   0.15221785754603034E-008   0.244501807E-004
   0.15252599086090085E-008   0.242131464E-004
   0.15283412417577136E-008   0.236353499E-004
   0.15314225749064186E-008   0.229790421E-004
   0.15345039080551237E-008   0.225941749E-004
   0.15375852412038288E-008   0.224459618E-004
   0.15406665743525338E-008   0.221969131E-004
   0.15437479075012389E-008   0.216855969E-004
   0.15468292406499440E-008   0.211248262E-004
   0.15499105737986490E-008   0.207769208E-004
   0.15529919069473541E-008   0.205960114E-004
   0.15560732400960592E-008   0.203266572E-004
   0.15591545732447643E-008   0.198720500E-004
   0.15622359063934693E-008   0.193990199E-004
   0.15653172395421744E-008   0.190766477E-004
   0.15683985726908795E-008   0.188547438E-004
   0.15714799058395845E-008   0.185690169E-004
   0.15745612389882896E-008   0.181770956E-004
   0.15776425721369947E-008   0.177900765E-004
   0.15807239052856997E-008   0.174936322E-004
   0.15838052384344048E-008   0.172380260E-004
   0.15868865715831099E-008   0.169377472E-004
   0.15899679047318149E-008   0.166016325E-004
   0.15930492378805200E-008   0.162951801E-004
   0.15961305710292251E-008   0.160218151E-004
   0.15992119041779301E-008   0.157279665E-004
   0.16022932373266352E-008   0.154095342E-004
   0.16053745704753403E-008   0.151250933E-004
   0.16084559036240453E-008   0.148901454E-004
   0.16115372367727504E-008   0.146359698E-004
   0.16146185699214555E-008   0.143145489E-004
   0.16176999030701605E-008   0.139888225E-004
   0.16207812362188656E-008   0.137527841E-004
   0.16238625693675707E-008   0.135822129E-004
   0.16269439025162757E-008   0.133469302E-004
   0.16300252356649808E-008   0.129976861E-004
   0.16331065688136859E-008   0.126604027E-004
   0.16361879019623909E-008   0.124687258E-004
   0.16392692351110960E-008   0.123570235E-004
   0.16423505682598011E-008   0.121340418E-004
   0.16454319014085061E-008   0.117585787E-004
   0.16485132345572112E-008   0.114173299E-004
   0.16515945677059163E-008   0.112696380E-004
   0.16546759008546214E-008   0.112112657E-004
   0.16577572340033264E-008   0.110048404E-004
   0.16608385671520315E-008   0.106131383E-004
   0.16639199003007366E-008   0.102672539E-004
   0.16670012334494416E-008   0.101521400E-004
   0.16700825665981467E-008   0.101365613E-004
   0.16731638997468518E-008   0.994167840E-005
   0.16762452328955568E-008   0.953402014E-005
   0.16793265660442619E-008   0.918814931E-005
   0.16824078991929670E-008   0.910928065E-005
   0.16854892323416720E-008   0.913634358E-005
   0.16885705654903771E-008   0.895513131E-005
   0.16916518986390822E-008   0.853817528E-005
   0.16947332317877872E-008   0.819363777E-005
   0.16978145649364923E-008   0.814081250E-005
   0.17008958980851974E-008   0.819873367E-005
   0.17039772312339024E-008   0.803027615E-005
   0.17070585643826075E-008   0.761125102E-005
   0.17101398975313126E-008   0.727092447E-005
   0.17132212306800176E-008   0.723928679E-005
   0.17163025638287227E-008   0.732442095E-005
   0.17193838969774278E-008   0.717210787E-005
   0.17224652301261328E-008   0.675669162E-005
   0.17255465632748379E-008   0.642280020E-005
   0.17286278964235430E-008   0.641030374E-005
   0.17317092295722480E-008   0.651749997E-005
   0.17347905627209531E-008   0.637726680E-005
   0.17378718958696582E-008   0.596748305E-005
   0.17409532290183632E-008   0.564343509E-005
   0.17440345621670683E-008   0.564547508E-005
   0.17471158953157734E-008   0.576675529E-005
   0.17501972284644784E-008   0.564006359E-005
   0.17532785616131835E-008   0.524468669E-005
   0.17563598947618886E-008   0.493429343E-005
   0.17594412279105937E-008   0.494819687E-005
   0.17625225610592987E-008   0.508013318E-005
   0.17656038942080038E-008   0.496402936E-005
   0.17686852273567089E-008   0.458219529E-005
   0.17717665605054139E-008   0.428850308E-005
   0.17748478936541190E-008   0.431486251E-005
   0.17779292268028241E-008   0.445148999E-005
   0.17810105599515291E-008   0.434292770E-005
   0.17840918931002342E-008   0.398017391E-005
   0.17871732262489393E-008   0.370685643E-005
   0.17902545593976443E-008   0.374105207E-005
   0.17933358925463494E-008   0.387826367E-005
   0.17964172256950545E-008   0.377943979E-005
   0.17994985588437595E-008   0.343904321E-005
   0.18025798919924646E-008   0.318661228E-005
   0.18056612251411697E-008   0.322671053E-005
   0.18087425582898747E-008   0.335996901E-005
   0.18118238914385798E-008   0.326691611E-005
   0.18149052245872849E-008   0.295012342E-005
   0.18179865577359899E-008   0.272168313E-005
   0.18210678908846950E-008   0.276671972E-005
   0.18241492240334001E-008   0.289422337E-005
   0.18272305571821051E-008   0.280930726E-005
   0.18303118903308102E-008   0.251820734E-005
   0.18333932234795153E-008   0.231024183E-005
   0.18364745566282203E-008   0.235521316E-005
   0.18395558897769254E-008   0.247622802E-005
   0.18426372229256305E-008   0.240126519E-005
   0.18457185560743355E-008   0.213615726E-005
   0.18487998892230406E-008   0.194770428E-005
   0.18518812223717457E-008   0.199213491E-005
   0.18549625555204508E-008   0.210612166E-005
   0.18580438886691558E-008   0.203988520E-005
   0.18611252218178609E-008   0.179993833E-005
   0.18642065549665660E-008   0.163075379E-005
   0.18672878881152710E-008   0.167390544E-005
   0.18703692212639761E-008   0.178021787E-005
   0.18734505544126812E-008   0.172284581E-005
   0.18765318875613862E-008   0.150685287E-005
   0.18796132207100913E-008   0.135404025E-005
   0.18826945538587964E-008   0.139530664E-005
   0.18857758870075014E-008   0.149571724E-005
   0.18888572201562065E-008   0.144615228E-005
   0.18919385533049116E-008   0.125103486E-005
   0.18950198864536166E-008   0.111530142E-005
   0.18981012196023217E-008   0.115681837E-005
   0.19011825527510268E-008   0.124894132E-005
   0.19042638858997318E-008   0.120387153E-005
   0.19073452190484369E-008   0.103029561E-005
   0.19104265521971420E-008   0.911994334E-006
   0.19135078853458470E-008   0.951433549E-006
   0.19165892184945521E-008   0.103498883E-005
   0.19196705516432572E-008   0.995399887E-006
   0.19227518847919622E-008   0.841028168E-006
   0.19258332179406673E-008   0.738121571E-006
   0.19289145510893724E-008   0.777157311E-006
   0.19319958842380774E-008   0.851934885E-006
   0.19350772173867825E-008   0.814563236E-006
   0.19381585505354876E-008   0.679468997E-006
   0.19412398836841926E-008   0.593671871E-006
   0.19443212168328977E-008   0.629758290E-006
   0.19474025499816028E-008   0.693376137E-006
   0.19504838831303078E-008   0.660124442E-006
   0.19535652162790129E-008   0.544030058E-006
   0.19566465494277180E-008   0.471350290E-006
   0.19597278825764231E-008   0.504232162E-006
   0.19628092157251281E-008   0.559396085E-006
   0.19658905488738332E-008   0.529265947E-006
   0.19689718820225383E-008   0.429674628E-006
   0.19720532151712433E-008   0.369865148E-006
   0.19751345483199484E-008   0.398585826E-006
   0.19782158814686535E-008   0.444051665E-006
   0.19812972146173585E-008   0.418607073E-006
   0.19843785477660636E-008   0.335457429E-006
   0.19874598809147687E-008   0.284480819E-006
   0.19905412140634737E-008   0.308399564E-006
   0.19936225472121788E-008   0.347880359E-006
   0.19967038803608839E-008   0.326572831E-006
   0.19997852135095889E-008   0.255459867E-006
   0.20028665466582940E-008   0.212644878E-006
   0.20059478798069991E-008   0.233443259E-006
   0.20090292129557041E-008   0.266536517E-006
   0.20121105461044092E-008   0.248712809E-006
   0.20151918792531143E-008   0.188802574E-006
   0.20182732124018193E-008   0.151512495E-006
   0.20213545455505244E-008   0.169099906E-006
   0.20244358786992295E-008   0.199199008E-006
   0.20275172118479345E-008   0.184373263E-006
   0.20305985449966396E-008   0.131495682E-006
   0.20336798781453447E-008   0.998530965E-007
   0.20367612112940497E-008   0.116682457E-006
   0.20398425444427548E-008   0.142024447E-006
   0.20429238775914599E-008   0.127902652E-006
   0.20460052107401649E-008   0.829633038E-007
   0.20490865438888700E-008   0.566560807E-007
   0.20521678770375751E-008   0.711917352E-007
   0.20552492101862802E-008   0.930503745E-007
   0.20583305433349852E-008   0.801901905E-007
   0.20614118764836903E-008   0.404975253E-007
   0.20644932096323954E-008   0.193891871E-007
   0.20675745427811004E-008   0.340852075E-007
   0.20706558759298055E-008   0.510445872E-007
   0.20737372090785106E-008   0.368181254E-007
   0.20768185422272156E-008   0.372928710E-008
   0.20798998753759207E-008  -0.118092540E-007
   0.20829812085246258E-008   0.837641068E-010
   0.20860625416733308E-008   0.125076234E-007
   0.20891438748220359E-008  -0.103601572E-009
   0.20922252079707410E-008  -0.279159345E-007
   0.20953065411194460E-008  -0.405649487E-007
   0.20983878742681511E-008  -0.303133731E-007
   0.21014692074168562E-008  -0.215999219E-007
   0.21045505405655612E-008  -0.341200668E-007
   0.21076318737142663E-008  -0.563325102E-007
   0.21107132068629714E-008  -0.655432117E-007
   0.21137945400116764E-008  -0.591632272E-007
   0.21168758731603815E-008  -0.544730625E-007
   0.21199572063090866E-008  -0.643793570E-007
   0.21230385394577916E-008  -0.820273769E-007
   0.21261198726064967E-008  -0.907863011E-007
   0.21292012057552018E-008  -0.866112089E-007
   0.21322825389039068E-008  -0.832647373E-007
   0.21353638720526119E-008  -0.923576309E-007
   0.21384452052013170E-008  -0.107583517E-006
   0.21415265383500220E-008  -0.115383472E-006
   0.21446078714987271E-008  -0.113372053E-006
   0.21476892046474322E-008  -0.111430033E-006
   0.21507705377961372E-008  -0.118534139E-006
   0.21538518709448423E-008  -0.132114451E-006
   0.21569332040935474E-008  -0.140920818E-006
   0.21600145372422525E-008  -0.139757134E-006
   0.21630958703909575E-008  -0.137496400E-006
   0.21661772035396626E-008  -0.144552615E-006
   0.21692585366883677E-008  -0.157682692E-006
   0.21723398698370727E-008  -0.165593093E-006
   0.21754212029857778E-008  -0.165158212E-006
   0.21785025361344829E-008  -0.164387643E-006
   0.21815838692831879E-008  -0.171230425E-006
   0.21846652024318930E-008  -0.183487941E-006
   0.21877465355805981E-008  -0.191227358E-006
   0.21908278687293031E-008  -0.190497957E-006
   0.21939092018780082E-008  -0.190208482E-006
   0.21969905350267133E-008  -0.198883967E-006
   0.22000718681754183E-008  -0.211002003E-006
   0.22031532013241234E-008  -0.216287518E-006
   0.22062345344728285E-008  -0.215715460E-006
   0.22093158676215335E-008  -0.218167784E-006
   0.22123972007702386E-008  -0.226993535E-006
   0.22154785339189437E-008  -0.237249125E-006
   0.22185598670676487E-008  -0.242771193E-006
   0.22216412002163538E-008  -0.243499670E-006
   0.22247225333650589E-008  -0.246259305E-006
   0.22278038665137639E-008  -0.255352347E-006
   0.22308851996624690E-008  -0.265146525E-006
   0.22339665328111741E-008  -0.269202872E-006
   0.22370478659598791E-008  -0.271072992E-006
   0.22401291991085842E-008  -0.276930848E-006
   0.22432105322572893E-008  -0.285236297E-006
   0.22462918654059943E-008  -0.291843463E-006
   0.22493731985546994E-008  -0.296818882E-006
   0.22524545317034045E-008  -0.301515485E-006
   0.22555358648521096E-008  -0.306775348E-006
   0.22586171980008146E-008  -0.313921362E-006
   0.22616985311495197E-008  -0.321716300E-006
   0.22647798642982248E-008  -0.327011662E-006
   0.22678611974469298E-008  -0.330988172E-006
   0.22709425305956349E-008  -0.337183025E-006
   0.22740238637443400E-008  -0.344663960E-006
   0.22771051968930450E-008  -0.351098379E-006
   0.22801865300417501E-008  -0.357393873E-006
   0.22832678631904552E-008  -0.363584206E-006
   0.22863491963391602E-008  -0.368293541E-006
   0.22894305294878653E-008  -0.373852998E-006
   0.22925118626365704E-008  -0.382391420E-006
   0.22955931957852754E-008  -0.390111097E-006
   0.22986745289339805E-008  -0.394382369E-006
   0.23017558620826856E-008  -0.399144511E-006
   0.23048371952313906E-008  -0.406849892E-006
   0.23079185283800957E-008  -0.414585514E-006
   0.23109998615288008E-008  -0.420721364E-006
   0.23140811946775058E-008  -0.426356223E-006
   0.23171625278262109E-008  -0.431988042E-006
   0.23202438609749160E-008  -0.438720406E-006
   0.23233251941236210E-008  -0.447159948E-006
   0.23264065272723261E-008  -0.454034222E-006
   0.23294878604210312E-008  -0.457802798E-006
   0.23325691935697362E-008  -0.463290633E-006
   0.23356505267184413E-008  -0.472671019E-006
   0.23387318598671464E-008  -0.480729000E-006
   0.23418131930158514E-008  -0.485192572E-006
   0.23448945261645565E-008  -0.490358218E-006
   0.23479758593132616E-008  -0.497884287E-006
   0.23510571924619666E-008  -0.505255116E-006
   0.23541385256106717E-008  -0.511869644E-006
   0.23572198587593768E-008  -0.518196885E-006
   0.23603011919080819E-008  -0.523889071E-006
   0.23633825250567869E-008  -0.530370642E-006
   0.23664638582054920E-008  -0.538386303E-006
   0.23695451913541971E-008  -0.544986960E-006
   0.23726265245029021E-008  -0.549642152E-006
   0.23757078576516072E-008  -0.556244231E-006
   0.23787891908003123E-008  -0.564690026E-006
   0.23818705239490173E-008  -0.570911084E-006
   0.23849518570977224E-008  -0.575774209E-006
   0.23880331902464275E-008  -0.582661016E-006
   0.23911145233951325E-008  -0.589979379E-006
   0.23941958565438376E-008  -0.595642177E-006
   0.23972771896925427E-008  -0.601722377E-006
   0.24003585228412477E-008  -0.608893458E-006
   0.24034398559899528E-008  -0.615158285E-006
   0.24065211891386579E-008  -0.620976891E-006
   0.24096025222873629E-008  -0.627465283E-006
   0.24126838554360680E-008  -0.633390869E-006
   0.24157651885847731E-008  -0.639167069E-006
   0.24188465217334781E-008  -0.646455987E-006
   0.24219278548821832E-008  -0.653137477E-006
   0.24250091880308883E-008  -0.657462408E-006
   0.24280905211795933E-008  -0.662877767E-006
   0.24311718543282984E-008  -0.670810039E-006
   0.24342531874770035E-008  -0.677170249E-006
   0.24373345206257085E-008  -0.681159861E-006
   0.24404158537744136E-008  -0.686731539E-006
   0.24434971869231187E-008  -0.694017160E-006
   0.24465785200718237E-008  -0.699935299E-006
   0.24496598532205288E-008  -0.704751642E-006
   0.24527411863692339E-008  -0.710048823E-006
   0.24558225195179390E-008  -0.715561441E-006
   0.24589038526666440E-008  -0.721564163E-006
   0.24619851858153491E-008  -0.727957740E-006
   0.24650665189640542E-008  -0.732623448E-006
   0.24681478521127592E-008  -0.736198047E-006
   0.24712291852614643E-008  -0.742169618E-006
   0.24743105184101694E-008  -0.749347748E-006
   0.24773918515588744E-008  -0.753662846E-006
   0.24804731847075795E-008  -0.756753707E-006
   0.24835545178562846E-008  -0.762439640E-006
   0.24866358510049896E-008  -0.768858513E-006
   0.24897171841536947E-008  -0.773037925E-006
   0.24927985173023998E-008  -0.776630941E-006
   0.24958798504511048E-008  -0.781423296E-006
   0.24989611835998099E-008  -0.786501687E-006
   0.25020425167485150E-008  -0.791361970E-006
   0.25051238498972200E-008  -0.795724816E-006
   0.25082051830459251E-008  -0.798901794E-006
   0.25112865161946302E-008  -0.802514535E-006
   0.25143678493433352E-008  -0.808150901E-006
   0.25174491824920403E-008  -0.813056658E-006
   0.25205305156407454E-008  -0.815213411E-006
   0.25236118487894504E-008  -0.818035744E-006
   0.25266931819381555E-008  -0.823441212E-006
   0.25297745150868606E-008  -0.827891256E-006
   0.25328558482355656E-008  -0.829907322E-006
   0.25359371813842707E-008  -0.832588910E-006
   0.25390185145329758E-008  -0.836915490E-006
   0.25420998476816808E-008  -0.840772998E-006
   0.25451811808303859E-008  -0.843521150E-006
   0.25482625139790910E-008  -0.845820807E-006
   0.25513438471277960E-008  -0.848157697E-006
   0.25544251802765011E-008  -0.851521349E-006
   0.25575065134252062E-008  -0.855457415E-006
   0.25605878465739113E-008  -0.857520433E-006
   0.25636691797226163E-008  -0.858206477E-006
   0.25667505128713214E-008  -0.860861292E-006
   0.25698318460200265E-008  -0.864843628E-006
   0.25729131791687315E-008  -0.866550295E-006
   0.25759945123174366E-008  -0.866801145E-006
   0.25790758454661417E-008  -0.868925213E-006
   0.25821571786148467E-008  -0.872098951E-006
   0.25852385117635518E-008  -0.873673002E-006
   0.25883198449122569E-008  -0.874114676E-006
   0.25914011780609619E-008  -0.875050318E-006
   0.25944825112096670E-008  -0.876670981E-006
   0.25975638443583721E-008  -0.878546132E-006
   0.26006451775070771E-008  -0.879714264E-006
   0.26037265106557822E-008  -0.879506729E-006
   0.26068078438044873E-008  -0.879580909E-006
   0.26098891769531923E-008  -0.881344306E-006
   0.26129705101018974E-008  -0.882589177E-006
   0.26160518432506025E-008  -0.881594360E-006
   0.26191331763993075E-008  -0.880914172E-006
   0.26222145095480126E-008  -0.882283587E-006
   0.26252958426967177E-008  -0.883122425E-006
   0.26283771758454227E-008  -0.881806557E-006
   0.26314585089941278E-008  -0.880472271E-006
   0.26345398421428329E-008  -0.880565779E-006
   0.26376211752915379E-008  -0.880862444E-006
   0.26407025084402430E-008  -0.880174866E-006
   0.26437838415889481E-008  -0.878555966E-006
   0.26468651747376531E-008  -0.876881700E-006
   0.26499465078863582E-008  -0.876225442E-006
   0.26530278410350633E-008  -0.875947478E-006
   0.26561091741837684E-008  -0.874076534E-006
   0.26591905073324734E-008  -0.871158250E-006
   0.26622718404811785E-008  -0.869784685E-006
   0.26653531736298836E-008  -0.869455164E-006
   0.26684345067785886E-008  -0.867268568E-006
   0.26715158399272937E-008  -0.863557602E-006
   0.26745971730759988E-008  -0.861133742E-006
   0.26776785062247038E-008  -0.860032571E-006
   0.26807598393734089E-008  -0.857973191E-006
   0.26838411725221140E-008  -0.854408256E-006
   0.26869225056708190E-008  -0.850724689E-006
   0.26900038388195241E-008  -0.847984950E-006
   0.26930851719682292E-008  -0.845841498E-006
   0.26961665051169342E-008  -0.842819929E-006
   0.26992478382656393E-008  -0.838340725E-006
   0.27023291714143444E-008  -0.834176490E-006
   0.27054105045630494E-008  -0.831582895E-006
   0.27084918377117545E-008  -0.828596399E-006
   0.27115731708604596E-008  -0.823517041E-006
   0.27146545040091646E-008  -0.818300293E-006
   0.27177358371578697E-008  -0.814892360E-006
   0.27208171703065748E-008  -0.811665757E-006
   0.27238985034552798E-008  -0.806667344E-006
   0.27269798366039849E-008  -0.800889609E-006
   0.27300611697526900E-008  -0.796031202E-006
   0.27331425029013950E-008  -0.791881689E-006
   0.27362238360501001E-008  -0.787158797E-006
   0.27393051691988052E-008  -0.781310632E-006
   0.27423865023475102E-008  -0.775210822E-006
   0.27454678354962153E-008  -0.770087979E-006
   0.27485491686449204E-008  -0.765380946E-006
   0.27516305017936254E-008  -0.759294153E-006
   0.27547118349423305E-008  -0.752139385E-006
   0.27577931680910356E-008  -0.746107503E-006
   0.27608745012397407E-008  -0.741157066E-006
   0.27639558343884457E-008  -0.734994103E-006
   0.27670371675371508E-008  -0.727359634E-006
   0.27701185006858559E-008  -0.720303831E-006
   0.27731998338345609E-008  -0.714366024E-006
   0.27762811669832660E-008  -0.708015989E-006
   0.27793625001319711E-008  -0.700480257E-006
   0.27824438332806761E-008  -0.692650985E-006
   0.27855251664293812E-008  -0.685539476E-006
   0.27886064995780863E-008  -0.678897663E-006
   0.27916878327267913E-008  -0.671422526E-006
   0.27947691658754964E-008  -0.662736795E-006
   0.27978504990242015E-008  -0.654443340E-006
   0.28009318321729065E-008  -0.647529419E-006
   0.28040131653216116E-008  -0.640241296E-006
   0.28070944984703167E-008  -0.631077512E-006
   0.28101758316190217E-008  -0.621667311E-006
   0.28132571647677268E-008  -0.613815644E-006
   0.28163384979164319E-008  -0.606317258E-006
   0.28194198310651369E-008  -0.597358508E-006
   0.28225011642138420E-008  -0.587525221E-006
   0.28255824973625471E-008  -0.578398726E-006
   0.28286638305112521E-008  -0.570099076E-006
   0.28317451636599572E-008  -0.561393847E-006
   0.28348264968086623E-008  -0.551434596E-006
   0.28379078299573673E-008  -0.541089776E-006
   0.28409891631060724E-008  -0.531923206E-006
   0.28440704962547775E-008  -0.523449501E-006
   0.28471518294034825E-008  -0.513520604E-006
   0.28502331625521876E-008  -0.502209900E-006
   0.28533144957008927E-008  -0.491964329E-006
   0.28563958288495978E-008  -0.483117901E-006
   0.28594771619983028E-008  -0.473320057E-006
   0.28625584951470079E-008  -0.461920138E-006
   0.28656398282957130E-008  -0.450816259E-006
   0.28687211614444180E-008  -0.440862181E-006
   0.28718024945931231E-008  -0.430848928E-006
   0.28748838277418282E-008  -0.419793395E-006
   0.28779651608905332E-008  -0.408118922E-006
   0.28810464940392383E-008  -0.396942113E-006
   0.28841278271879434E-008  -0.386640949E-006
   0.28872091603366484E-008  -0.375960667E-006
   0.28902904934853535E-008  -0.363790690E-006
   0.28933718266340586E-008  -0.351468657E-006
   0.28964531597827636E-008  -0.340675001E-006
   0.28995344929314687E-008  -0.330142228E-006
   0.29026158260801738E-008  -0.317919529E-006
   0.29056971592288788E-008  -0.305045120E-006
   0.29087784923775839E-008  -0.293391793E-006
   0.29118598255262890E-008  -0.282257645E-006
   0.29149411586749940E-008  -0.270112423E-006
   0.29180224918236991E-008  -0.257258961E-006
   0.29211038249724042E-008  -0.244805960E-006
   0.29241851581211092E-008  -0.232968318E-006
   0.29272664912698143E-008  -0.221044047E-006
   0.29303478244185194E-008  -0.208166000E-006
   0.29334291575672244E-008  -0.194638758E-006
   0.29365104907159295E-008  -0.182009188E-006
   0.29395918238646346E-008  -0.170392070E-006
   0.29426731570133396E-008  -0.157768270E-006
   0.29457544901620447E-008  -0.143673006E-006
   0.29488358233107498E-008  -0.130253071E-006
   0.29519171564594548E-008  -0.118157352E-006
   0.29549984896081599E-008  -0.105446190E-006
   0.29580798227568650E-008  -0.914561724E-007
   0.29611611559055701E-008  -0.776948852E-007
   0.29642424890542751E-008  -0.648085461E-007
   0.29673238222029802E-008  -0.518957819E-007
   0.29704051553516853E-008  -0.382511445E-007
   0.29734864885003903E-008  -0.240247520E-007
   0.29765678216490954E-008  -0.100597584E-007
   0.29796491547978005E-008   0.296595370E-008
   0.29827304879465055E-008   0.159985234E-007
   0.29858118210952106E-008   0.304238554E-007
   0.29888931542439157E-008   0.452832829E-007
   0.29919744873926207E-008   0.587794844E-007
   0.29950558205413258E-008   0.717950002E-007
   0.29981371536900309E-008   0.861660467E-007
   0.30012184868387359E-008   0.101130638E-006
   0.30042998199874410E-008   0.115082464E-006
   0.30073811531361461E-008   0.128567407E-006
   0.30104624862848511E-008   0.142820809E-006
   0.30135438194335562E-008   0.157694245E-006
   0.30166251525822613E-008   0.172404455E-006
   0.30197064857309663E-008   0.186517781E-006
   0.30227878188796714E-008   0.200282926E-006
   0.30258691520283765E-008   0.214720245E-006
   0.30289504851770815E-008   0.230086741E-006
   0.30320318183257866E-008   0.244938747E-006
   0.30351131514744917E-008   0.258683770E-006
   0.30381944846231967E-008   0.272949706E-006
   0.30412758177719018E-008   0.288414668E-006
   0.30443571509206069E-008   0.303468028E-006
   0.30474384840693119E-008   0.317508636E-006
   0.30505198172180170E-008   0.331943170E-006
   0.30536011503667221E-008   0.347275204E-006
   0.30566824835154272E-008   0.362500316E-006
   0.30597638166641322E-008   0.377128401E-006
   0.30628451498128373E-008   0.391548440E-006
   0.30659264829615424E-008   0.406286034E-006
   0.30690078161102474E-008   0.421657973E-006
   0.30720891492589525E-008   0.437098919E-006
   0.30751704824076576E-008   0.451682496E-006
   0.30782518155563626E-008   0.466005559E-006
   0.30813331487050677E-008   0.481348422E-006
   0.30844144818537728E-008   0.497053179E-006
   0.30874958150024778E-008   0.511747203E-006
   0.30905771481511829E-008   0.526138592E-006
   0.30936584812998880E-008   0.541493364E-006
   0.30967398144485930E-008   0.557152418E-006
   0.30998211475972981E-008   0.572072281E-006
   0.31029024807460032E-008   0.586655801E-006
   0.31059838138947082E-008   0.601618240E-006
   0.31090651470434133E-008   0.616996601E-006
   0.31121464801921184E-008   0.632480806E-006
   0.31152278133408234E-008   0.647547040E-006
   0.31183091464895285E-008   0.662119305E-006
   0.31213904796382336E-008   0.677098569E-006
   0.31244718127869386E-008   0.692777007E-006
   0.31275531459356437E-008   0.708015136E-006
   0.31306344790843488E-008   0.722497873E-006
   0.31337158122330538E-008   0.737461392E-006
   0.31367971453817589E-008   0.753135453E-006
   0.31398784785304640E-008   0.768340442E-006
   0.31429598116791690E-008   0.782901623E-006
   0.31460411448278741E-008   0.797727466E-006
   0.31491224779765792E-008   0.813012093E-006
   0.31522038111252842E-008   0.828319344E-006
   0.31552851442739893E-008   0.843388023E-006
   0.31583664774226944E-008   0.858099384E-006
   0.31614478105713995E-008   0.872788689E-006
   0.31645291437201045E-008   0.888020281E-006
   0.31676104768688096E-008   0.903342254E-006
   0.31706918100175147E-008   0.917946181E-006
   0.31737731431662197E-008   0.932446653E-006
   0.31768544763149248E-008   0.947697401E-006
   0.31799358094636299E-008   0.962922627E-006
   0.31830171426123349E-008   0.977336299E-006
   0.31860984757610400E-008   0.991733828E-006
   0.31891798089097451E-008   0.100675197E-005
   0.31922611420584501E-008   0.102180820E-005
   0.31953424752071552E-008   0.103651007E-005
   0.31984238083558603E-008   0.105104732E-005
   0.32015051415045653E-008   0.106550510E-005
   0.32045864746532704E-008   0.108010613E-005
   0.32076678078019755E-008   0.109498603E-005
   0.32107491409506805E-008   0.110956785E-005
   0.32138304740993856E-008   0.112367582E-005
   0.32169118072480907E-008   0.113816270E-005
   0.32199931403967957E-008   0.115308194E-005
   0.32230744735455008E-008   0.116738977E-005
   0.32261558066942059E-008   0.118118237E-005
   0.32292371398429109E-008   0.119553249E-005
   0.32323184729916160E-008   0.121026926E-005
   0.32353998061403211E-008   0.122451956E-005
   0.32384811392890261E-008   0.123843358E-005
   0.32415624724377312E-008   0.125247584E-005
   0.32446438055864363E-008   0.126656096E-005
   0.32477251387351413E-008   0.128068552E-005
   0.32508064718838464E-008   0.129482260E-005
   0.32538878050325515E-008   0.130861667E-005
   0.32569691381812566E-008   0.132227979E-005
   0.32600504713299616E-008   0.133634660E-005
   0.32631318044786667E-008   0.135034043E-005
   0.32662131376273718E-008   0.136368499E-005
   0.32692944707760768E-008   0.137709822E-005
   0.32723758039247819E-008   0.139110853E-005
   0.32754571370734870E-008   0.140491863E-005
   0.32785384702221920E-008   0.141813553E-005
   0.32816198033708971E-008   0.143141028E-005
   0.32847011365196022E-008   0.144489366E-005
   0.32877824696683072E-008   0.145821400E-005
   0.32908638028170123E-008   0.147147921E-005
   0.32939451359657174E-008   0.148475397E-005
   0.32970264691144224E-008   0.149778850E-005
   0.33001078022631275E-008   0.151080235E-005
   0.33031891354118326E-008   0.152399639E-005
   0.33062704685605376E-008   0.153688643E-005
   0.33093518017092427E-008   0.154944837E-005
   0.33124331348579478E-008   0.156236695E-005
   0.33155144680066528E-008   0.157547458E-005
   0.33185958011553579E-008   0.158803073E-005
   0.33216771343040630E-008   0.160032471E-005
   0.33247584674527680E-008   0.161294020E-005
   0.33278398006014731E-008   0.162552124E-005
   0.33309211337501782E-008   0.163779407E-005
   0.33340024668988832E-008   0.165014228E-005
   0.33370838000475883E-008   0.166252130E-005
   0.33401651331962934E-008   0.167458938E-005
   0.33432464663449984E-008   0.168658744E-005
   0.33463277994937035E-008   0.169868690E-005
   0.33494091326424086E-008   0.171058321E-005
   0.33524904657911136E-008   0.172238242E-005
   0.33555717989398187E-008   0.173436695E-005
   0.33586531320885238E-008   0.174615559E-005
   0.33617344652372289E-008   0.175753166E-005
   0.33648157983859339E-008   0.176900960E-005
   0.33678971315346390E-008   0.178066875E-005
   0.33709784646833441E-008   0.179203494E-005
   0.33740597978320491E-008   0.180324503E-005
   0.33771411309807542E-008   0.181464168E-005
   0.33802224641294593E-008   0.182587587E-005
   0.33833037972781643E-008   0.183673365E-005
   0.33863851304268694E-008   0.184762791E-005
   0.33894664635755745E-008   0.185864099E-005
   0.33925477967242795E-008   0.186948648E-005
   0.33956291298729846E-008   0.188024376E-005
   0.33987104630216897E-008   0.189096932E-005
   0.34017917961703947E-008   0.190142305E-005
   0.34048731293190998E-008   0.191175150E-005
   0.34079544624678049E-008   0.192224184E-005
   0.34110357956165099E-008   0.193261030E-005
   0.34141171287652150E-008   0.194269091E-005
   0.34171984619139201E-008   0.195288180E-005
   0.34202797950626251E-008   0.196313204E-005
   0.34233611282113302E-008   0.197293411E-005
   0.34264424613600353E-008   0.198249654E-005
   0.34295237945087403E-008   0.199235478E-005
   0.34326051276574454E-008   0.200227441E-005
   0.34356864608061505E-008   0.201184366E-005
   0.34387677939548555E-008   0.202123533E-005
   0.34418491271035606E-008   0.203061791E-005
   0.34449304602522657E-008   0.203989111E-005
   0.34480117934009707E-008   0.204910953E-005
   0.34510931265496758E-008   0.205828269E-005
   0.34541744596983809E-008   0.206725781E-005
   0.34572557928470860E-008   0.207619496E-005
   0.34603371259957910E-008   0.208525239E-005
   0.34634184591444961E-008   0.209402128E-005
   0.34664997922932012E-008   0.210231246E-005
   0.34695811254419062E-008   0.211072097E-005
   0.34726624585906113E-008   0.211951578E-005
   0.34757437917393164E-008   0.212810983E-005
   0.34788251248880214E-008   0.213619091E-005
   0.34819064580367265E-008   0.214416787E-005
   0.34849877911854316E-008   0.215230534E-005
   0.34880691243341366E-008   0.216040962E-005
   0.34911504574828417E-008   0.216828539E-005
   0.34942317906315468E-008   0.217595630E-005
   0.34973131237802518E-008   0.218362857E-005
   0.35003944569289569E-008   0.219142498E-005
   0.35034757900776620E-008   0.219903654E-005
   0.35065571232263670E-008   0.220614857E-005
   0.35096384563750721E-008   0.221314622E-005
   0.35127197895237772E-008   0.222055269E-005
   0.35158011226724822E-008   0.222804852E-005
   0.35188824558211873E-008   0.223500433E-005
   0.35219637889698924E-008   0.224155883E-005
   0.35250451221185974E-008   0.224828773E-005
   0.35281264552673025E-008   0.225523081E-005
   0.35312077884160076E-008   0.226193811E-005
   0.35342891215647126E-008   0.226824250E-005
   0.35373704547134177E-008   0.227450619E-005
   0.35404517878621228E-008   0.228101908E-005
   0.35435331210108278E-008   0.228745012E-005
   0.35466144541595329E-008   0.229334228E-005
   0.35496957873082380E-008   0.229896318E-005
   0.35527771204569430E-008   0.230493697E-005
   0.35558584536056481E-008   0.231117110E-005
   0.35589397867543532E-008   0.231699391E-005
   0.35620211199030583E-008   0.232225284E-005
   0.35651024530517633E-008   0.232749790E-005
   0.35681837862004684E-008   0.233308492E-005
   0.35712651193491735E-008   0.233865944E-005
   0.35743464524978785E-008   0.234373556E-005
   0.35774277856465836E-008   0.234851836E-005
   0.35805091187952887E-008   0.235361017E-005
   0.35835904519439937E-008   0.235889138E-005
   0.35866717850926988E-008   0.236361620E-005
   0.35897531182414039E-008   0.236780852E-005
   0.35928344513901089E-008   0.237231893E-005
   0.35959157845388140E-008   0.237727977E-005
   0.35989971176875191E-008   0.238189068E-005
   0.36020784508362241E-008   0.238584880E-005
   0.36051597839849292E-008   0.238971143E-005
   0.36082411171336343E-008   0.239388669E-005
   0.36113224502823393E-008   0.239815836E-005
   0.36144037834310444E-008   0.240208396E-005
   0.36174851165797495E-008   0.240557188E-005
   0.36205664497284545E-008   0.240911754E-005
   0.36236477828771596E-008   0.241304588E-005
   0.36267291160258647E-008   0.241673433E-005
   0.36298104491745697E-008   0.241965267E-005
   0.36328917823232748E-008   0.242254555E-005
   0.36359731154719799E-008   0.242612487E-005
   0.36390544486206849E-008   0.242966212E-005
   0.36421357817693900E-008   0.243237014E-005
   0.36452171149180951E-008   0.243478303E-005
   0.36482984480668001E-008   0.243758291E-005
   0.36513797812155052E-008   0.244053354E-005
   0.36544611143642103E-008   0.244318835E-005
   0.36575424475129154E-008   0.244547982E-005
   0.36606237806616204E-008   0.244764146E-005
   0.36637051138103255E-008   0.245004571E-005
   0.36667864469590306E-008   0.245255410E-005
   0.36698677801077356E-008   0.245445608E-005
   0.36729491132564407E-008   0.245587739E-005
   0.36760304464051458E-008   0.245785213E-005
   0.36791117795538508E-008   0.246027457E-005
   0.36821931127025559E-008   0.246193736E-005
   0.36852744458512610E-008   0.246288232E-005
   0.36883557789999660E-008   0.246422496E-005
   0.36914371121486711E-008   0.246598142E-005
   0.36945184452973762E-008   0.246736431E-005
   0.36975997784460812E-008   0.246833247E-005
   0.37006811115947863E-008   0.246926243E-005
   0.37037624447434914E-008   0.247027037E-005
   0.37068437778921964E-008   0.247136268E-005
   0.37099251110409015E-008   0.247221487E-005
   0.37130064441896066E-008   0.247248931E-005
   0.37160877773383116E-008   0.247282810E-005
   0.37191691104870167E-008   0.247385196E-005
   0.37222504436357218E-008   0.247463140E-005
   0.37253317767844268E-008   0.247435582E-005
   0.37284131099331319E-008   0.247406115E-005
   0.37314944430818370E-008   0.247456478E-005
   0.37345757762305420E-008   0.247494427E-005
   0.37376571093792471E-008   0.247458661E-005
   0.37407384425279522E-008   0.247415755E-005
   0.37438197756766572E-008   0.247397929E-005
   0.37469011088253623E-008   0.247373009E-005
   0.37499824419740674E-008   0.247329308E-005
   0.37530637751227724E-008   0.247255139E-005
   0.37561451082714775E-008   0.247157550E-005
   0.37592264414201826E-008   0.247100184E-005
   0.37623077745688877E-008   0.247070579E-005
   0.37653891077175927E-008   0.246957097E-005
   0.37684704408662978E-008   0.246779359E-005
   0.37715517740150029E-008   0.246675563E-005
   0.37746331071637079E-008   0.246620016E-005
   0.37777144403124130E-008   0.246479817E-005
   0.37807957734611181E-008   0.246287050E-005
   0.37838771066098231E-008   0.246143236E-005
   0.37869584397585282E-008   0.246013110E-005
   0.37900397729072333E-008   0.245837464E-005
   0.37931211060559383E-008   0.245640467E-005
   0.37962024392046434E-008   0.245439401E-005
   0.37992837723533485E-008   0.245244019E-005
   0.38023651055020535E-008   0.245077149E-005
   0.38054464386507586E-008   0.244880835E-005
   0.38085277717994637E-008   0.244597163E-005
   0.38116091049481687E-008   0.244327020E-005
   0.38146904380968738E-008   0.244147759E-005
   0.38177717712455789E-008   0.243935506E-005
   0.38208531043942839E-008   0.243618410E-005
   0.38239344375429890E-008   0.243321620E-005
   0.38270157706916941E-008   0.243090881E-005
   0.38300971038403991E-008   0.242817759E-005
   0.38331784369891042E-008   0.242486090E-005
   0.38362597701378093E-008   0.242170586E-005
   0.38393411032865143E-008   0.241872021E-005
   0.38424224364352194E-008   0.241568932E-005
   0.38455037695839245E-008   0.241258476E-005
   0.38485851027326295E-008   0.240895747E-005
   0.38516664358813346E-008   0.240495160E-005
   0.38547477690300397E-008   0.240161376E-005
   0.38578291021787448E-008   0.239865426E-005
   0.38609104353274498E-008   0.239471251E-005
   0.38639917684761549E-008   0.239026235E-005
   0.38670731016248600E-008   0.238663438E-005
   0.38701544347735650E-008   0.238315056E-005
   0.38732357679222701E-008   0.237875611E-005
   0.38763171010709752E-008   0.237423660E-005
   0.38793984342196802E-008   0.237027189E-005
   0.38824797673683853E-008   0.236622486E-005
   0.38855611005170904E-008   0.236182495E-005
   0.38886424336657954E-008   0.235726088E-005
   0.38917237668145005E-008   0.235238758E-005
   0.38948050999632056E-008   0.234762706E-005
   0.38978864331119106E-008   0.234346589E-005
   0.39009677662606157E-008   0.233892706E-005
   0.39040490994093208E-008   0.233339983E-005
   0.39071304325580258E-008   0.232823504E-005
   0.39102117657067309E-008   0.232388970E-005
   0.39132930988554360E-008   0.231884110E-005
   0.39163744320041410E-008   0.231295394E-005
   0.39194557651528461E-008   0.230771184E-005
   0.39225370983015512E-008   0.230298269E-005
   0.39256184314502562E-008   0.229759848E-005
   0.39286997645989613E-008   0.229176908E-005
   0.39317810977476664E-008   0.228605109E-005
   0.39348624308963714E-008   0.228033196E-005
   0.39379437640450765E-008   0.227482428E-005
   0.39410250971937816E-008   0.226943848E-005
   0.39441064303424866E-008   0.226329644E-005
   0.39471877634911917E-008   0.225677786E-005
   0.39502690966398968E-008   0.225113081E-005
   0.39533504297886018E-008   0.224560904E-005
   0.39564317629373069E-008   0.223892152E-005
   0.39595130960860120E-008   0.223217148E-005
   0.39625944292347171E-008   0.222646190E-005
   0.39656757623834221E-008   0.222052745E-005
   0.39687570955321272E-008   0.221359142E-005
   0.39718384286808323E-008   0.220673405E-005
   0.39749197618295373E-008   0.220031961E-005
   0.39780010949782424E-008   0.219379308E-005
   0.39810824281269475E-008   0.218722494E-005
   0.39841637612756525E-008   0.218047717E-005
   0.39872450944243576E-008   0.217316915E-005
   0.39903264275730627E-008   0.216610692E-005
   0.39934077607217677E-008   0.215971386E-005
   0.39964890938704728E-008   0.215265504E-005
   0.39995704270191779E-008   0.214474676E-005
   0.40026517601678829E-008   0.213766361E-005
   0.40057330933165880E-008   0.213123462E-005
   0.40088144264652931E-008   0.212371538E-005
   0.40118957596139981E-008   0.211554084E-005
   0.40149770927627032E-008   0.210816984E-005
   0.40180584259114083E-008   0.210110306E-005
   0.40211397590601133E-008   0.209350651E-005
   0.40242210922088184E-008   0.208575466E-005
   0.40273024253575235E-008   0.207790958E-005
   0.40303837585062285E-008   0.206988875E-005
   0.40334650916549336E-008   0.206229629E-005
   0.40365464248036387E-008   0.205475908E-005
   0.40396277579523437E-008   0.204627668E-005
   0.40427090911010488E-008   0.203779246E-005
   0.40457904242497539E-008   0.203042873E-005
   0.40488717573984589E-008   0.202273100E-005
   0.40519530905471640E-008   0.201367288E-005
   0.40550344236958691E-008   0.200493628E-005
   0.40581157568445742E-008   0.199727788E-005
   0.40611970899932792E-008   0.198921043E-005
   0.40642784231419843E-008   0.198038379E-005
   0.40673597562906894E-008   0.197173131E-005
   0.40704410894393944E-008   0.196318206E-005
   0.40735224225880995E-008   0.195453799E-005
   0.40766037557368046E-008   0.194611175E-005
   0.40796850888855096E-008   0.193734218E-005
   0.40827664220342147E-008   0.192798552E-005
   0.40858477551829198E-008   0.191929416E-005
   0.40889290883316248E-008   0.191119261E-005
   0.40920104214803299E-008   0.190192327E-005
   0.40950917546290350E-008   0.189194395E-005
   0.40981730877777400E-008   0.188318529E-005
   0.41012544209264451E-008   0.187491980E-005
   0.41043357540751502E-008   0.186547686E-005
   0.41074170872238552E-008   0.185567001E-005
   0.41104984203725603E-008   0.184655096E-005
   0.41135797535212654E-008   0.183742395E-005
   0.41166610866699704E-008   0.182798760E-005
   0.41197424198186755E-008   0.181858786E-005
   0.41228237529673806E-008   0.180888253E-005
   0.41259050861160856E-008   0.179912342E-005
   0.41289864192647907E-008   0.179007520E-005
   0.41320677524134958E-008   0.178075152E-005
   0.41351490855622008E-008   0.177020286E-005
   0.41382304187109059E-008   0.176005949E-005
   0.41413117518596110E-008   0.175123307E-005
   0.41443930850083160E-008   0.174178388E-005
   0.41474744181570211E-008   0.173105639E-005
   0.41505557513057262E-008   0.172086732E-005
   0.41536370844544312E-008   0.171146678E-005
   0.41567184176031363E-008   0.170152714E-005
   0.41597997507518414E-008   0.169117834E-005
   0.41628810839005465E-008   0.168103099E-005
   0.41659624170492515E-008   0.167080577E-005
   0.41690437501979566E-008   0.166072607E-005
   0.41721250833466617E-008   0.165091342E-005
   0.41752064164953667E-008   0.164031769E-005
   0.41782877496440718E-008   0.162919116E-005
   0.41813690827927769E-008   0.161923106E-005
   0.41844504159414819E-008   0.160977413E-005
   0.41875317490901870E-008   0.159884814E-005
   0.41906130822388921E-008   0.158742864E-005
   0.41936944153875971E-008   0.157731108E-005
   0.41967757485363022E-008   0.156738622E-005
   0.41998570816850073E-008   0.155639430E-005
   0.42029384148337123E-008   0.154534257E-005
   0.42060197479824174E-008   0.153481415E-005
   0.42091010811311225E-008   0.152420387E-005
   0.42121824142798275E-008   0.151355050E-005
   0.42152637474285326E-008   0.150276924E-005
   0.42183450805772377E-008   0.149136406E-005
   0.42214264137259427E-008   0.148025424E-005
   0.42245077468746478E-008   0.147018693E-005
   0.42275890800233529E-008   0.145951697E-005
   0.42306704131720579E-008   0.144748628E-005
   0.42337517463207630E-008   0.143613784E-005
   0.42368330794694681E-008   0.142600334E-005
   0.42399144126181731E-008   0.141505666E-005
   0.42429957457668782E-008   0.140313466E-005
   0.42460770789155833E-008   0.139188182E-005
   0.42491584120642883E-008   0.138115092E-005
   0.42522397452129934E-008   0.136996255E-005
   0.42553210783616985E-008   0.135853838E-005
   0.42584024115104036E-008   0.134700554E-005
   0.42614837446591086E-008   0.133534422E-005
   0.42645650778078137E-008   0.132431774E-005
   0.42676464109565188E-008   0.131356705E-005
   0.42707277441052238E-008   0.130162096E-005
   0.42738090772539289E-008   0.128926138E-005
   0.42768904104026340E-008   0.127829765E-005
   0.42799717435513390E-008   0.126759642E-005
   0.42830530767000441E-008   0.125544420E-005
   0.42861344098487492E-008   0.124316830E-005
   0.42892157429974542E-008   0.123206109E-005
   0.42922970761461593E-008   0.122085714E-005
   0.42953784092948644E-008   0.120882146E-005
   0.42984597424435694E-008   0.119681704E-005
   0.43015410755922745E-008   0.118504147E-005
   0.43046224087409796E-008   0.117335799E-005
   0.43077037418896846E-008   0.116200226E-005
   0.43107850750383897E-008   0.115024170E-005
   0.43138664081870948E-008   0.113758790E-005
   0.43169477413357998E-008   0.112554301E-005
   0.43200290744845049E-008   0.111461145E-005
   0.43231104076332100E-008   0.110281428E-005
   0.43261917407819150E-008   0.108986069E-005
   0.43292730739306201E-008   0.107783478E-005
   0.43323544070793252E-008   0.106670518E-005
   0.43354357402280302E-008   0.105464494E-005
   0.43385170733767353E-008   0.104192964E-005
   0.43415984065254404E-008   0.102981903E-005
   0.43446797396741454E-008   0.101802823E-005
   0.43477610728228505E-008   0.100609600E-005
   0.43508424059715556E-008   0.994062930E-006
   0.43539237391202606E-008   0.981520770E-006
   0.43570050722689657E-008   0.968837981E-006
   0.43600864054176708E-008   0.957143811E-006
   0.43631677385663759E-008   0.945613408E-006
   0.43662490717150809E-008   0.932734338E-006
   0.43693304048637860E-008   0.919742149E-006
   0.43724117380124911E-008   0.908153481E-006
   0.43754930711611961E-008   0.896473637E-006
   0.43785744043099012E-008   0.883466157E-006
   0.43816557374586063E-008   0.870609085E-006
   0.43847370706073113E-008   0.858721648E-006
   0.43878184037560164E-008   0.846708133E-006
   0.43908997369047215E-008   0.834191837E-006
   0.43939810700534265E-008   0.821562253E-006
   0.43970624032021316E-008   0.808817049E-006
   0.44001437363508367E-008   0.796422228E-006
   0.44032250694995417E-008   0.784610393E-006
   0.44063064026482468E-008   0.772138776E-006
   0.44093877357969519E-008   0.758768635E-006
   0.44124690689456569E-008   0.746281728E-006
   0.44155504020943620E-008   0.734718185E-006
   0.44186317352430671E-008   0.722069501E-006
   0.44217130683917721E-008   0.708565949E-006
   0.44247944015404772E-008   0.696104280E-006
   0.44278757346891823E-008   0.684288466E-006
   0.44309570678378873E-008   0.671668431E-006
   0.44340384009865924E-008   0.658595866E-006
   0.44371197341352975E-008   0.645818830E-006
   0.44402010672840025E-008   0.633247680E-006
   0.44432824004327076E-008   0.620929427E-006
   0.44463637335814127E-008   0.608544724E-006
   0.44494450667301177E-008   0.595372683E-006
   0.44525263998788228E-008   0.582208656E-006
   0.44556077330275279E-008   0.570171778E-006
   0.44586890661762330E-008   0.558011152E-006
   0.44617703993249380E-008   0.544514592E-006
   0.44648517324736431E-008   0.531251828E-006
   0.44679330656223482E-008   0.519301466E-006
   0.44710143987710532E-008   0.507055006E-006
   0.44740957319197583E-008   0.493696803E-006
   0.44771770650684634E-008   0.480510494E-006
   0.44802583982171684E-008   0.467995250E-006
   0.44833397313658735E-008   0.455509166E-006
   0.44864210645145786E-008   0.442851842E-006
   0.44895023976632836E-008   0.429882220E-006
   0.44925837308119887E-008   0.416623720E-006
   0.44956650639606938E-008   0.403956307E-006
   0.44987463971093988E-008   0.391840814E-006
   0.45018277302581039E-008   0.378830805E-006
   0.45049090634068090E-008   0.365146576E-006
   0.45079903965555140E-008   0.352558231E-006
   0.45110717297042191E-008   0.340631345E-006
   0.45141530628529242E-008   0.327566596E-006
   0.45172343960016292E-008   0.313895100E-006
   0.45203157291503343E-008   0.301129148E-006
   0.45233970622990394E-008   0.288839942E-006
   0.45264783954477444E-008   0.276070296E-006
   0.45295597285964495E-008   0.262970559E-006
   0.45326410617451546E-008   0.249834926E-006
   0.45357223948938596E-008   0.236915326E-006
   0.45388037280425647E-008   0.224492751E-006
   0.45418850611912698E-008   0.211835825E-006
   0.45449663943399748E-008   0.198294870E-006
   0.45480477274886799E-008   0.185089547E-006
   0.45511290606373850E-008   0.173033769E-006
   0.45542103937860900E-008   0.160549618E-006
   0.45572917269347951E-008   0.146813761E-006
   0.45603730600835002E-008   0.133482544E-006
   0.45634543932322053E-008   0.121274184E-006
   0.45665357263809103E-008   0.108799277E-006
   0.45696170595296154E-008   0.955225161E-007
   0.45726983926783205E-008   0.822899935E-007
   0.45757797258270255E-008   0.694545150E-007
   0.45788610589757306E-008   0.568504817E-007
   0.45819423921244357E-008   0.442139410E-007
   0.45850237252731407E-008   0.310337711E-007
   0.45881050584218458E-008   0.176329440E-007
   0.45911863915705509E-008   0.509885911E-008
   0.45942677247192559E-008  -0.705250258E-008
   0.45973490578679610E-008  -0.203058423E-007
   0.46004303910166661E-008  -0.340302755E-007
   0.46035117241653711E-008  -0.465956838E-007
   0.46065930573140762E-008  -0.586565356E-007
   0.46096743904627813E-008  -0.716988353E-007
   0.46127557236114863E-008  -0.852070627E-007
   0.46158370567601914E-008  -0.980782673E-007
   0.46189183899088965E-008  -0.110539894E-006
   0.46219997230576015E-008  -0.123199868E-006
   0.46250810562063066E-008  -0.136229389E-006
   0.46281623893550117E-008  -0.149477529E-006
   0.46312437225037167E-008  -0.162298676E-006
   0.46343250556524218E-008  -0.174506212E-006
   0.46374063888011269E-008  -0.187226405E-006
   0.46404877219498319E-008  -0.200865259E-006
   0.46435690550985370E-008  -0.213937341E-006
   0.46466503882472421E-008  -0.225909488E-006
   0.46497317213959471E-008  -0.238370532E-006
   0.46528130545446522E-008  -0.251889162E-006
   0.46558943876933573E-008  -0.265069076E-006
   0.46589757208420624E-008  -0.277379684E-006
   0.46620570539907674E-008  -0.289790449E-006
   0.46651383871394725E-008  -0.302778602E-006
   0.46682197202881776E-008  -0.315924297E-006
   0.46713010534368826E-008  -0.328739901E-006
   0.46743823865855877E-008  -0.341064265E-006
   0.46774637197342928E-008  -0.353485746E-006
   0.46805450528829978E-008  -0.366709315E-006
   0.46836263860317029E-008  -0.380012381E-006
   0.46867077191804080E-008  -0.392258812E-006
   0.46897890523291130E-008  -0.404237539E-006
   0.46928703854778181E-008  -0.417311270E-006
   0.46959517186265232E-008  -0.430749566E-006
   0.46990330517752282E-008  -0.443210041E-006
   0.47021143849239333E-008  -0.455241548E-006
   0.47051957180726384E-008  -0.467968732E-006
   0.47082770512213434E-008  -0.481125653E-006
   0.47113583843700485E-008  -0.493891832E-006
   0.47144397175187536E-008  -0.506156425E-006
   0.47175210506674586E-008  -0.518436536E-006
   0.47206023838161637E-008  -0.531287526E-006
   0.47236837169648688E-008  -0.544460761E-006
   0.47267650501135738E-008  -0.556962277E-006
   0.47298463832622789E-008  -0.568800488E-006
   0.47329277164109840E-008  -0.581284951E-006
   0.47360090495596890E-008  -0.594613823E-006
   0.47390903827083941E-008  -0.607379150E-006
   0.47421717158570992E-008  -0.619230718E-006
   0.47452530490058042E-008  -0.631444379E-006
   0.47483343821545093E-008  -0.644467775E-006
   0.47514157153032144E-008  -0.657324392E-006
   0.47544970484519194E-008  -0.669475753E-006
   0.47575783816006245E-008  -0.681498591E-006
   0.47606597147493296E-008  -0.694058031E-006
   0.47637410478980347E-008  -0.707027198E-006
   0.47668223810467397E-008  -0.719589480E-006
   0.47699037141954448E-008  -0.731419277E-006
   0.47729850473441499E-008  -0.743444616E-006
   0.47760663804928549E-008  -0.756377290E-006
   0.47791477136415600E-008  -0.769286601E-006
   0.47822290467902651E-008  -0.781213885E-006
   0.47853103799389701E-008  -0.792959895E-006
   0.47883917130876752E-008  -0.805559068E-006
   0.47914730462363803E-008  -0.818447745E-006
   0.47945543793850853E-008  -0.830644979E-006
   0.47976357125337904E-008  -0.842396560E-006
   0.48007170456824955E-008  -0.854567190E-006
   0.48037983788312005E-008  -0.867289202E-006
   0.48068797119799056E-008  -0.879830907E-006
   0.48099610451286107E-008  -0.891649506E-006
   0.48130423782773157E-008  -0.903324803E-006
   0.48161237114260208E-008  -0.915772944E-006
   0.48192050445747259E-008  -0.928603185E-006
   0.48222863777234309E-008  -0.940659788E-006
   0.48253677108721360E-008  -0.952117659E-006
   0.48284490440208411E-008  -0.964178525E-006
   0.48315303771695461E-008  -0.976874730E-006
   0.48346117103182512E-008  -0.989129944E-006
   0.48376930434669563E-008  -0.100071657E-005
   0.48407743766156613E-008  -0.101247940E-005
   0.48438557097643664E-008  -0.102485831E-005
   0.48469370429130715E-008  -0.103729656E-005
   0.48500183760617765E-008  -0.104910839E-005
   0.48530997092104816E-008  -0.106052050E-005
   0.48561810423591867E-008  -0.107245262E-005
   0.48592623755078918E-008  -0.108502240E-005
   0.48623437086565968E-008  -0.109717269E-005
   0.48654250418053019E-008  -0.110848555E-005
   0.48685063749540070E-008  -0.112000407E-005
   0.48715877081027120E-008  -0.113234034E-005
   0.48746690412514171E-008  -0.114460579E-005
   0.48777503744001222E-008  -0.115610317E-005
   0.48808317075488272E-008  -0.116746742E-005
   0.48839130406975323E-008  -0.117942352E-005
   0.48869943738462374E-008  -0.119166339E-005
   0.48900757069949424E-008  -0.120344191E-005
   0.48931570401436475E-008  -0.121467838E-005
   0.48962383732923526E-008  -0.122612698E-005
   0.48993197064410576E-008  -0.123827510E-005
   0.49024010395897627E-008  -0.125040708E-005
   0.49054823727384678E-008  -0.126169232E-005
   0.49085637058871728E-008  -0.127273790E-005
   0.49116450390358779E-008  -0.128456793E-005
   0.49147263721845830E-008  -0.129673754E-005
   0.49178077053332880E-008  -0.130820126E-005
   0.49208890384819931E-008  -0.131921377E-005
   0.49239703716306982E-008  -0.133071364E-005
   0.49270517047794032E-008  -0.134267304E-005
   0.49301330379281083E-008  -0.135432890E-005
   0.49332143710768134E-008  -0.136542405E-005
   0.49362957042255184E-008  -0.137649943E-005
   0.49393770373742235E-008  -0.138813562E-005
   0.49424583705229286E-008  -0.140004909E-005
   0.49455397036716336E-008  -0.141136945E-005
   0.49486210368203387E-008  -0.142211502E-005
   0.49517023699690438E-008  -0.143332852E-005
   0.49547837031177488E-008  -0.144521380E-005
   0.49578650362664539E-008  -0.145671129E-005
   0.49609463694151590E-008  -0.146747243E-005
   0.49640277025638641E-008  -0.147843411E-005
   0.49671090357125691E-008  -0.149002938E-005
   0.49701903688612742E-008  -0.150154699E-005
   0.49732717020099793E-008  -0.151247980E-005
   0.49763530351586843E-008  -0.152322843E-005
   0.49794343683073894E-008  -0.153438964E-005
   0.49825157014560945E-008  -0.154593488E-005
   0.49855970346047995E-008  -0.155718487E-005
   0.49886783677535046E-008  -0.156778822E-005
   0.49917597009022097E-008  -0.157845670E-005
   0.49948410340509147E-008  -0.158984574E-005
   0.49979223671996198E-008  -0.160127945E-005
   0.50010037003483249E-008  -0.161193725E-005
   0.50040850334970299E-008  -0.162240235E-005
   0.50071663666457350E-008  -0.163352217E-005
   0.50102476997944401E-008  -0.164485664E-005
   0.50133290329431451E-008  -0.165561937E-005
   0.50164103660918502E-008  -0.166603343E-005
   0.50194916992405553E-008  -0.167677376E-005
   0.50225730323892603E-008  -0.168791803E-005
   0.50256543655379654E-008  -0.169894372E-005
   0.50287356986866705E-008  -0.170942769E-005
   0.50318170318353755E-008  -0.171970771E-005
   0.50348983649840806E-008  -0.173051421E-005
   0.50379796981327857E-008  -0.174169736E-005
   0.50410610312814907E-008  -0.175233265E-005
   0.50441423644301958E-008  -0.176242202E-005
   0.50472236975789009E-008  -0.177294714E-005
   0.50503050307276059E-008  -0.178399910E-005
   0.50533863638763110E-008  -0.179465383E-005
   0.50564676970250161E-008  -0.180473819E-005
   0.50595490301737212E-008  -0.181501662E-005
   0.50626303633224262E-008  -0.182577844E-005
   0.50657116964711313E-008  -0.183652287E-005
   0.50687930296198364E-008  -0.184681437E-005
   0.50718743627685414E-008  -0.185681392E-005
   0.50749556959172465E-008  -0.186709053E-005
   0.50780370290659516E-008  -0.187782848E-005
   0.50811183622146566E-008  -0.188837259E-005
   0.50841996953633617E-008  -0.189826665E-005
   0.50872810285120668E-008  -0.190819537E-005
   0.50903623616607718E-008  -0.191877075E-005
   0.50934436948094769E-008  -0.192933157E-005
   0.50965250279581820E-008  -0.193921187E-005
   0.50996063611068870E-008  -0.194898371E-005
   0.51026876942555921E-008  -0.195930193E-005
   0.51057690274042972E-008  -0.196977544E-005
   0.51088503605530022E-008  -0.197980307E-005
   0.51119316937017073E-008  -0.198949670E-005
   0.51150130268504124E-008  -0.199936130E-005
   0.51180943599991174E-008  -0.200961472E-005
   0.51211756931478225E-008  -0.201988610E-005
   0.51242570262965276E-008  -0.202965907E-005
   0.51273383594452326E-008  -0.203916602E-005
   0.51304196925939377E-008  -0.204912817E-005
   0.51335010257426428E-008  -0.205941615E-005
   0.51365823588913478E-008  -0.206920754E-005
   0.51396636920400529E-008  -0.207856124E-005
   0.51427450251887580E-008  -0.208831034E-005
   0.51458263583374630E-008  -0.209847803E-005
   0.51489076914861681E-008  -0.210831399E-005
   0.51519890246348732E-008  -0.211766883E-005
   0.51550703577835782E-008  -0.212710574E-005
   0.51581516909322833E-008  -0.213692715E-005
   0.51612330240809884E-008  -0.214683791E-005
   0.51643143572296935E-008  -0.215639693E-005
   0.51673956903783985E-008  -0.216561489E-005
   0.51704770235271036E-008  -0.217502838E-005
   0.51735583566758087E-008  -0.218485752E-005
   0.51766396898245137E-008  -0.219451249E-005
   0.51797210229732188E-008  -0.220362267E-005
   0.51828023561219239E-008  -0.221279288E-005
   0.51858836892706289E-008  -0.222248582E-005
   0.51889650224193340E-008  -0.223214124E-005
   0.51920463555680391E-008  -0.224123892E-005
   0.51951276887167441E-008  -0.225019812E-005
   0.51982090218654492E-008  -0.225955682E-005
   0.52012903550141543E-008  -0.226913107E-005
   0.52043716881628593E-008  -0.227842384E-005
   0.52074530213115644E-008  -0.228734757E-005
   0.52105343544602695E-008  -0.229630973E-005
   0.52136156876089745E-008  -0.230563364E-005
   0.52166970207576796E-008  -0.231500576E-005
   0.52197783539063847E-008  -0.232393177E-005
   0.52228596870550897E-008  -0.233265655E-005
   0.52259410202037948E-008  -0.234178583E-005
   0.52290223533524999E-008  -0.235113612E-005
   0.52321036865012049E-008  -0.236004462E-005
   0.52351850196499100E-008  -0.236860092E-005
   0.52382663527986151E-008  -0.237745280E-005
   0.52413476859473201E-008  -0.238664961E-005
   0.52444290190960252E-008  -0.239565043E-005
   0.52475103522447303E-008  -0.240425220E-005
   0.52505916853934353E-008  -0.241281828E-005
   0.52536730185421404E-008  -0.242168221E-005
   0.52567543516908455E-008  -0.243067166E-005
   0.52598356848395506E-008  -0.243935551E-005
   0.52629170179882556E-008  -0.244774219E-005
   0.52659983511369607E-008  -0.245633464E-005
   0.52690796842856658E-008  -0.246525769E-005
   0.52721610174343708E-008  -0.247396770E-005
   0.52752423505830759E-008  -0.248222000E-005
   0.52783236837317810E-008  -0.249053824E-005
   0.52814050168804860E-008  -0.249927757E-005
   0.52844863500291911E-008  -0.250802123E-005
   0.52875676831778962E-008  -0.251634015E-005
   0.52906490163266012E-008  -0.252447217E-005
   0.52937303494753063E-008  -0.253285839E-005
   0.52968116826240114E-008  -0.254145675E-005
   0.52998930157727164E-008  -0.254985889E-005
   0.53029743489214215E-008  -0.255794089E-005
   0.53060556820701266E-008  -0.256607041E-005
   0.53091370152188316E-008  -0.257450506E-005
   0.53122183483675367E-008  -0.258291175E-005
   0.53152996815162418E-008  -0.259091576E-005
   0.53183810146649468E-008  -0.259879153E-005
   0.53214623478136519E-008  -0.260701245E-005
   0.53245436809623570E-008  -0.261541618E-005
   0.53276250141110620E-008  -0.262348772E-005
   0.53307063472597671E-008  -0.263123343E-005
   0.53337876804084722E-008  -0.263912762E-005
   0.53368690135571772E-008  -0.264731557E-005
   0.53399503467058823E-008  -0.265542076E-005
   0.53430316798545874E-008  -0.266318443E-005
   0.53461130130032924E-008  -0.267087557E-005
   0.53491943461519975E-008  -0.267883615E-005
   0.53522756793007026E-008  -0.268689655E-005
   0.53553570124494076E-008  -0.269464317E-005
   0.53584383455981127E-008  -0.270213559E-005
   0.53615196787468178E-008  -0.270983583E-005
   0.53646010118955229E-008  -0.271782210E-005
   0.53676823450442279E-008  -0.272563966E-005
   0.53707636781929330E-008  -0.273306500E-005
   0.53738450113416381E-008  -0.274047306E-005
   0.53769263444903431E-008  -0.274819695E-005
   0.53800076776390482E-008  -0.275598609E-005
   0.53830890107877533E-008  -0.276345440E-005
   0.53861703439364583E-008  -0.277073286E-005
   0.53892516770851634E-008  -0.277822119E-005
   0.53923330102338685E-008  -0.278588982E-005
   0.53954143433825735E-008  -0.279333926E-005
   0.53984956765312786E-008  -0.280049608E-005
   0.54015770096799837E-008  -0.280773679E-005
   0.54046583428286887E-008  -0.281525172E-005
   0.54077396759773938E-008  -0.282273709E-005
   0.54108210091260989E-008  -0.282989072E-005
   0.54139023422748039E-008  -0.283689042E-005
   0.54169836754235090E-008  -0.284411067E-005
   0.54200650085722141E-008  -0.285152078E-005
   0.54231463417209191E-008  -0.285872693E-005
   0.54262276748696242E-008  -0.286563591E-005
   0.54293090080183293E-008  -0.287262742E-005
   0.54323903411670343E-008  -0.287987928E-005
   0.54354716743157394E-008  -0.288703654E-005
   0.54385530074644445E-008  -0.289385775E-005
   0.54416343406131495E-008  -0.290065077E-005
   0.54447156737618546E-008  -0.290771391E-005
   0.54477970069105597E-008  -0.291483548E-005
   0.54508783400592647E-008  -0.292168238E-005
   0.54539596732079698E-008  -0.292831987E-005
   0.54570410063566749E-008  -0.293507287E-005
   0.54601223395053800E-008  -0.294204187E-005
   0.54632036726540850E-008  -0.294895017E-005
   0.54662850058027901E-008  -0.295556015E-005
   0.54693663389514952E-008  -0.296208646E-005
   0.54724476721002002E-008  -0.296885582E-005
   0.54755290052489053E-008  -0.297569682E-005
   0.54786103383976104E-008  -0.298222994E-005
   0.54816916715463154E-008  -0.298859345E-005
   0.54847730046950205E-008  -0.299519161E-005
   0.54878543378437256E-008  -0.300194665E-005
   0.54909356709924306E-008  -0.300847478E-005
   0.54940170041411357E-008  -0.301475552E-005
   0.54970983372898408E-008  -0.302108560E-005
   0.55001796704385458E-008  -0.302759804E-005
   0.55032610035872509E-008  -0.303413390E-005
   0.55063423367359560E-008  -0.304046307E-005
   0.55094236698846610E-008  -0.304660716E-005
   0.55125050030333661E-008  -0.305286790E-005
   0.55155863361820712E-008  -0.305932235E-005
   0.55186676693307762E-008  -0.306560923E-005
   0.55217490024794813E-008  -0.307159712E-005
   0.55248303356281864E-008  -0.307769074E-005
   0.55279116687768914E-008  -0.308405652E-005
   0.55309930019255965E-008  -0.309029247E-005
   0.55340743350743016E-008  -0.309620577E-005
   0.55371556682230066E-008  -0.310211612E-005
   0.55402370013717117E-008  -0.310822361E-005
   0.55433183345204168E-008  -0.311436270E-005
   0.55463996676691218E-008  -0.312035536E-005
   0.55494810008178269E-008  -0.312618613E-005
   0.55525623339665320E-008  -0.313200098E-005
   0.55556436671152370E-008  -0.313797432E-005
   0.55587250002639421E-008  -0.314396652E-005
   0.55618063334126472E-008  -0.314968247E-005
   0.55648876665613523E-008  -0.315529019E-005
   0.55679689997100573E-008  -0.316117462E-005
   0.55710503328587624E-008  -0.316713999E-005
   0.55741316660074675E-008  -0.317275726E-005
   0.55772129991561725E-008  -0.317820559E-005
   0.55802943323048776E-008  -0.318388129E-005
   0.55833756654535827E-008  -0.318966954E-005
   0.55864569986022877E-008  -0.319529045E-005
   0.55895383317509928E-008  -0.320077106E-005
   0.55926196648996979E-008  -0.320623531E-005
   0.55957009980484029E-008  -0.321175162E-005
   0.55987823311971080E-008  -0.321733296E-005
   0.56018636643458131E-008  -0.322280380E-005
   0.56049449974945181E-008  -0.322806704E-005
   0.56080263306432232E-008  -0.323341715E-005
   0.56111076637919283E-008  -0.323898985E-005
   0.56141889969406333E-008  -0.324438383E-005
   0.56172703300893384E-008  -0.324944972E-005
   0.56203516632380435E-008  -0.325462952E-005
   0.56234329963867485E-008  -0.326006921E-005
   0.56265143295354536E-008  -0.326538361E-005
   0.56295956626841587E-008  -0.327046087E-005
   0.56326769958328637E-008  -0.327555017E-005
   0.56357583289815688E-008  -0.328070928E-005
   0.56388396621302739E-008  -0.328585475E-005
   0.56419209952789789E-008  -0.329096179E-005
   0.56450023284276840E-008  -0.329595514E-005
   0.56480836615763891E-008  -0.330088233E-005
   0.56511649947250941E-008  -0.330596004E-005
   0.56542463278737992E-008  -0.331107276E-005
   0.56573276610225043E-008  -0.331588740E-005
   0.56604089941712094E-008  -0.332058539E-005
   0.56634903273199144E-008  -0.332556124E-005
   0.56665716604686195E-008  -0.333060984E-005
   0.56696529936173246E-008  -0.333536627E-005
   0.56727343267660296E-008  -0.334001288E-005
   0.56758156599147347E-008  -0.334480092E-005
   0.56788969930634398E-008  -0.334960123E-005
   0.56819783262121448E-008  -0.335430741E-005
   0.56850596593608499E-008  -0.335896834E-005
   0.56881409925095550E-008  -0.336357084E-005
   0.56912223256582600E-008  -0.336818539E-005
   0.56943036588069651E-008  -0.337289566E-005
   0.56973849919556702E-008  -0.337748247E-005
   0.57004663251043752E-008  -0.338183077E-005
   0.57035476582530803E-008  -0.338629093E-005
   0.57066289914017854E-008  -0.339098324E-005
   0.57097103245504904E-008  -0.339549842E-005
   0.57127916576991955E-008  -0.339974417E-005
   0.57158729908479006E-008  -0.340409451E-005
   0.57189543239966056E-008  -0.340858196E-005
   0.57220356571453107E-008  -0.341293685E-005
   0.57251169902940158E-008  -0.341719078E-005
   0.57281983234427208E-008  -0.342147609E-005
   0.57312796565914259E-008  -0.342573958E-005
   0.57343609897401310E-008  -0.342999510E-005
   0.57374423228888360E-008  -0.343425245E-005
   0.57405236560375411E-008  -0.343835404E-005
   0.57436049891862462E-008  -0.344237833E-005
   0.57466863223349512E-008  -0.344660430E-005
   0.57497676554836563E-008  -0.345086960E-005
   0.57528489886323614E-008  -0.345483363E-005
   0.57559303217810664E-008  -0.345870581E-005
   0.57590116549297715E-008  -0.346279808E-005
   0.57620929880784766E-008  -0.346689308E-005
   0.57651743212271817E-008  -0.347078117E-005
   0.57682556543758867E-008  -0.347465470E-005
   0.57713369875245918E-008  -0.347860282E-005
   0.57744183206732969E-008  -0.348250160E-005
   0.57774996538220019E-008  -0.348635490E-005
   0.57805809869707070E-008  -0.349016341E-005
   0.57836623201194121E-008  -0.349386755E-005
   0.57867436532681171E-008  -0.349762399E-005
   0.57898249864168222E-008  -0.350151981E-005
   0.57929063195655273E-008  -0.350526534E-005
   0.57959876527142323E-008  -0.350877417E-005
   0.57990689858629374E-008  -0.351239578E-005
   0.58021503190116425E-008  -0.351617814E-005
   0.58052316521603475E-008  -0.351979315E-005
   0.58083129853090526E-008  -0.352325969E-005
   0.58113943184577577E-008  -0.352682832E-005
   0.58144756516064627E-008  -0.353042446E-005
   0.58175569847551678E-008  -0.353390760E-005
   0.58206383179038729E-008  -0.353735413E-005
   0.58237196510525779E-008  -0.354077406E-005
   0.58268009842012830E-008  -0.354414874E-005
   0.58298823173499881E-008  -0.354760596E-005
   0.58329636504986931E-008  -0.355107909E-005
   0.58360449836473982E-008  -0.355433303E-005
   0.58391263167961033E-008  -0.355751035E-005
   0.58422076499448083E-008  -0.356088276E-005
   0.58452889830935134E-008  -0.356425517E-005
   0.58483703162422185E-008  -0.356740020E-005
   0.58514516493909235E-008  -0.357054068E-005
   0.58545329825396286E-008  -0.357381100E-005
   0.58576143156883337E-008  -0.357699537E-005
   0.58606956488370388E-008  -0.358005263E-005
   0.58637769819857438E-008  -0.358313787E-005
   0.58668583151344489E-008  -0.358622697E-005
   0.58699396482831540E-008  -0.358928514E-005
   0.58730209814318590E-008  -0.359237447E-005
   0.58761023145805641E-008  -0.359538353E-005
   0.58791836477292692E-008  -0.359823434E-005
   0.58822649808779742E-008  -0.360115359E-005
   0.58853463140266793E-008  -0.360420449E-005
   0.58884276471753844E-008  -0.360711419E-005
   0.58915089803240894E-008  -0.360987565E-005
   0.58945903134727945E-008  -0.361274465E-005
   0.58976716466214996E-008  -0.361565185E-005
   0.59007529797702046E-008  -0.361839443E-005
   0.59038343129189097E-008  -0.362109154E-005
   0.59069156460676148E-008  -0.362386754E-005
   0.59099969792163198E-008  -0.362661535E-005
   0.59130783123650249E-008  -0.362931405E-005
   0.59161596455137300E-008  -0.363200547E-005
   0.59192409786624350E-008  -0.363459981E-005
   0.59223223118111401E-008  -0.363713912E-005
   0.59254036449598452E-008  -0.363979439E-005
   0.59284849781085502E-008  -0.364245011E-005
   0.59315663112572553E-008  -0.364491643E-005
   0.59346476444059604E-008  -0.364736479E-005
   0.59377289775546654E-008  -0.364994048E-005
   0.59408103107033705E-008  -0.365243795E-005
   0.59438916438520756E-008  -0.365478286E-005
   0.59469729770007806E-008  -0.365717869E-005
   0.59500543101494857E-008  -0.365963956E-005
   0.59531356432981908E-008  -0.366202084E-005
   0.59562169764468958E-008  -0.366434551E-005
   0.59592983095956009E-008  -0.366664972E-005
   0.59623796427443060E-008  -0.366889208E-005
   0.59654609758930111E-008  -0.367115695E-005
   0.59685423090417161E-008  -0.367348593E-005
   0.59716236421904212E-008  -0.367570715E-005
   0.59747049753391263E-008  -0.367780831E-005
   0.59777863084878313E-008  -0.367999428E-005
   0.59808676416365364E-008  -0.368221868E-005
   0.59839489747852415E-008  -0.368428618E-005
   0.59870303079339465E-008  -0.368630231E-005
   0.59901116410826516E-008  -0.368842893E-005
   0.59931929742313567E-008  -0.369054237E-005
   0.59962743073800617E-008  -0.369253962E-005
