t              BoxCavity.fdtd_Point probe002_Ex_24_10_7.dat
   0.00000000000000000E+000   0.000000000E+000
   0.30813331487050677E-011   0.000000000E+000
   0.61626662974101354E-011   0.000000000E+000
   0.92439994461152031E-011   0.000000000E+000
   0.12325332594820271E-010   0.000000000E+000
   0.15406665743525338E-010   0.000000000E+000
   0.18487998892230406E-010   0.000000000E+000
   0.21569332040935474E-010   0.000000000E+000
   0.24650665189640542E-010   0.000000000E+000
   0.27731998338345609E-010   0.000000000E+000
   0.30813331487050677E-010   0.000000000E+000
   0.33894664635755745E-010   0.000000000E+000
   0.36975997784460812E-010   0.000000000E+000
   0.40057330933165880E-010   0.000000000E+000
   0.43138664081870948E-010   0.000000000E+000
   0.46219997230576015E-010   0.000000000E+000
   0.49301330379281083E-010   0.000000000E+000
   0.52382663527986151E-010   0.000000000E+000
   0.55463996676691218E-010   0.000000000E+000
   0.58545329825396286E-010   0.000000000E+000
   0.61626662974101354E-010   0.000000000E+000
   0.64707996122806422E-010   0.000000000E+000
   0.67789329271511489E-010   0.000000000E+000
   0.70870662420216557E-010   0.000000000E+000
   0.73951995568921625E-010   0.120256116E-023
   0.77033328717626692E-010   0.167129949E-022
   0.80114661866331760E-010   0.143129320E-021
   0.83195995015036828E-010   0.981398502E-021
   0.86277328163741895E-010   0.563571278E-020
   0.89358661312446963E-010   0.281293786E-019
   0.92439994461152031E-010   0.126996303E-018
   0.95521327609857098E-010   0.527484391E-018
   0.98602660758562166E-010   0.201520925E-017
   0.10168399390726723E-009   0.707705623E-017
   0.10476532705597230E-009   0.229293870E-016
   0.10784666020467737E-009   0.688951387E-016
   0.11092799335338244E-009   0.192919880E-015
   0.11400932650208750E-009   0.505701116E-015
   0.11709065965079257E-009   0.124549821E-014
   0.12017199279949764E-009   0.288957582E-014
   0.12325332594820271E-009   0.632566238E-014
   0.12633465909690778E-009   0.130852360E-013
   0.12941599224561284E-009   0.256124959E-013
   0.13249732539431791E-009   0.474867202E-013
   0.13557865854302298E-009   0.834363503E-013
   0.13865999169172805E-009   0.138913891E-012
   0.14174132484043311E-009   0.218982981E-012
   0.14482265798913818E-009   0.326352362E-012
   0.14790399113784325E-009   0.458687016E-012
   0.15098532428654832E-009   0.605802463E-012
   0.15406665743525338E-009   0.747715366E-012
   0.15714799058395845E-009   0.854720808E-012
   0.16022932373266352E-009   0.890937877E-012
   0.16331065688136859E-009   0.822707408E-012
   0.16639199003007366E-009   0.631325450E-012
   0.16947332317877872E-009   0.326202932E-012
   0.17255465632748379E-009  -0.469228335E-013
   0.17563598947618886E-009  -0.407315186E-012
   0.17871732262489393E-009  -0.653433362E-012
   0.18179865577359899E-009  -0.689365232E-012
   0.18487998892230406E-009  -0.455368165E-012
   0.18796132207100913E-009   0.458156733E-013
   0.19104265521971420E-009   0.728625819E-012
   0.19412398836841926E-009   0.142266949E-011
   0.19720532151712433E-009   0.191943380E-011
   0.20028665466582940E-009   0.206569917E-011
   0.20336798781453447E-009   0.183477712E-011
   0.20644932096323954E-009   0.132174631E-011
   0.20953065411194460E-009   0.699680927E-012
   0.21261198726064967E-009   0.181214527E-012
   0.21569332040935474E-009  -0.357720038E-013
   0.21877465355805981E-009   0.170823859E-012
   0.22185598670676487E-009   0.821004994E-012
   0.22493731985546994E-009   0.177446230E-011
   0.22801865300417501E-009   0.263913370E-011
   0.23109998615288008E-009   0.294779587E-011
   0.23418131930158514E-009   0.266238745E-011
   0.23726265245029021E-009   0.229971988E-011
   0.24034398559899528E-009   0.226241530E-011
   0.24342531874770035E-009   0.233647108E-011
   0.24650665189640542E-009   0.221836698E-011
   0.24958798504511048E-009   0.213718756E-011
   0.25266931819381555E-009   0.252857327E-011
   0.25575065134252062E-009   0.350145217E-011
   0.25883198449122569E-009   0.477488925E-011
   0.26191331763993075E-009   0.553866284E-011
   0.26499465078863582E-009   0.484439832E-011
   0.26807598393734089E-009   0.337925629E-011
   0.27115731708604596E-009   0.371144868E-011
   0.27423865023475102E-009   0.656186650E-011
   0.27731998338345609E-009   0.856445036E-011
   0.28040131653216116E-009   0.701343714E-011
   0.28348264968086623E-009   0.465209425E-011
   0.28656398282957130E-009   0.564321593E-011
   0.28964531597827636E-009   0.930650262E-011
   0.29272664912698143E-009   0.119813586E-010
   0.29580798227568650E-009   0.119514875E-010
   0.29888931542439157E-009   0.952747690E-011
   0.30197064857309663E-009   0.697904495E-011
   0.30505198172180170E-009   0.930182494E-011
   0.30813331487050677E-009   0.174076031E-010
   0.31121464801921184E-009   0.220064366E-010
   0.31429598116791690E-009   0.157926866E-010
   0.31737731431662197E-009   0.820376406E-011
   0.32045864746532704E-009   0.126563777E-010
   0.32353998061403211E-009   0.242691110E-010
   0.32662131376273718E-009   0.283243186E-010
   0.32970264691144224E-009   0.239683239E-010
   0.33278398006014731E-009   0.208801310E-010
   0.33586531320885238E-009   0.218711559E-010
   0.33894664635755745E-009   0.256773856E-010
   0.34202797950626251E-009   0.336293701E-010
   0.34510931265496758E-009   0.403867079E-010
   0.34819064580367265E-009   0.367595294E-010
   0.35127197895237772E-009   0.299252741E-010
   0.35435331210108278E-009   0.360720898E-010
   0.35743464524978785E-009   0.501225519E-010
   0.36051597839849292E-009   0.531112584E-010
   0.36359731154719799E-009   0.473833403E-010
   0.36667864469590306E-009   0.505303056E-010
   0.36975997784460812E-009   0.612547860E-010
   0.37284131099331319E-009   0.655815402E-010
   0.37592264414201826E-009   0.657322877E-010
   0.37900397729072333E-009   0.717438678E-010
   0.38208531043942839E-009   0.798666272E-010
   0.38516664358813346E-009   0.839715589E-010
   0.38824797673683853E-009   0.891145699E-010
   0.39132930988554360E-009   0.975852663E-010
   0.39441064303424866E-009   0.103584565E-009
   0.39749197618295373E-009   0.108591941E-009
   0.40057330933165880E-009   0.118952320E-009
   0.40365464248036387E-009   0.130386660E-009
   0.40673597562906894E-009   0.136553269E-009
   0.40981730877777400E-009   0.143159110E-009
   0.41289864192647907E-009   0.155839952E-009
   0.41597997507518414E-009   0.169245395E-009
   0.41906130822388921E-009   0.179767326E-009
   0.42214264137259427E-009   0.191331381E-009
   0.42522397452129934E-009   0.204565614E-009
   0.42830530767000441E-009   0.217612137E-009
   0.43138664081870948E-009   0.233607439E-009
   0.43446797396741454E-009   0.252939475E-009
   0.43754930711611961E-009   0.269356981E-009
   0.44063064026482468E-009   0.283260443E-009
   0.44371197341352975E-009   0.302537828E-009
   0.44679330656223482E-009   0.326847022E-009
   0.44987463971093988E-009   0.349431151E-009
   0.45295597285964495E-009   0.371316644E-009
   0.45603730600835002E-009   0.396431249E-009
   0.45911863915705509E-009   0.421991858E-009
   0.46219997230576015E-009   0.447422988E-009
   0.46528130545446522E-009   0.478695694E-009
   0.46836263860317029E-009   0.515114618E-009
   0.47144397175187536E-009   0.548434576E-009
   0.47452530490058042E-009   0.578640746E-009
   0.47760663804928549E-009   0.614327200E-009
   0.48068797119799056E-009   0.658082144E-009
   0.48376930434669563E-009   0.704423131E-009
   0.48685063749540070E-009   0.748879347E-009
   0.48993197064410576E-009   0.792153620E-009
   0.49301330379281083E-009   0.839758929E-009
   0.49609463694151590E-009   0.897066477E-009
   0.49917597009022097E-009   0.960005075E-009
   0.50225730323892603E-009   0.101838005E-008
   0.50533863638763110E-009   0.107323628E-008
   0.50841996953633617E-009   0.113820220E-008
   0.51150130268504124E-009   0.121830968E-008
   0.51458263583374630E-009   0.130121391E-008
   0.51766396898245137E-009   0.137544598E-008
   0.52074530213115644E-009   0.144728363E-008
   0.52382663527986151E-009   0.153343893E-008
   0.52690796842856658E-009   0.163964142E-008
   0.52998930157727164E-009   0.175102399E-008
   0.53307063472597671E-009   0.184986459E-008
   0.53615196787468178E-009   0.194198302E-008
   0.53923330102338685E-009   0.205270645E-008
   0.54231463417209191E-009   0.219228036E-008
   0.54539596732079698E-009   0.233969910E-008
   0.54847730046950205E-009   0.247036325E-008
   0.55155863361820712E-009   0.259064636E-008
   0.55463996676691218E-009   0.273287326E-008
   0.55772129991561725E-009   0.291368019E-008
   0.56080263306432232E-009   0.310746251E-008
   0.56388396621302739E-009   0.327739236E-008
   0.56696529936173246E-009   0.343054984E-008
   0.57004663251043752E-009   0.361506070E-008
   0.57312796565914259E-009   0.385257071E-008
   0.57620929880784766E-009   0.410310808E-008
   0.57929063195655273E-009   0.431917924E-008
   0.58237196510525779E-009   0.451461180E-008
   0.58545329825396286E-009   0.475133755E-008
   0.58853463140266793E-009   0.505792830E-008
   0.59161596455137300E-009   0.538448086E-008
   0.59469729770007806E-009   0.566244474E-008
   0.59777863084878313E-009   0.590438365E-008
   0.60085996399748820E-009   0.620151441E-008
   0.60394129714619327E-009   0.659942767E-008
   0.60702263029489834E-009   0.702273928E-008
   0.61010396344360340E-009   0.737355110E-008
   0.61318529659230847E-009   0.767471509E-008
   0.61626662974101354E-009   0.804948996E-008
   0.61934796288971861E-009   0.855543281E-008
   0.62242929603842367E-009   0.909633346E-008
   0.62551062918712874E-009   0.954237844E-008
   0.62859196233583381E-009   0.991481297E-008
   0.63167329548453888E-009   0.103792717E-007
   0.63475462863324394E-009   0.110232579E-007
   0.63783596178194901E-009   0.117143673E-007
   0.64091729493065408E-009   0.122691421E-007
   0.64399862807935915E-009   0.127221345E-007
   0.64707996122806422E-009   0.133015146E-007
   0.65016129437676928E-009   0.141165781E-007
   0.65324262752547435E-009   0.149877089E-007
   0.65632396067417942E-009   0.156766813E-007
   0.65940529382288449E-009   0.162262541E-007
   0.66248662697158955E-009   0.169351448E-007
   0.66556796012029462E-009   0.179576602E-007
   0.66864929326899969E-009   0.190586551E-007
   0.67173062641770476E-009   0.199091019E-007
   0.67481195956640982E-009   0.205623358E-007
   0.67789329271511489E-009   0.214249773E-007
   0.68097462586381996E-009   0.227024248E-007
   0.68405595901252503E-009   0.240781475E-007
   0.68713729216123010E-009   0.251203431E-007
   0.69021862530993516E-009   0.258976094E-007
   0.69329995845864023E-009   0.269369327E-007
   0.69638129160734530E-009   0.285147568E-007
   0.69946262475605037E-009   0.302277314E-007
   0.70254395790475543E-009   0.315001643E-007
   0.70562529105346050E-009   0.324071188E-007
   0.70870662420216557E-009   0.336459465E-007
   0.71178795735087064E-009   0.355911212E-007
   0.71486929049957570E-009   0.377115015E-007
   0.71795062364828077E-009   0.392469381E-007
   0.72103195679698584E-009   0.402935605E-007
   0.72411328994569091E-009   0.417602379E-007
   0.72719462309439598E-009   0.441401227E-007
   0.73027595624310104E-009   0.467503227E-007
   0.73335728939180611E-009   0.485949307E-007
   0.73643862254051118E-009   0.497819457E-007
   0.73951995568921625E-009   0.514945881E-007
   0.74260128883792131E-009   0.543907426E-007
   0.74568262198662638E-009   0.575883092E-007
   0.74876395513533145E-009   0.597846750E-007
   0.75184528828403652E-009   0.611102848E-007
   0.75492662143274158E-009   0.630948804E-007
   0.75800795458144665E-009   0.665962645E-007
   0.76108928773015172E-009   0.704869905E-007
   0.76417062087885679E-009   0.730848271E-007
   0.76725195402756186E-009   0.745395425E-007
   0.77033328717626692E-009   0.768111832E-007
   0.77341462032497199E-009   0.810170846E-007
   0.77649595347367706E-009   0.857244586E-007
   0.77957728662238213E-009   0.887705696E-007
   0.78265861977108719E-009   0.903309427E-007
   0.78573995291979226E-009   0.929059141E-007
   0.78882128606849733E-009   0.979313128E-007
   0.79190261921720240E-009   0.103593521E-006
   0.79498395236590746E-009   0.107138881E-006
   0.79806528551461253E-009   0.108772198E-006
   0.80114661866331760E-009   0.111651623E-006
   0.80422795181202267E-009   0.117609424E-006
   0.80730928496072774E-009   0.124378502E-006
   0.81039061810943280E-009   0.128479257E-006
   0.81347195125813787E-009   0.130134126E-006
   0.81655328440684294E-009   0.133302692E-006
   0.81963461755554801E-009   0.140321944E-006
   0.82271595070425307E-009   0.148378419E-006
   0.82579728385295814E-009   0.153088990E-006
   0.82887861700166321E-009   0.154689602E-006
   0.83195995015036828E-009   0.158126142E-006
   0.83504128329907334E-009   0.166347590E-006
   0.83812261644777841E-009   0.175870753E-006
   0.84120394959648348E-009   0.181230433E-006
   0.84428528274518855E-009   0.182683721E-006
   0.84736661589389362E-009   0.186346270E-006
   0.85044794904259868E-009   0.195904988E-006
   0.85352928219130375E-009   0.207102133E-006
   0.85661061534000882E-009   0.213168889E-006
   0.85969194848871389E-009   0.214350806E-006
   0.86277328163741895E-009   0.218168523E-006
   0.86585461478612402E-009   0.229222252E-006
   0.86893594793482909E-009   0.242320255E-006
   0.87201728108353416E-009   0.249119438E-006
   0.87509861423223922E-009   0.249863092E-006
   0.87817994738094429E-009   0.253744986E-006
   0.88126128052964936E-009   0.266439713E-006
   0.88434261367835443E-009   0.281667610E-006
   0.88742394682705950E-009   0.289237391E-006
   0.89050527997576456E-009   0.289357814E-006
   0.89358661312446963E-009   0.293182410E-006
   0.89666794627317470E-009   0.307679670E-006
   0.89974927942187977E-009   0.325294167E-006
   0.90283061257058483E-009   0.333642731E-006
   0.90591194571928990E-009   0.332902204E-006
   0.90899327886799497E-009   0.336521396E-006
   0.91207461201670004E-009   0.352959574E-006
   0.91515594516540510E-009   0.373195064E-006
   0.91823727831411017E-009   0.382332900E-006
   0.92131861146281524E-009   0.380479577E-006
   0.92439994461152031E-009   0.383700666E-006
   0.92748127776022538E-009   0.402215761E-006
   0.93056261090893044E-009   0.425352681E-006
   0.93364394405763551E-009   0.435285955E-006
   0.93672527720634058E-009   0.432006431E-006
   0.93980661035504565E-009   0.434599599E-006
   0.94288794350375071E-009   0.455316780E-006
   0.94596927665245578E-009   0.481599727E-006
   0.94905060980116085E-009   0.492296408E-006
   0.95213194294986592E-009   0.487254852E-006
   0.95521327609857098E-009   0.488957710E-006
   0.95829460924727605E-009   0.511974349E-006
   0.96137594239598112E-009   0.541656220E-006
   0.96445727554468619E-009   0.553092320E-006
   0.96753860869339126E-009   0.545937837E-006
   0.97061994184209632E-009   0.546473075E-006
   0.97370127499080139E-009   0.571859744E-006
   0.97678260813950646E-009   0.605147193E-006
   0.97986394128821153E-009   0.617270075E-006
   0.98294527443691659E-009   0.607618063E-006
   0.98602660758562166E-009   0.606628987E-006
   0.98910794073432673E-009   0.634414334E-006
   0.99218927388303180E-009   0.671547923E-006
   0.99527060703173686E-009   0.684295117E-006
   0.99835194018044193E-009   0.671709302E-006
   0.10014332733291470E-008   0.668890152E-006
   0.10045146064778521E-008   0.699159727E-006
   0.10075959396265571E-008   0.740265762E-006
   0.10106772727752622E-008   0.753469294E-006
   0.10137586059239673E-008   0.737583946E-006
   0.10168399390726723E-008   0.732604690E-006
   0.10199212722213774E-008   0.765219966E-006
   0.10230026053700825E-008   0.810380527E-006
   0.10260839385187875E-008   0.824054155E-006
   0.10291652716674926E-008   0.804491322E-006
   0.10322466048161977E-008   0.796877544E-006
   0.10353279379649027E-008   0.831816806E-006
   0.10384092711136078E-008   0.881250003E-006
   0.10414906042623129E-008   0.895197957E-006
   0.10445719374110179E-008   0.871432064E-006
   0.10476532705597230E-008   0.860905857E-006
   0.10507346037084281E-008   0.898135454E-006
   0.10538159368571332E-008   0.951673655E-006
   0.10568972700058382E-008   0.965645540E-006
   0.10599786031545433E-008   0.937509469E-006
   0.10630599363032484E-008   0.923822313E-006
   0.10661412694519534E-008   0.963009256E-006
   0.10692226026006585E-008   0.102055151E-005
   0.10723039357493636E-008   0.103458387E-005
   0.10753852688980686E-008   0.100180853E-005
   0.10784666020467737E-008   0.984482540E-006
   0.10815479351954788E-008   0.102540878E-005
   0.10846292683441838E-008   0.108690597E-005
   0.10877106014928889E-008   0.110074200E-005
   0.10907919346415940E-008   0.106300195E-005
   0.10938732677902990E-008   0.104188780E-005
   0.10969546009390041E-008   0.108433085E-005
   0.11000359340877092E-008   0.114937507E-005
   0.11031172672364142E-008   0.116282888E-005
   0.11061986003851193E-008   0.112022417E-005
   0.11092799335338244E-008   0.109516759E-005
   0.11123612666825294E-008   0.113859107E-005
   0.11154425998312345E-008   0.120677169E-005
   0.11185239329799396E-008   0.121976302E-005
   0.11216052661286446E-008   0.117226921E-005
   0.11246865992773497E-008   0.114313707E-005
   0.11277679324260548E-008   0.118721709E-005
   0.11308492655747598E-008   0.125798056E-005
   0.11339305987234649E-008   0.127018575E-005
   0.11370119318721700E-008   0.121812218E-005
   0.11400932650208750E-008   0.118517232E-005
   0.11431745981695801E-008   0.122925485E-005
   0.11462559313182852E-008   0.130171793E-005
   0.11493372644669902E-008   0.131313698E-005
   0.11524185976156953E-008   0.125694760E-005
   0.11554999307644004E-008   0.122004883E-005
   0.11585812639131055E-008   0.126356281E-005
   0.11616625970618105E-008   0.133725734E-005
   0.11647439302105156E-008   0.134762809E-005
   0.11678252633592207E-008   0.128754164E-005
   0.11709065965079257E-008   0.124731309E-005
   0.11739879296566308E-008   0.128998647E-005
   0.11770692628053359E-008   0.136348558E-005
   0.11801505959540409E-008   0.137229574E-005
   0.11832319291027460E-008   0.130955721E-005
   0.11863132622514511E-008   0.126663701E-005
   0.11893945954001561E-008   0.130718695E-005
   0.11924759285488612E-008   0.137941174E-005
   0.11955572616975663E-008   0.138721157E-005
   0.11986385948462713E-008   0.132257037E-005
   0.12017199279949764E-008   0.127693352E-005
   0.12048012611436815E-008   0.131506886E-005
   0.12078825942923865E-008   0.138533710E-005
   0.12109639274410916E-008   0.139129713E-005
   0.12140452605897967E-008   0.132540072E-005
   0.12171265937385017E-008   0.127865496E-005
   0.12202079268872068E-008   0.131389652E-005
   0.12232892600359119E-008   0.137994880E-005
   0.12263705931846169E-008   0.138398650E-005
   0.12294519263333220E-008   0.131915067E-005
   0.12325332594820271E-008   0.127195915E-005
   0.12356145926307321E-008   0.130256058E-005
   0.12386959257794372E-008   0.136340952E-005
   0.12417772589281423E-008   0.136613221E-005
   0.12448585920768473E-008   0.130299293E-005
   0.12479399252255524E-008   0.125591419E-005
   0.12510212583742575E-008   0.128222996E-005
   0.12541025915229626E-008   0.133675883E-005
   0.12571839246716676E-008   0.133695789E-005
   0.12602652578203727E-008   0.127702776E-005
   0.12633465909690778E-008   0.123230143E-005
   0.12664279241177828E-008   0.125321151E-005
   0.12695092572664879E-008   0.129886087E-005
   0.12725905904151930E-008   0.129716955E-005
   0.12756719235638980E-008   0.124291762E-005
   0.12787532567126031E-008   0.120070740E-005
   0.12818345898613082E-008   0.121480718E-005
   0.12849159230100132E-008   0.125130066E-005
   0.12879972561587183E-008   0.124818371E-005
   0.12910785893074234E-008   0.120027187E-005
   0.12941599224561284E-008   0.116202784E-005
   0.12972412556048335E-008   0.116969125E-005
   0.13003225887535386E-008   0.119476317E-005
   0.13034039219022436E-008   0.118900903E-005
   0.13064852550509487E-008   0.115020509E-005
   0.13095665881996538E-008   0.111833970E-005
   0.13126479213483588E-008   0.111775216E-005
   0.13157292544970639E-008   0.112919577E-005
   0.13188105876457690E-008   0.112200109E-005
   0.13218919207944740E-008   0.109423286E-005
   0.13249732539431791E-008   0.106891491E-005
   0.13280545870918842E-008   0.106001960E-005
   0.13311359202405892E-008   0.105784579E-005
   0.13342172533892943E-008   0.104831975E-005
   0.13372985865379994E-008   0.103177842E-005
   0.13403799196867044E-008   0.101526041E-005
   0.13434612528354095E-008   0.998738983E-006
   0.13465425859841146E-008   0.980872301E-006
   0.13496239191328196E-008   0.968510903E-006
   0.13527052522815247E-008   0.965470008E-006
   0.13557865854302298E-008   0.958713372E-006
   0.13588679185789349E-008   0.933426975E-006
   0.13619492517276399E-008   0.899804149E-006
   0.13650305848763450E-008   0.885553789E-006
   0.13681119180250501E-008   0.896033953E-006
   0.13711932511737551E-008   0.899276017E-006
   0.13742745843224602E-008   0.866304333E-006
   0.13773559174711653E-008   0.816668489E-006
   0.13804372506198703E-008   0.799458235E-006
   0.13835185837685754E-008   0.824465133E-006
   0.13865999169172805E-008   0.839417964E-006
   0.13896812500659855E-008   0.798187557E-006
   0.13927625832146906E-008   0.731656769E-006
   0.13958439163633957E-008   0.712715064E-006
   0.13989252495121007E-008   0.753070424E-006
   0.14020065826608058E-008   0.778689866E-006
   0.14050879158095109E-008   0.729269061E-006
   0.14081692489582159E-008   0.647520892E-006
   0.14112505821069210E-008   0.627017471E-006
   0.14143319152556261E-008   0.681676170E-006
   0.14174132484043311E-008   0.718455169E-006
   0.14204945815530362E-008   0.661939850E-006
   0.14235759147017413E-008   0.564716970E-006
   0.14266572478504463E-008   0.542479142E-006
   0.14297385809991514E-008   0.612288204E-006
   0.14328199141478565E-008   0.660343517E-006
   0.14359012472965615E-008   0.596199129E-006
   0.14389825804452666E-008   0.484145914E-006
   0.14420639135939717E-008   0.461092725E-006
   0.14451452467426767E-008   0.545535556E-006
   0.14482265798913818E-008   0.604278853E-006
   0.14513079130400869E-008   0.533341847E-006
   0.14543892461887920E-008   0.407500806E-006
   0.14574705793374970E-008   0.383686910E-006
   0.14605519124862021E-008   0.482111432E-006
   0.14636332456349072E-008   0.550736047E-006
   0.14667145787836122E-008   0.473292715E-006
   0.14697959119323173E-008   0.335701316E-006
   0.14728772450810224E-008   0.312210688E-006
   0.14759585782297274E-008   0.422532594E-006
   0.14790399113784325E-008   0.499217151E-006
   0.14821212445271376E-008   0.417187209E-006
   0.14852025776758426E-008   0.270289974E-006
   0.14882839108245477E-008   0.246303671E-006
   0.14913652439732528E-008   0.366752943E-006
   0.14944465771219578E-008   0.451574238E-006
   0.14975279102706629E-008   0.365575886E-006
   0.15006092434193680E-008   0.209857177E-006
   0.15036905765680730E-008   0.186460298E-006
   0.15067719097167781E-008   0.316756172E-006
   0.15098532428654832E-008   0.407270534E-006
   0.15129345760141882E-008   0.317208105E-006
   0.15160159091628933E-008   0.156400347E-006
   0.15190972423115984E-008   0.134745122E-006
   0.15221785754603034E-008   0.270781300E-006
   0.15252599086090085E-008   0.364710672E-006
   0.15283412417577136E-008   0.274077735E-006
   0.15314225749064186E-008   0.111229909E-006
   0.15345039080551237E-008   0.894139731E-007
   0.15375852412038288E-008   0.228385019E-006
   0.15406665743525338E-008   0.325669617E-006
   0.15437479075012389E-008   0.235692070E-006
   0.15468292406499440E-008   0.721813791E-007
   0.15499105737986490E-008   0.514529930E-007
   0.15529919069473541E-008   0.192159774E-006
   0.15560732400960592E-008   0.289476475E-006
   0.15591545732447643E-008   0.199952680E-006
   0.15622359063934693E-008   0.396782838E-007
   0.15653172395421744E-008   0.214597318E-007
   0.15683985726908795E-008   0.160351902E-006
   0.15714799058395845E-008   0.255430081E-006
   0.15745612389882896E-008   0.168685659E-006
   0.15776425721369947E-008   0.138002321E-007
   0.15807239052856997E-008  -0.295777447E-008
   0.15838052384344048E-008   0.132644800E-006
   0.15868865715831099E-008   0.225264984E-006
   0.15899679047318149E-008   0.141542770E-006
   0.15930492378805200E-008  -0.686706869E-008
   0.15961305710292251E-008  -0.211593658E-007
   0.15992119041779301E-008   0.109181840E-006
   0.16022932373266352E-008   0.196419137E-006
   0.16053745704753403E-008   0.117263532E-006
   0.16084559036240453E-008  -0.207036450E-007
   0.16115372367727504E-008  -0.331210224E-007
   0.16146185699214555E-008   0.880331328E-007
   0.16176999030701605E-008   0.169362721E-006
   0.16207812362188656E-008   0.971952403E-007
   0.16238625693675707E-008  -0.297167588E-007
   0.16269439025162757E-008  -0.409196552E-007
   0.16300252356649808E-008   0.709538597E-007
   0.16331065688136859E-008   0.145153734E-006
   0.16361879019623909E-008   0.785255949E-007
   0.16392692351110960E-008  -0.355837528E-007
   0.16423505682598011E-008  -0.433071037E-007
   0.16454319014085061E-008   0.572650833E-007
   0.16485132345572112E-008   0.121509373E-006
   0.16515945677059163E-008   0.621640055E-007
   0.16546759008546214E-008  -0.363156261E-007
   0.16577572340033264E-008  -0.417603552E-007
   0.16608385671520315E-008   0.449606112E-007
   0.16639199003007366E-008   0.992128832E-007
   0.16670012334494416E-008   0.482327671E-007
   0.16700825665981467E-008  -0.340950983E-007
   0.16731638997468518E-008  -0.369809605E-007
   0.16762452328955568E-008   0.351654883E-007
   0.16793265660442619E-008   0.778350255E-007
   0.16824078991929670E-008   0.352757326E-007
   0.16854892323416720E-008  -0.293202689E-007
   0.16885705654903771E-008  -0.294266282E-007
   0.16916518986390822E-008   0.272890563E-007
   0.16947332317877872E-008   0.584403281E-007
   0.16978145649364923E-008   0.241592737E-007
   0.17008958980851974E-008  -0.238254323E-007
   0.17039772312339024E-008  -0.209831228E-007
   0.17070585643826075E-008   0.216661569E-007
   0.17101398975313126E-008   0.410771506E-007
   0.17132212306800176E-008   0.139998981E-007
   0.17163025638287227E-008  -0.170848580E-007
   0.17193838969774278E-008  -0.112705791E-007
   0.17224652301261328E-008   0.161971538E-007
   0.17255465632748379E-008   0.245858569E-007
   0.17286278964235430E-008   0.673359679E-008
   0.17317092295722480E-008  -0.852088000E-008
   0.17347905627209531E-008  -0.243222154E-008
   0.17378718958696582E-008   0.107374420E-007
   0.17409532290183632E-008   0.105538476E-007
   0.17440345621670683E-008   0.801302136E-009
   0.17471158953157734E-008  -0.855351456E-009
   0.17501972284644784E-008   0.665297950E-008
   0.17532785616131835E-008   0.734458672E-008
   0.17563598947618886E-008  -0.235165443E-008
   0.17594412279105937E-008  -0.520425436E-008
   0.17625225610592987E-008   0.717075865E-008
   0.17656038942080038E-008   0.161256200E-007
   0.17686852273567089E-008   0.405013623E-008
   0.17717665605054139E-008  -0.140118974E-007
   0.17748478936541190E-008  -0.947206136E-008
   0.17779292268028241E-008   0.148429065E-007
   0.17810105599515291E-008   0.239836702E-007
   0.17840918931002342E-008   0.111949916E-008
   0.17871732262489393E-008  -0.236305890E-007
   0.17902545593976443E-008  -0.128676483E-007
   0.17933358925463494E-008   0.220161986E-007
   0.17964172256950545E-008   0.316627791E-007
   0.17994985588437595E-008  -0.143999301E-008
   0.18025798919924646E-008  -0.327990541E-007
   0.18056612251411697E-008  -0.157608611E-007
   0.18087425582898747E-008   0.292213649E-007
   0.18118238914385798E-008   0.388210317E-007
   0.18149052245872849E-008  -0.364267905E-008
   0.18179865577359899E-008  -0.405378238E-007
   0.18210678908846950E-008  -0.183922442E-007
   0.18241492240334001E-008   0.349246392E-007
   0.18272305571821051E-008   0.452770159E-007
   0.18303118903308102E-008  -0.446902604E-008
   0.18333932234795153E-008  -0.466787249E-007
   0.18364745566282203E-008  -0.207912425E-007
   0.18395558897769254E-008   0.397221456E-007
   0.18426372229256305E-008   0.504667845E-007
   0.18457185560743355E-008  -0.559049340E-008
   0.18487998892230406E-008  -0.511263174E-007
   0.18518812223717457E-008  -0.213111164E-007
   0.18549625555204508E-008   0.438401671E-007
   0.18580438886691558E-008   0.535320588E-007
   0.18611252218178609E-008  -0.685180268E-008
   0.18642065549665660E-008  -0.537307407E-007
   0.18672878881152710E-008  -0.209150208E-007
   0.18703692212639761E-008   0.471762469E-007
   0.18734505544126812E-008   0.558749562E-007
   0.18765318875613862E-008  -0.772254083E-008
   0.18796132207100913E-008  -0.553908102E-007
   0.18826945538587964E-008  -0.201887609E-007
   0.18857758870075014E-008   0.496309518E-007
   0.18888572201562065E-008   0.573338852E-007
   0.18919385533049116E-008  -0.768707764E-008
   0.18950198864536166E-008  -0.551736790E-007
   0.18981012196023217E-008  -0.192541805E-007
   0.19011825527510268E-008   0.504677615E-007
   0.19042638858997318E-008   0.578263588E-007
   0.19073452190484369E-008  -0.677359324E-008
   0.19104265521971420E-008  -0.533914779E-007
   0.19135078853458470E-008  -0.175474248E-007
   0.19165892184945521E-008   0.506950109E-007
   0.19196705516432572E-008   0.570984291E-007
   0.19227518847919622E-008  -0.600491390E-008
   0.19258332179406673E-008  -0.504041786E-007
   0.19289145510893724E-008  -0.149579797E-007
   0.19319958842380774E-008   0.507811428E-007
   0.19350772173867825E-008   0.562647244E-007
   0.19381585505354876E-008  -0.505161069E-008
   0.19412398836841926E-008  -0.475656172E-007
   0.19443212168328977E-008  -0.124181305E-007
   0.19474025499816028E-008   0.514023704E-007
   0.19504838831303078E-008   0.558451028E-007
   0.19535652162790129E-008  -0.397455935E-008
   0.19566465494277180E-008  -0.442763337E-007
   0.19597278825764231E-008  -0.965848557E-008
   0.19628092157251281E-008   0.513515559E-007
   0.19658905488738332E-008   0.550952137E-007
   0.19689718820225383E-008  -0.191860394E-008
   0.19720532151712433E-008  -0.399000228E-007
   0.19751345483199484E-008  -0.674556588E-008
   0.19782158814686535E-008   0.509396756E-007
   0.19812972146173585E-008   0.538587521E-007
   0.19843785477660636E-008  -0.422737401E-010
   0.19874598809147687E-008  -0.346524978E-007
   0.19905412140634737E-008  -0.266381761E-008
   0.19936225472121788E-008   0.504572135E-007
   0.19967038803608839E-008   0.519706482E-007
   0.19997852135095889E-008   0.206944151E-008
   0.20028665466582940E-008  -0.289724866E-007
   0.20059478798069991E-008   0.124940414E-008
   0.20090292129557041E-008   0.502450348E-007
   0.20121105461044092E-008   0.509339735E-007
   0.20151918792531143E-008   0.431228742E-008
   0.20182732124018193E-008  -0.236419577E-007
   0.20213545455505244E-008   0.531750821E-008
   0.20244358786992295E-008   0.500914652E-007
   0.20275172118479345E-008   0.497098043E-007
   0.20305985449966396E-008   0.728313054E-008
   0.20336798781453447E-008  -0.173276966E-007
   0.20367612112940497E-008   0.895882124E-008
   0.20398425444427548E-008   0.491313195E-007
   0.20429238775914599E-008   0.489031606E-007
   0.20460052107401649E-008   0.108135580E-007
   0.20490865438888700E-008  -0.111528955E-007
   0.20521678770375751E-008   0.129229658E-007
   0.20552492101862802E-008   0.488001461E-007
   0.20583305433349852E-008   0.477563269E-007
   0.20614118764836903E-008   0.138354110E-007
   0.20644932096323954E-008  -0.463458250E-008
   0.20675745427811004E-008   0.170979497E-007
   0.20706558759298055E-008   0.484013043E-007
   0.20737372090785106E-008   0.472904773E-007
   0.20768185422272156E-008   0.172575270E-007
   0.20798998753759207E-008   0.863980887E-009
   0.20829812085246258E-008   0.206809041E-007
   0.20860625416733308E-008   0.489345062E-007
   0.20891438748220359E-008   0.473411319E-007
   0.20922252079707410E-008   0.202446380E-007
   0.20953065411194460E-008   0.648433929E-008
   0.20983878742681511E-008   0.244480596E-007
   0.21014692074168562E-008   0.487504650E-007
   0.21045505405655612E-008   0.472321489E-007
   0.21076318737142663E-008   0.240379396E-007
   0.21107132068629714E-008   0.120161046E-007
   0.21137945400116764E-008   0.275626029E-007
   0.21168758731603815E-008   0.490231926E-007
   0.21199572063090866E-008   0.474300457E-007
   0.21230385394577916E-008   0.267784159E-007
   0.21261198726064967E-008   0.171256396E-007
   0.21292012057552018E-008   0.315368176E-007
   0.21322825389039068E-008   0.493663279E-007
   0.21353638720526119E-008   0.470289478E-007
   0.21384452052013170E-008   0.297286640E-007
   0.21415265383500220E-008   0.220791065E-007
   0.21446078714987271E-008   0.343419266E-007
   0.21476892046474322E-008   0.496978174E-007
   0.21507705377961372E-008   0.477586006E-007
   0.21538518709448423E-008   0.324179581E-007
   0.21569332040935474E-008   0.258783270E-007
   0.21600145372422525E-008   0.371029572E-007
   0.21630958703909575E-008   0.500873867E-007
   0.21661772035396626E-008   0.477653366E-007
   0.21692585366883677E-008   0.351308138E-007
   0.21723398698370727E-008   0.301735774E-007
   0.21754212029857778E-008   0.391124360E-007
   0.21785025361344829E-008   0.496360322E-007
   0.21815838692831879E-008   0.481539999E-007
   0.21846652024318930E-008   0.376571343E-007
   0.21877465355805981E-008   0.332419816E-007
   0.21908278687293031E-008   0.410339069E-007
   0.21939092018780082E-008   0.499114172E-007
   0.21969905350267133E-008   0.480066227E-007
   0.22000718681754183E-008   0.391595592E-007
   0.22031532013241234E-008   0.360507642E-007
   0.22062345344728285E-008   0.424936566E-007
   0.22093158676215335E-008   0.496333570E-007
   0.22123972007702386E-008   0.482940941E-007
   0.22154785339189437E-008   0.406736262E-007
   0.22185598670676487E-008   0.374093148E-007
   0.22216412002163538E-008   0.431515481E-007
   0.22247225333650589E-008   0.497820274E-007
   0.22278038665137639E-008   0.481183129E-007
   0.22308851996624690E-008   0.411697982E-007
   0.22339665328111741E-008   0.388998274E-007
   0.22370478659598791E-008   0.437795009E-007
   0.22401291991085842E-008   0.486651466E-007
   0.22432105322572893E-008   0.472629047E-007
   0.22462918654059943E-008   0.417810924E-007
   0.22493731985546994E-008   0.396397795E-007
   0.22524545317034045E-008   0.436703083E-007
   0.22555358648521096E-008   0.478628905E-007
   0.22586171980008146E-008   0.458994762E-007
   0.22616985311495197E-008   0.408157916E-007
   0.22647798642982248E-008   0.400276789E-007
   0.22678611974469298E-008   0.438043202E-007
   0.22709425305956349E-008   0.459947245E-007
   0.22740238637443400E-008   0.437641994E-007
   0.22771051968930450E-008   0.403311589E-007
   0.22801865300417501E-008   0.396733455E-007
   0.22832678631904552E-008   0.420447641E-007
   0.22863491963391602E-008   0.438774279E-007
   0.22894305294878653E-008   0.421213286E-007
   0.22925118626365704E-008   0.388515602E-007
   0.22955931957852754E-008   0.383697483E-007
   0.22986745289339805E-008   0.402969285E-007
   0.23017558620826856E-008   0.407830285E-007
   0.23048371952313906E-008   0.391434760E-007
   0.23079185283800957E-008   0.376211560E-007
   0.23109998615288008E-008   0.369703947E-007
   0.23140811946775058E-008   0.368320308E-007
   0.23171625278262109E-008   0.371501159E-007
   0.23202438609749160E-008   0.368555604E-007
   0.23233251941236210E-008   0.350851046E-007
   0.23264065272723261E-008   0.335311121E-007
   0.23294878604210312E-008   0.336861952E-007
   0.23325691935697362E-008   0.340580435E-007
   0.23356505267184413E-008   0.331046941E-007
   0.23387318598671464E-008   0.314659587E-007
   0.23418131930158514E-008   0.300654719E-007
   0.23448945261645565E-008   0.294546769E-007
   0.23479758593132616E-008   0.299142329E-007
   0.23510571924619666E-008   0.298093745E-007
   0.23541385256106717E-008   0.273602900E-007
   0.23572198587593768E-008   0.247243985E-007
   0.23603011919080819E-008   0.249792880E-007
   0.23633825250567869E-008   0.262315716E-007
   0.23664638582054920E-008   0.248237040E-007
   0.23695451913541971E-008   0.217349232E-007
   0.23726265245029021E-008   0.202363903E-007
   0.23757078576516072E-008   0.205316546E-007
   0.23787891908003123E-008   0.205413304E-007
   0.23818705239490173E-008   0.189749247E-007
   0.23849518570977224E-008   0.163558482E-007
   0.23880331902464275E-008   0.147876449E-007
   0.23911145233951325E-008   0.152257620E-007
   0.23941958565438376E-008   0.150738479E-007
   0.23972771896925427E-008   0.122497790E-007
   0.24003585228412477E-008   0.947886925E-008
   0.24034398559899528E-008   0.949097689E-008
   0.24065211891386579E-008   0.986358017E-008
   0.24096025222873629E-008   0.776051756E-008
   0.24126838554360680E-008   0.488569363E-008
   0.24157651885847731E-008   0.366388453E-008
   0.24188465217334781E-008   0.337016282E-008
   0.24219278548821832E-008   0.233297692E-008
   0.24250091880308883E-008   0.256024091E-009
   0.24280905211795933E-008  -0.197324002E-008
   0.24311718543282984E-008  -0.312616466E-008
   0.24342531874770035E-008  -0.354253382E-008
   0.24373345206257085E-008  -0.526843369E-008
   0.24404158537744136E-008  -0.821369106E-008
   0.24434971869231187E-008  -0.965719416E-008
   0.24465785200718237E-008  -0.958944923E-008
   0.24496598532205288E-008  -0.111255316E-007
   0.24527411863692339E-008  -0.144035415E-007
   0.24558225195179390E-008  -0.163733329E-007
   0.24589038526666440E-008  -0.166603566E-007
   0.24619851858153491E-008  -0.177237354E-007
   0.24650665189640542E-008  -0.202620480E-007
   0.24681478521127592E-008  -0.228027144E-007
   0.24712291852614643E-008  -0.242503209E-007
   0.24743105184101694E-008  -0.249261110E-007
   0.24773918515588744E-008  -0.263986664E-007
   0.24804731847075795E-008  -0.294616598E-007
   0.24835545178562846E-008  -0.320444649E-007
   0.24866358510049896E-008  -0.323886198E-007
   0.24897171841536947E-008  -0.329175691E-007
   0.24927985173023998E-008  -0.360969423E-007
   0.24958798504511048E-008  -0.395222166E-007
   0.24989611835998099E-008  -0.404100220E-007
   0.25020425167485150E-008  -0.406558591E-007
   0.25051238498972200E-008  -0.428776694E-007
   0.25082051830459251E-008  -0.460981688E-007
   0.25112865161946302E-008  -0.482751901E-007
   0.25143678493433352E-008  -0.492457097E-007
   0.25174491824920403E-008  -0.502864594E-007
   0.25205305156407454E-008  -0.527424824E-007
   0.25236118487894504E-008  -0.560530609E-007
   0.25266931819381555E-008  -0.577771964E-007
   0.25297745150868606E-008  -0.579124055E-007
   0.25328558482355656E-008  -0.597500716E-007
   0.25359371813842707E-008  -0.637176640E-007
   0.25390185145329758E-008  -0.661252315E-007
   0.25420998476816808E-008  -0.662207640E-007
   0.25451811808303859E-008  -0.674706229E-007
   0.25482625139790910E-008  -0.708332806E-007
   0.25513438471277960E-008  -0.736689927E-007
   0.25544251802765011E-008  -0.749295523E-007
   0.25575065134252062E-008  -0.760350503E-007
   0.25605878465739113E-008  -0.780857192E-007
   0.25636691797226163E-008  -0.809894587E-007
   0.25667505128713214E-008  -0.834979517E-007
   0.25698318460200265E-008  -0.844686170E-007
   0.25729131791687315E-008  -0.854271036E-007
   0.25759945123174366E-008  -0.885341294E-007
   0.25790758454661417E-008  -0.919853349E-007
   0.25821571786148467E-008  -0.929314510E-007
   0.25852385117635518E-008  -0.932404021E-007
   0.25883198449122569E-008  -0.959757500E-007
   0.25914011780609619E-008  -0.995466323E-007
   0.25944825112096670E-008  -0.101212720E-006
   0.25975638443583721E-008  -0.101964304E-006
   0.26006451775070771E-008  -0.103786618E-006
   0.26037265106557822E-008  -0.106510278E-006
   0.26068078438044873E-008  -0.109076232E-006
   0.26098891769531923E-008  -0.110692710E-006
   0.26129705101018974E-008  -0.111565100E-006
   0.26160518432506025E-008  -0.113498899E-006
   0.26191331763993075E-008  -0.116948648E-006
   0.26222145095480126E-008  -0.119203918E-006
   0.26252958426967177E-008  -0.119352293E-006
   0.26283771758454227E-008  -0.120648707E-006
   0.26314585089941278E-008  -0.124252750E-006
   0.26345398421428329E-008  -0.126922529E-006
   0.26376211752915379E-008  -0.127478472E-006
   0.26407025084402430E-008  -0.128567862E-006
   0.26437838415889481E-008  -0.131195947E-006
   0.26468651747376531E-008  -0.133725223E-006
   0.26499465078863582E-008  -0.135371792E-006
   0.26530278410350633E-008  -0.136565660E-006
   0.26561091741837684E-008  -0.137993027E-006
   0.26591905073324734E-008  -0.140448535E-006
   0.26622718404811785E-008  -0.143154850E-006
   0.26653531736298836E-008  -0.144222682E-006
   0.26684345067785886E-008  -0.144605835E-006
   0.26715158399272937E-008  -0.146967224E-006
   0.26745971730759988E-008  -0.150244034E-006
   0.26776785062247038E-008  -0.151506427E-006
   0.26807598393734089E-008  -0.151771843E-006
   0.26838411725221140E-008  -0.153665809E-006
   0.26869225056708190E-008  -0.156367108E-006
   0.26900038388195241E-008  -0.157979372E-006
   0.26930851719682292E-008  -0.158974288E-006
   0.26961665051169342E-008  -0.160357658E-006
   0.26992478382656393E-008  -0.162194141E-006
   0.27023291714143444E-008  -0.164298754E-006
   0.27054105045630494E-008  -0.165880479E-006
   0.27084918377117545E-008  -0.166474095E-006
   0.27115731708604596E-008  -0.167651734E-006
   0.27146545040091646E-008  -0.170324697E-006
   0.27177358371578697E-008  -0.172322146E-006
   0.27208171703065748E-008  -0.172524395E-006
   0.27238985034552798E-008  -0.173311790E-006
   0.27269798366039849E-008  -0.175744930E-006
   0.27300611697526900E-008  -0.177671581E-006
   0.27331425029013950E-008  -0.178290449E-006
   0.27362238360501001E-008  -0.179167102E-006
   0.27393051691988052E-008  -0.180811597E-006
   0.27423865023475102E-008  -0.182485039E-006
   0.27454678354962153E-008  -0.183826273E-006
   0.27485491686449204E-008  -0.184612077E-006
   0.27516305017936254E-008  -0.185244346E-006
   0.27547118349423305E-008  -0.186898106E-006
   0.27577931680910356E-008  -0.189018067E-006
   0.27608745012397407E-008  -0.189694177E-006
   0.27639558343884457E-008  -0.189638016E-006
   0.27670371675371508E-008  -0.191079991E-006
   0.27701185006858559E-008  -0.193206020E-006
   0.27731998338345609E-008  -0.193935946E-006
   0.27762811669832660E-008  -0.194097169E-006
   0.27793625001319711E-008  -0.195262430E-006
   0.27824438332806761E-008  -0.196744182E-006
   0.27855251664293812E-008  -0.197637490E-006
   0.27886064995780863E-008  -0.198255989E-006
   0.27916878327267913E-008  -0.198829625E-006
   0.27947691658754964E-008  -0.199644589E-006
   0.27978504990242015E-008  -0.201060558E-006
   0.28009318321729065E-008  -0.202111664E-006
   0.28040131653216116E-008  -0.202016651E-006
   0.28070944984703167E-008  -0.202284596E-006
   0.28101758316190217E-008  -0.203852025E-006
   0.28132571647677268E-008  -0.204948179E-006
   0.28163384979164319E-008  -0.204782694E-006
   0.28194198310651369E-008  -0.205086451E-006
   0.28225011642138420E-008  -0.206304506E-006
   0.28255824973625471E-008  -0.207000284E-006
   0.28286638305112521E-008  -0.207065355E-006
   0.28317451636599572E-008  -0.207418850E-006
   0.28348264968086623E-008  -0.208008501E-006
   0.28379078299573673E-008  -0.208616939E-006
   0.28409891631060724E-008  -0.209251354E-006
   0.28440704962547775E-008  -0.209364018E-006
   0.28471518294034825E-008  -0.209125091E-006
   0.28502331625521876E-008  -0.209702378E-006
   0.28533144957008927E-008  -0.210686082E-006
   0.28563958288495978E-008  -0.210611148E-006
   0.28594771619983028E-008  -0.210152876E-006
   0.28625584951470079E-008  -0.210720032E-006
   0.28656398282957130E-008  -0.211407908E-006
   0.28687211614444180E-008  -0.211105444E-006
   0.28718024945931231E-008  -0.210781891E-006
   0.28748838277418282E-008  -0.211146443E-006
   0.28779651608905332E-008  -0.211454648E-006
   0.28810464940392383E-008  -0.211425188E-006
   0.28841278271879434E-008  -0.211289816E-006
   0.28872091603366484E-008  -0.210921556E-006
   0.28902904934853535E-008  -0.210731315E-006
   0.28933718266340586E-008  -0.211149995E-006
   0.28964531597827636E-008  -0.211200884E-006
   0.28995344929314687E-008  -0.210362401E-006
   0.29026158260801738E-008  -0.209975084E-006
   0.29056971592288788E-008  -0.210409581E-006
   0.29087784923775839E-008  -0.210191985E-006
   0.29118598255262890E-008  -0.209231388E-006
   0.29149411586749940E-008  -0.208898740E-006
   0.29180224918236991E-008  -0.209057063E-006
   0.29211038249724042E-008  -0.208695184E-006
   0.29241851581211092E-008  -0.208014512E-006
   0.29272664912698143E-008  -0.207437594E-006
   0.29303478244185194E-008  -0.206855887E-006
   0.29334291575672244E-008  -0.206520781E-006
   0.29365104907159295E-008  -0.206347039E-006
   0.29395918238646346E-008  -0.205542179E-006
   0.29426731570133396E-008  -0.204461699E-006
   0.29457544901620447E-008  -0.204155327E-006
   0.29488358233107498E-008  -0.203936352E-006
   0.29519171564594548E-008  -0.202779333E-006
   0.29549984896081599E-008  -0.201678631E-006
   0.29580798227568650E-008  -0.201459216E-006
   0.29611611559055701E-008  -0.201005079E-006
   0.29642424890542751E-008  -0.199781027E-006
   0.29673238222029802E-008  -0.198716052E-006
   0.29704051553516853E-008  -0.198001544E-006
   0.29734864885003903E-008  -0.197175396E-006
   0.29765678216490954E-008  -0.196397025E-006
   0.29796491547978005E-008  -0.195550598E-006
   0.29827304879465055E-008  -0.194237614E-006
   0.29858118210952106E-008  -0.193091338E-006
   0.29888931542439157E-008  -0.192514875E-006
   0.29919744873926207E-008  -0.191496014E-006
   0.29950558205413258E-008  -0.189867222E-006
   0.29981371536900309E-008  -0.188869265E-006
   0.30012184868387359E-008  -0.188343478E-006
   0.30042998199874410E-008  -0.187012006E-006
   0.30073811531361461E-008  -0.185264184E-006
   0.30104624862848511E-008  -0.184156505E-006
   0.30135438194335562E-008  -0.183254386E-006
   0.30166251525822613E-008  -0.181980781E-006
   0.30197064857309663E-008  -0.180660052E-006
   0.30227878188796714E-008  -0.179274096E-006
   0.30258691520283765E-008  -0.177714426E-006
   0.30289504851770815E-008  -0.176502112E-006
   0.30320318183257866E-008  -0.175436696E-006
   0.30351131514744917E-008  -0.173721006E-006
   0.30381944846231967E-008  -0.171939732E-006
   0.30412758177719018E-008  -0.170947160E-006
   0.30443571509206069E-008  -0.169806285E-006
   0.30474384840693119E-008  -0.167753370E-006
   0.30505198172180170E-008  -0.165879797E-006
   0.30536011503667221E-008  -0.164755960E-006
   0.30566824835154272E-008  -0.163440902E-006
   0.30597638166641322E-008  -0.161649965E-006
   0.30628451498128373E-008  -0.159918443E-006
   0.30659264829615424E-008  -0.158212728E-006
   0.30690078161102474E-008  -0.156505990E-006
   0.30720891492589525E-008  -0.155055332E-006
   0.30751704824076576E-008  -0.153413652E-006
   0.30782518155563626E-008  -0.151309962E-006
   0.30813331487050677E-008  -0.149575882E-006
   0.30844144818537728E-008  -0.148302306E-006
   0.30874958150024778E-008  -0.146394427E-006
   0.30905771481511829E-008  -0.144000751E-006
   0.30936584812998880E-008  -0.142292222E-006
   0.30967398144485930E-008  -0.140966733E-006
   0.30998211475972981E-008  -0.139038235E-006
   0.31029024807460032E-008  -0.136828845E-006
   0.31059838138947082E-008  -0.134901555E-006
   0.31090651470434133E-008  -0.133021814E-006
   0.31121464801921184E-008  -0.131144816E-006
   0.31152278133408234E-008  -0.129335604E-006
   0.31183091464895285E-008  -0.127210726E-006
   0.31213904796382336E-008  -0.124965482E-006
   0.31244718127869386E-008  -0.123223842E-006
   0.31275531459356437E-008  -0.121464439E-006
   0.31306344790843488E-008  -0.119001029E-006
   0.31337158122330538E-008  -0.116642511E-006
   0.31367971453817589E-008  -0.115012085E-006
   0.31398784785304640E-008  -0.113196876E-006
   0.31429598116791690E-008  -0.110739151E-006
   0.31460411448278741E-008  -0.108404748E-006
   0.31491224779765792E-008  -0.106407086E-006
   0.31522038111252842E-008  -0.104324585E-006
   0.31552851442739893E-008  -0.102193233E-006
   0.31583664774226944E-008  -0.100015015E-006
   0.31614478105713995E-008  -0.976209193E-007
   0.31645291437201045E-008  -0.954161479E-007
   0.31676104768688096E-008  -0.935191409E-007
   0.31706918100175147E-008  -0.911753233E-007
   0.31737731431662197E-008  -0.884528717E-007
   0.31768544763149248E-008  -0.863484928E-007
   0.31799358094636299E-008  -0.846034780E-007
   0.31830171426123349E-008  -0.821728108E-007
   0.31860984757610400E-008  -0.794096451E-007
   0.31891798089097451E-008  -0.771573667E-007
   0.31922611420584501E-008  -0.750852394E-007
   0.31953424752071552E-008  -0.727530463E-007
   0.31984238083558603E-008  -0.703780998E-007
   0.32015051415045653E-008  -0.679495287E-007
   0.32045864746532704E-008  -0.654533636E-007
   0.32076678078019755E-008  -0.632522728E-007
   0.32107491409506805E-008  -0.610637159E-007
   0.32138304740993856E-008  -0.583355551E-007
   0.32169118072480907E-008  -0.556889503E-007
   0.32199931403967957E-008  -0.537225944E-007
   0.32230744735455008E-008  -0.515642071E-007
   0.32261558066942059E-008  -0.486883422E-007
   0.32292371398429109E-008  -0.460066829E-007
   0.32323184729916160E-008  -0.438608936E-007
   0.32353998061403211E-008  -0.415446024E-007
   0.32384811392890261E-008  -0.389786052E-007
   0.32415624724377312E-008  -0.364978447E-007
   0.32446438055864363E-008  -0.339402533E-007
   0.32477251387351413E-008  -0.314024504E-007
   0.32508064718838464E-008  -0.291513036E-007
   0.32538878050325515E-008  -0.266743783E-007
   0.32569691381812566E-008  -0.237823503E-007
   0.32600504713299616E-008  -0.213387619E-007
   0.32631318044786667E-008  -0.193402254E-007
   0.32662131376273718E-008  -0.167129084E-007
   0.32692944707760768E-008  -0.136577114E-007
   0.32723758039247819E-008  -0.112327632E-007
   0.32754571370734870E-008  -0.910994569E-008
   0.32785384702221920E-008  -0.650003518E-008
   0.32816198033708971E-008  -0.377378440E-008
   0.32847011365196022E-008  -0.128837785E-008
   0.32877824696683072E-008   0.127237909E-008
   0.32908638028170123E-008   0.382285492E-008
   0.32939451359657174E-008   0.622847729E-008
   0.32970264691144224E-008   0.890913832E-008
   0.33001078022631275E-008   0.116837775E-007
   0.33031891354118326E-008   0.139383207E-007
   0.33062704685605376E-008   0.162188805E-007
   0.33093518017092427E-008   0.192002751E-007
   0.33124331348579478E-008   0.220665761E-007
   0.33155144680066528E-008   0.242191796E-007
   0.33185958011553579E-008   0.265344831E-007
   0.33216771343040630E-008   0.293926679E-007
   0.33247584674527680E-008   0.320698703E-007
   0.33278398006014731E-008   0.344872078E-007
   0.33309211337501782E-008   0.370735016E-007
   0.33340024668988832E-008   0.396485298E-007
   0.33370838000475883E-008   0.421482191E-007
   0.33401651331962934E-008   0.448517774E-007
   0.33432464663449984E-008   0.474279744E-007
   0.33463277994937035E-008   0.496732966E-007
   0.33494091326424086E-008   0.522893941E-007
   0.33524904657911136E-008   0.553096804E-007
   0.33555717989398187E-008   0.577887569E-007
   0.33586531320885238E-008   0.598594383E-007
   0.33617344652372289E-008   0.624759409E-007
   0.33648157983859339E-008   0.653816343E-007
   0.33678971315346390E-008   0.678631338E-007
   0.33709784646833441E-008   0.702515166E-007
   0.33740597978320491E-008   0.728734975E-007
   0.33771411309807542E-008   0.754047278E-007
   0.33802224641294593E-008   0.779018947E-007
   0.33833037972781643E-008   0.805394791E-007
   0.33863851304268694E-008   0.829667854E-007
   0.33894664635755745E-008   0.853094235E-007
   0.33925477967242795E-008   0.881088624E-007
   0.33956291298729846E-008   0.908840150E-007
   0.33987104630216897E-008   0.930060011E-007
   0.34017917961703947E-008   0.952138208E-007
   0.34048731293190998E-008   0.980875825E-007
   0.34079544624678049E-008   0.100823151E-006
   0.34110357956165099E-008   0.103041174E-006
   0.34141171287652150E-008   0.105426487E-006
   0.34171984619139201E-008   0.108067432E-006
   0.34202797950626251E-008   0.110516723E-006
   0.34233611282113302E-008   0.112932916E-006
   0.34264424613600353E-008   0.115450959E-006
   0.34295237945087403E-008   0.117815375E-006
   0.34326051276574454E-008   0.120255763E-006
   0.34356864608061505E-008   0.122969453E-006
   0.34387677939548555E-008   0.125363229E-006
   0.34418491271035606E-008   0.127374861E-006
   0.34449304602522657E-008   0.129849880E-006
   0.34480117934009707E-008   0.132710127E-006
   0.34510931265496758E-008   0.135066685E-006
   0.34541744596983809E-008   0.137115691E-006
   0.34572557928470860E-008   0.139572933E-006
   0.34603371259957910E-008   0.142161880E-006
   0.34634184591444961E-008   0.144464678E-006
   0.34664997922932012E-008   0.146750168E-006
   0.34695811254419062E-008   0.149119899E-006
   0.34726624585906113E-008   0.151453520E-006
   0.34757437917393164E-008   0.153926493E-006
   0.34788251248880214E-008   0.156383607E-006
   0.34819064580367265E-008   0.158430282E-006
   0.34849877911854316E-008   0.160520841E-006
   0.34880691243341366E-008   0.163174846E-006
   0.34911504574828417E-008   0.165733269E-006
   0.34942317906315468E-008   0.167693130E-006
   0.34973131237802518E-008   0.169768796E-006
   0.35003944569289569E-008   0.172303785E-006
   0.35034757900776620E-008   0.174660940E-006
   0.35065571232263670E-008   0.176715375E-006
   0.35096384563750721E-008   0.178919350E-006
   0.35127197895237772E-008   0.181233872E-006
   0.35158011226724822E-008   0.183493299E-006
   0.35188824558211873E-008   0.185787542E-006
   0.35219637889698924E-008   0.187915120E-006
   0.35250451221185974E-008   0.189819986E-006
   0.35281264552673025E-008   0.192063197E-006
   0.35312077884160076E-008   0.194634509E-006
   0.35342891215647126E-008   0.196744992E-006
   0.35373704547134177E-008   0.198484628E-006
   0.35404517878621228E-008   0.200664601E-006
   0.35435331210108278E-008   0.203096093E-006
   0.35466144541595329E-008   0.205119036E-006
   0.35496957873082380E-008   0.207008796E-006
   0.35527771204569430E-008   0.209192450E-006
   0.35558584536056481E-008   0.211396127E-006
   0.35589397867543532E-008   0.213438000E-006
   0.35620211199030583E-008   0.215446192E-006
   0.35651024530517633E-008   0.217363734E-006
   0.35681837862004684E-008   0.219317585E-006
   0.35712651193491735E-008   0.221579569E-006
   0.35743464524978785E-008   0.223764957E-006
   0.35774277856465836E-008   0.225464888E-006
   0.35805091187952887E-008   0.227229066E-006
   0.35835904519439937E-008   0.229465627E-006
   0.35866717850926988E-008   0.231575768E-006
   0.35897531182414039E-008   0.233281028E-006
   0.35928344513901089E-008   0.235133697E-006
   0.35959157845388140E-008   0.237240982E-006
   0.35989971176875191E-008   0.239188097E-006
   0.36020784508362241E-008   0.240983098E-006
   0.36051597839849292E-008   0.242796176E-006
   0.36082411171336343E-008   0.244588080E-006
   0.36113224502823393E-008   0.246517089E-006
   0.36144037834310444E-008   0.248604067E-006
   0.36174851165797495E-008   0.250371670E-006
   0.36205664497284545E-008   0.251835189E-006
   0.36236477828771596E-008   0.253668304E-006
   0.36267291160258647E-008   0.255793736E-006
   0.36298104491745697E-008   0.257510123E-006
   0.36328917823232748E-008   0.258987086E-006
   0.36359731154719799E-008   0.260825630E-006
   0.36390544486206849E-008   0.262780247E-006
   0.36421357817693900E-008   0.264413018E-006
   0.36452171149180951E-008   0.265949296E-006
   0.36482984480668001E-008   0.267628934E-006
   0.36513797812155052E-008   0.269375306E-006
   0.36544611143642103E-008   0.271178550E-006
   0.36575424475129154E-008   0.272891384E-006
   0.36606237806616204E-008   0.274294280E-006
   0.36637051138103255E-008   0.275736966E-006
   0.36667864469590306E-008   0.277592562E-006
   0.36698677801077356E-008   0.279388132E-006
   0.36729491132564407E-008   0.280731683E-006
   0.36760304464051458E-008   0.282142565E-006
   0.36791117795538508E-008   0.283916080E-006
   0.36821931127025559E-008   0.285547458E-006
   0.36852744458512610E-008   0.286869550E-006
   0.36883557789999660E-008   0.288294444E-006
   0.36914371121486711E-008   0.289901152E-006
   0.36945184452973762E-008   0.291473896E-006
   0.36975997784460812E-008   0.292971777E-006
   0.37006811115947863E-008   0.294334455E-006
   0.37037624447434914E-008   0.295588109E-006
   0.37068437778921964E-008   0.297064503E-006
   0.37099251110409015E-008   0.298735159E-006
   0.37130064441896066E-008   0.300087862E-006
   0.37160877773383116E-008   0.301189971E-006
   0.37191691104870167E-008   0.302617423E-006
   0.37222504436357218E-008   0.304227171E-006
   0.37253317767844268E-008   0.305466045E-006
   0.37284131099331319E-008   0.306539732E-006
   0.37314944430818370E-008   0.307922335E-006
   0.37345757762305420E-008   0.309421210E-006
   0.37376571093792471E-008   0.310696606E-006
   0.37407384425279522E-008   0.311838846E-006
   0.37438197756766572E-008   0.312999134E-006
   0.37469011088253623E-008   0.314231499E-006
   0.37499824419740674E-008   0.315584884E-006
   0.37530637751227724E-008   0.316875997E-006
   0.37561451082714775E-008   0.317913361E-006
   0.37592264414201826E-008   0.318976845E-006
   0.37623077745688877E-008   0.320304963E-006
   0.37653891077175927E-008   0.321542586E-006
   0.37684704408662978E-008   0.322473284E-006
   0.37715517740150029E-008   0.323500018E-006
   0.37746331071637079E-008   0.324803494E-006
   0.37777144403124130E-008   0.325998570E-006
   0.37807957734611181E-008   0.326928728E-006
   0.37838771066098231E-008   0.327869174E-006
   0.37869584397585282E-008   0.328947749E-006
   0.37900397729072333E-008   0.330062107E-006
   0.37931211060559383E-008   0.331129741E-006
   0.37962024392046434E-008   0.332084255E-006
   0.37992837723533485E-008   0.332969449E-006
   0.38023651055020535E-008   0.333972366E-006
   0.38054464386507586E-008   0.335047616E-006
   0.38085277717994637E-008   0.335929030E-006
   0.38116091049481687E-008   0.336699344E-006
   0.38146904380968738E-008   0.337686089E-006
   0.38177717712455789E-008   0.338781632E-006
   0.38208531043942839E-008   0.339620954E-006
   0.38239344375429890E-008   0.340284430E-006
   0.38270157706916941E-008   0.341118039E-006
   0.38300971038403991E-008   0.342109161E-006
   0.38331784369891042E-008   0.342997168E-006
   0.38362597701378093E-008   0.343730420E-006
   0.38393411032865143E-008   0.344456367E-006
   0.38424224364352194E-008   0.345266557E-006
   0.38455037695839245E-008   0.346104514E-006
   0.38485851027326295E-008   0.346843592E-006
   0.38516664358813346E-008   0.347482569E-006
   0.38547477690300397E-008   0.348201297E-006
   0.38578291021787448E-008   0.349055796E-006
   0.38609104353274498E-008   0.349810364E-006
   0.38639917684761549E-008   0.350333494E-006
   0.38670731016248600E-008   0.350877457E-006
   0.38701544347735650E-008   0.351651153E-006
   0.38732357679222701E-008   0.352443976E-006
   0.38763171010709752E-008   0.353008829E-006
   0.38793984342196802E-008   0.353485063E-006
   0.38824797673683853E-008   0.354106419E-006
   0.38855611005170904E-008   0.354794281E-006
   0.38886424336657954E-008   0.355349925E-006
   0.38917237668145005E-008   0.355806634E-006
   0.38948050999632056E-008   0.356337949E-006
   0.38978864331119106E-008   0.356972151E-006
   0.39009677662606157E-008   0.357557724E-006
   0.39040490994093208E-008   0.357970748E-006
   0.39071304325580258E-008   0.358313514E-006
   0.39102117657067309E-008   0.358813594E-006
   0.39132930988554360E-008   0.359450837E-006
   0.39163744320041410E-008   0.359931533E-006
   0.39194557651528461E-008   0.360197589E-006
   0.39225370983015512E-008   0.360556186E-006
   0.39256184314502562E-008   0.361100007E-006
   0.39286997645989613E-008   0.361538838E-006
   0.39317810977476664E-008   0.361787897E-006
   0.39348624308963714E-008   0.362110626E-006
   0.39379437640450765E-008   0.362579613E-006
   0.39410250971937816E-008   0.362981353E-006
   0.39441064303424866E-008   0.363232687E-006
   0.39471877634911917E-008   0.363447384E-006
   0.39502690966398968E-008   0.363732823E-006
   0.39533504297886018E-008   0.364121547E-006
   0.39564317629373069E-008   0.364492024E-006
   0.39595130960860120E-008   0.364663777E-006
   0.39625944292347171E-008   0.364762286E-006
   0.39656757623834221E-008   0.365069582E-006
   0.39687570955321272E-008   0.365445175E-006
   0.39718384286808323E-008   0.365565171E-006
   0.39749197618295373E-008   0.365603427E-006
   0.39780010949782424E-008   0.365882840E-006
   0.39810824281269475E-008   0.366208411E-006
   0.39841637612756525E-008   0.366290266E-006
   0.39872450944243576E-008   0.366291886E-006
   0.39903264275730627E-008   0.366428196E-006
   0.39934077607217677E-008   0.366629365E-006
   0.39964890938704728E-008   0.366802198E-006
   0.39995704270191779E-008   0.366893488E-006
   0.40026517601678829E-008   0.366860093E-006
   0.40057330933165880E-008   0.366869273E-006
   0.40088144264652931E-008   0.367060608E-006
   0.40118957596139981E-008   0.367173811E-006
   0.40149770927627032E-008   0.367044379E-006
   0.40180584259114083E-008   0.367009477E-006
   0.40211397590601133E-008   0.367204819E-006
   0.40242210922088184E-008   0.367247424E-006
   0.40273024253575235E-008   0.367042304E-006
   0.40303837585062285E-008   0.366950957E-006
   0.40334650916549336E-008   0.367039632E-006
   0.40365464248036387E-008   0.367059300E-006
   0.40396277579523437E-008   0.366963292E-006
   0.40427090911010488E-008   0.366821524E-006
   0.40457904242497539E-008   0.366669695E-006
   0.40488717573984589E-008   0.366626182E-006
   0.40519530905471640E-008   0.366638858E-006
   0.40550344236958691E-008   0.366441725E-006
   0.40581157568445742E-008   0.366148072E-006
   0.40611970899932792E-008   0.366115756E-006
   0.40642784231419843E-008   0.366142558E-006
   0.40673597562906894E-008   0.365833444E-006
   0.40704410894393944E-008   0.365457083E-006
   0.40735224225880995E-008   0.365385915E-006
   0.40766037557368046E-008   0.365354538E-006
   0.40796850888855096E-008   0.365082883E-006
   0.40827664220342147E-008   0.364755408E-006
   0.40858477551829198E-008   0.364504984E-006
   0.40889290883316248E-008   0.364280766E-006
   0.40920104214803299E-008   0.364102590E-006
   0.40950917546290350E-008   0.363864103E-006
   0.40981730877777400E-008   0.363442922E-006
   0.41012544209264451E-008   0.363108938E-006
   0.41043357540751502E-008   0.363015857E-006
   0.41074170872238552E-008   0.362748835E-006
   0.41104984203725603E-008   0.362176706E-006
   0.41135797535212654E-008   0.361796197E-006
   0.41166610866699704E-008   0.361690354E-006
   0.41197424198186755E-008   0.361388601E-006
   0.41228237529673806E-008   0.360867176E-006
   0.41259050861160856E-008   0.360457051E-006
   0.41289864192647907E-008   0.360122613E-006
   0.41320677524134958E-008   0.359742302E-006
   0.41351490855622008E-008   0.359384188E-006
   0.41382304187109059E-008   0.358954765E-006
   0.41413117518596110E-008   0.358418930E-006
   0.41443930850083160E-008   0.358048197E-006
   0.41474744181570211E-008   0.357768954E-006
   0.41505557513057262E-008   0.357184717E-006
   0.41536370844544312E-008   0.356513681E-006
   0.41567184176031363E-008   0.356211416E-006
   0.41597997507518414E-008   0.355948600E-006
   0.41628810839005465E-008   0.355299221E-006
   0.41659624170492515E-008   0.354621562E-006
   0.41690437501979566E-008   0.354216127E-006
   0.41721250833466617E-008   0.353784486E-006
   0.41752064164953667E-008   0.353213409E-006
   0.41782877496440718E-008   0.352671492E-006
   0.41813690827927769E-008   0.352093252E-006
   0.41844504159414819E-008   0.351492730E-006
   0.41875317490901870E-008   0.351045969E-006
   0.41906130822388921E-008   0.350522839E-006
   0.41936944153875971E-008   0.349721262E-006
   0.41967757485363022E-008   0.349077993E-006
   0.41998570816850073E-008   0.348757396E-006
   0.42029384148337123E-008   0.348193851E-006
   0.42060197479824174E-008   0.347300528E-006
   0.42091010811311225E-008   0.346639013E-006
   0.42121824142798275E-008   0.346196032E-006
   0.42152637474285326E-008   0.345551342E-006
   0.42183450805772377E-008   0.344816186E-006
   0.42214264137259427E-008   0.344180791E-006
   0.42245077468746478E-008   0.343483862E-006
   0.42275890800233529E-008   0.342790457E-006
   0.42306704131720579E-008   0.342220773E-006
   0.42337517463207630E-008   0.341477175E-006
   0.42368330794694681E-008   0.340574701E-006
   0.42399144126181731E-008   0.339987537E-006
   0.42429957457668782E-008   0.339522245E-006
   0.42460770789155833E-008   0.338620254E-006
   0.42491584120642883E-008   0.337627085E-006
   0.42522397452129934E-008   0.337062431E-006
   0.42553210783616985E-008   0.336505025E-006
   0.42584024115104036E-008   0.335594791E-006
   0.42614837446591086E-008   0.334735489E-006
   0.42645650778078137E-008   0.334060019E-006
   0.42676464109565188E-008   0.333278450E-006
   0.42707277441052238E-008   0.332473178E-006
   0.42738090772539289E-008   0.331727904E-006
   0.42768904104026340E-008   0.330816761E-006
   0.42799717435513390E-008   0.329930259E-006
   0.42830530767000441E-008   0.329349177E-006
   0.42861344098487492E-008   0.328607655E-006
   0.42892157429974542E-008   0.327450635E-006
   0.42922970761461593E-008   0.326532245E-006
   0.42953784092948644E-008   0.326011673E-006
   0.42984597424435694E-008   0.325195799E-006
   0.43015410755922745E-008   0.324073341E-006
   0.43046224087409796E-008   0.323224612E-006
   0.43077037418896846E-008   0.322508868E-006
   0.43107850750383897E-008   0.321570298E-006
   0.43138664081870948E-008   0.320636190E-006
   0.43169477413357998E-008   0.319776149E-006
   0.43200290744845049E-008   0.318792644E-006
   0.43231104076332100E-008   0.317919728E-006
   0.43261917407819150E-008   0.317215324E-006
   0.43292730739306201E-008   0.316178443E-006
   0.43323544070793252E-008   0.314944316E-006
   0.43354357402280302E-008   0.314176702E-006
   0.43385170733767353E-008   0.313560321E-006
   0.43415984065254404E-008   0.312426636E-006
   0.43446797396741454E-008   0.311214052E-006
   0.43477610728228505E-008   0.310439901E-006
   0.43508424059715556E-008   0.309627950E-006
   0.43539237391202606E-008   0.308506600E-006
   0.43570050722689657E-008   0.307478388E-006
   0.43600864054176708E-008   0.306556188E-006
   0.43631677385663759E-008   0.305538407E-006
   0.43662490717150809E-008   0.304625701E-006
   0.43693304048637860E-008   0.303719844E-006
   0.43724117380124911E-008   0.302482420E-006
   0.43754930711611961E-008   0.301330488E-006
   0.43785744043099012E-008   0.300645155E-006
   0.43816557374586063E-008   0.299767549E-006
   0.43847370706073113E-008   0.298383071E-006
   0.43878184037560164E-008   0.297253365E-006
   0.43908997369047215E-008   0.296533841E-006
   0.43939810700534265E-008   0.295511427E-006
   0.43970624032021316E-008   0.294221962E-006
   0.44001437363508367E-008   0.293198241E-006
   0.44032250694995417E-008   0.292262769E-006
   0.44063064026482468E-008   0.291167140E-006
   0.44093877357969519E-008   0.290126764E-006
   0.44124690689456569E-008   0.289045801E-006
   0.44155504020943620E-008   0.287775350E-006
   0.44186317352430671E-008   0.286742250E-006
   0.44217130683917721E-008   0.285960255E-006
   0.44247944015404772E-008   0.284774643E-006
   0.44278757346891823E-008   0.283336789E-006
   0.44309570678378873E-008   0.282366784E-006
   0.44340384009865924E-008   0.281553866E-006
   0.44371197341352975E-008   0.280273412E-006
   0.44402010672840025E-008   0.278943247E-006
   0.44432824004327076E-008   0.277983958E-006
   0.44463637335814127E-008   0.276979904E-006
   0.44494450667301177E-008   0.275764222E-006
   0.44525263998788228E-008   0.274608624E-006
   0.44556077330275279E-008   0.273422671E-006
   0.44586890661762330E-008   0.272194143E-006
   0.44617703993249380E-008   0.271230931E-006
   0.44648517324736431E-008   0.270249188E-006
   0.44679330656223482E-008   0.268814972E-006
   0.44710143987710532E-008   0.267462127E-006
   0.44740957319197583E-008   0.266621328E-006
   0.44771770650684634E-008   0.265606729E-006
   0.44802583982171684E-008   0.264110099E-006
   0.44833397313658735E-008   0.262850278E-006
   0.44864210645145786E-008   0.261958434E-006
   0.44895023976632836E-008   0.260815483E-006
   0.44925837308119887E-008   0.259444448E-006
   0.44956650639606938E-008   0.258228340E-006
   0.44987463971093988E-008   0.257057764E-006
   0.45018277302581039E-008   0.255888011E-006
   0.45049090634068090E-008   0.254843400E-006
   0.45079903965555140E-008   0.253611518E-006
   0.45110717297042191E-008   0.252117218E-006
   0.45141530628529242E-008   0.250951189E-006
   0.45172343960016292E-008   0.250081115E-006
   0.45203157291503343E-008   0.248777781E-006
   0.45233970622990394E-008   0.247219333E-006
   0.45264783954477444E-008   0.246129673E-006
   0.45295597285964495E-008   0.245201079E-006
   0.45326410617451546E-008   0.243832517E-006
   0.45357223948938596E-008   0.242375478E-006
   0.45388037280425647E-008   0.241218544E-006
   0.45418850611912698E-008   0.240089946E-006
   0.45449663943399748E-008   0.238873838E-006
   0.45480477274886799E-008   0.237661482E-006
   0.45511290606373850E-008   0.236290617E-006
   0.45542103937860900E-008   0.234891473E-006
   0.45572917269347951E-008   0.233833774E-006
   0.45603730600835002E-008   0.232778319E-006
   0.45634543932322053E-008   0.231275052E-006
   0.45665357263809103E-008   0.229830690E-006
   0.45696170595296154E-008   0.228852244E-006
   0.45726983926783205E-008   0.227734319E-006
   0.45757797258270255E-008   0.226182394E-006
   0.45788610589757306E-008   0.224791350E-006
   0.45819423921244357E-008   0.223731334E-006
   0.45850237252731407E-008   0.222557176E-006
   0.45881050584218458E-008   0.221209120E-006
   0.45911863915705509E-008   0.219864333E-006
   0.45942677247192559E-008   0.218494847E-006
   0.45973490578679610E-008   0.217234359E-006
   0.46004303910166661E-008   0.216157659E-006
   0.46035117241653711E-008   0.214864514E-006
   0.46065930573140762E-008   0.213300211E-006
   0.46096743904627813E-008   0.212038628E-006
   0.46127557236114863E-008   0.211049198E-006
   0.46158370567601914E-008   0.209685112E-006
   0.46189183899088965E-008   0.208078347E-006
   0.46219997230576015E-008   0.206850416E-006
   0.46250810562063066E-008   0.205818196E-006
   0.46281623893550117E-008   0.204490519E-006
   0.46312437225037167E-008   0.203019411E-006
   0.46343250556524218E-008   0.201671398E-006
   0.46374063888011269E-008   0.200390119E-006
   0.46404877219498319E-008   0.199175247E-006
   0.46435690550985370E-008   0.197958173E-006
   0.46466503882472421E-008   0.196512062E-006
   0.46497317213959471E-008   0.195041537E-006
   0.46528130545446522E-008   0.193905009E-006
   0.46558943876933573E-008   0.192758705E-006
   0.46589757208420624E-008   0.191210432E-006
   0.46620570539907674E-008   0.189719174E-006
   0.46651383871394725E-008   0.188646851E-006
   0.46682197202881776E-008   0.187495587E-006
   0.46713010534368826E-008   0.185971714E-006
   0.46743823865855877E-008   0.184497210E-006
   0.46774637197342928E-008   0.183266209E-006
   0.46805450528829978E-008   0.182034825E-006
   0.46836263860317029E-008   0.180728151E-006
   0.46867077191804080E-008   0.179367404E-006
   0.46897890523291130E-008   0.177926211E-006
   0.46928703854778181E-008   0.176593460E-006
   0.46959517186265232E-008   0.175436980E-006
   0.46990330517752282E-008   0.174098005E-006
   0.47021143849239333E-008   0.172534044E-006
   0.47051957180726384E-008   0.171224130E-006
   0.47082770512213434E-008   0.170156355E-006
   0.47113583843700485E-008   0.168801620E-006
   0.47144397175187536E-008   0.167207972E-006
   0.47175210506674586E-008   0.165856846E-006
   0.47206023838161637E-008   0.164699742E-006
   0.47236837169648688E-008   0.163403911E-006
   0.47267650501135738E-008   0.161994194E-006
   0.47298463832622789E-008   0.160598148E-006
   0.47329277164109840E-008   0.159230694E-006
   0.47360090495596890E-008   0.157960628E-006
   0.47390903827083941E-008   0.156706633E-006
   0.47421717158570992E-008   0.155253929E-006
   0.47452530490058042E-008   0.153782750E-006
   0.47483343821545093E-008   0.152601174E-006
   0.47514157153032144E-008   0.151425681E-006
   0.47544970484519194E-008   0.149899890E-006
   0.47575783816006245E-008   0.148364308E-006
   0.47606597147493296E-008   0.147171207E-006
   0.47637410478980347E-008   0.146001369E-006
   0.47668223810467397E-008   0.144570464E-006
   0.47699037141954448E-008   0.143110228E-006
   0.47729850473441499E-008   0.141789442E-006
   0.47760663804928549E-008   0.140496041E-006
   0.47791477136415600E-008   0.139177644E-006
   0.47822290467902651E-008   0.137815093E-006
   0.47853103799389701E-008   0.136387143E-006
   0.47883917130876752E-008   0.135054037E-006
   0.47914730462363803E-008   0.133863168E-006
   0.47945543793850853E-008   0.132514529E-006
   0.47976357125337904E-008   0.130956124E-006
   0.48007170456824955E-008   0.129588898E-006
   0.48037983788312005E-008   0.128468216E-006
   0.48068797119799056E-008   0.127172967E-006
   0.48099610451286107E-008   0.125650857E-006
   0.48130423782773157E-008   0.124255493E-006
   0.48161237114260208E-008   0.123020328E-006
   0.48192050445747259E-008   0.121713157E-006
   0.48222863777234309E-008   0.120321701E-006
   0.48253677108721360E-008   0.118944897E-006
   0.48284490440208411E-008   0.117602532E-006
   0.48315303771695461E-008   0.116323370E-006
   0.48346117103182512E-008   0.115039001E-006
   0.48376930434669563E-008   0.113598567E-006
   0.48407743766156613E-008   0.112135496E-006
   0.48438557097643664E-008   0.110905340E-006
   0.48469370429130715E-008   0.109732781E-006
   0.48500183760617765E-008   0.108306963E-006
   0.48530997092104816E-008   0.106806283E-006
   0.48561810423591867E-008   0.105525110E-006
   0.48592623755078918E-008   0.104307510E-006
   0.48623437086565968E-008   0.102932013E-006
   0.48654250418053019E-008   0.101520406E-006
   0.48685063749540070E-008   0.100208773E-006
   0.48715877081027120E-008   0.989302578E-007
   0.48746690412514171E-008   0.976152776E-007
   0.48777503744001222E-008   0.962387148E-007
   0.48808317075488272E-008   0.948210186E-007
   0.48839130406975323E-008   0.935056264E-007
   0.48869943738462374E-008   0.923191408E-007
   0.48900757069949424E-008   0.910161759E-007
   0.48931570401436475E-008   0.895289389E-007
   0.48962383732923526E-008   0.881490578E-007
   0.48993197064410576E-008   0.869580958E-007
   0.49024010395897627E-008   0.856785363E-007
   0.49054823727384678E-008   0.842498196E-007
   0.49085637058871728E-008   0.828992270E-007
   0.49116450390358779E-008   0.816562959E-007
   0.49147263721845830E-008   0.803628808E-007
   0.49178077053332880E-008   0.789959245E-007
   0.49208890384819931E-008   0.776225875E-007
   0.49239703716306982E-008   0.762929275E-007
   0.49270517047794032E-008   0.750541673E-007
   0.49301330379281083E-008   0.738185548E-007
   0.49332143710768134E-008   0.724263245E-007
   0.49362957042255184E-008   0.709895929E-007
   0.49393770373742235E-008   0.697383413E-007
   0.49424583705229286E-008   0.685493831E-007
   0.49455397036716336E-008   0.671859510E-007
   0.49486210368203387E-008   0.657818902E-007
   0.49517023699690438E-008   0.645346034E-007
   0.49547837031177488E-008   0.633041282E-007
   0.49578650362664539E-008   0.619458547E-007
   0.49609463694151590E-008   0.605758785E-007
   0.49640277025638641E-008   0.592877072E-007
   0.49671090357125691E-008   0.580364627E-007
   0.49701903688612742E-008   0.567852538E-007
   0.49732717020099793E-008   0.554779476E-007
   0.49763530351586843E-008   0.540891349E-007
   0.49794343683073894E-008   0.527650705E-007
   0.49825157014560945E-008   0.515767979E-007
   0.49855970346047995E-008   0.503253652E-007
   0.49886783677535046E-008   0.489363963E-007
   0.49917597009022097E-008   0.476283155E-007
   0.49948410340509147E-008   0.464401317E-007
   0.49979223671996198E-008   0.451540565E-007
   0.50010037003483249E-008   0.437710490E-007
   0.50040850334970299E-008   0.424846505E-007
   0.50071663666457350E-008   0.412809662E-007
   0.50102476997944401E-008   0.400304216E-007
   0.50133290329431451E-008   0.387322956E-007
   0.50164103660918502E-008   0.374150382E-007
   0.50194916992405553E-008   0.361009995E-007
   0.50225730323892603E-008   0.348655291E-007
   0.50256543655379654E-008   0.336681545E-007
   0.50287356986866705E-008   0.323686145E-007
   0.50318170318353755E-008   0.310327302E-007
   0.50348983649840806E-008   0.298139469E-007
   0.50379796981327857E-008   0.286062729E-007
   0.50410610312814907E-008   0.272753837E-007
   0.50441423644301958E-008   0.259632476E-007
   0.50472236975789009E-008   0.247754013E-007
   0.50503050307276059E-008   0.235725608E-007
   0.50533863638763110E-008   0.222865673E-007
   0.50564676970250161E-008   0.210019326E-007
   0.50595490301737212E-008   0.197329406E-007
   0.50626303633224262E-008   0.184787812E-007
   0.50657116964711313E-008   0.172850374E-007
   0.50687930296198364E-008   0.160766422E-007
   0.50718743627685414E-008   0.147741712E-007
   0.50749556959172465E-008   0.135047333E-007
   0.50780370290659516E-008   0.123326620E-007
   0.50811183622146566E-008   0.110954099E-007
   0.50841996953633617E-008   0.977876891E-008
   0.50872810285120668E-008   0.856812754E-008
   0.50903623616607718E-008   0.743017381E-008
   0.50934436948094769E-008   0.618653750E-008
   0.50965250279581820E-008   0.489106000E-008
   0.50996063611068870E-008   0.366765418E-008
   0.51026876942555921E-008   0.246500154E-008
   0.51057690274042972E-008   0.124977484E-008
   0.51088503605530022E-008   0.609210460E-010
   0.51119316937017073E-008  -0.115692966E-008
   0.51150130268504124E-008  -0.241800491E-008
   0.51180943599991174E-008  -0.361352193E-008
   0.51211756931478225E-008  -0.477733098E-008
   0.51242570262965276E-008  -0.603176753E-008
   0.51273383594452326E-008  -0.727695859E-008
   0.51304196925939377E-008  -0.840126546E-008
   0.51335010257426428E-008  -0.955861434E-008
   0.51365823588913478E-008  -0.108344311E-007
   0.51396636920400529E-008  -0.120636372E-007
   0.51427450251887580E-008  -0.132068854E-007
   0.51458263583374630E-008  -0.143939216E-007
   0.51489076914861681E-008  -0.156007918E-007
   0.51519890246348732E-008  -0.167564096E-007
   0.51550703577835782E-008  -0.179395521E-007
   0.51581516909322833E-008  -0.191612131E-007
   0.51612330240809884E-008  -0.203281250E-007
   0.51643143572296935E-008  -0.214878710E-007
   0.51673956903783985E-008  -0.227001653E-007
   0.51704770235271036E-008  -0.238583624E-007
   0.51735583566758087E-008  -0.249593342E-007
   0.51766396898245137E-008  -0.261544297E-007
   0.51797210229732188E-008  -0.273980980E-007
   0.51828023561219239E-008  -0.285357693E-007
   0.51858836892706289E-008  -0.296440437E-007
   0.51889650224193340E-008  -0.308291668E-007
   0.51920463555680391E-008  -0.319930535E-007
   0.51951276887167441E-008  -0.331047438E-007
   0.51982090218654492E-008  -0.342741231E-007
   0.52012903550141543E-008  -0.354697498E-007
   0.52043716881628593E-008  -0.365966351E-007
   0.52074530213115644E-008  -0.377149441E-007
   0.52105343544602695E-008  -0.388648722E-007
   0.52136156876089745E-008  -0.399832700E-007
   0.52166970207576796E-008  -0.411088088E-007
   0.52197783539063847E-008  -0.422960298E-007
   0.52228596870550897E-008  -0.434414034E-007
   0.52259410202037948E-008  -0.445118111E-007
   0.52290223533524999E-008  -0.456346854E-007
   0.52321036865012049E-008  -0.468004302E-007
   0.52351850196499100E-008  -0.478936855E-007
   0.52382663527986151E-008  -0.489792882E-007
   0.52413476859473201E-008  -0.501453634E-007
   0.52444290190960252E-008  -0.512900655E-007
   0.52475103522447303E-008  -0.523565653E-007
   0.52505916853934353E-008  -0.534393436E-007
   0.52536730185421404E-008  -0.545551124E-007
   0.52567543516908455E-008  -0.556574058E-007
   0.52598356848395506E-008  -0.567771892E-007
   0.52629170179882556E-008  -0.579013459E-007
   0.52659983511369607E-008  -0.589640941E-007
   0.52690796842856658E-008  -0.600266361E-007
   0.52721610174343708E-008  -0.611524484E-007
   0.52752423505830759E-008  -0.622453271E-007
   0.52783236837317810E-008  -0.632790460E-007
   0.52814050168804860E-008  -0.643763869E-007
   0.52844863500291911E-008  -0.655210499E-007
   0.52875676831778962E-008  -0.665823663E-007
   0.52906490163266012E-008  -0.675955363E-007
   0.52937303494753063E-008  -0.686622599E-007
   0.52968116826240114E-008  -0.697545062E-007
   0.52998930157727164E-008  -0.708364709E-007
   0.53029743489214215E-008  -0.719175830E-007
   0.53060556820701266E-008  -0.729607521E-007
   0.53091370152188316E-008  -0.739799404E-007
   0.53122183483675367E-008  -0.750571729E-007
   0.53152996815162418E-008  -0.761409069E-007
   0.53183810146649468E-008  -0.771409674E-007
   0.53214623478136519E-008  -0.781620315E-007
   0.53245436809623570E-008  -0.792845256E-007
   0.53276250141110620E-008  -0.803595839E-007
   0.53307063472597671E-008  -0.813166992E-007
   0.53337876804084722E-008  -0.823047728E-007
   0.53368690135571772E-008  -0.833811526E-007
   0.53399503467058823E-008  -0.844522887E-007
   0.53430316798545874E-008  -0.854871871E-007
   0.53461130130032924E-008  -0.864945093E-007
   0.53491943461519975E-008  -0.874747030E-007
   0.53522756793007026E-008  -0.884957032E-007
   0.53553570124494076E-008  -0.895634074E-007
   0.53584383455981127E-008  -0.905577124E-007
   0.53615196787468178E-008  -0.915072533E-007
   0.53646010118955229E-008  -0.925667578E-007
   0.53676823450442279E-008  -0.936516500E-007
   0.53707636781929330E-008  -0.945862411E-007
   0.53738450113416381E-008  -0.954918065E-007
   0.53769263444903431E-008  -0.965359845E-007
   0.53800076776390482E-008  -0.976054437E-007
   0.53830890107877533E-008  -0.985846569E-007
   0.53861703439364583E-008  -0.995418787E-007
   0.53892516770851634E-008  -0.100509197E-006
   0.53923330102338685E-008  -0.101479891E-006
   0.53954143433825735E-008  -0.102497360E-006
   0.53984956765312786E-008  -0.103497882E-006
   0.54015770096799837E-008  -0.104403384E-006
   0.54046583428286887E-008  -0.105359334E-006
   0.54077396759773938E-008  -0.106438371E-006
   0.54108210091260989E-008  -0.107414564E-006
   0.54139023422748039E-008  -0.108236861E-006
   0.54169836754235090E-008  -0.109174891E-006
   0.54200650085722141E-008  -0.110257318E-006
   0.54231463417209191E-008  -0.111239821E-006
   0.54262276748696242E-008  -0.112118585E-006
   0.54293090080183293E-008  -0.113047406E-006
   0.54323903411670343E-008  -0.114003520E-006
   0.54354716743157394E-008  -0.114952329E-006
   0.54385530074644445E-008  -0.115923982E-006
   0.54416343406131495E-008  -0.116842166E-006
   0.54447156737618546E-008  -0.117713988E-006
   0.54477970069105597E-008  -0.118703859E-006
   0.54508783400592647E-008  -0.119724916E-006
   0.54539596732079698E-008  -0.120548876E-006
   0.54570410063566749E-008  -0.121347739E-006
   0.54601223395053800E-008  -0.122377969E-006
   0.54632036726540850E-008  -0.123421160E-006
   0.54662850058027901E-008  -0.124248942E-006
   0.54693663389514952E-008  -0.125069576E-006
   0.54724476721002002E-008  -0.126025000E-006
   0.54755290052489053E-008  -0.126962817E-006
   0.54786103383976104E-008  -0.127852104E-006
   0.54816916715463154E-008  -0.128757506E-006
   0.54847730046950205E-008  -0.129623601E-006
   0.54878543378437256E-008  -0.130503352E-006
   0.54909356709924306E-008  -0.131486601E-006
   0.54940170041411357E-008  -0.132380364E-006
   0.54970983372898408E-008  -0.133103541E-006
   0.55001796704385458E-008  -0.133978418E-006
   0.55032610035872509E-008  -0.135055942E-006
   0.55063423367359560E-008  -0.135945143E-006
   0.55094236698846610E-008  -0.136635620E-006
   0.55125050030333661E-008  -0.137496045E-006
   0.55155863361820712E-008  -0.138488573E-006
   0.55186676693307762E-008  -0.139345545E-006
   0.55217490024794813E-008  -0.140145261E-006
   0.55248303356281864E-008  -0.141015860E-006
   0.55279116687768914E-008  -0.141879440E-006
   0.55309930019255965E-008  -0.142751247E-006
   0.55340743350743016E-008  -0.143644485E-006
   0.55371556682230066E-008  -0.144412525E-006
   0.55402370013717117E-008  -0.145155894E-006
   0.55433183345204168E-008  -0.146126538E-006
   0.55463996676691218E-008  -0.147109489E-006
   0.55494810008178269E-008  -0.147800449E-006
   0.55525623339665320E-008  -0.148483906E-006
   0.55556436671152370E-008  -0.149438932E-006
   0.55587250002639421E-008  -0.150372429E-006
   0.55618063334126472E-008  -0.151100636E-006
   0.55648876665613523E-008  -0.151870168E-006
   0.55679689997100573E-008  -0.152744505E-006
   0.55710503328587624E-008  -0.153575499E-006
   0.55741316660074675E-008  -0.154392396E-006
   0.55772129991561725E-008  -0.155192865E-006
   0.55802943323048776E-008  -0.155905852E-006
   0.55833756654535827E-008  -0.156717888E-006
   0.55864569986022877E-008  -0.157698238E-006
   0.55895383317509928E-008  -0.158491645E-006
   0.55926196648996979E-008  -0.159059383E-006
   0.55957009980484029E-008  -0.159853215E-006
   0.55987823311971080E-008  -0.160859003E-006
   0.56018636643458131E-008  -0.161629259E-006
   0.56049449974945181E-008  -0.162242742E-006
   0.56080263306432232E-008  -0.163055574E-006
   0.56111076637919283E-008  -0.163942701E-006
   0.56141889969406333E-008  -0.164691770E-006
   0.56172703300893384E-008  -0.165416481E-006
   0.56203516632380435E-008  -0.166161570E-006
   0.56234329963867485E-008  -0.166899156E-006
   0.56265143295354536E-008  -0.167753967E-006
   0.56295956626841587E-008  -0.168619096E-006
   0.56326769958328637E-008  -0.169229892E-006
   0.56357583289815688E-008  -0.169827644E-006
   0.56388396621302739E-008  -0.170746901E-006
   0.56419209952789789E-008  -0.171651052E-006
   0.56450023284276840E-008  -0.172228539E-006
   0.56480836615763891E-008  -0.172856232E-006
   0.56511649947250941E-008  -0.173750010E-006
   0.56542463278737992E-008  -0.174555140E-006
   0.56573276610225043E-008  -0.175172516E-006
   0.56604089941712094E-008  -0.175859896E-006
   0.56634903273199144E-008  -0.176625221E-006
   0.56665716604686195E-008  -0.177385431E-006
   0.56696529936173246E-008  -0.178181537E-006
   0.56727343267660296E-008  -0.178875467E-006
   0.56758156599147347E-008  -0.179415579E-006
   0.56788969930634398E-008  -0.180143800E-006
   0.56819783262121448E-008  -0.181086634E-006
   0.56850596593608499E-008  -0.181776528E-006
   0.56881409925095550E-008  -0.182247973E-006
   0.56912223256582600E-008  -0.182991911E-006
   0.56943036588069651E-008  -0.183894542E-006
   0.56973849919556702E-008  -0.184530236E-006
   0.57004663251043752E-008  -0.185066881E-006
   0.57035476582530803E-008  -0.185801326E-006
   0.57066289914017854E-008  -0.186581801E-006
   0.57097103245504904E-008  -0.187283931E-006
   0.57127916576991955E-008  -0.187962030E-006
   0.57158729908479006E-008  -0.188550004E-006
   0.57189543239966056E-008  -0.189140522E-006
   0.57220356571453107E-008  -0.189963870E-006
   0.57251169902940158E-008  -0.190777698E-006
   0.57281983234427208E-008  -0.191263624E-006
   0.57312796565914259E-008  -0.191782377E-006
   0.57343609897401310E-008  -0.192643668E-006
   0.57374423228888360E-008  -0.193418359E-006
   0.57405236560375411E-008  -0.193878577E-006
   0.57436049891862462E-008  -0.194452710E-006
   0.57466863223349512E-008  -0.195262643E-006
   0.57497676554836563E-008  -0.195970344E-006
   0.57528489886323614E-008  -0.196543738E-006
   0.57559303217810664E-008  -0.197141418E-006
   0.57590116549297715E-008  -0.197739070E-006
   0.57620929880784766E-008  -0.198407761E-006
   0.57651743212271817E-008  -0.199188008E-006
   0.57682556543758867E-008  -0.199793419E-006
   0.57713369875245918E-008  -0.200215055E-006
   0.57744183206732969E-008  -0.200886333E-006
   0.57774996538220019E-008  -0.201739127E-006
   0.57805809869707070E-008  -0.202282408E-006
   0.57836623201194121E-008  -0.202676475E-006
   0.57867436532681171E-008  -0.203383763E-006
   0.57898249864168222E-008  -0.204187870E-006
   0.57929063195655273E-008  -0.204732487E-006
   0.57959876527142323E-008  -0.205214832E-006
   0.57990689858629374E-008  -0.205822388E-006
   0.58021503190116425E-008  -0.206454544E-006
   0.58052316521603475E-008  -0.207119669E-006
   0.58083129853090526E-008  -0.207773454E-006
   0.58113943184577577E-008  -0.208240380E-006
   0.58144756516064627E-008  -0.208723776E-006
   0.58175569847551678E-008  -0.209489031E-006
   0.58206383179038729E-008  -0.210185775E-006
   0.58237196510525779E-008  -0.210546943E-006
   0.58268009842012830E-008  -0.211030553E-006
   0.58298823173499881E-008  -0.211845432E-006
   0.58329636504986931E-008  -0.212502641E-006
   0.58360449836473982E-008  -0.212872834E-006
   0.58391263167961033E-008  -0.213368750E-006
   0.58422076499448083E-008  -0.214043652E-006
   0.58452889830935134E-008  -0.214661966E-006
   0.58483703162422185E-008  -0.215229150E-006
   0.58514516493909235E-008  -0.215751911E-006
   0.58545329825396286E-008  -0.216202494E-006
   0.58576143156883337E-008  -0.216790937E-006
   0.58606956488370388E-008  -0.217510618E-006
   0.58637769819857438E-008  -0.217990404E-006
   0.58668583151344489E-008  -0.218324459E-006
   0.58699396482831540E-008  -0.218973810E-006
   0.58730209814318590E-008  -0.219744322E-006
   0.58761023145805641E-008  -0.220162633E-006
   0.58791836477292692E-008  -0.220478881E-006
   0.58822649808779742E-008  -0.221094027E-006
   0.58853463140266793E-008  -0.221779317E-006
   0.58884276471753844E-008  -0.222283163E-006
   0.58915089803240894E-008  -0.222741619E-006
   0.58945903134727945E-008  -0.223220596E-006
   0.58976716466214996E-008  -0.223722012E-006
   0.59007529797702046E-008  -0.224339502E-006
   0.59038343129189097E-008  -0.224910423E-006
   0.59069156460676148E-008  -0.225253288E-006
   0.59099969792163198E-008  -0.225695388E-006
   0.59130783123650249E-008  -0.226431240E-006
   0.59161596455137300E-008  -0.226998139E-006
   0.59192409786624350E-008  -0.227235262E-006
   0.59223223118111401E-008  -0.227663321E-006
   0.59254036449598452E-008  -0.228391286E-006
   0.59284849781085502E-008  -0.228952999E-006
   0.59315663112572553E-008  -0.229295480E-006
   0.59346476444059604E-008  -0.229726083E-006
   0.59377289775546654E-008  -0.230250521E-006
   0.59408103107033705E-008  -0.230774660E-006
   0.59438916438520756E-008  -0.231306515E-006
   0.59469729770007806E-008  -0.231730027E-006
   0.59500543101494857E-008  -0.232079486E-006
   0.59531356432981908E-008  -0.232642321E-006
   0.59562169764468958E-008  -0.233292297E-006
   0.59592983095956009E-008  -0.233627759E-006
   0.59623796427443060E-008  -0.233874331E-006
   0.59654609758930111E-008  -0.234475024E-006
   0.59685423090417161E-008  -0.235147425E-006
   0.59716236421904212E-008  -0.235493658E-006
   0.59747049753391263E-008  -0.235784810E-006
   0.59777863084878313E-008  -0.236296614E-006
   0.59808676416365364E-008  -0.236832662E-006
   0.59839489747852415E-008  -0.237273127E-006
   0.59870303079339465E-008  -0.237690898E-006
   0.59901116410826516E-008  -0.238072289E-006
   0.59931929742313567E-008  -0.238505152E-006
   0.59962743073800617E-008  -0.239081430E-006
