t              BoxCavity.fdtd_Point probe_Ex_5_10_7.dat
   0.00000000000000000E+000   0.000000000E+000
   0.30813331487050677E-011   0.000000000E+000
   0.61626662974101354E-011   0.000000000E+000
   0.92439994461152031E-011   0.000000000E+000
   0.12325332594820271E-010   0.000000000E+000
   0.15406665743525338E-010   0.672965199E-011
   0.18487998892230406E-010   0.287434208E-010
   0.21569332040935474E-010   0.562032469E-010
   0.24650665189640542E-010   0.713103673E-010
   0.27731998338345609E-010   0.761369717E-010
   0.30813331487050677E-010   0.764474942E-010
   0.33894664635755745E-010   0.679719198E-010
   0.36975997784460812E-010   0.660403676E-010
   0.40057330933165880E-010   0.801371192E-010
   0.43138664081870948E-010   0.609249734E-010
   0.46219997230576015E-010  -0.122649738E-010
   0.49301330379281083E-010  -0.396949036E-010
   0.52382663527986151E-010   0.468208146E-010
   0.55463996676691218E-010   0.140291306E-009
   0.58545329825396286E-010   0.136717540E-009
   0.61626662974101354E-010   0.103091952E-009
   0.64707996122806422E-010   0.117043542E-009
   0.67789329271511489E-010   0.138260667E-009
   0.70870662420216557E-010   0.141506765E-009
   0.73951995568921625E-010   0.158121405E-009
   0.77033328717626692E-010   0.162032776E-009
   0.80114661866331760E-010   0.127900524E-009
   0.83195995015036828E-010   0.131658559E-009
   0.86277328163741895E-010   0.207607820E-009
   0.89358661312446963E-010   0.258834509E-009
   0.92439994461152031E-010   0.244486181E-009
   0.95521327609857098E-010   0.249155918E-009
   0.98602660758562166E-010   0.298106068E-009
   0.10168399390726723E-009   0.326498967E-009
   0.10476532705597230E-009   0.332012057E-009
   0.10784666020467737E-009   0.361109725E-009
   0.11092799335338244E-009   0.402946065E-009
   0.11400932650208750E-009   0.434014297E-009
   0.11709065965079257E-009   0.469824846E-009
   0.12017199279949764E-009   0.511782061E-009
   0.12325332594820271E-009   0.550834767E-009
   0.12633465909690778E-009   0.607494832E-009
   0.12941599224561284E-009   0.679932999E-009
   0.13249732539431791E-009   0.730519756E-009
   0.13557865854302298E-009   0.770169262E-009
   0.13865999169172805E-009   0.842420744E-009
   0.14174132484043311E-009   0.930476196E-009
   0.14482265798913818E-009   0.998920613E-009
   0.14790399113784325E-009   0.107257037E-008
   0.15098532428654832E-009   0.117702137E-008
   0.15406665743525338E-009   0.128623756E-008
   0.15714799058395845E-009   0.138525580E-008
   0.16022932373266352E-009   0.149397172E-008
   0.16331065688136859E-009   0.162034419E-008
   0.16639199003007366E-009   0.176193848E-008
   0.16947332317877872E-009   0.191992222E-008
   0.17255465632748379E-009   0.207807371E-008
   0.17563598947618886E-009   0.222851826E-008
   0.17871732262489393E-009   0.240560127E-008
   0.18179865577359899E-009   0.262722266E-008
   0.18487998892230406E-009   0.285530377E-008
   0.18796132207100913E-009   0.306988812E-008
   0.19104265521971420E-009   0.330556471E-008
   0.19412398836841926E-009   0.358382701E-008
   0.19720532151712433E-009   0.388809784E-008
   0.20028665466582940E-009   0.420503454E-008
   0.20336798781453447E-009   0.453337456E-008
   0.20644932096323954E-009   0.488063678E-008
   0.20953065411194460E-009   0.527228305E-008
   0.21261198726064967E-009   0.571765035E-008
   0.21569332040935474E-009   0.618253138E-008
   0.21877465355805981E-009   0.664754785E-008
   0.22185598670676487E-009   0.714959247E-008
   0.22493731985546994E-009   0.772315811E-008
   0.22801865300417501E-009   0.835610692E-008
   0.23109998615288008E-009   0.902087027E-008
   0.23418131930158514E-009   0.970501635E-008
   0.23726265245029021E-009   0.104248157E-007
   0.24034398559899528E-009   0.112274590E-007
   0.24342531874770035E-009   0.121364288E-007
   0.24650665189640542E-009   0.131018201E-007
   0.24958798504511048E-009   0.140727634E-007
   0.25266931819381555E-009   0.150920503E-007
   0.25575065134252062E-009   0.162431206E-007
   0.25883198449122569E-009   0.175353261E-007
   0.26191331763993075E-009   0.188992964E-007
   0.26499465078863582E-009   0.202825152E-007
   0.26807598393734089E-009   0.217292317E-007
   0.27115731708604596E-009   0.233497435E-007
   0.27423865023475102E-009   0.251815973E-007
   0.27731998338345609E-009   0.271173217E-007
   0.28040131653216116E-009   0.290559665E-007
   0.28348264968086623E-009   0.310832320E-007
   0.28656398282957130E-009   0.333755494E-007
   0.28964531597827636E-009   0.359546171E-007
   0.29272664912698143E-009   0.386592021E-007
   0.29580798227568650E-009   0.413764454E-007
   0.29888931542439157E-009   0.442211494E-007
   0.30197064857309663E-009   0.474186947E-007
   0.30505198172180170E-009   0.510154088E-007
   0.30813331487050677E-009   0.547936310E-007
   0.31121464801921184E-009   0.585744786E-007
   0.31429598116791690E-009   0.625249044E-007
   0.31737731431662197E-009   0.669753391E-007
   0.32045864746532704E-009   0.719670297E-007
   0.32353998061403211E-009   0.771881901E-007
   0.32662131376273718E-009   0.824212663E-007
   0.32970264691144224E-009   0.878941862E-007
   0.33278398006014731E-009   0.940316625E-007
   0.33586531320885238E-009   0.100902902E-006
   0.33894664635755745E-009   0.108099790E-006
   0.34202797950626251E-009   0.115300274E-006
   0.34510931265496758E-009   0.122806981E-006
   0.34819064580367265E-009   0.131225306E-006
   0.35127197895237772E-009   0.140644417E-006
   0.35435331210108278E-009   0.150486059E-006
   0.35743464524978785E-009   0.160324575E-006
   0.36051597839849292E-009   0.170577906E-006
   0.36359731154719799E-009   0.182047060E-006
   0.36667864469590306E-009   0.194859197E-006
   0.36975997784460812E-009   0.208249133E-006
   0.37284131099331319E-009   0.221616503E-006
   0.37592264414201826E-009   0.235509106E-006
   0.37900397729072333E-009   0.251038387E-006
   0.38208531043942839E-009   0.268381115E-006
   0.38516664358813346E-009   0.286471078E-006
   0.38824797673683853E-009   0.304499537E-006
   0.39132930988554360E-009   0.323225862E-006
   0.39441064303424866E-009   0.344130285E-006
   0.39749197618295373E-009   0.367435405E-006
   0.40057330933165880E-009   0.391723830E-006
   0.40365464248036387E-009   0.415904395E-006
   0.40673597562906894E-009   0.440972997E-006
   0.40981730877777400E-009   0.468923417E-006
   0.41289864192647907E-009   0.500062185E-006
   0.41597997507518414E-009   0.532466515E-006
   0.41906130822388921E-009   0.564671325E-006
   0.42214264137259427E-009   0.598027896E-006
   0.42522397452129934E-009   0.635181379E-006
   0.42830530767000441E-009   0.676507057E-006
   0.43138664081870948E-009   0.719456409E-006
   0.43446797396741454E-009   0.762100342E-006
   0.43754930711611961E-009   0.806207822E-006
   0.44063064026482468E-009   0.855260055E-006
   0.44371197341352975E-009   0.909758228E-006
   0.44679330656223482E-009   0.966334028E-006
   0.44987463971093988E-009   0.102243075E-005
   0.45295597285964495E-009   0.108037557E-005
   0.45603730600835002E-009   0.114473744E-005
   0.45911863915705509E-009   0.121615130E-005
   0.46219997230576015E-009   0.129019304E-005
   0.46528130545446522E-009   0.136352321E-005
   0.46836263860317029E-009   0.143917532E-005
   0.47144397175187536E-009   0.152308610E-005
   0.47452530490058042E-009   0.161606090E-005
   0.47760663804928549E-009   0.171233819E-005
   0.48068797119799056E-009   0.180758286E-005
   0.48376930434669563E-009   0.190571836E-005
   0.48685063749540070E-009   0.201440821E-005
   0.48993197064410576E-009   0.213467661E-005
   0.49301330379281083E-009   0.225907797E-005
   0.49609463694151590E-009   0.238200255E-005
   0.49917597009022097E-009   0.250848188E-005
   0.50225730323892603E-009   0.264836785E-005
   0.50533863638763110E-009   0.280295694E-005
   0.50841996953633617E-009   0.296265466E-005
   0.51150130268504124E-009   0.312026327E-005
   0.51458263583374630E-009   0.328223246E-005
   0.51766396898245137E-009   0.346112324E-005
   0.52074530213115644E-009   0.365853043E-005
   0.52382663527986151E-009   0.386220836E-005
   0.52690796842856658E-009   0.406300933E-005
   0.52998930157727164E-009   0.426910810E-005
   0.53307063472597671E-009   0.449639083E-005
   0.53615196787468178E-009   0.474683247E-005
   0.53923330102338685E-009   0.500491842E-005
   0.54231463417209191E-009   0.525908627E-005
   0.54539596732079698E-009   0.551962967E-005
   0.54847730046950205E-009   0.580651977E-005
   0.55155863361820712E-009   0.612219765E-005
   0.55463996676691218E-009   0.644713191E-005
   0.55772129991561725E-009   0.676677337E-005
   0.56080263306432232E-009   0.709399865E-005
   0.56388396621302739E-009   0.745378020E-005
   0.56696529936173246E-009   0.784909025E-005
   0.57004663251043752E-009   0.825546522E-005
   0.57312796565914259E-009   0.865478887E-005
   0.57620929880784766E-009   0.906312016E-005
   0.57929063195655273E-009   0.951138372E-005
   0.58237196510525779E-009   0.100031166E-004
   0.58545329825396286E-009   0.105080153E-004
   0.58853463140266793E-009   0.110037236E-004
   0.59161596455137300E-009   0.115099801E-004
   0.59469729770007806E-009   0.120647856E-004
   0.59777863084878313E-009   0.126724344E-004
   0.60085996399748820E-009   0.132956175E-004
   0.60394129714619327E-009   0.139068370E-004
   0.60702263029489834E-009   0.145302974E-004
   0.61010396344360340E-009   0.152124649E-004
   0.61318529659230847E-009   0.159584124E-004
   0.61626662974101354E-009   0.167224898E-004
   0.61934796288971861E-009   0.174712186E-004
   0.62242929603842367E-009   0.182340355E-004
   0.62551062918712874E-009   0.190672599E-004
   0.62859196233583381E-009   0.199768874E-004
   0.63167329548453888E-009   0.209074879E-004
   0.63475462863324394E-009   0.218185141E-004
   0.63783596178194901E-009   0.227455475E-004
   0.64091729493065408E-009   0.237564636E-004
   0.64399862807935915E-009   0.248582292E-004
   0.64707996122806422E-009   0.259839890E-004
   0.65016129437676928E-009   0.270851324E-004
   0.65324262752547435E-009   0.282043893E-004
   0.65632396067417942E-009   0.294227902E-004
   0.65940529382288449E-009   0.307483024E-004
   0.66248662697158955E-009   0.321010048E-004
   0.66556796012029462E-009   0.334230317E-004
   0.66864929326899969E-009   0.347652058E-004
   0.67173062641770476E-009   0.362235805E-004
   0.67481195956640982E-009   0.378073346E-004
   0.67789329271511489E-009   0.394216622E-004
   0.68097462586381996E-009   0.409981476E-004
   0.68405595901252503E-009   0.425967883E-004
   0.68713729216123010E-009   0.443306562E-004
   0.69021862530993516E-009   0.462102107E-004
   0.69329995845864023E-009   0.481237221E-004
   0.69638129160734530E-009   0.499909256E-004
   0.69946262475605037E-009   0.518821835E-004
   0.70254395790475543E-009   0.539294051E-004
   0.70562529105346050E-009   0.561442830E-004
   0.70870662420216557E-009   0.583965229E-004
   0.71178795735087064E-009   0.605929163E-004
   0.71486929049957570E-009   0.628150228E-004
   0.71795062364828077E-009   0.652154486E-004
   0.72103195679698584E-009   0.678075376E-004
   0.72411328994569091E-009   0.704403938E-004
   0.72719462309439598E-009   0.730061438E-004
   0.73027595624310104E-009   0.755989240E-004
   0.73335728939180611E-009   0.783943397E-004
   0.73643862254051118E-009   0.814066734E-004
   0.73951995568921625E-009   0.844620954E-004
   0.74260128883792131E-009   0.874379766E-004
   0.74568262198662638E-009   0.904426342E-004
   0.74876395513533145E-009   0.936750512E-004
   0.75184528828403652E-009   0.971501722E-004
   0.75492662143274158E-009   0.100671190E-003
   0.75800795458144665E-009   0.104099614E-003
   0.76108928773015172E-009   0.107556902E-003
   0.76417062087885679E-009   0.111267320E-003
   0.76725195402756186E-009   0.115248331E-003
   0.77033328717626692E-009   0.119277625E-003
   0.77341462032497199E-009   0.123198217E-003
   0.77649595347367706E-009   0.127147112E-003
   0.77957728662238213E-009   0.131376524E-003
   0.78265861977108719E-009   0.135904076E-003
   0.78573995291979226E-009   0.140479897E-003
   0.78882128606849733E-009   0.144930818E-003
   0.79190261921720240E-009   0.149410538E-003
   0.79498395236590746E-009   0.154196692E-003
   0.79806528551461253E-009   0.159306874E-003
   0.80114661866331760E-009   0.164465891E-003
   0.80422795181202267E-009   0.169483290E-003
   0.80730928496072774E-009   0.174527129E-003
   0.81039061810943280E-009   0.179902214E-003
   0.81347195125813787E-009   0.185627796E-003
   0.81655328440684294E-009   0.191400992E-003
   0.81963461755554801E-009   0.197013331E-003
   0.82271595070425307E-009   0.202650088E-003
   0.82579728385295814E-009   0.208642770E-003
   0.82887861700166321E-009   0.215009044E-003
   0.83195995015036828E-009   0.221420007E-003
   0.83504128329907334E-009   0.227652272E-003
   0.83812261644777841E-009   0.233905346E-003
   0.84120394959648348E-009   0.240533933E-003
   0.84428528274518855E-009   0.247556833E-003
   0.84736661589389362E-009   0.254621729E-003
   0.85044794904259868E-009   0.261488603E-003
   0.85352928219130375E-009   0.268370728E-003
   0.85661061534000882E-009   0.275646860E-003
   0.85969194848871389E-009   0.283334433E-003
   0.86277328163741895E-009   0.291057222E-003
   0.86585461478612402E-009   0.298564031E-003
   0.86893594793482909E-009   0.306082249E-003
   0.87201728108353416E-009   0.314006465E-003
   0.87509861423223922E-009   0.322351116E-003
   0.87817994738094429E-009   0.330724695E-003
   0.88126128052964936E-009   0.338867016E-003
   0.88434261367835443E-009   0.347012392E-003
   0.88742394682705950E-009   0.355569646E-003
   0.89050527997576456E-009   0.364554639E-003
   0.89358661312446963E-009   0.373560702E-003
   0.89666794627317470E-009   0.382318103E-003
   0.89974927942187977E-009   0.391071022E-003
   0.90283061257058483E-009   0.400238700E-003
   0.90591194571928990E-009   0.409830769E-003
   0.90899327886799497E-009   0.419430900E-003
   0.91207461201670004E-009   0.428771542E-003
   0.91515594516540510E-009   0.438100978E-003
   0.91823727831411017E-009   0.447835046E-003
   0.92131861146281524E-009   0.457981339E-003
   0.92439994461152031E-009   0.468127109E-003
   0.92748127776022538E-009   0.478005182E-003
   0.93056261090893044E-009   0.487859565E-003
   0.93364394405763551E-009   0.498103793E-003
   0.93672527720634058E-009   0.508744095E-003
   0.93980661035504565E-009   0.519368332E-003
   0.94288794350375071E-009   0.529716024E-003
   0.94596927665245578E-009   0.540033332E-003
   0.94905060980116085E-009   0.550718745E-003
   0.95213194294986592E-009   0.561766501E-003
   0.95521327609857098E-009   0.572780904E-003
   0.95829460924727605E-009   0.583523419E-003
   0.96137594239598112E-009   0.594227575E-003
   0.96445727554468619E-009   0.605260604E-003
   0.96753860869339126E-009   0.616615987E-003
   0.97061994184209632E-009   0.627927715E-003
   0.97370127499080139E-009   0.638971629E-003
   0.97678260813950646E-009   0.649961992E-003
   0.97986394128821153E-009   0.661239494E-003
   0.98294527443691659E-009   0.672793074E-003
   0.98602660758562166E-009   0.684282335E-003
   0.98910794073432673E-009   0.695513212E-003
   0.99218927388303180E-009   0.706687162E-003
   0.99527060703173686E-009   0.718094991E-003
   0.99835194018044193E-009   0.729712541E-003
   0.10014332733291470E-008   0.741251162E-003
   0.10045146064778521E-008   0.752555206E-003
   0.10075959396265571E-008   0.763789052E-003
   0.10106772727752622E-008   0.775187276E-003
   0.10137586059239673E-008   0.786730729E-003
   0.10168399390726723E-008   0.798184075E-003
   0.10199212722213774E-008   0.809421588E-003
   0.10230026053700825E-008   0.820578949E-003
   0.10260839385187875E-008   0.831834506E-003
   0.10291652716674926E-008   0.843155896E-003
   0.10322466048161977E-008   0.854367390E-003
   0.10353279379649027E-008   0.865398615E-003
   0.10384092711136078E-008   0.876345439E-003
   0.10414906042623129E-008   0.887302274E-003
   0.10445719374110179E-008   0.898236409E-003
   0.10476532705597230E-008   0.909056515E-003
   0.10507346037084281E-008   0.919737213E-003
   0.10538159368571332E-008   0.930321228E-003
   0.10568972700058382E-008   0.940827711E-003
   0.10599786031545433E-008   0.951221795E-003
   0.10630599363032484E-008   0.961487414E-003
   0.10661412694519534E-008   0.971658505E-003
   0.10692226026006585E-008   0.981735531E-003
   0.10723039357493636E-008   0.991641544E-003
   0.10753852688980686E-008   0.100133009E-002
   0.10784666020467737E-008   0.101088197E-002
   0.10815479351954788E-008   0.102039706E-002
   0.10846292683441838E-008   0.102981564E-002
   0.10877106014928889E-008   0.103896589E-002
   0.10907919346415940E-008   0.104780216E-002
   0.10938732677902990E-008   0.105649349E-002
   0.10969546009390041E-008   0.106519740E-002
   0.11000359340877092E-008   0.107380818E-002
   0.11031172672364142E-008   0.108206167E-002
   0.11061986003851193E-008   0.108989817E-002
   0.11092799335338244E-008   0.109757925E-002
   0.11123612666825294E-008   0.110533694E-002
   0.11154425998312345E-008   0.111301150E-002
   0.11185239329799396E-008   0.112023170E-002
   0.11216052661286446E-008   0.112693210E-002
   0.11246865992773497E-008   0.113347662E-002
   0.11277679324260548E-008   0.114016223E-002
   0.11308492655747598E-008   0.114677101E-002
   0.11339305987234649E-008   0.115283427E-002
   0.11370119318721700E-008   0.115828239E-002
   0.11400932650208750E-008   0.116357545E-002
   0.11431745981695801E-008   0.116907619E-002
   0.11462559313182852E-008   0.117451046E-002
   0.11493372644669902E-008   0.117931096E-002
   0.11524185976156953E-008   0.118340901E-002
   0.11554999307644004E-008   0.118736224E-002
   0.11585812639131055E-008   0.119158847E-002
   0.11616625970618105E-008   0.119575404E-002
   0.11647439302105156E-008   0.119920610E-002
   0.11678252633592207E-008   0.120188133E-002
   0.11709065965079257E-008   0.120442244E-002
   0.11739879296566308E-008   0.120729825E-002
   0.11770692628053359E-008   0.121012505E-002
   0.11801505959540409E-008   0.121216848E-002
   0.11832319291027460E-008   0.121336768E-002
   0.11863132622514511E-008   0.121445023E-002
   0.11893945954001561E-008   0.121593173E-002
   0.11924759285488612E-008   0.121737225E-002
   0.11955572616975663E-008   0.121796632E-002
   0.11986385948462713E-008   0.121766818E-002
   0.12017199279949764E-008   0.121727691E-002
   0.12048012611436815E-008   0.121733430E-002
   0.12078825942923865E-008   0.121735805E-002
   0.12109639274410916E-008   0.121649692E-002
   0.12140452605897967E-008   0.121471181E-002
   0.12171265937385017E-008   0.121284777E-002
   0.12202079268872068E-008   0.121147546E-002
   0.12232892600359119E-008   0.121008919E-002
   0.12263705931846169E-008   0.120779243E-002
   0.12294519263333220E-008   0.120454421E-002
   0.12325332594820271E-008   0.120123674E-002
   0.12356145926307321E-008   0.119846803E-002
   0.12386959257794372E-008   0.119569991E-002
   0.12417772589281423E-008   0.119200023E-002
   0.12448585920768473E-008   0.118734455E-002
   0.12479399252255524E-008   0.118266011E-002
   0.12510212583742575E-008   0.117854367E-002
   0.12541025915229626E-008   0.117443618E-002
   0.12571839246716676E-008   0.116940320E-002
   0.12602652578203727E-008   0.116342970E-002
   0.12633465909690778E-008   0.115744362E-002
   0.12664279241177828E-008   0.115204300E-002
   0.12695092572664879E-008   0.114667392E-002
   0.12725905904151930E-008   0.114040158E-002
   0.12756719235638980E-008   0.113320840E-002
   0.12787532567126031E-008   0.112602348E-002
   0.12818345898613082E-008   0.111943891E-002
   0.12849159230100132E-008   0.111289788E-002
   0.12879972561587183E-008   0.110548513E-002
   0.12910785893074234E-008   0.109719974E-002
   0.12941599224561284E-008   0.108894589E-002
   0.12972412556048335E-008   0.108128437E-002
   0.13003225887535386E-008   0.107367814E-002
   0.13034039219022436E-008   0.106525444E-002
   0.13064852550509487E-008   0.105601328E-002
   0.13095665881996538E-008   0.104682159E-002
   0.13126479213483588E-008   0.103821652E-002
   0.13157292544970639E-008   0.102967769E-002
   0.13188105876457690E-008   0.102037308E-002
   0.13218919207944740E-008   0.101031910E-002
   0.13249732539431791E-008   0.100034324E-002
   0.13280545870918842E-008   0.990933739E-003
   0.13311359202405892E-008   0.981591525E-003
   0.13342172533892943E-008   0.971555826E-003
   0.13372985865379994E-008   0.960856036E-003
   0.13403799196867044E-008   0.950249378E-003
   0.13434612528354095E-008   0.940174330E-003
   0.13465425859841146E-008   0.930175767E-003
   0.13496239191328196E-008   0.919568003E-003
   0.13527052522815247E-008   0.908382994E-003
   0.13557865854302298E-008   0.897302409E-003
   0.13588679185789349E-008   0.886711350E-003
   0.13619492517276399E-008   0.876201841E-003
   0.13650305848763450E-008   0.865175447E-003
   0.13681119180250501E-008   0.853667618E-003
   0.13711932511737551E-008   0.842271198E-003
   0.13742745843224602E-008   0.831315760E-003
   0.13773559174711653E-008   0.820447807E-003
   0.13804372506198703E-008   0.809156394E-003
   0.13835185837685754E-008   0.797479588E-003
   0.13865999169172805E-008   0.785923912E-003
   0.13896812500659855E-008   0.774754561E-003
   0.13927625832146906E-008   0.763666467E-003
   0.13958439163633957E-008   0.752252061E-003
   0.13989252495121007E-008   0.740561751E-003
   0.14020065826608058E-008   0.728996296E-003
   0.14050879158095109E-008   0.717748422E-003
   0.14081692489582159E-008   0.706581050E-003
   0.14112505821069210E-008   0.695193245E-003
   0.14143319152556261E-008   0.683627906E-003
   0.14174132484043311E-008   0.672182243E-003
   0.14204945815530362E-008   0.660992460E-003
   0.14235759147017413E-008   0.649880385E-003
   0.14266572478504463E-008   0.638638856E-003
   0.14297385809991514E-008   0.627317757E-003
   0.14328199141478565E-008   0.616121513E-003
   0.14359012472965615E-008   0.605115201E-003
   0.14389825804452666E-008   0.594172743E-003
   0.14420639135939717E-008   0.583192741E-003
   0.14451452467426767E-008   0.572233286E-003
   0.14482265798913818E-008   0.561396650E-003
   0.14513079130400869E-008   0.550679862E-003
   0.14543892461887920E-008   0.540015986E-003
   0.14574705793374970E-008   0.529401645E-003
   0.14605519124862021E-008   0.518894522E-003
   0.14636332456349072E-008   0.508501544E-003
   0.14667145787836122E-008   0.498165376E-003
   0.14697959119323173E-008   0.487878395E-003
   0.14728772450810224E-008   0.477721274E-003
   0.14759585782297274E-008   0.467742386E-003
   0.14790399113784325E-008   0.457865623E-003
   0.14821212445271376E-008   0.447992730E-003
   0.14852025776758426E-008   0.438166055E-003
   0.14882839108245477E-008   0.428534142E-003
   0.14913652439732528E-008   0.419141201E-003
   0.14944465771219578E-008   0.409840781E-003
   0.14975279102706629E-008   0.400492776E-003
   0.15006092434193680E-008   0.391183974E-003
   0.15036905765680730E-008   0.382130384E-003
   0.15067719097167781E-008   0.373370509E-003
   0.15098532428654832E-008   0.364690088E-003
   0.15129345760141882E-008   0.355915428E-003
   0.15160159091628933E-008   0.347174820E-003
   0.15190972423115984E-008   0.338738464E-003
   0.15221785754603034E-008   0.330639479E-003
   0.15252599086090085E-008   0.322608423E-003
   0.15283412417577136E-008   0.314440724E-003
   0.15314225749064186E-008   0.306298112E-003
   0.15345039080551237E-008   0.298499974E-003
   0.15375852412038288E-008   0.291075441E-003
   0.15406665743525338E-008   0.283706991E-003
   0.15437479075012389E-008   0.276165752E-003
   0.15468292406499440E-008   0.268641132E-003
   0.15499105737986490E-008   0.261490408E-003
   0.15529919069473541E-008   0.254742074E-003
   0.15560732400960592E-008   0.248041091E-003
   0.15591545732447643E-008   0.241133428E-003
   0.15622359063934693E-008   0.234229854E-003
   0.15653172395421744E-008   0.227724333E-003
   0.15683985726908795E-008   0.221642724E-003
   0.15714799058395845E-008   0.215594759E-003
   0.15745612389882896E-008   0.209312275E-003
   0.15776425721369947E-008   0.203027972E-003
   0.15807239052856997E-008   0.197157118E-003
   0.15838052384344048E-008   0.191720363E-003
   0.15868865715831099E-008   0.186306948E-003
   0.15899679047318149E-008   0.180638133E-003
   0.15930492378805200E-008   0.174958346E-003
   0.15961305710292251E-008   0.169700113E-003
   0.15992119041779301E-008   0.164879617E-003
   0.16022932373266352E-008   0.160068070E-003
   0.16053745704753403E-008   0.154986963E-003
   0.16084559036240453E-008   0.149895073E-003
   0.16115372367727504E-008   0.145223807E-003
   0.16146185699214555E-008   0.140978329E-003
   0.16176999030701605E-008   0.136732880E-003
   0.16207812362188656E-008   0.132217494E-003
   0.16238625693675707E-008   0.127686668E-003
   0.16269439025162757E-008   0.123563965E-003
   0.16300252356649808E-008   0.119854616E-003
   0.16331065688136859E-008   0.116137518E-003
   0.16361879019623909E-008   0.112149450E-003
   0.16392692351110960E-008   0.108146589E-003
   0.16423505682598011E-008   0.104538711E-003
   0.16454319014085061E-008   0.101319674E-003
   0.16485132345572112E-008   0.980848199E-004
   0.16515945677059163E-008   0.945919746E-004
   0.16546759008546214E-008   0.910846429E-004
   0.16577572340033264E-008   0.879458312E-004
   0.16608385671520315E-008   0.851716977E-004
   0.16639199003007366E-008   0.823816663E-004
   0.16670012334494416E-008   0.793430881E-004
   0.16700825665981467E-008   0.762861309E-004
   0.16731638997468518E-008   0.735757640E-004
   0.16762452328955568E-008   0.712058027E-004
   0.16793265660442619E-008   0.688153305E-004
   0.16824078991929670E-008   0.661893282E-004
   0.16854892323416720E-008   0.635445613E-004
   0.16885705654903771E-008   0.612193471E-004
   0.16916518986390822E-008   0.592091383E-004
   0.16947332317877872E-008   0.571790952E-004
   0.16978145649364923E-008   0.549251054E-004
   0.17008958980851974E-008   0.526482327E-004
   0.17039772312339024E-008   0.506679571E-004
   0.17070585643826075E-008   0.489789854E-004
   0.17101398975313126E-008   0.472654101E-004
   0.17132212306800176E-008   0.453406064E-004
   0.17163025638287227E-008   0.433955829E-004
   0.17193838969774278E-008   0.417225165E-004
   0.17224652301261328E-008   0.403123850E-004
   0.17255465632748379E-008   0.388762164E-004
   0.17286278964235430E-008   0.372448994E-004
   0.17317092295722480E-008   0.355935299E-004
   0.17347905627209531E-008   0.341892555E-004
   0.17378718958696582E-008   0.330217299E-004
   0.17409532290183632E-008   0.318254424E-004
   0.17440345621670683E-008   0.304500481E-004
   0.17471158953157734E-008   0.290585613E-004
   0.17501972284644784E-008   0.278895513E-004
   0.17532785616131835E-008   0.269287539E-004
   0.17563598947618886E-008   0.259385743E-004
   0.17594412279105937E-008   0.247877961E-004
   0.17625225610592987E-008   0.236229462E-004
   0.17656038942080038E-008   0.226555421E-004
   0.17686852273567089E-008   0.218706900E-004
   0.17717665605054139E-008   0.210565613E-004
   0.17748478936541190E-008   0.200999129E-004
   0.17779292268028241E-008   0.191323143E-004
   0.17810105599515291E-008   0.183368575E-004
   0.17840918931002342E-008   0.176981393E-004
   0.17871732262489393E-008   0.170336352E-004
   0.17902545593976443E-008   0.162458928E-004
   0.17933358925463494E-008   0.154469326E-004
   0.17964172256950545E-008   0.147956162E-004
   0.17994985588437595E-008   0.142804211E-004
   0.18025798919924646E-008   0.137424313E-004
   0.18056612251411697E-008   0.130965109E-004
   0.18087425582898747E-008   0.124408725E-004
   0.18118238914385798E-008   0.119122769E-004
   0.18149052245872849E-008   0.114992336E-004
   0.18179865577359899E-008   0.110661922E-004
   0.18210678908846950E-008   0.105408844E-004
   0.18241492240334001E-008   0.100056750E-004
   0.18272305571821051E-008   0.957802422E-005
   0.18303118903308102E-008   0.925052973E-005
   0.18333932234795153E-008   0.890596129E-005
   0.18364745566282203E-008   0.847997126E-005
   0.18395558897769254E-008   0.804465526E-005
   0.18426372229256305E-008   0.770229690E-005
   0.18457185560743355E-008   0.744478075E-005
   0.18487998892230406E-008   0.717117200E-005
   0.18518812223717457E-008   0.682825294E-005
   0.18549625555204508E-008   0.647744582E-005
   0.18580438886691558E-008   0.620462242E-005
   0.18611252218178609E-008   0.600327439E-005
   0.18642065549665660E-008   0.578793151E-005
   0.18672878881152710E-008   0.551308722E-005
   0.18703692212639761E-008   0.523179278E-005
   0.18734505544126812E-008   0.501696104E-005
   0.18765318875613862E-008   0.486096587E-005
   0.18796132207100913E-008   0.469138513E-005
   0.18826945538587964E-008   0.447237426E-005
   0.18857758870075014E-008   0.424899326E-005
   0.18888572201562065E-008   0.408062579E-005
   0.18919385533049116E-008   0.396053611E-005
   0.18950198864536166E-008   0.382866119E-005
   0.18981012196023217E-008   0.365503911E-005
   0.19011825527510268E-008   0.347802279E-005
   0.19042638858997318E-008   0.334736683E-005
   0.19073452190484369E-008   0.325573774E-005
   0.19104265521971420E-008   0.315305488E-005
   0.19135078853458470E-008   0.301681712E-005
   0.19165892184945521E-008   0.287864373E-005
   0.19196705516432572E-008   0.277713002E-005
   0.19227518847919622E-008   0.270669034E-005
   0.19258332179406673E-008   0.262825279E-005
   0.19289145510893724E-008   0.252265500E-005
   0.19319958842380774E-008   0.241455268E-005
   0.19350772173867825E-008   0.233634319E-005
   0.19381585505354876E-008   0.228360500E-005
   0.19412398836841926E-008   0.222354902E-005
   0.19443212168328977E-008   0.214131319E-005
   0.19474025499816028E-008   0.205782226E-005
   0.19504838831303078E-008   0.199835040E-005
   0.19535652162790129E-008   0.195892153E-005
   0.19566465494277180E-008   0.191387471E-005
   0.19597278825764231E-008   0.185073861E-005
   0.19628092157251281E-008   0.178578102E-005
   0.19658905488738332E-008   0.174061802E-005
   0.19689718820225383E-008   0.171239424E-005
   0.19720532151712433E-008   0.167887538E-005
   0.19751345483199484E-008   0.163004324E-005
   0.19782158814686535E-008   0.158042496E-005
   0.19812972146173585E-008   0.154694487E-005
   0.19843785477660636E-008   0.152627581E-005
   0.19874598809147687E-008   0.150132882E-005
   0.19905412140634737E-008   0.146461707E-005
   0.19936225472121788E-008   0.142712156E-005
   0.19967038803608839E-008   0.140243753E-005
   0.19997852135095889E-008   0.138807582E-005
   0.20028665466582940E-008   0.136960045E-005
   0.20059478798069991E-008   0.134140544E-005
   0.20090292129557041E-008   0.131369086E-005
   0.20121105461044092E-008   0.129661964E-005
   0.20151918792531143E-008   0.128653608E-005
   0.20182732124018193E-008   0.127269254E-005
   0.20213545455505244E-008   0.125199335E-005
   0.20244358786992295E-008   0.123183258E-005
   0.20275172118479345E-008   0.121959431E-005
   0.20305985449966396E-008   0.121305391E-005
   0.20336798781453447E-008   0.120369089E-005
   0.20367612112940497E-008   0.118851938E-005
   0.20398425444427548E-008   0.117387117E-005
   0.20429238775914599E-008   0.116576302E-005
   0.20460052107401649E-008   0.116166200E-005
   0.20490865438888700E-008   0.115512876E-005
   0.20521678770375751E-008   0.114475426E-005
   0.20552492101862802E-008   0.113496196E-005
   0.20583305433349852E-008   0.112964676E-005
   0.20614118764836903E-008   0.112739724E-005
   0.20644932096323954E-008   0.112349392E-005
   0.20675745427811004E-008   0.111630436E-005
   0.20706558759298055E-008   0.110969324E-005
   0.20737372090785106E-008   0.110732014E-005
   0.20768185422272156E-008   0.110711721E-005
   0.20798998753759207E-008   0.110462395E-005
   0.20829812085246258E-008   0.109963287E-005
   0.20860625416733308E-008   0.109593657E-005
   0.20891438748220359E-008   0.109564871E-005
   0.20922252079707410E-008   0.109668645E-005
   0.20953065411194460E-008   0.109586165E-005
   0.20983878742681511E-008   0.109302812E-005
   0.21014692074168562E-008   0.109123800E-005
   0.21045505405655612E-008   0.109246957E-005
   0.21076318737142663E-008   0.109464816E-005
   0.21107132068629714E-008   0.109477185E-005
   0.21137945400116764E-008   0.109353857E-005
   0.21168758731603815E-008   0.109400639E-005
   0.21199572063090866E-008   0.109669213E-005
   0.21230385394577916E-008   0.109911184E-005
   0.21261198726064967E-008   0.109982602E-005
   0.21292012057552018E-008   0.110033693E-005
   0.21322825389039068E-008   0.110262897E-005
   0.21353638720526119E-008   0.110635347E-005
   0.21384452052013170E-008   0.110933786E-005
   0.21415265383500220E-008   0.111068869E-005
   0.21446078714987271E-008   0.111226188E-005
   0.21476892046474322E-008   0.111595500E-005
   0.21507705377961372E-008   0.112063992E-005
   0.21538518709448423E-008   0.112389591E-005
   0.21569332040935474E-008   0.112593420E-005
   0.21600145372422525E-008   0.112910300E-005
   0.21630958703909575E-008   0.113395720E-005
   0.21661772035396626E-008   0.113862359E-005
   0.21692585366883677E-008   0.114203976E-005
   0.21723398698370727E-008   0.114539034E-005
   0.21754212029857778E-008   0.114998954E-005
   0.21785025361344829E-008   0.115542116E-005
   0.21815838692831879E-008   0.116031958E-005
   0.21846652024318930E-008   0.116427611E-005
   0.21877465355805981E-008   0.116841795E-005
   0.21908278687293031E-008   0.117387322E-005
   0.21939092018780082E-008   0.118007279E-005
   0.21969905350267133E-008   0.118552452E-005
   0.22000718681754183E-008   0.119004551E-005
   0.22031532013241234E-008   0.119491813E-005
   0.22062345344728285E-008   0.120092398E-005
   0.22093158676215335E-008   0.120748291E-005
   0.22123972007702386E-008   0.121365031E-005
   0.22154785339189437E-008   0.121913547E-005
   0.22185598670676487E-008   0.122456913E-005
   0.22216412002163538E-008   0.123091809E-005
   0.22247225333650589E-008   0.123813686E-005
   0.22278038665137639E-008   0.124494966E-005
   0.22308851996624690E-008   0.125076895E-005
   0.22339665328111741E-008   0.125676547E-005
   0.22370478659598791E-008   0.126404404E-005
   0.22401291991085842E-008   0.127195290E-005
   0.22432105322572893E-008   0.127913711E-005
   0.22462918654059943E-008   0.128536919E-005
   0.22493731985546994E-008   0.129178216E-005
   0.22524545317034045E-008   0.129957652E-005
   0.22555358648521096E-008   0.130839794E-005
   0.22586171980008146E-008   0.131642241E-005
   0.22616985311495197E-008   0.132288460E-005
   0.22647798642982248E-008   0.132952641E-005
   0.22678611974469298E-008   0.133810056E-005
   0.22709425305956349E-008   0.134764991E-005
   0.22740238637443400E-008   0.135597554E-005
   0.22771051968930450E-008   0.136285769E-005
   0.22801865300417501E-008   0.137027814E-005
   0.22832678631904552E-008   0.137964264E-005
   0.22863491963391602E-008   0.138970609E-005
   0.22894305294878653E-008   0.139813926E-005
   0.22925118626365704E-008   0.140515829E-005
   0.22955931957852754E-008   0.141358112E-005
   0.22986745289339805E-008   0.142430906E-005
   0.23017558620826856E-008   0.143462751E-005
   0.23048371952313906E-008   0.144266028E-005
   0.23079185283800957E-008   0.145031265E-005
   0.23109998615288008E-008   0.145995818E-005
   0.23140811946775058E-008   0.147107232E-005
   0.23171625278262109E-008   0.148153856E-005
   0.23202438609749160E-008   0.149036975E-005
   0.23233251941236210E-008   0.149870959E-005
   0.23264065272723261E-008   0.150867322E-005
   0.23294878604210312E-008   0.152041571E-005
   0.23325691935697362E-008   0.153136000E-005
   0.23356505267184413E-008   0.154022234E-005
   0.23387318598671464E-008   0.154939767E-005
   0.23418131930158514E-008   0.156079739E-005
   0.23448945261645565E-008   0.157265538E-005
   0.23479758593132616E-008   0.158301202E-005
   0.23510571924619666E-008   0.159275419E-005
   0.23541385256106717E-008   0.160336845E-005
   0.23572198587593768E-008   0.161490891E-005
   0.23603011919080819E-008   0.162676292E-005
   0.23633825250567869E-008   0.163812581E-005
   0.23664638582054920E-008   0.164856385E-005
   0.23695451913541971E-008   0.165918220E-005
   0.23726265245029021E-008   0.167124983E-005
   0.23757078576516072E-008   0.168388908E-005
   0.23787891908003123E-008   0.169559451E-005
   0.23818705239490173E-008   0.170670182E-005
   0.23849518570977224E-008   0.171821182E-005
   0.23880331902464275E-008   0.173025740E-005
   0.23911145233951325E-008   0.174283082E-005
   0.23941958565438376E-008   0.175566299E-005
   0.23972771896925427E-008   0.176775723E-005
   0.24003585228412477E-008   0.177920117E-005
   0.24034398559899528E-008   0.179160952E-005
   0.24065211891386579E-008   0.180520829E-005
   0.24096025222873629E-008   0.181829773E-005
   0.24126838554360680E-008   0.183035763E-005
   0.24157651885847731E-008   0.184267515E-005
   0.24188465217334781E-008   0.185598674E-005
   0.24219278548821832E-008   0.186979878E-005
   0.24250091880308883E-008   0.188325805E-005
   0.24280905211795933E-008   0.189583477E-005
   0.24311718543282984E-008   0.190832634E-005
   0.24342531874770035E-008   0.192227753E-005
   0.24373345206257085E-008   0.193719575E-005
   0.24404158537744136E-008   0.195086000E-005
   0.24434971869231187E-008   0.196325050E-005
   0.24465785200718237E-008   0.197663758E-005
   0.24496598532205288E-008   0.199154897E-005
   0.24527411863692339E-008   0.200631393E-005
   0.24558225195179390E-008   0.202011779E-005
   0.24589038526666440E-008   0.203361878E-005
   0.24619851858153491E-008   0.204763001E-005
   0.24650665189640542E-008   0.206257278E-005
   0.24681478521127592E-008   0.207784160E-005
   0.24712291852614643E-008   0.209214818E-005
   0.24743105184101694E-008   0.210581425E-005
   0.24773918515588744E-008   0.212059990E-005
   0.24804731847075795E-008   0.213643693E-005
   0.24835545178562846E-008   0.215154910E-005
   0.24866358510049896E-008   0.216584112E-005
   0.24897171841536947E-008   0.218067089E-005
   0.24927985173023998E-008   0.219616504E-005
   0.24958798504511048E-008   0.221167443E-005
   0.24989611835998099E-008   0.222718973E-005
   0.25020425167485150E-008   0.224259793E-005
   0.25051238498972200E-008   0.225769077E-005
   0.25082051830459251E-008   0.227313308E-005
   0.25112865161946302E-008   0.228931208E-005
   0.25143678493433352E-008   0.230537148E-005
   0.25174491824920403E-008   0.232092498E-005
   0.25205305156407454E-008   0.233667788E-005
   0.25236118487894504E-008   0.235277707E-005
   0.25266931819381555E-008   0.236884398E-005
   0.25297745150868606E-008   0.238510484E-005
   0.25328558482355656E-008   0.240159579E-005
   0.25359371813842707E-008   0.241776161E-005
   0.25390185145329758E-008   0.243384443E-005
   0.25420998476816808E-008   0.245056253E-005
   0.25451811808303859E-008   0.246749210E-005
   0.25482625139790910E-008   0.248391939E-005
   0.25513438471277960E-008   0.250028847E-005
   0.25544251802765011E-008   0.251716324E-005
   0.25575065134252062E-008   0.253427811E-005
   0.25605878465739113E-008   0.255134341E-005
   0.25636691797226163E-008   0.256828571E-005
   0.25667505128713214E-008   0.258502428E-005
   0.25698318460200265E-008   0.260199408E-005
   0.25729131791687315E-008   0.261964669E-005
   0.25759945123174366E-008   0.263730885E-005
   0.25790758454661417E-008   0.265428594E-005
   0.25821571786148467E-008   0.267128689E-005
   0.25852385117635518E-008   0.268902386E-005
   0.25883198449122569E-008   0.270693067E-005
   0.25914011780609619E-008   0.272447846E-005
   0.25944825112096670E-008   0.274196645E-005
   0.25975638443583721E-008   0.275963293E-005
   0.26006451775070771E-008   0.277751565E-005
   0.26037265106557822E-008   0.279565893E-005
   0.26068078438044873E-008   0.281366556E-005
   0.26098891769531923E-008   0.283127974E-005
   0.26129705101018974E-008   0.284919724E-005
   0.26160518432506025E-008   0.286777617E-005
   0.26191331763993075E-008   0.288617139E-005
   0.26222145095480126E-008   0.290404751E-005
   0.26252958426967177E-008   0.292219420E-005
   0.26283771758454227E-008   0.294079337E-005
   0.26314585089941278E-008   0.295928112E-005
   0.26345398421428329E-008   0.297768588E-005
   0.26376211752915379E-008   0.299623684E-005
   0.26407025084402430E-008   0.301474665E-005
   0.26437838415889481E-008   0.303337947E-005
   0.26468651747376531E-008   0.305235562E-005
   0.26499465078863582E-008   0.307109508E-005
   0.26530278410350633E-008   0.308944686E-005
   0.26561091741837684E-008   0.310832775E-005
   0.26591905073324734E-008   0.312775478E-005
   0.26622718404811785E-008   0.314665681E-005
   0.26653531736298836E-008   0.316520754E-005
   0.26684345067785886E-008   0.318441175E-005
   0.26715158399272937E-008   0.320385948E-005
   0.26745971730759988E-008   0.322275287E-005
   0.26776785062247038E-008   0.324170446E-005
   0.26807598393734089E-008   0.326126292E-005
   0.26838411725221140E-008   0.328076317E-005
   0.26869225056708190E-008   0.329989280E-005
   0.26900038388195241E-008   0.331912952E-005
   0.26930851719682292E-008   0.333853586E-005
   0.26961665051169342E-008   0.335800542E-005
   0.26992478382656393E-008   0.337774441E-005
   0.27023291714143444E-008   0.339745225E-005
   0.27054105045630494E-008   0.341669511E-005
   0.27084918377117545E-008   0.343607667E-005
   0.27115731708604596E-008   0.345611738E-005
   0.27146545040091646E-008   0.347604532E-005
   0.27177358371578697E-008   0.349540983E-005
   0.27208171703065748E-008   0.351502786E-005
   0.27238985034552798E-008   0.353520113E-005
   0.27269798366039849E-008   0.355518978E-005
   0.27300611697526900E-008   0.357481963E-005
   0.27331425029013950E-008   0.359459659E-005
   0.27362238360501001E-008   0.361461684E-005
   0.27393051691988052E-008   0.363474010E-005
   0.27423865023475102E-008   0.365492224E-005
   0.27454678354962153E-008   0.367489952E-005
   0.27485491686449204E-008   0.369466557E-005
   0.27516305017936254E-008   0.371479109E-005
   0.27547118349423305E-008   0.373528928E-005
   0.27577931680910356E-008   0.375544300E-005
   0.27608745012397407E-008   0.377529864E-005
   0.27639558343884457E-008   0.379558855E-005
   0.27670371675371508E-008   0.381617383E-005
   0.27701185006858559E-008   0.383637826E-005
   0.27731998338345609E-008   0.385636167E-005
   0.27762811669832660E-008   0.387667023E-005
   0.27793625001319711E-008   0.389725119E-005
   0.27824438332806761E-008   0.391778804E-005
   0.27855251664293812E-008   0.393813752E-005
   0.27886064995780863E-008   0.395829875E-005
   0.27916878327267913E-008   0.397858685E-005
   0.27947691658754964E-008   0.399929968E-005
   0.27978504990242015E-008   0.402002706E-005
   0.28009318321729065E-008   0.404030152E-005
   0.28040131653216116E-008   0.406057643E-005
   0.28070944984703167E-008   0.408133747E-005
   0.28101758316190217E-008   0.410209077E-005
   0.28132571647677268E-008   0.412240615E-005
   0.28163384979164319E-008   0.414278520E-005
   0.28194198310651369E-008   0.416360945E-005
   0.28225011642138420E-008   0.418446780E-005
   0.28255824973625471E-008   0.420500828E-005
   0.28286638305112521E-008   0.422541279E-005
   0.28317451636599572E-008   0.424596874E-005
   0.28348264968086623E-008   0.426678935E-005
   0.28379078299573673E-008   0.428770318E-005
   0.28409891631060724E-008   0.430833097E-005
   0.28440704962547775E-008   0.432872321E-005
   0.28471518294034825E-008   0.434943649E-005
   0.28502331625521876E-008   0.437049721E-005
   0.28533144957008927E-008   0.439124506E-005
   0.28563958288495978E-008   0.441160500E-005
   0.28594771619983028E-008   0.443226781E-005
   0.28625584951470079E-008   0.445336718E-005
   0.28656398282957130E-008   0.447427647E-005
   0.28687211614444180E-008   0.449477739E-005
   0.28718024945931231E-008   0.451531378E-005
   0.28748838277418282E-008   0.453616713E-005
   0.28779651608905332E-008   0.455715553E-005
   0.28810464940392383E-008   0.457799115E-005
   0.28841278271879434E-008   0.459860075E-005
   0.28872091603366484E-008   0.461923446E-005
   0.28902904934853535E-008   0.464013965E-005
   0.28933718266340586E-008   0.466107667E-005
   0.28964531597827636E-008   0.468169810E-005
   0.28995344929314687E-008   0.470228088E-005
   0.29026158260801738E-008   0.472325200E-005
   0.29056971592288788E-008   0.474428862E-005
   0.29087784923775839E-008   0.476487639E-005
   0.29118598255262890E-008   0.478531865E-005
   0.29149411586749940E-008   0.480618519E-005
   0.29180224918236991E-008   0.482726773E-005
   0.29211038249724042E-008   0.484801831E-005
   0.29241851581211092E-008   0.486850058E-005
   0.29272664912698143E-008   0.488917158E-005
   0.29303478244185194E-008   0.491010405E-005
   0.29334291575672244E-008   0.493095331E-005
   0.29365104907159295E-008   0.495152017E-005
   0.29395918238646346E-008   0.497204519E-005
   0.29426731570133396E-008   0.499285261E-005
   0.29457544901620447E-008   0.501381555E-005
   0.29488358233107498E-008   0.503450838E-005
   0.29519171564594548E-008   0.505491471E-005
   0.29549984896081599E-008   0.507546019E-005
   0.29580798227568650E-008   0.509628717E-005
   0.29611611559055701E-008   0.511709550E-005
   0.29642424890542751E-008   0.513769146E-005
   0.29673238222029802E-008   0.515818556E-005
   0.29704051553516853E-008   0.517873650E-005
   0.29734864885003903E-008   0.519940522E-005
   0.29765678216490954E-008   0.522007213E-005
   0.29796491547978005E-008   0.524053712E-005
   0.29827304879465055E-008   0.526093982E-005
   0.29858118210952106E-008   0.528162172E-005
   0.29888931542439157E-008   0.530237776E-005
   0.29919744873926207E-008   0.532271315E-005
   0.29950558205413258E-008   0.534287165E-005
   0.29981371536900309E-008   0.536345397E-005
   0.30012184868387359E-008   0.538423183E-005
   0.30042998199874410E-008   0.540461133E-005
   0.30073811531361461E-008   0.542476846E-005
   0.30104624862848511E-008   0.544516706E-005
   0.30135438194335562E-008   0.546567662E-005
   0.30166251525822613E-008   0.548602338E-005
   0.30197064857309663E-008   0.550627919E-005
   0.30227878188796714E-008   0.552654956E-005
   0.30258691520283765E-008   0.554688086E-005
   0.30289504851770815E-008   0.556730356E-005
   0.30320318183257866E-008   0.558756028E-005
   0.30351131514744917E-008   0.560747912E-005
   0.30381944846231967E-008   0.562753985E-005
   0.30412758177719018E-008   0.564805669E-005
   0.30443571509206069E-008   0.566842436E-005
   0.30474384840693119E-008   0.568825362E-005
   0.30505198172180170E-008   0.570813836E-005
   0.30536011503667221E-008   0.572841464E-005
   0.30566824835154272E-008   0.574858404E-005
   0.30597638166641322E-008   0.576846151E-005
   0.30628451498128373E-008   0.578841355E-005
   0.30659264829615424E-008   0.580847973E-005
   0.30690078161102474E-008   0.582845769E-005
   0.30720891492589525E-008   0.584835516E-005
   0.30751704824076576E-008   0.586813485E-005
   0.30782518155563626E-008   0.588781859E-005
   0.30813331487050677E-008   0.590775471E-005
   0.30844144818537728E-008   0.592789820E-005
   0.30874958150024778E-008   0.594762969E-005
   0.30905771481511829E-008   0.596696555E-005
   0.30936584812998880E-008   0.598660927E-005
   0.30967398144485930E-008   0.600657540E-005
   0.30998211475972981E-008   0.602629416E-005
   0.31029024807460032E-008   0.604577963E-005
   0.31059838138947082E-008   0.606533331E-005
   0.31090651470434133E-008   0.608487426E-005
   0.31121464801921184E-008   0.610437382E-005
   0.31152278133408234E-008   0.612391386E-005
   0.31183091464895285E-008   0.614330065E-005
   0.31213904796382336E-008   0.616257921E-005
   0.31244718127869386E-008   0.618213107E-005
   0.31275531459356437E-008   0.620169976E-005
   0.31306344790843488E-008   0.622075822E-005
   0.31337158122330538E-008   0.623975484E-005
   0.31367971453817589E-008   0.625925350E-005
   0.31398784785304640E-008   0.627869895E-005
   0.31429598116791690E-008   0.629763645E-005
   0.31460411448278741E-008   0.631662533E-005
   0.31491224779765792E-008   0.633589480E-005
   0.31522038111252842E-008   0.635497645E-005
   0.31552851442739893E-008   0.637390531E-005
   0.31583664774226944E-008   0.639295695E-005
   0.31614478105713995E-008   0.641186989E-005
   0.31645291437201045E-008   0.643064550E-005
   0.31676104768688096E-008   0.644968623E-005
   0.31706918100175147E-008   0.646868148E-005
   0.31737731431662197E-008   0.648718969E-005
   0.31768544763149248E-008   0.650577431E-005
   0.31799358094636299E-008   0.652480230E-005
   0.31830171426123349E-008   0.654357791E-005
   0.31860984757610400E-008   0.656191287E-005
   0.31891798089097451E-008   0.658050067E-005
   0.31922611420584501E-008   0.659930629E-005
   0.31953424752071552E-008   0.661775357E-005
   0.31984238083558603E-008   0.663603714E-005
   0.32015051415045653E-008   0.665449716E-005
   0.32045864746532704E-008   0.667291170E-005
   0.32076678078019755E-008   0.669128758E-005
   0.32107491409506805E-008   0.670976578E-005
   0.32138304740993856E-008   0.672795204E-005
   0.32169118072480907E-008   0.674582589E-005
   0.32199931403967957E-008   0.676407353E-005
   0.32230744735455008E-008   0.678258493E-005
   0.32261558066942059E-008   0.680057838E-005
   0.32292371398429109E-008   0.681830534E-005
   0.32323184729916160E-008   0.683644294E-005
   0.32353998061403211E-008   0.685460645E-005
   0.32384811392890261E-008   0.687234115E-005
   0.32415624724377312E-008   0.689007811E-005
   0.32446438055864363E-008   0.690801198E-005
   0.32477251387351413E-008   0.692584035E-005
   0.32508064718838464E-008   0.694362870E-005
   0.32538878050325515E-008   0.696138159E-005
   0.32569691381812566E-008   0.697877522E-005
   0.32600504713299616E-008   0.699615657E-005
   0.32631318044786667E-008   0.701404224E-005
   0.32662131376273718E-008   0.703182104E-005
   0.32692944707760768E-008   0.704894592E-005
   0.32723758039247819E-008   0.706615219E-005
   0.32754571370734870E-008   0.708380639E-005
   0.32785384702221920E-008   0.710116456E-005
   0.32816198033708971E-008   0.711816483E-005
   0.32847011365196022E-008   0.713546660E-005
   0.32877824696683072E-008   0.715284523E-005
   0.32908638028170123E-008   0.716984914E-005
   0.32939451359657174E-008   0.718687443E-005
   0.32970264691144224E-008   0.720402795E-005
   0.33001078022631275E-008   0.722085088E-005
   0.33031891354118326E-008   0.723763196E-005
   0.33062704685605376E-008   0.725482005E-005
   0.33093518017092427E-008   0.727182942E-005
   0.33124331348579478E-008   0.728830946E-005
   0.33155144680066528E-008   0.730493412E-005
   0.33185958011553579E-008   0.732183935E-005
   0.33216771343040630E-008   0.733844536E-005
   0.33247584674527680E-008   0.735490585E-005
   0.33278398006014731E-008   0.737160553E-005
   0.33309211337501782E-008   0.738816698E-005
   0.33340024668988832E-008   0.740444420E-005
   0.33370838000475883E-008   0.742085422E-005
   0.33401651331962934E-008   0.743725468E-005
   0.33432464663449984E-008   0.745337638E-005
   0.33463277994937035E-008   0.746967407E-005
   0.33494091326424086E-008   0.748618641E-005
   0.33524904657911136E-008   0.750221625E-005
   0.33555717989398187E-008   0.751793232E-005
   0.33586531320885238E-008   0.753408176E-005
   0.33617344652372289E-008   0.755034034E-005
   0.33648157983859339E-008   0.756614691E-005
   0.33678971315346390E-008   0.758193937E-005
   0.33709784646833441E-008   0.759794784E-005
   0.33740597978320491E-008   0.761367482E-005
   0.33771411309807542E-008   0.762922036E-005
   0.33802224641294593E-008   0.764501692E-005
   0.33833037972781643E-008   0.766072662E-005
   0.33863851304268694E-008   0.767615347E-005
   0.33894664635755745E-008   0.769178041E-005
   0.33925477967242795E-008   0.770744919E-005
   0.33956291298729846E-008   0.772259682E-005
   0.33987104630216897E-008   0.773771171E-005
   0.34017917961703947E-008   0.775334956E-005
   0.34048731293190998E-008   0.776884463E-005
   0.34079544624678049E-008   0.778376761E-005
   0.34110357956165099E-008   0.779878701E-005
   0.34141171287652150E-008   0.781410563E-005
   0.34171984619139201E-008   0.782918687E-005
   0.34202797950626251E-008   0.784405620E-005
   0.34233611282113302E-008   0.785902012E-005
   0.34264424613600353E-008   0.787391309E-005
   0.34295237945087403E-008   0.788873240E-005
   0.34326051276574454E-008   0.790366812E-005
   0.34356864608061505E-008   0.791839739E-005
   0.34387677939548555E-008   0.793279378E-005
   0.34418491271035606E-008   0.794743301E-005
   0.34449304602522657E-008   0.796232962E-005
   0.34480117934009707E-008   0.797680968E-005
   0.34510931265496758E-008   0.799100508E-005
   0.34541744596983809E-008   0.800552607E-005
   0.34572557928470860E-008   0.802007798E-005
   0.34603371259957910E-008   0.803422063E-005
   0.34634184591444961E-008   0.804834235E-005
   0.34664997922932012E-008   0.806267235E-005
   0.34695811254419062E-008   0.807686592E-005
   0.34726624585906113E-008   0.809093490E-005
   0.34757437917393164E-008   0.810504207E-005
   0.34788251248880214E-008   0.811891732E-005
   0.34819064580367265E-008   0.813263250E-005
   0.34849877911854316E-008   0.814667328E-005
   0.34880691243341366E-008   0.816078682E-005
   0.34911504574828417E-008   0.817439013E-005
   0.34942317906315468E-008   0.818782701E-005
   0.34973131237802518E-008   0.820161949E-005
   0.35003944569289569E-008   0.821540380E-005
   0.35034757900776620E-008   0.822883430E-005
   0.35065571232263670E-008   0.824223207E-005
   0.35096384563750721E-008   0.825575717E-005
   0.35127197895237772E-008   0.826921041E-005
   0.35158011226724822E-008   0.828255997E-005
   0.35188824558211873E-008   0.829578221E-005
   0.35219637889698924E-008   0.830882254E-005
   0.35250451221185974E-008   0.832198475E-005
   0.35281264552673025E-008   0.833540253E-005
   0.35312077884160076E-008   0.834855109E-005
   0.35342891215647126E-008   0.836124309E-005
   0.35373704547134177E-008   0.837407970E-005
   0.35404517878621228E-008   0.838722735E-005
   0.35435331210108278E-008   0.840014309E-005
   0.35466144541595329E-008   0.841274323E-005
   0.35496957873082380E-008   0.842544614E-005
   0.35527771204569430E-008   0.843826092E-005
   0.35558584536056481E-008   0.845092836E-005
   0.35589397867543532E-008   0.846343119E-005
   0.35620211199030583E-008   0.847583397E-005
   0.35651024530517633E-008   0.848823129E-005
   0.35681837862004684E-008   0.850080505E-005
   0.35712651193491735E-008   0.851337336E-005
   0.35743464524978785E-008   0.852552512E-005
   0.35774277856465836E-008   0.853746860E-005
   0.35805091187952887E-008   0.854973860E-005
   0.35835904519439937E-008   0.856214865E-005
   0.35866717850926988E-008   0.857417672E-005
   0.35897531182414039E-008   0.858598742E-005
   0.35928344513901089E-008   0.859800548E-005
   0.35959157845388140E-008   0.861009630E-005
   0.35989971176875191E-008   0.862194065E-005
   0.36020784508362241E-008   0.863359401E-005
   0.36051597839849292E-008   0.864528283E-005
   0.36082411171336343E-008   0.865709080E-005
   0.36113224502823393E-008   0.866890605E-005
   0.36144037834310444E-008   0.868049301E-005
   0.36174851165797495E-008   0.869182350E-005
   0.36205664497284545E-008   0.870320855E-005
   0.36236477828771596E-008   0.871478733E-005
   0.36267291160258647E-008   0.872627788E-005
   0.36298104491745697E-008   0.873751287E-005
   0.36328917823232748E-008   0.874869693E-005
   0.36359731154719799E-008   0.875996739E-005
   0.36390544486206849E-008   0.877119055E-005
   0.36421357817693900E-008   0.878223454E-005
   0.36452171149180951E-008   0.879316030E-005
   0.36482984480668001E-008   0.880415610E-005
   0.36513797812155052E-008   0.881528558E-005
   0.36544611143642103E-008   0.882629138E-005
   0.36575424475129154E-008   0.883694520E-005
   0.36606237806616204E-008   0.884752353E-005
   0.36637051138103255E-008   0.885837562E-005
   0.36667864469590306E-008   0.886926045E-005
   0.36698677801077356E-008   0.887979786E-005
   0.36729491132564407E-008   0.889018520E-005
   0.36760304464051458E-008   0.890076535E-005
   0.36791117795538508E-008   0.891137825E-005
   0.36821931127025559E-008   0.892173102E-005
   0.36852744458512610E-008   0.893192009E-005
   0.36883557789999660E-008   0.894219920E-005
   0.36914371121486711E-008   0.895260746E-005
   0.36945184452973762E-008   0.896294296E-005
   0.36975997784460812E-008   0.897298560E-005
   0.37006811115947863E-008   0.898282906E-005
   0.37037624447434914E-008   0.899284532E-005
   0.37068437778921964E-008   0.900307805E-005
   0.37099251110409015E-008   0.901310068E-005
   0.37130064441896066E-008   0.902277043E-005
   0.37160877773383116E-008   0.903248565E-005
   0.37191691104870167E-008   0.904241551E-005
   0.37222504436357218E-008   0.905220350E-005
   0.37253317767844268E-008   0.906169043E-005
   0.37284131099331319E-008   0.907121193E-005
   0.37314944430818370E-008   0.908095444E-005
   0.37345757762305420E-008   0.909062055E-005
   0.37376571093792471E-008   0.909994196E-005
   0.37407384425279522E-008   0.910911149E-005
   0.37438197756766572E-008   0.911847837E-005
   0.37469011088253623E-008   0.912800351E-005
   0.37499824419740674E-008   0.913731583E-005
   0.37530637751227724E-008   0.914631983E-005
   0.37561451082714775E-008   0.915535293E-005
   0.37592264414201826E-008   0.916459430E-005
   0.37623077745688877E-008   0.917375019E-005
   0.37653891077175927E-008   0.918258593E-005
   0.37684704408662978E-008   0.919134618E-005
   0.37715517740150029E-008   0.920033017E-005
   0.37746331071637079E-008   0.920939510E-005
   0.37777144403124130E-008   0.921817809E-005
   0.37807957734611181E-008   0.922665640E-005
   0.37838771066098231E-008   0.923519110E-005
   0.37869584397585282E-008   0.924398864E-005
   0.37900397729072333E-008   0.925277254E-005
   0.37931211060559383E-008   0.926121538E-005
   0.37962024392046434E-008   0.926946996E-005
   0.37992837723533485E-008   0.927789551E-005
   0.38023651055020535E-008   0.928644386E-005
   0.38054464386507586E-008   0.929476937E-005
   0.38085277717994637E-008   0.930285296E-005
   0.38116091049481687E-008   0.931102204E-005
   0.38146904380968738E-008   0.931937666E-005
   0.38177717712455789E-008   0.932761213E-005
   0.38208531043942839E-008   0.933551655E-005
   0.38239344375429890E-008   0.934332456E-005
   0.38270157706916941E-008   0.935135267E-005
   0.38300971038403991E-008   0.935948538E-005
   0.38331784369891042E-008   0.936737251E-005
   0.38362597701378093E-008   0.937501409E-005
   0.38393411032865143E-008   0.938272569E-005
   0.38424224364352194E-008   0.939055280E-005
   0.38455037695839245E-008   0.939822530E-005
   0.38485851027326295E-008   0.940569680E-005
   0.38516664358813346E-008   0.941323924E-005
   0.38547477690300397E-008   0.942093538E-005
   0.38578291021787448E-008   0.942850693E-005
   0.38609104353274498E-008   0.943576106E-005
   0.38639917684761549E-008   0.944291241E-005
   0.38670731016248600E-008   0.945027568E-005
   0.38701544347735650E-008   0.945779084E-005
   0.38732357679222701E-008   0.946509044E-005
   0.38763171010709752E-008   0.947206081E-005
   0.38793984342196802E-008   0.947902117E-005
   0.38824797673683853E-008   0.948620163E-005
   0.38855611005170904E-008   0.949338028E-005
   0.38886424336657954E-008   0.950028516E-005
   0.38917237668145005E-008   0.950705453E-005
   0.38948050999632056E-008   0.951398397E-005
   0.38978864331119106E-008   0.952101072E-005
   0.39009677662606157E-008   0.952779101E-005
   0.39040490994093208E-008   0.953427298E-005
   0.39071304325580258E-008   0.954084408E-005
   0.39102117657067309E-008   0.954771258E-005
   0.39132930988554360E-008   0.955451651E-005
   0.39163744320041410E-008   0.956090662E-005
   0.39194557651528461E-008   0.956716394E-005
   0.39225370983015512E-008   0.957368684E-005
   0.39256184314502562E-008   0.958027977E-005
   0.39286997645989613E-008   0.958656346E-005
   0.39317810977476664E-008   0.959268618E-005
   0.39348624308963714E-008   0.959900353E-005
   0.39379437640450765E-008   0.960542548E-005
   0.39410250971937816E-008   0.961159185E-005
   0.39441064303424866E-008   0.961746537E-005
   0.39471877634911917E-008   0.962339436E-005
   0.39502690966398968E-008   0.962961076E-005
   0.39533504297886018E-008   0.963584171E-005
   0.39564317629373069E-008   0.964167521E-005
   0.39595130960860120E-008   0.964725768E-005
   0.39625944292347171E-008   0.965310574E-005
   0.39656757623834221E-008   0.965917934E-005
   0.39687570955321272E-008   0.966494008E-005
   0.39718384286808323E-008   0.967037431E-005
   0.39749197618295373E-008   0.967599590E-005
   0.39780010949782424E-008   0.968185759E-005
   0.39810824281269475E-008   0.968750464E-005
   0.39841637612756525E-008   0.969280882E-005
   0.39872450944243576E-008   0.969809662E-005
   0.39903264275730627E-008   0.970360452E-005
   0.39934077607217677E-008   0.970923429E-005
   0.39964890938704728E-008   0.971465670E-005
   0.39995704270191779E-008   0.971969803E-005
   0.40026517601678829E-008   0.972471935E-005
   0.40057330933165880E-008   0.973011629E-005
   0.40088144264652931E-008   0.973554233E-005
   0.40118957596139981E-008   0.974048544E-005
   0.40149770927627032E-008   0.974528666E-005
   0.40180584259114083E-008   0.975048169E-005
   0.40211397590601133E-008   0.975572584E-005
   0.40242210922088184E-008   0.976049159E-005
   0.40273024253575235E-008   0.976508090E-005
   0.40303837585062285E-008   0.977000491E-005
   0.40334650916549336E-008   0.977510990E-005
   0.40365464248036387E-008   0.977994841E-005
   0.40396277579523437E-008   0.978442949E-005
   0.40427090911010488E-008   0.978886601E-005
   0.40457904242497539E-008   0.979360175E-005
   0.40488717573984589E-008   0.979850211E-005
   0.40519530905471640E-008   0.980303139E-005
   0.40550344236958691E-008   0.980718505E-005
   0.40581157568445742E-008   0.981160701E-005
   0.40611970899932792E-008   0.981637095E-005
   0.40642784231419843E-008   0.982078745E-005
   0.40673597562906894E-008   0.982474830E-005
   0.40704410894393944E-008   0.982893653E-005
   0.40735224225880995E-008   0.983349946E-005
   0.40766037557368046E-008   0.983786413E-005
   0.40796850888855096E-008   0.984182225E-005
   0.40827664220342147E-008   0.984573035E-005
   0.40858477551829198E-008   0.984984126E-005
   0.40889290883316248E-008   0.985406405E-005
   0.40920104214803299E-008   0.985813676E-005
   0.40950917546290350E-008   0.986192208E-005
   0.40981730877777400E-008   0.986569012E-005
   0.41012544209264451E-008   0.986971554E-005
   0.41043357540751502E-008   0.987369731E-005
   0.41074170872238552E-008   0.987728708E-005
   0.41104984203725603E-008   0.988082866E-005
   0.41135797535212654E-008   0.988470947E-005
   0.41166610866699704E-008   0.988860211E-005
   0.41197424198186755E-008   0.989211367E-005
   0.41228237529673806E-008   0.989546061E-005
   0.41259050861160856E-008   0.989898035E-005
   0.41289864192647907E-008   0.990264743E-005
   0.41320677524134958E-008   0.990623812E-005
   0.41351490855622008E-008   0.990955778E-005
   0.41382304187109059E-008   0.991270917E-005
   0.41413117518596110E-008   0.991608886E-005
   0.41443930850083160E-008   0.991967408E-005
   0.41474744181570211E-008   0.992289733E-005
   0.41505557513057262E-008   0.992574678E-005
   0.41536370844544312E-008   0.992891910E-005
   0.41567184176031363E-008   0.993245976E-005
   0.41597997507518414E-008   0.993562753E-005
   0.41628810839005465E-008   0.993832236E-005
   0.41659624170492515E-008   0.994119819E-005
   0.41690437501979566E-008   0.994441325E-005
   0.41721250833466617E-008   0.994752827E-005
   0.41752064164953667E-008   0.995034316E-005
   0.41782877496440718E-008   0.995302980E-005
   0.41813690827927769E-008   0.995582013E-005
   0.41844504159414819E-008   0.995878963E-005
   0.41875317490901870E-008   0.996165545E-005
   0.41906130822388921E-008   0.996414565E-005
   0.41936944153875971E-008   0.996662857E-005
   0.41967757485363022E-008   0.996951621E-005
   0.41998570816850073E-008   0.997236020E-005
   0.42029384148337123E-008   0.997466395E-005
   0.42060197479824174E-008   0.997689131E-005
   0.42091010811311225E-008   0.997955431E-005
   0.42121824142798275E-008   0.998227006E-005
   0.42152637474285326E-008   0.998460109E-005
   0.42183450805772377E-008   0.998676569E-005
   0.42214264137259427E-008   0.998906944E-005
   0.42245077468746478E-008   0.999149233E-005
   0.42275890800233529E-008   0.999387066E-005
   0.42306704131720579E-008   0.999600979E-005
   0.42337517463207630E-008   0.999797430E-005
   0.42368330794694681E-008   0.100001735E-004
   0.42399144126181731E-008   0.100026054E-004
   0.42429957457668782E-008   0.100046764E-004
   0.42460770789155833E-008   0.100063407E-004
   0.42491584120642883E-008   0.100082880E-004
   0.42522397452129934E-008   0.100106035E-004
   0.42553210783616985E-008   0.100126381E-004
   0.42584024115104036E-008   0.100142688E-004
   0.42614837446591086E-008   0.100159932E-004
   0.42645650778078137E-008   0.100179623E-004
   0.42676464109565188E-008   0.100199031E-004
   0.42707277441052238E-008   0.100216203E-004
   0.42738090772539289E-008   0.100231364E-004
   0.42768904104026340E-008   0.100247407E-004
   0.42799717435513390E-008   0.100266516E-004
   0.42830530767000441E-008   0.100284660E-004
   0.42861344098487492E-008   0.100297457E-004
   0.42892157429974542E-008   0.100309808E-004
   0.42922970761461593E-008   0.100327543E-004
   0.42953784092948644E-008   0.100345633E-004
   0.42984597424435694E-008   0.100357956E-004
   0.43015410755922745E-008   0.100368989E-004
   0.43046224087409796E-008   0.100384041E-004
   0.43077037418896846E-008   0.100399775E-004
   0.43107850750383897E-008   0.100412226E-004
   0.43138664081870948E-008   0.100423067E-004
   0.43169477413357998E-008   0.100434863E-004
   0.43200290744845049E-008   0.100448224E-004
   0.43231104076332100E-008   0.100461793E-004
   0.43261917407819150E-008   0.100472298E-004
   0.43292730739306201E-008   0.100480092E-004
   0.43323544070793252E-008   0.100490806E-004
   0.43354357402280302E-008   0.100504967E-004
   0.43385170733767353E-008   0.100515535E-004
   0.43415984065254404E-008   0.100521474E-004
   0.43446797396741454E-008   0.100530015E-004
   0.43477610728228505E-008   0.100542256E-004
   0.43508424059715556E-008   0.100551724E-004
   0.43539237391202606E-008   0.100557436E-004
   0.43570050722689657E-008   0.100564448E-004
   0.43600864054176708E-008   0.100574071E-004
   0.43631677385663759E-008   0.100583129E-004
   0.43662490717150809E-008   0.100589396E-004
   0.43693304048637860E-008   0.100593679E-004
   0.43724117380124911E-008   0.100599445E-004
   0.43754930711611961E-008   0.100608449E-004
   0.43785744043099012E-008   0.100616280E-004
   0.43816557374586063E-008   0.100619063E-004
   0.43847370706073113E-008   0.100621473E-004
   0.43878184037560164E-008   0.100628431E-004
   0.43908997369047215E-008   0.100635643E-004
   0.43939810700534265E-008   0.100638317E-004
   0.43970624032021316E-008   0.100639927E-004
   0.44001437363508367E-008   0.100644556E-004
   0.44032250694995417E-008   0.100649977E-004
   0.44063064026482468E-008   0.100652878E-004
   0.44093877357969519E-008   0.100653551E-004
   0.44124690689456569E-008   0.100654579E-004
   0.44155504020943620E-008   0.100658253E-004
   0.44186317352430671E-008   0.100662801E-004
   0.44217130683917721E-008   0.100663419E-004
   0.44247944015404772E-008   0.100660973E-004
   0.44278757346891823E-008   0.100661937E-004
   0.44309570678378873E-008   0.100666230E-004
   0.44340384009865924E-008   0.100666794E-004
   0.44371197341352975E-008   0.100663319E-004
   0.44402010672840025E-008   0.100662455E-004
   0.44432824004327076E-008   0.100664847E-004
   0.44463637335814127E-008   0.100664938E-004
   0.44494450667301177E-008   0.100661391E-004
   0.44525263998788228E-008   0.100658108E-004
   0.44556077330275279E-008   0.100657562E-004
   0.44586890661762330E-008   0.100658090E-004
   0.44617703993249380E-008   0.100655834E-004
   0.44648517324736431E-008   0.100650122E-004
   0.44679330656223482E-008   0.100645912E-004
   0.44710143987710532E-008   0.100645821E-004
   0.44740957319197583E-008   0.100644256E-004
   0.44771770650684634E-008   0.100637508E-004
   0.44802583982171684E-008   0.100631232E-004
   0.44833397313658735E-008   0.100629495E-004
   0.44864210645145786E-008   0.100627194E-004
   0.44895023976632836E-008   0.100620346E-004
   0.44925837308119887E-008   0.100612642E-004
   0.44956650639606938E-008   0.100607776E-004
   0.44987463971093988E-008   0.100604402E-004
   0.45018277302581039E-008   0.100599418E-004
   0.45049090634068090E-008   0.100591269E-004
   0.45079903965555140E-008   0.100582256E-004
   0.45110717297042191E-008   0.100576535E-004
   0.45141530628529242E-008   0.100572606E-004
   0.45172343960016292E-008   0.100564584E-004
   0.45203157291503343E-008   0.100553498E-004
   0.45233970622990394E-008   0.100546004E-004
   0.45264783954477444E-008   0.100541183E-004
   0.45295597285964495E-008   0.100532525E-004
   0.45326410617451546E-008   0.100520656E-004
   0.45357223948938596E-008   0.100511197E-004
   0.45388037280425647E-008   0.100504367E-004
   0.45418850611912698E-008   0.100496291E-004
   0.45449663943399748E-008   0.100485340E-004
   0.45480477274886799E-008   0.100472989E-004
   0.45511290606373850E-008   0.100462412E-004
   0.45542103937860900E-008   0.100454645E-004
   0.45572917269347951E-008   0.100445122E-004
   0.45603730600835002E-008   0.100430898E-004
   0.45634543932322053E-008   0.100417701E-004
   0.45665357263809103E-008   0.100409543E-004
   0.45696170595296154E-008   0.100399930E-004
   0.45726983926783205E-008   0.100384395E-004
   0.45757797258270255E-008   0.100369434E-004
   0.45788610589757306E-008   0.100359530E-004
   0.45819423921244357E-008   0.100349434E-004
   0.45850237252731407E-008   0.100335019E-004
   0.45881050584218458E-008   0.100319166E-004
   0.45911863915705509E-008   0.100305178E-004
   0.45942677247192559E-008   0.100293173E-004
   0.45973490578679610E-008   0.100280904E-004
   0.46004303910166661E-008   0.100265352E-004
   0.46035117241653711E-008   0.100247944E-004
   0.46065930573140762E-008   0.100233992E-004
   0.46096743904627813E-008   0.100222405E-004
   0.46127557236114863E-008   0.100206344E-004
   0.46158370567601914E-008   0.100186890E-004
   0.46189183899088965E-008   0.100171537E-004
   0.46219997230576015E-008   0.100159368E-004
   0.46250810562063066E-008   0.100143279E-004
   0.46281623893550117E-008   0.100123589E-004
   0.46312437225037167E-008   0.100105890E-004
   0.46343250556524218E-008   0.100090838E-004
   0.46374063888011269E-008   0.100075185E-004
   0.46404877219498319E-008   0.100057159E-004
   0.46435690550985370E-008   0.100037532E-004
   0.46466503882472421E-008   0.100019279E-004
   0.46497317213959471E-008   0.100003572E-004
   0.46528130545446522E-008   0.999861277E-005
   0.46558943876933573E-008   0.999645090E-005
   0.46589757208420624E-008   0.999441909E-005
   0.46620570539907674E-008   0.999284748E-005
   0.46651383871394725E-008   0.999113217E-005
   0.46682197202881776E-008   0.998888936E-005
   0.46713010534368826E-008   0.998666383E-005
   0.46743823865855877E-008   0.998484666E-005
   0.46774637197342928E-008   0.998307405E-005
   0.46805450528829978E-008   0.998100131E-005
   0.46836263860317029E-008   0.997874668E-005
   0.46867077191804080E-008   0.997658026E-005
   0.46897890523291130E-008   0.997462757E-005
   0.46928703854778181E-008   0.997266397E-005
   0.46959517186265232E-008   0.997035477E-005
   0.46990330517752282E-008   0.996793551E-005
   0.47021143849239333E-008   0.996592371E-005
   0.47051957180726384E-008   0.996405561E-005
   0.47082770512213434E-008   0.996167637E-005
   0.47113583843700485E-008   0.995903702E-005
   0.47144397175187536E-008   0.995682058E-005
   0.47175210506674586E-008   0.995485607E-005
   0.47206023838161637E-008   0.995256050E-005
   0.47236837169648688E-008   0.994999573E-005
   0.47267650501135738E-008   0.994755464E-005
   0.47298463832622789E-008   0.994529273E-005
   0.47329277164109840E-008   0.994301809E-005
   0.47360090495596890E-008   0.994054517E-005
   0.47390903827083941E-008   0.993789672E-005
   0.47421717158570992E-008   0.993542017E-005
   0.47452530490058042E-008   0.993322556E-005
   0.47483343821545093E-008   0.993081085E-005
   0.47514157153032144E-008   0.992795685E-005
   0.47544970484519194E-008   0.992524929E-005
   0.47575783816006245E-008   0.992298283E-005
   0.47606597147493296E-008   0.992059904E-005
   0.47637410478980347E-008   0.991778597E-005
   0.47668223810467397E-008   0.991497109E-005
   0.47699037141954448E-008   0.991243542E-005
   0.47729850473441499E-008   0.990993794E-005
   0.47760663804928549E-008   0.990723311E-005
   0.47791477136415600E-008   0.990436365E-005
   0.47822290467902651E-008   0.990157787E-005
   0.47853103799389701E-008   0.989903310E-005
   0.47883917130876752E-008   0.989643831E-005
   0.47914730462363803E-008   0.989344426E-005
   0.47945543793850853E-008   0.989038654E-005
   0.47976357125337904E-008   0.988775901E-005
   0.48007170456824955E-008   0.988522970E-005
   0.48037983788312005E-008   0.988224383E-005
   0.48068797119799056E-008   0.987907879E-005
   0.48099610451286107E-008   0.987624935E-005
   0.48130423782773157E-008   0.987357726E-005
   0.48161237114260208E-008   0.987065505E-005
   0.48192050445747259E-008   0.986752275E-005
   0.48222863777234309E-008   0.986446685E-005
   0.48253677108721360E-008   0.986161649E-005
   0.48284490440208411E-008   0.985880615E-005
   0.48315303771695461E-008   0.985570932E-005
   0.48346117103182512E-008   0.985238785E-005
   0.48376930434669563E-008   0.984933922E-005
   0.48407743766156613E-008   0.984658800E-005
   0.48438557097643664E-008   0.984354301E-005
   0.48469370429130715E-008   0.984012877E-005
   0.48500183760617765E-008   0.983693826E-005
   0.48530997092104816E-008   0.983405243E-005
   0.48561810423591867E-008   0.983095561E-005
   0.48592623755078918E-008   0.982757228E-005
   0.48623437086565968E-008   0.982428901E-005
   0.48654250418053019E-008   0.982120946E-005
   0.48685063749540070E-008   0.981811900E-005
   0.48715877081027120E-008   0.981484027E-005
   0.48746690412514171E-008   0.981137873E-005
   0.48777503744001222E-008   0.980800360E-005
   0.48808317075488272E-008   0.980492223E-005
   0.48839130406975323E-008   0.980179539E-005
   0.48869943738462374E-008   0.979826200E-005
   0.48900757069949424E-008   0.979468496E-005
   0.48931570401436475E-008   0.979148899E-005
   0.48962383732923526E-008   0.978832850E-005
   0.48993197064410576E-008   0.978479602E-005
   0.49024010395897627E-008   0.978118260E-005
   0.49054823727384678E-008   0.977783293E-005
   0.49085637058871728E-008   0.977456875E-005
   0.49116450390358779E-008   0.977110994E-005
   0.49147263721845830E-008   0.976746651E-005
   0.49178077053332880E-008   0.976385309E-005
   0.49208890384819931E-008   0.976046704E-005
   0.49239703716306982E-008   0.975715830E-005
   0.49270517047794032E-008   0.975353669E-005
   0.49301330379281083E-008   0.974969771E-005
   0.49332143710768134E-008   0.974615978E-005
   0.49362957042255184E-008   0.974287013E-005
   0.49393770373742235E-008   0.973926581E-005
   0.49424583705229286E-008   0.973536953E-005
   0.49455397036716336E-008   0.973169972E-005
   0.49486210368203387E-008   0.972827456E-005
   0.49517023699690438E-008   0.972469024E-005
   0.49547837031177488E-008   0.972085945E-005
   0.49578650362664539E-008   0.971702138E-005
   0.49609463694151590E-008   0.971336431E-005
   0.49640277025638641E-008   0.970983729E-005
   0.49671090357125691E-008   0.970614292E-005
   0.49701903688612742E-008   0.970215478E-005
   0.49732717020099793E-008   0.969826215E-005
   0.49763530351586843E-008   0.969471694E-005
   0.49794343683073894E-008   0.969107532E-005
   0.49825157014560945E-008   0.968703262E-005
   0.49855970346047995E-008   0.968303902E-005
   0.49886783677535046E-008   0.967940014E-005
   0.49917597009022097E-008   0.967571123E-005
   0.49948410340509147E-008   0.967169035E-005
   0.49979223671996198E-008   0.966762764E-005
   0.50010037003483249E-008   0.966378138E-005
   0.50040850334970299E-008   0.966004609E-005
   0.50071663666457350E-008   0.965618256E-005
   0.50102476997944401E-008   0.965207983E-005
   0.50133290329431451E-008   0.964795618E-005
   0.50164103660918502E-008   0.964412538E-005
   0.50194916992405553E-008   0.964037827E-005
   0.50225730323892603E-008   0.963626553E-005
   0.50256543655379654E-008   0.963199545E-005
   0.50287356986866705E-008   0.962807189E-005
   0.50318170318353755E-008   0.962429021E-005
   0.50348983649840806E-008   0.962017111E-005
   0.50379796981327857E-008   0.961588376E-005
   0.50410610312814907E-008   0.961181740E-005
   0.50441423644301958E-008   0.960789112E-005
   0.50472236975789009E-008   0.960385933E-005
   0.50503050307276059E-008   0.959967383E-005
   0.50533863638763110E-008   0.959540375E-005
   0.50564676970250161E-008   0.959124009E-005
   0.50595490301737212E-008   0.958727105E-005
   0.50626303633224262E-008   0.958318560E-005
   0.50657116964711313E-008   0.957879820E-005
   0.50687930296198364E-008   0.957450720E-005
   0.50718743627685414E-008   0.957052180E-005
   0.50749556959172465E-008   0.956640179E-005
   0.50780370290659516E-008   0.956195618E-005
   0.50811183622146566E-008   0.955761243E-005
   0.50841996953633617E-008   0.955353789E-005
   0.50872810285120668E-008   0.954939242E-005
   0.50903623616607718E-008   0.954501502E-005
   0.50934436948094769E-008   0.954058578E-005
   0.50965250279581820E-008   0.953627568E-005
   0.50996063611068870E-008   0.953211293E-005
   0.51026876942555921E-008   0.952789833E-005
   0.51057690274042972E-008   0.952340179E-005
   0.51088503605530022E-008   0.951886159E-005
   0.51119316937017073E-008   0.951465881E-005
   0.51150130268504124E-008   0.951051516E-005
   0.51180943599991174E-008   0.950597041E-005
   0.51211756931478225E-008   0.950132653E-005
   0.51242570262965276E-008   0.949705100E-005
   0.51273383594452326E-008   0.949286732E-005
   0.51304196925939377E-008   0.948836714E-005
   0.51335010257426428E-008   0.948373599E-005
   0.51365823588913478E-008   0.947926401E-005
   0.51396636920400529E-008   0.947490935E-005
   0.51427450251887580E-008   0.947052649E-005
   0.51458263583374630E-008   0.946599448E-005
   0.51489076914861681E-008   0.946133878E-005
   0.51519890246348732E-008   0.945683496E-005
   0.51550703577835782E-008   0.945253396E-005
   0.51581516909322833E-008   0.944802105E-005
   0.51612330240809884E-008   0.944321073E-005
   0.51643143572296935E-008   0.943861141E-005
   0.51673956903783985E-008   0.943432678E-005
   0.51704770235271036E-008   0.942983570E-005
   0.51735583566758087E-008   0.942501720E-005
   0.51766396898245137E-008   0.942030420E-005
   0.51797210229732188E-008   0.941583403E-005
   0.51828023561219239E-008   0.941134749E-005
   0.51858836892706289E-008   0.940668633E-005
   0.51889650224193340E-008   0.940191421E-005
   0.51920463555680391E-008   0.939721849E-005
   0.51951276887167441E-008   0.939271649E-005
   0.51982090218654492E-008   0.938816265E-005
   0.52012903550141543E-008   0.938329958E-005
   0.52043716881628593E-008   0.937844561E-005
   0.52074530213115644E-008   0.937394452E-005
   0.52105343544602695E-008   0.936943707E-005
   0.52136156876089745E-008   0.936454308E-005
   0.52166970207576796E-008   0.935960361E-005
   0.52197783539063847E-008   0.935497610E-005
   0.52228596870550897E-008   0.935041408E-005
   0.52259410202037948E-008   0.934563013E-005
   0.52290223533524999E-008   0.934072705E-005
   0.52321036865012049E-008   0.933589945E-005
   0.52351850196499100E-008   0.933121191E-005
   0.52382663527986151E-008   0.932654348E-005
   0.52413476859473201E-008   0.932165494E-005
   0.52444290190960252E-008   0.931663271E-005
   0.52475103522447303E-008   0.931187969E-005
   0.52505916853934353E-008   0.930732676E-005
   0.52536730185421404E-008   0.930245369E-005
   0.52567543516908455E-008   0.929729958E-005
   0.52598356848395506E-008   0.929241833E-005
   0.52629170179882556E-008   0.928781810E-005
   0.52659983511369607E-008   0.928301506E-005
   0.52690796842856658E-008   0.927794281E-005
   0.52721610174343708E-008   0.927294059E-005
   0.52752423505830759E-008   0.926813573E-005
   0.52783236837317810E-008   0.926335997E-005
   0.52814050168804860E-008   0.925840868E-005
   0.52844863500291911E-008   0.925329732E-005
   0.52875676831778962E-008   0.924832966E-005
   0.52906490163266012E-008   0.924360938E-005
   0.52937303494753063E-008   0.923873722E-005
   0.52968116826240114E-008   0.923352582E-005
   0.52998930157727164E-008   0.922842628E-005
   0.53029743489214215E-008   0.922366507E-005
   0.53060556820701266E-008   0.921881929E-005
   0.53091370152188316E-008   0.921366609E-005
   0.53122183483675367E-008   0.920852926E-005
   0.53152996815162418E-008   0.920359071E-005
   0.53183810146649468E-008   0.919868307E-005
   0.53214623478136519E-008   0.919366266E-005
   0.53245436809623570E-008   0.918851310E-005
   0.53276250141110620E-008   0.918336536E-005
   0.53307063472597671E-008   0.917842863E-005
   0.53337876804084722E-008   0.917356101E-005
   0.53368690135571772E-008   0.916838326E-005
   0.53399503467058823E-008   0.916304907E-005
   0.53430316798545874E-008   0.915803867E-005
   0.53461130130032924E-008   0.915320652E-005
   0.53491943461519975E-008   0.914807151E-005
   0.53522756793007026E-008   0.914275461E-005
   0.53553570124494076E-008   0.913764688E-005
   0.53584383455981127E-008   0.913266013E-005
   0.53615196787468178E-008   0.912754422E-005
   0.53646010118955229E-008   0.912232645E-005
   0.53676823450442279E-008   0.911712050E-005
   0.53707636781929330E-008   0.911200914E-005
   0.53738450113416381E-008   0.910698509E-005
   0.53769263444903431E-008   0.910181461E-005
   0.53800076776390482E-008   0.909642586E-005
   0.53830890107877533E-008   0.909120627E-005
   0.53861703439364583E-008   0.908628135E-005
   0.53892516770851634E-008   0.908116635E-005
   0.53923330102338685E-008   0.907571030E-005
   0.53954143433825735E-008   0.907040067E-005
   0.53984956765312786E-008   0.906537844E-005
   0.54015770096799837E-008   0.906024252E-005
   0.54046583428286887E-008   0.905489378E-005
   0.54077396759773938E-008   0.904958233E-005
   0.54108210091260989E-008   0.904438093E-005
   0.54139023422748039E-008   0.903921500E-005
   0.54169836754235090E-008   0.903400269E-005
   0.54200650085722141E-008   0.902863212E-005
   0.54231463417209191E-008   0.902323518E-005
   0.54262276748696242E-008   0.901808380E-005
   0.54293090080183293E-008   0.901298608E-005
   0.54323903411670343E-008   0.900757368E-005
   0.54354716743157394E-008   0.900207942E-005
   0.54385530074644445E-008   0.899688894E-005
   0.54416343406131495E-008   0.899175211E-005
   0.54447156737618546E-008   0.898634698E-005
   0.54477970069105597E-008   0.898090002E-005
   0.54508783400592647E-008   0.897563132E-005
   0.54539596732079698E-008   0.897038717E-005
   0.54570410063566749E-008   0.896505026E-005
   0.54601223395053800E-008   0.895965240E-005
   0.54632036726540850E-008   0.895421908E-005
   0.54662850058027901E-008   0.894888126E-005
   0.54693663389514952E-008   0.894367258E-005
   0.54724476721002002E-008   0.893830838E-005
   0.54755290052489053E-008   0.893273500E-005
   0.54786103383976104E-008   0.892733988E-005
   0.54816916715463154E-008   0.892216940E-005
   0.54847730046950205E-008   0.891679611E-005
   0.54878543378437256E-008   0.891120089E-005
   0.54909356709924306E-008   0.890577303E-005
   0.54940170041411357E-008   0.890052252E-005
   0.54970983372898408E-008   0.889516105E-005
   0.55001796704385458E-008   0.888965315E-005
   0.55032610035872509E-008   0.888413160E-005
   0.55063423367359560E-008   0.887870010E-005
   0.55094236698846610E-008   0.887340229E-005
   0.55125050030333661E-008   0.886804719E-005
   0.55155863361820712E-008   0.886243834E-005
   0.55186676693307762E-008   0.885685131E-005
   0.55217490024794813E-008   0.885156987E-005
   0.55248303356281864E-008   0.884625751E-005
   0.55279116687768914E-008   0.884061683E-005
   0.55309930019255965E-008   0.883500979E-005
   0.55340743350743016E-008   0.882969016E-005
   0.55371556682230066E-008   0.882432141E-005
   0.55402370013717117E-008   0.881872347E-005
   0.55433183345204168E-008   0.881313827E-005
   0.55463996676691218E-008   0.880767129E-005
   0.55494810008178269E-008   0.880223888E-005
   0.55525623339665320E-008   0.879680101E-005
   0.55556436671152370E-008   0.879125128E-005
   0.55587250002639421E-008   0.878559240E-005
   0.55618063334126472E-008   0.878009541E-005
   0.55648876665613523E-008   0.877475213E-005
   0.55679689997100573E-008   0.876918511E-005
   0.55710503328587624E-008   0.876344802E-005
   0.55741316660074675E-008   0.875796832E-005
   0.55772129991561725E-008   0.875263322E-005
   0.55802943323048776E-008   0.874703073E-005
   0.55833756654535827E-008   0.874128636E-005
   0.55864569986022877E-008   0.873574299E-005
   0.55895383317509928E-008   0.873031786E-005
   0.55926196648996979E-008   0.872480359E-005
   0.55957009980484029E-008   0.871918292E-005
   0.55987823311971080E-008   0.871350221E-005
   0.56018636643458131E-008   0.870789154E-005
   0.56049449974945181E-008   0.870244639E-005
   0.56080263306432232E-008   0.869693758E-005
   0.56111076637919283E-008   0.869119231E-005
   0.56141889969406333E-008   0.868551706E-005
   0.56172703300893384E-008   0.868008465E-005
   0.56203516632380435E-008   0.867454582E-005
   0.56234329963867485E-008   0.866877417E-005
   0.56265143295354536E-008   0.866310984E-005
   0.56295956626841587E-008   0.865762377E-005
   0.56326769958328637E-008   0.865205766E-005
   0.56357583289815688E-008   0.864638332E-005
   0.56388396621302739E-008   0.864070716E-005
   0.56419209952789789E-008   0.863503919E-005
   0.56450023284276840E-008   0.862945035E-005
   0.56480836615763891E-008   0.862392608E-005
   0.56511649947250941E-008   0.861823719E-005
   0.56542463278737992E-008   0.861243461E-005
   0.56573276610225043E-008   0.860684850E-005
   0.56604089941712094E-008   0.860136970E-005
   0.56634903273199144E-008   0.859563534E-005
   0.56665716604686195E-008   0.858981093E-005
   0.56696529936173246E-008   0.858422482E-005
   0.56727343267660296E-008   0.857869418E-005
   0.56758156599147347E-008   0.857297709E-005
   0.56788969930634398E-008   0.856721908E-005
   0.56819783262121448E-008   0.856154384E-005
   0.56850596593608499E-008   0.855589496E-005
   0.56881409925095550E-008   0.855027065E-005
   0.56912223256582600E-008   0.854459449E-005
   0.56943036588069651E-008   0.853878646E-005
   0.56973849919556702E-008   0.853306301E-005
   0.57004663251043752E-008   0.852753965E-005
   0.57035476582530803E-008   0.852187804E-005
   0.57066289914017854E-008   0.851596906E-005
   0.57097103245504904E-008   0.851022287E-005
   0.57127916576991955E-008   0.850472043E-005
   0.57158729908479006E-008   0.849905700E-005
   0.57189543239966056E-008   0.849318803E-005
   0.57220356571453107E-008   0.848742093E-005
   0.57251169902940158E-008   0.848177206E-005
   0.57281983234427208E-008   0.847609772E-005
   0.57312796565914259E-008   0.847038882E-005
   0.57343609897401310E-008   0.846461262E-005
   0.57374423228888360E-008   0.845880277E-005
   0.57405236560375411E-008   0.845313843E-005
   0.57436049891862462E-008   0.844751867E-005
   0.57466863223349512E-008   0.844167425E-005
   0.57497676554836563E-008   0.843579619E-005
   0.57528489886323614E-008   0.843018643E-005
   0.57559303217810664E-008   0.842458030E-005
   0.57590116549297715E-008   0.841869587E-005
   0.57620929880784766E-008   0.841282235E-005
   0.57651743212271817E-008   0.840716893E-005
   0.57682556543758867E-008   0.840148914E-005
   0.57713369875245918E-008   0.839567474E-005
   0.57744183206732969E-008   0.838988217E-005
   0.57774996538220019E-008   0.838412234E-005
   0.57805809869707070E-008   0.837836797E-005
   0.57836623201194121E-008   0.837265634E-005
   0.57867436532681171E-008   0.836687195E-005
   0.57898249864168222E-008   0.836097479E-005
   0.57929063195655273E-008   0.835521587E-005
   0.57959876527142323E-008   0.834960792E-005
   0.57990689858629374E-008   0.834381717E-005
   0.58021503190116425E-008   0.833786180E-005
   0.58052316521603475E-008   0.833207559E-005
   0.58083129853090526E-008   0.832641763E-005
   0.58113943184577577E-008   0.832063961E-005
   0.58144756516064627E-008   0.831478701E-005
   0.58175569847551678E-008   0.830897261E-005
   0.58206383179038729E-008   0.830317913E-005
   0.58237196510525779E-008   0.829743567E-005
   0.58268009842012830E-008   0.829168857E-005
   0.58298823173499881E-008   0.828579050E-005
   0.58329636504986931E-008   0.827989334E-005
   0.58360449836473982E-008   0.827422537E-005
   0.58391263167961033E-008   0.826853920E-005
   0.58422076499448083E-008   0.826258201E-005
   0.58452889830935134E-008   0.825665666E-005
   0.58483703162422185E-008   0.825097777E-005
   0.58514516493909235E-008   0.824524795E-005
   0.58545329825396286E-008   0.823933806E-005
   0.58576143156883337E-008   0.823347909E-005
   0.58606956488370388E-008   0.822770835E-005
   0.58637769819857438E-008   0.822190577E-005
   0.58668583151344489E-008   0.821609319E-005
   0.58699396482831540E-008   0.821025060E-005
   0.58730209814318590E-008   0.820434889E-005
   0.58761023145805641E-008   0.819856268E-005
   0.58791836477292692E-008   0.819287743E-005
   0.58822649808779742E-008   0.818699118E-005
   0.58853463140266793E-008   0.818098579E-005
   0.58884276471753844E-008   0.817522505E-005
   0.58915089803240894E-008   0.816956072E-005
   0.58945903134727945E-008   0.816364718E-005
   0.58976716466214996E-008   0.815768180E-005
   0.59007529797702046E-008   0.815192288E-005
   0.59038343129189097E-008   0.814616760E-005
   0.59069156460676148E-008   0.814027499E-005
   0.59099969792163198E-008   0.813439328E-005
   0.59130783123650249E-008   0.812854614E-005
   0.59161596455137300E-008   0.812270628E-005
   0.59192409786624350E-008   0.811695099E-005
   0.59223223118111401E-008   0.811114387E-005
   0.59254036449598452E-008   0.810514121E-005
   0.59284849781085502E-008   0.809922494E-005
   0.59315663112572553E-008   0.809355970E-005
   0.59346476444059604E-008   0.808777713E-005
   0.59377289775546654E-008   0.808175446E-005
   0.59408103107033705E-008   0.807586730E-005
   0.59438916438520756E-008   0.807015567E-005
   0.59469729770007806E-008   0.806429944E-005
   0.59500543101494857E-008   0.805834134E-005
   0.59531356432981908E-008   0.805249692E-005
   0.59562169764468958E-008   0.804669253E-005
   0.59592983095956009E-008   0.804085630E-005
   0.59623796427443060E-008   0.803502553E-005
   0.59654609758930111E-008   0.802910381E-005
   0.59685423090417161E-008   0.802313843E-005
   0.59716236421904212E-008   0.801737224E-005
   0.59747049753391263E-008   0.801166607E-005
   0.59777863084878313E-008   0.800569433E-005
   0.59808676416365364E-008   0.799968075E-005
   0.59839489747852415E-008   0.799394093E-005
   0.59870303079339465E-008   0.798819292E-005
   0.59901116410826516E-008   0.798219844E-005
   0.59931929742313567E-008   0.797625216E-005
   0.59962743073800617E-008   0.797049233E-005
