t              BoxCavity.fdtd_Point probe_Ey_5_10_7.dat
   0.00000000000000000E+000   0.000000000E+000
   0.30813331487050677E-011   0.000000000E+000
   0.61626662974101354E-011   0.000000000E+000
   0.92439994461152031E-011   0.000000000E+000
   0.12325332594820271E-010   0.000000000E+000
   0.15406665743525338E-010   0.672965199E-011
   0.18487998892230406E-010   0.230007888E-010
   0.21569332040935474E-010   0.275408273E-010
   0.24650665189640542E-010   0.989340207E-011
   0.27731998338345609E-010   0.509348900E-011
   0.30813331487050677E-010   0.251604015E-010
   0.33894664635755745E-010   0.219432111E-010
   0.36975997784460812E-010  -0.521677319E-011
   0.40057330933165880E-010   0.711459624E-011
   0.43138664081870948E-010   0.375775314E-010
   0.46219997230576015E-010   0.932853447E-011
   0.49301330379281083E-010  -0.236632727E-010
   0.52382663527986151E-010   0.288077062E-010
   0.55463996676691218E-010   0.796713528E-010
   0.58545329825396286E-010   0.285253036E-010
   0.61626662974101354E-010  -0.171517141E-010
   0.64707996122806422E-010   0.377928522E-010
   0.67789329271511489E-010   0.770156439E-010
   0.70870662420216557E-010   0.274417745E-010
   0.73951995568921625E-010   0.667353846E-011
   0.77033328717626692E-010   0.578963266E-010
   0.80114661866331760E-010   0.716817508E-010
   0.83195995015036828E-010   0.355122425E-010
   0.86277328163741895E-010   0.421386849E-010
   0.89358661312446963E-010   0.805679273E-010
   0.92439994461152031E-010   0.822558480E-010
   0.95521327609857098E-010   0.693174615E-010
   0.98602660758562166E-010   0.793616908E-010
   0.10168399390726723E-009   0.900452837E-010
   0.10476532705597230E-009   0.959855806E-010
   0.10784666020467737E-009   0.112407077E-009
   0.11092799335338244E-009   0.119471710E-009
   0.11400932650208750E-009   0.115306396E-009
   0.11709065965079257E-009   0.134618719E-009
   0.12017199279949764E-009   0.163345046E-009
   0.12325332594820271E-009   0.163033170E-009
   0.12633465909690778E-009   0.162298314E-009
   0.12941599224561284E-009   0.194557467E-009
   0.13249732539431791E-009   0.222565105E-009
   0.13557865854302298E-009   0.223769545E-009
   0.13865999169172805E-009   0.235764519E-009
   0.14174132484043311E-009   0.268651906E-009
   0.14482265798913818E-009   0.293803898E-009
   0.14790399113784325E-009   0.313231968E-009
   0.15098532428654832E-009   0.341621204E-009
   0.15406665743525338E-009   0.369235309E-009
   0.15714799058395845E-009   0.397152228E-009
   0.16022932373266352E-009   0.437279046E-009
   0.16331065688136859E-009   0.475589734E-009
   0.16639199003007366E-009   0.504998099E-009
   0.16947332317877872E-009   0.548566026E-009
   0.17255465632748379E-009   0.605390460E-009
   0.17563598947618886E-009   0.650140053E-009
   0.17871732262489393E-009   0.693276436E-009
   0.18179865577359899E-009   0.757942265E-009
   0.18487998892230406E-009   0.827717450E-009
   0.18796132207100913E-009   0.887051599E-009
   0.19104265521971420E-009   0.955007184E-009
   0.19412398836841926E-009   0.103910147E-008
   0.19720532151712433E-009   0.112462506E-008
   0.20028665466582940E-009   0.121230281E-008
   0.20336798781453447E-009   0.130926003E-008
   0.20644932096323954E-009   0.141150502E-008
   0.20953065411194460E-009   0.152443547E-008
   0.21261198726064967E-009   0.165443514E-008
   0.21569332040935474E-009   0.178539317E-008
   0.21877465355805981E-009   0.191292693E-008
   0.22185598670676487E-009   0.206306283E-008
   0.22493731985546994E-009   0.224002017E-008
   0.22801865300417501E-009   0.241761455E-008
   0.23109998615288008E-009   0.259420974E-008
   0.23418131930158514E-009   0.279172707E-008
   0.23726265245029021E-009   0.301340264E-008
   0.24034398559899528E-009   0.325118821E-008
   0.24342531874770035E-009   0.350467633E-008
   0.24650665189640542E-009   0.376921783E-008
   0.24958798504511048E-009   0.404639255E-008
   0.25266931819381555E-009   0.435662928E-008
   0.25575065134252062E-009   0.470261252E-008
   0.25883198449122569E-009   0.506081577E-008
   0.26191331763993075E-009   0.542905187E-008
   0.26499465078863582E-009   0.583077764E-008
   0.26807598393734089E-009   0.627380770E-008
   0.27115731708604596E-009   0.675020884E-008
   0.27423865023475102E-009   0.725801108E-008
   0.27731998338345609E-009   0.779143061E-008
   0.28040131653216116E-009   0.835031155E-008
   0.28348264968086623E-009   0.896218122E-008
   0.28656398282957130E-009   0.964202140E-008
   0.28964531597827636E-009   0.103611884E-007
   0.29272664912698143E-009   0.110987175E-007
   0.29580798227568650E-009   0.118815855E-007
   0.29888931542439157E-009   0.127447839E-007
   0.30197064857309663E-009   0.136881813E-007
   0.30505198172180170E-009   0.146888874E-007
   0.30813331487050677E-009   0.157259130E-007
   0.31121464801921184E-009   0.168117769E-007
   0.31429598116791690E-009   0.180019359E-007
   0.31737731431662197E-009   0.193205363E-007
   0.32045864746532704E-009   0.207145607E-007
   0.32353998061403211E-009   0.221379075E-007
   0.32662131376273718E-009   0.236374227E-007
   0.32970264691144224E-009   0.252938204E-007
   0.33278398006014731E-009   0.271095448E-007
   0.33586531320885238E-009   0.290202742E-007
   0.33894664635755745E-009   0.309859054E-007
   0.34202797950626251E-009   0.330511298E-007
   0.34510931265496758E-009   0.353154306E-007
   0.34819064580367265E-009   0.378055915E-007
   0.35127197895237772E-009   0.404292742E-007
   0.35435331210108278E-009   0.431105498E-007
   0.35743464524978785E-009   0.459270240E-007
   0.36051597839849292E-009   0.490249583E-007
   0.36359731154719799E-009   0.524152206E-007
   0.36667864469590306E-009   0.559739064E-007
   0.36975997784460812E-009   0.596240639E-007
   0.37284131099331319E-009   0.634551114E-007
   0.37592264414201826E-009   0.676429366E-007
   0.37900397729072333E-009   0.722264204E-007
   0.38208531043942839E-009   0.770490729E-007
   0.38516664358813346E-009   0.819788042E-007
   0.38824797673683853E-009   0.871359944E-007
   0.39132930988554360E-009   0.927796862E-007
   0.39441064303424866E-009   0.989493500E-007
   0.39749197618295373E-009   0.105421051E-006
   0.40057330933165880E-009   0.112036489E-006
   0.40365464248036387E-009   0.118955604E-006
   0.40673597562906894E-009   0.126501234E-006
   0.40981730877777400E-009   0.134738826E-006
   0.41289864192647907E-009   0.143388789E-006
   0.41597997507518414E-009   0.152216117E-006
   0.41906130822388921E-009   0.161418001E-006
   0.42214264137259427E-009   0.171448121E-006
   0.42522397452129934E-009   0.182398495E-006
   0.42830530767000441E-009   0.193873902E-006
   0.43138664081870948E-009   0.205562884E-006
   0.43446797396741454E-009   0.217740194E-006
   0.43754930711611961E-009   0.230995511E-006
   0.44063064026482468E-009   0.245442351E-006
   0.44371197341352975E-009   0.260569010E-006
   0.44679330656223482E-009   0.275962691E-006
   0.44987463971093988E-009   0.291971105E-006
   0.45295597285964495E-009   0.309369540E-006
   0.45603730600835002E-009   0.328313519E-006
   0.45911863915705509E-009   0.348128850E-006
   0.46219997230576015E-009   0.368268473E-006
   0.46528130545446522E-009   0.389180997E-006
   0.46836263860317029E-009   0.411874595E-006
   0.47144397175187536E-009   0.436557428E-006
   0.47452530490058042E-009   0.462350670E-006
   0.47760663804928549E-009   0.488528713E-006
   0.48068797119799056E-009   0.515670251E-006
   0.48376930434669563E-009   0.545086891E-006
   0.48685063749540070E-009   0.577040851E-006
   0.48993197064410576E-009   0.610391112E-006
   0.49301330379281083E-009   0.644207432E-006
   0.49609463694151590E-009   0.679221444E-006
   0.49917597009022097E-009   0.717096668E-006
   0.50225730323892603E-009   0.758184854E-006
   0.50533863638763110E-009   0.801043768E-006
   0.50841996953633617E-009   0.844456110E-006
   0.51150130268504124E-009   0.889321882E-006
   0.51458263583374630E-009   0.937775496E-006
   0.51766396898245137E-009   0.990290118E-006
   0.52074530213115644E-009   0.104501191E-005
   0.52382663527986151E-009   0.110035876E-005
   0.52690796842856658E-009   0.115747264E-005
   0.52998930157727164E-009   0.121907897E-005
   0.53307063472597671E-009   0.128577278E-005
   0.53615196787468178E-009   0.135517723E-005
   0.53923330102338685E-009   0.142528324E-005
   0.54231463417209191E-009   0.149754248E-005
   0.54539596732079698E-009   0.157536647E-005
   0.54847730046950205E-009   0.165947836E-005
   0.55155863361820712E-009   0.174692229E-005
   0.55463996676691218E-009   0.183518955E-005
   0.55772129991561725E-009   0.192602579E-005
   0.56080263306432232E-009   0.202365868E-005
   0.56388396621302739E-009   0.212906207E-005
   0.56696529936173246E-009   0.223856796E-005
   0.57004663251043752E-009   0.234895356E-005
   0.57312796565914259E-009   0.246235459E-005
   0.57620929880784766E-009   0.258408295E-005
   0.57929063195655273E-009   0.271533804E-005
   0.58237196510525779E-009   0.285151145E-005
   0.58545329825396286E-009   0.298863483E-005
   0.58853463140266793E-009   0.312934594E-005
   0.59161596455137300E-009   0.328011265E-005
   0.59469729770007806E-009   0.344242358E-005
   0.59777863084878313E-009   0.361068055E-005
   0.60085996399748820E-009   0.377993501E-005
   0.60394129714619327E-009   0.395332199E-005
   0.60702263029489834E-009   0.413882390E-005
   0.61010396344360340E-009   0.433831065E-005
   0.61318529659230847E-009   0.454483188E-005
   0.61626662974101354E-009   0.475230308E-005
   0.61934796288971861E-009   0.496461007E-005
   0.62242929603842367E-009   0.519138848E-005
   0.62551062918712874E-009   0.543481201E-005
   0.62859196233583381E-009   0.568657970E-005
   0.63167329548453888E-009   0.593936693E-005
   0.63475462863324394E-009   0.619760840E-005
   0.63783596178194901E-009   0.647283741E-005
   0.64091729493065408E-009   0.676794025E-005
   0.64399862807935915E-009   0.707295112E-005
   0.64707996122806422E-009   0.737873324E-005
   0.65016129437676928E-009   0.769059261E-005
   0.65324262752547435E-009   0.802265276E-005
   0.65632396067417942E-009   0.837826701E-005
   0.65940529382288449E-009   0.874511079E-005
   0.66248662697158955E-009   0.911236475E-005
   0.66556796012029462E-009   0.948667639E-005
   0.66864929326899969E-009   0.988461670E-005
   0.67173062641770476E-009   0.103098255E-004
   0.67481195956640982E-009   0.107479636E-004
   0.67789329271511489E-009   0.111864829E-004
   0.68097462586381996E-009   0.116327874E-004
   0.68405595901252503E-009   0.121060802E-004
   0.68713729216123010E-009   0.126111281E-004
   0.69021862530993516E-009   0.131313254E-004
   0.69329995845864023E-009   0.136513063E-004
   0.69638129160734530E-009   0.141794435E-004
   0.69946262475605037E-009   0.147387063E-004
   0.70254395790475543E-009   0.153347537E-004
   0.70562529105346050E-009   0.159477040E-004
   0.70870662420216557E-009   0.165597648E-004
   0.71178795735087064E-009   0.171809843E-004
   0.71486929049957570E-009   0.178374521E-004
   0.71795062364828077E-009   0.185354456E-004
   0.72103195679698584E-009   0.192527477E-004
   0.72411328994569091E-009   0.199688457E-004
   0.72719462309439598E-009   0.206942423E-004
   0.73027595624310104E-009   0.214590582E-004
   0.73335728939180611E-009   0.222714552E-004
   0.73643862254051118E-009   0.231052873E-004
   0.73951995568921625E-009   0.239360979E-004
   0.74260128883792131E-009   0.247769276E-004
   0.74568262198662638E-009   0.256627682E-004
   0.74876395513533145E-009   0.266013867E-004
   0.75184528828403652E-009   0.275627572E-004
   0.75492662143274158E-009   0.285208898E-004
   0.75800795458144665E-009   0.294901110E-004
   0.76108928773015172E-009   0.305077956E-004
   0.76417062087885679E-009   0.315835896E-004
   0.76725195402756186E-009   0.326855625E-004
   0.77033328717626692E-009   0.337828278E-004
   0.77341462032497199E-009   0.348898684E-004
   0.77649595347367706E-009   0.360506565E-004
   0.77957728662238213E-009   0.372769136E-004
   0.78265861977108719E-009   0.385304484E-004
   0.78573995291979226E-009   0.397763979E-004
   0.78882128606849733E-009   0.410330904E-004
   0.79190261921720240E-009   0.423488382E-004
   0.79498395236590746E-009   0.437346062E-004
   0.79806528551461253E-009   0.451492851E-004
   0.80114661866331760E-009   0.465557314E-004
   0.80422795181202267E-009   0.479721421E-004
   0.80730928496072774E-009   0.494506203E-004
   0.81039061810943280E-009   0.510054342E-004
   0.81347195125813787E-009   0.525916694E-004
   0.81655328440684294E-009   0.541662303E-004
   0.81963461755554801E-009   0.557495259E-004
   0.82271595070425307E-009   0.574003279E-004
   0.82579728385295814E-009   0.591326643E-004
   0.82887861700166321E-009   0.608960363E-004
   0.83195995015036828E-009   0.626457113E-004
   0.83504128329907334E-009   0.644044703E-004
   0.83812261644777841E-009   0.662327584E-004
   0.84120394959648348E-009   0.681455640E-004
   0.84428528274518855E-009   0.700918754E-004
   0.84736661589389362E-009   0.720229727E-004
   0.85044794904259868E-009   0.739596144E-004
   0.85352928219130375E-009   0.759675022E-004
   0.85661061534000882E-009   0.780659902E-004
   0.85969194848871389E-009   0.801988353E-004
   0.86277328163741895E-009   0.823111259E-004
   0.86585461478612402E-009   0.844269016E-004
   0.86893594793482909E-009   0.866174887E-004
   0.87201728108353416E-009   0.889002768E-004
   0.87509861423223922E-009   0.912150426E-004
   0.87817994738094429E-009   0.935078133E-004
   0.88126128052964936E-009   0.958040691E-004
   0.88434261367835443E-009   0.981738267E-004
   0.88742394682705950E-009   0.100634701E-003
   0.89050527997576456E-009   0.103127946E-003
   0.89358661312446963E-009   0.105597741E-003
   0.89666794627317470E-009   0.108067230E-003
   0.89974927942187977E-009   0.110608446E-003
   0.90283061257058483E-009   0.113241585E-003
   0.90591194571928990E-009   0.115905714E-003
   0.90899327886799497E-009   0.118542106E-003
   0.91207461201670004E-009   0.121174766E-003
   0.91515594516540510E-009   0.123877457E-003
   0.91823727831411017E-009   0.126669882E-003
   0.92131861146281524E-009   0.129490232E-003
   0.92439994461152031E-009   0.132280285E-003
   0.92748127776022538E-009   0.135064154E-003
   0.93056261090893044E-009   0.137913870E-003
   0.93364394405763551E-009   0.140848046E-003
   0.93672527720634058E-009   0.143806916E-003
   0.93980661035504565E-009   0.146734281E-003
   0.94288794350375071E-009   0.149652144E-003
   0.94596927665245578E-009   0.152628898E-003
   0.94905060980116085E-009   0.155683258E-003
   0.95213194294986592E-009   0.158757699E-003
   0.95521327609857098E-009   0.161797725E-003
   0.95829460924727605E-009   0.164826401E-003
   0.96137594239598112E-009   0.167908744E-003
   0.96445727554468619E-009   0.171057618E-003
   0.96753860869339126E-009   0.174219298E-003
   0.97061994184209632E-009   0.177348833E-003
   0.97370127499080139E-009   0.180464282E-003
   0.97678260813950646E-009   0.183618264E-003
   0.97986394128821153E-009   0.186829086E-003
   0.98294527443691659E-009   0.190053950E-003
   0.98602660758562166E-009   0.193241693E-003
   0.98910794073432673E-009   0.196404260E-003
   0.99218927388303180E-009   0.199601287E-003
   0.99527060703173686E-009   0.202849071E-003
   0.99835194018044193E-009   0.206095137E-003
   0.10014332733291470E-008   0.209299047E-003
   0.10045146064778521E-008   0.212485160E-003
   0.10075959396265571E-008   0.215693886E-003
   0.10106772727752622E-008   0.218926492E-003
   0.10137586059239673E-008   0.222153874E-003
   0.10168399390726723E-008   0.225351294E-003
   0.10199212722213774E-008   0.228520148E-003
   0.10230026053700825E-008   0.231687925E-003
   0.10260839385187875E-008   0.234872874E-003
   0.10291652716674926E-008   0.238050794E-003
   0.10322466048161977E-008   0.241187998E-003
   0.10353279379649027E-008   0.244292518E-003
   0.10384092711136078E-008   0.247393182E-003
   0.10414906042623129E-008   0.250488985E-003
   0.10445719374110179E-008   0.253558770E-003
   0.10476532705597230E-008   0.256598549E-003
   0.10507346037084281E-008   0.259613415E-003
   0.10538159368571332E-008   0.262596935E-003
   0.10568972700058382E-008   0.265547424E-003
   0.10599786031545433E-008   0.268475094E-003
   0.10630599363032484E-008   0.271380442E-003
   0.10661412694519534E-008   0.274247956E-003
   0.10692226026006585E-008   0.277065672E-003
   0.10723039357493636E-008   0.279839500E-003
   0.10753852688980686E-008   0.282582507E-003
   0.10784666020467737E-008   0.285300106E-003
   0.10815479351954788E-008   0.287981005E-003
   0.10846292683441838E-008   0.290601107E-003
   0.10877106014928889E-008   0.293153251E-003
   0.10907919346415940E-008   0.295661070E-003
   0.10938732677902990E-008   0.298149738E-003
   0.10969546009390041E-008   0.300605519E-003
   0.11000359340877092E-008   0.302984990E-003
   0.11031172672364142E-008   0.305273803E-003
   0.11061986003851193E-008   0.307508424E-003
   0.11092799335338244E-008   0.309727737E-003
   0.11123612666825294E-008   0.311916228E-003
   0.11154425998312345E-008   0.314015429E-003
   0.11185239329799396E-008   0.316001533E-003
   0.11216052661286446E-008   0.317922910E-003
   0.11246865992773497E-008   0.319840037E-003
   0.11277679324260548E-008   0.321734347E-003
   0.11308492655747598E-008   0.323517917E-003
   0.11339305987234649E-008   0.325159024E-003
   0.11370119318721700E-008   0.326736423E-003
   0.11400932650208750E-008   0.328326540E-003
   0.11431745981695801E-008   0.329886738E-003
   0.11462559313182852E-008   0.331313553E-003
   0.11493372644669902E-008   0.332591619E-003
   0.11524185976156953E-008   0.333808566E-003
   0.11554999307644004E-008   0.335032004E-003
   0.11585812639131055E-008   0.336223340E-003
   0.11616625970618105E-008   0.337283476E-003
   0.11647439302105156E-008   0.338180485E-003
   0.11678252633592207E-008   0.338999147E-003
   0.11709065965079257E-008   0.339835417E-003
   0.11739879296566308E-008   0.340655795E-003
   0.11770692628053359E-008   0.341327104E-003
   0.11801505959540409E-008   0.341809093E-003
   0.11832319291027460E-008   0.342220213E-003
   0.11863132622514511E-008   0.342667889E-003
   0.11893945954001561E-008   0.343093241E-003
   0.11924759285488612E-008   0.343353458E-003
   0.11955572616975663E-008   0.343423802E-003
   0.11986385948462713E-008   0.343427499E-003
   0.12017199279949764E-008   0.343466992E-003
   0.12048012611436815E-008   0.343486201E-003
   0.12078825942923865E-008   0.343341933E-003
   0.12109639274410916E-008   0.343000283E-003
   0.12140452605897967E-008   0.342586398E-003
   0.12171265937385017E-008   0.342216605E-003
   0.12202079268872068E-008   0.341837324E-003
   0.12232892600359119E-008   0.341292354E-003
   0.12263705931846169E-008   0.340540486E-003
   0.12294519263333220E-008   0.339715218E-003
   0.12325332594820271E-008   0.338943559E-003
   0.12356145926307321E-008   0.338170619E-003
   0.12386959257794372E-008   0.337232137E-003
   0.12417772589281423E-008   0.336086057E-003
   0.12448585920768473E-008   0.334871263E-003
   0.12479399252255524E-008   0.333714648E-003
   0.12510212583742575E-008   0.332558353E-003
   0.12541025915229626E-008   0.331240182E-003
   0.12571839246716676E-008   0.329718896E-003
   0.12602652578203727E-008   0.328130787E-003
   0.12633465909690778E-008   0.326606765E-003
   0.12664279241177828E-008   0.325093162E-003
   0.12695092572664879E-008   0.323422166E-003
   0.12725905904151930E-008   0.321549422E-003
   0.12756719235638980E-008   0.319617509E-003
   0.12787532567126031E-008   0.317755708E-003
   0.12818345898613082E-008   0.315904064E-003
   0.12849159230100132E-008   0.313903234E-003
   0.12879972561587183E-008   0.311717828E-003
   0.12910785893074234E-008   0.309478986E-003
   0.12941599224561284E-008   0.307306356E-003
   0.12972412556048335E-008   0.305150985E-003
   0.13003225887535386E-008   0.302861095E-003
   0.13034039219022436E-008   0.300392712E-003
   0.13064852550509487E-008   0.297874736E-003
   0.13095665881996538E-008   0.295431149E-003
   0.13126479213483588E-008   0.293010293E-003
   0.13157292544970639E-008   0.290463067E-003
   0.13188105876457690E-008   0.287755945E-003
   0.13218919207944740E-008   0.285010319E-003
   0.13249732539431791E-008   0.282332767E-003
   0.13280545870918842E-008   0.279678206E-003
   0.13311359202405892E-008   0.276917155E-003
   0.13342172533892943E-008   0.274015038E-003
   0.13372985865379994E-008   0.271080236E-003
   0.13403799196867044E-008   0.268213480E-003
   0.13434612528354095E-008   0.265369948E-003
   0.13465425859841146E-008   0.262431626E-003
   0.13496239191328196E-008   0.259377586E-003
   0.13527052522815247E-008   0.256302650E-003
   0.13557865854302298E-008   0.253283797E-003
   0.13588679185789349E-008   0.250290002E-003
   0.13619492517276399E-008   0.247229618E-003
   0.13650305848763450E-008   0.244069292E-003
   0.13681119180250501E-008   0.240884168E-003
   0.13711932511737551E-008   0.237762346E-003
   0.13742745843224602E-008   0.234676918E-003
   0.13773559174711653E-008   0.231524435E-003
   0.13804372506198703E-008   0.228286037E-003
   0.13835185837685754E-008   0.225052077E-003
   0.13865999169172805E-008   0.221879862E-003
   0.13896812500659855E-008   0.218723086E-003
   0.13927625832146906E-008   0.215518186E-003
   0.13958439163633957E-008   0.212267420E-003
   0.13989252495121007E-008   0.209021193E-003
   0.14020065826608058E-008   0.205816643E-003
   0.14050879158095109E-008   0.202638636E-003
   0.14081692489582159E-008   0.199438218E-003
   0.14112505821069210E-008   0.196201087E-003
   0.14143319152556261E-008   0.192972613E-003
   0.14174132484043311E-008   0.189789571E-003
   0.14204945815530362E-008   0.186628313E-003
   0.14235759147017413E-008   0.183453012E-003
   0.14266572478504463E-008   0.180269810E-003
   0.14297385809991514E-008   0.177105554E-003
   0.14328199141478565E-008   0.173969704E-003
   0.14359012472965615E-008   0.170854953E-003
   0.14389825804452666E-008   0.167751947E-003
   0.14420639135939717E-008   0.164657409E-003
   0.14451452467426767E-008   0.161578952E-003
   0.14482265798913818E-008   0.158524752E-003
   0.14513079130400869E-008   0.155492482E-003
   0.14543892461887920E-008   0.152481283E-003
   0.14574705793374970E-008   0.149497660E-003
   0.14605519124862021E-008   0.146539460E-003
   0.14636332456349072E-008   0.143595258E-003
   0.14667145787836122E-008   0.140669217E-003
   0.14697959119323173E-008   0.137781448E-003
   0.14728772450810224E-008   0.134935297E-003
   0.14759585782297274E-008   0.132112036E-003
   0.14790399113784325E-008   0.129299122E-003
   0.14821212445271376E-008   0.126507497E-003
   0.14852025776758426E-008   0.123760183E-003
   0.14882839108245477E-008   0.121064404E-003
   0.14913652439732528E-008   0.118399592E-003
   0.14944465771219578E-008   0.115741306E-003
   0.14975279102706629E-008   0.113098024E-003
   0.15006092434193680E-008   0.110506131E-003
   0.15036905765680730E-008   0.107978791E-003
   0.15067719097167781E-008   0.105485095E-003
   0.15098532428654832E-008   0.102991027E-003
   0.15129345760141882E-008   0.100508681E-003
   0.15160159091628933E-008   0.980866462E-004
   0.15190972423115984E-008   0.957417142E-004
   0.15221785754603034E-008   0.934289419E-004
   0.15252599086090085E-008   0.911036186E-004
   0.15283412417577136E-008   0.887900023E-004
   0.15314225749064186E-008   0.865495240E-004
   0.15345039080551237E-008   0.843903908E-004
   0.15375852412038288E-008   0.822583097E-004
   0.15406665743525338E-008   0.801132410E-004
   0.15437479075012389E-008   0.779801630E-004
   0.15468292406499440E-008   0.759171453E-004
   0.15499105737986490E-008   0.739409079E-004
   0.15529919069473541E-008   0.720004537E-004
   0.15560732400960592E-008   0.700396922E-004
   0.15591545732447643E-008   0.680795856E-004
   0.15622359063934693E-008   0.661967715E-004
   0.15653172395421744E-008   0.644104657E-004
   0.15683985726908795E-008   0.626520996E-004
   0.15714799058395845E-008   0.608659757E-004
   0.15745612389882896E-008   0.590866439E-004
   0.15776425721369947E-008   0.573864963E-004
   0.15807239052856997E-008   0.557761414E-004
   0.15838052384344048E-008   0.541944391E-004
   0.15868865715831099E-008   0.525891192E-004
   0.15899679047318149E-008   0.509850870E-004
   0.15930492378805200E-008   0.494546730E-004
   0.15961305710292251E-008   0.480173330E-004
   0.15992119041779301E-008   0.466089914E-004
   0.16022932373266352E-008   0.451709166E-004
   0.16053745704753403E-008   0.437329145E-004
   0.16084559036240453E-008   0.423707643E-004
   0.16115372367727504E-008   0.410983594E-004
   0.16146185699214555E-008   0.398509146E-004
   0.16176999030701605E-008   0.385745625E-004
   0.16207812362188656E-008   0.372974755E-004
   0.16238625693675707E-008   0.360912127E-004
   0.16269439025162757E-008   0.349715920E-004
   0.16300252356649808E-008   0.338763857E-004
   0.16331065688136859E-008   0.327510970E-004
   0.16361879019623909E-008   0.316239348E-004
   0.16392692351110960E-008   0.305654758E-004
   0.16423505682598011E-008   0.295884274E-004
   0.16454319014085061E-008   0.286318373E-004
   0.16485132345572112E-008   0.276463616E-004
   0.16515945677059163E-008   0.266599818E-004
   0.16546759008546214E-008   0.257378924E-004
   0.16577572340033264E-008   0.248913002E-004
   0.16608385671520315E-008   0.240628178E-004
   0.16639199003007366E-008   0.232060138E-004
   0.16670012334494416E-008   0.223478401E-004
   0.16700825665981467E-008   0.215496475E-004
   0.16731638997468518E-008   0.208212405E-004
   0.16762452328955568E-008   0.201091334E-004
   0.16793265660442619E-008   0.193702272E-004
   0.16824078991929670E-008   0.186287143E-004
   0.16854892323416720E-008   0.179419148E-004
   0.16885705654903771E-008   0.173202461E-004
   0.16916518986390822E-008   0.167130547E-004
   0.16947332317877872E-008   0.160791533E-004
   0.16978145649364923E-008   0.154427198E-004
   0.17008958980851974E-008   0.148573736E-004
   0.17039772312339024E-008   0.143301731E-004
   0.17070585643826075E-008   0.138144051E-004
   0.17101398975313126E-008   0.132749883E-004
   0.17132212306800176E-008   0.127337044E-004
   0.17163025638287227E-008   0.122373767E-004
   0.17193838969774278E-008   0.117931886E-004
   0.17224652301261328E-008   0.113594888E-004
   0.17255465632748379E-008   0.109031835E-004
   0.17286278964235430E-008   0.104444871E-004
   0.17317092295722480E-008   0.100272227E-004
   0.17347905627209531E-008   0.965633353E-005
   0.17378718958696582E-008   0.929296584E-005
   0.17409532290183632E-008   0.890962110E-005
   0.17440345621670683E-008   0.852531957E-005
   0.17471158953157734E-008   0.817667114E-005
   0.17501972284644784E-008   0.786759483E-005
   0.17532785616131835E-008   0.756583904E-005
   0.17563598947618886E-008   0.724695428E-005
   0.17594412279105937E-008   0.692603226E-005
   0.17625225610592987E-008   0.663597257E-005
   0.17656038942080038E-008   0.638132587E-005
   0.17686852273567089E-008   0.613274506E-005
   0.17717665605054139E-008   0.586827400E-005
   0.17748478936541190E-008   0.560235230E-005
   0.17779292268028241E-008   0.536372318E-005
   0.17810105599515291E-008   0.515495003E-005
   0.17840918931002342E-008   0.495071072E-005
   0.17871732262489393E-008   0.473332875E-005
   0.17902545593976443E-008   0.451498454E-005
   0.17933358925463494E-008   0.431925810E-005
   0.17964172256950545E-008   0.414881242E-005
   0.17994985588437595E-008   0.398299835E-005
   0.18025798919924646E-008   0.380608026E-005
   0.18056612251411697E-008   0.362744345E-005
   0.18087425582898747E-008   0.346773641E-005
   0.18118238914385798E-008   0.332990794E-005
   0.18149052245872849E-008   0.319589958E-005
   0.18179865577359899E-008   0.305228195E-005
   0.18210678908846950E-008   0.290766911E-005
   0.18241492240334001E-008   0.277899676E-005
   0.18272305571821051E-008   0.266786628E-005
   0.18303118903308102E-008   0.255991586E-005
   0.18333932234795153E-008   0.244466560E-005
   0.18364745566282203E-008   0.232829848E-005
   0.18395558897769254E-008   0.222455333E-005
   0.18426372229256305E-008   0.213589715E-005
   0.18457185560743355E-008   0.205030187E-005
   0.18487998892230406E-008   0.195804114E-005
   0.18518812223717457E-008   0.186474733E-005
   0.18549625555204508E-008   0.178231721E-005
   0.18580438886691558E-008   0.171185513E-005
   0.18611252218178609E-008   0.164365531E-005
   0.18642065549665660E-008   0.157101738E-005
   0.18672878881152710E-008   0.149759751E-005
   0.18703692212639761E-008   0.143158445E-005
   0.18734505544126812E-008   0.137529071E-005
   0.18765318875613862E-008   0.132229775E-005
   0.18796132207100913E-008   0.126576606E-005
   0.18826945538587964E-008   0.120766174E-005
   0.18857758870075014E-008   0.115558123E-005
   0.18888572201562065E-008   0.111153417E-005
   0.18919385533049116E-008   0.106997686E-005
   0.18950198864536166E-008   0.102612250E-005
   0.18981012196023217E-008   0.981195512E-006
   0.19011825527510268E-008   0.939929464E-006
   0.19042638858997318E-008   0.905047273E-006
   0.19073452190484369E-008   0.873841827E-006
   0.19104265521971420E-008   0.840800510E-006
   0.19135078853458470E-008   0.805061688E-006
   0.19165892184945521E-008   0.772168676E-006
   0.19196705516432572E-008   0.745870580E-006
   0.19227518847919622E-008   0.722720415E-006
   0.19258332179406673E-008   0.697415601E-006
   0.19289145510893724E-008   0.669696590E-006
   0.19319958842380774E-008   0.643907072E-006
   0.19350772173867825E-008   0.623460892E-006
   0.19381585505354876E-008   0.606625520E-006
   0.19412398836841926E-008   0.588177329E-006
   0.19443212168328977E-008   0.566399081E-006
   0.19474025499816028E-008   0.546056356E-006
   0.19504838831303078E-008   0.531333228E-006
   0.19535652162790129E-008   0.519395769E-006
   0.19566465494277180E-008   0.504951856E-006
   0.19597278825764231E-008   0.487986881E-006
   0.19628092157251281E-008   0.472998892E-006
   0.19658905488738332E-008   0.462386026E-006
   0.19689718820225383E-008   0.453673124E-006
   0.19720532151712433E-008   0.443026977E-006
   0.19751345483199484E-008   0.430202078E-006
   0.19782158814686535E-008   0.418796759E-006
   0.19812972146173585E-008   0.411152570E-006
   0.19843785477660636E-008   0.405141037E-006
   0.19874598809147687E-008   0.397463026E-006
   0.19905412140634737E-008   0.388094094E-006
   0.19936225472121788E-008   0.379729926E-006
   0.19967038803608839E-008   0.374049677E-006
   0.19997852135095889E-008   0.369870634E-006
   0.20028665466582940E-008   0.364777719E-006
   0.20059478798069991E-008   0.358164300E-006
   0.20090292129557041E-008   0.351911353E-006
   0.20121105461044092E-008   0.347684477E-006
   0.20151918792531143E-008   0.344917197E-006
   0.20182732124018193E-008   0.341913847E-006
   0.20213545455505244E-008   0.337673583E-006
   0.20244358786992295E-008   0.332812732E-006
   0.20275172118479345E-008   0.329371176E-006
   0.20305985449966396E-008   0.328342878E-006
   0.20336798781453447E-008   0.327444326E-006
   0.20367612112940497E-008   0.324066463E-006
   0.20398425444427548E-008   0.319693328E-006
   0.20429238775914599E-008   0.317769349E-006
   0.20460052107401649E-008   0.318341279E-006
   0.20490865438888700E-008   0.318287931E-006
   0.20521678770375751E-008   0.315805664E-006
   0.20552492101862802E-008   0.312433343E-006
   0.20583305433349852E-008   0.311172130E-006
   0.20614118764836903E-008   0.312733675E-006
   0.20644932096323954E-008   0.313839308E-006
   0.20675745427811004E-008   0.311577594E-006
   0.20706558759298055E-008   0.308464053E-006
   0.20737372090785106E-008   0.308765692E-006
   0.20768185422272156E-008   0.311422639E-006
   0.20798998753759207E-008   0.312020347E-006
   0.20829812085246258E-008   0.309933824E-006
   0.20860625416733308E-008   0.308490996E-006
   0.20891438748220359E-008   0.309681269E-006
   0.20922252079707410E-008   0.312049679E-006
   0.20953065411194460E-008   0.312825051E-006
   0.20983878742681511E-008   0.311334475E-006
   0.21014692074168562E-008   0.310384763E-006
   0.21045505405655612E-008   0.312408787E-006
   0.21076318737142663E-008   0.315241522E-006
   0.21107132068629714E-008   0.315529377E-006
   0.21137945400116764E-008   0.314345669E-006
   0.21168758731603815E-008   0.314845948E-006
   0.21199572063090866E-008   0.317033511E-006
   0.21230385394577916E-008   0.318865261E-006
   0.21261198726064967E-008   0.319631908E-006
   0.21292012057552018E-008   0.319882133E-006
   0.21322825389039068E-008   0.320534241E-006
   0.21353638720526119E-008   0.322280272E-006
   0.21384452052013170E-008   0.324314868E-006
   0.21415265383500220E-008   0.325339812E-006
   0.21446078714987271E-008   0.325952357E-006
   0.21476892046474322E-008   0.327304349E-006
   0.21507705377961372E-008   0.328894686E-006
   0.21538518709448423E-008   0.330295705E-006
   0.21569332040935474E-008   0.332083118E-006
   0.21600145372422525E-008   0.333699319E-006
   0.21630958703909575E-008   0.334345941E-006
   0.21661772035396626E-008   0.335433896E-006
   0.21692585366883677E-008   0.338026268E-006
   0.21723398698370727E-008   0.340324362E-006
   0.21754212029857778E-008   0.341087372E-006
   0.21785025361344829E-008   0.341826592E-006
   0.21815838692831879E-008   0.343721723E-006
   0.21846652024318930E-008   0.346181906E-006
   0.21877465355805981E-008   0.348401699E-006
   0.21908278687293031E-008   0.349687554E-006
   0.21939092018780082E-008   0.350194966E-006
   0.21969905350267133E-008   0.351825264E-006
   0.22000718681754183E-008   0.355128151E-006
   0.22031532013241234E-008   0.357441564E-006
   0.22062345344728285E-008   0.357729704E-006
   0.22093158676215335E-008   0.358805721E-006
   0.22123972007702386E-008   0.361828882E-006
   0.22154785339189437E-008   0.364436914E-006
   0.22185598670676487E-008   0.365674850E-006
   0.22216412002163538E-008   0.366947404E-006
   0.22247225333650589E-008   0.368777791E-006
   0.22278038665137639E-008   0.371005143E-006
   0.22308851996624690E-008   0.373619599E-006
   0.22339665328111741E-008   0.375562337E-006
   0.22370478659598791E-008   0.376421667E-006
   0.22401291991085842E-008   0.378135610E-006
   0.22432105322572893E-008   0.381261771E-006
   0.22462918654059943E-008   0.383501828E-006
   0.22493731985546994E-008   0.384526771E-006
   0.22524545317034045E-008   0.386502023E-006
   0.22555358648521096E-008   0.389242530E-006
   0.22586171980008146E-008   0.391058990E-006
   0.22616985311495197E-008   0.392675076E-006
   0.22647798642982248E-008   0.395095611E-006
   0.22678611974469298E-008   0.397269332E-006
   0.22709425305956349E-008   0.398934503E-006
   0.22740238637443400E-008   0.401124623E-006
   0.22771051968930450E-008   0.403480897E-006
   0.22801865300417501E-008   0.405382536E-006
   0.22832678631904552E-008   0.407561686E-006
   0.22863491963391602E-008   0.409895989E-006
   0.22894305294878653E-008   0.411554453E-006
   0.22925118626365704E-008   0.413542836E-006
   0.22955931957852754E-008   0.416562898E-006
   0.22986745289339805E-008   0.418837431E-006
   0.23017558620826856E-008   0.419923140E-006
   0.23048371952313906E-008   0.422010629E-006
   0.23079185283800957E-008   0.425246753E-006
   0.23109998615288008E-008   0.427507615E-006
   0.23140811946775058E-008   0.428872823E-006
   0.23171625278262109E-008   0.430931294E-006
   0.23202438609749160E-008   0.433542851E-006
   0.23233251941236210E-008   0.436015654E-006
   0.23264065272723261E-008   0.438383950E-006
   0.23294878604210312E-008   0.440323475E-006
   0.23325691935697362E-008   0.442043444E-006
   0.23356505267184413E-008   0.444719120E-006
   0.23387318598671464E-008   0.447776330E-006
   0.23418131930158514E-008   0.449505592E-006
   0.23448945261645565E-008   0.450854657E-006
   0.23479758593132616E-008   0.453691058E-006
   0.23510571924619666E-008   0.456846323E-006
   0.23541385256106717E-008   0.458666761E-006
   0.23572198587593768E-008   0.460274521E-006
   0.23603011919080819E-008   0.462828922E-006
   0.23633825250567869E-008   0.465551523E-006
   0.23664638582054920E-008   0.467897763E-006
   0.23695451913541971E-008   0.470066027E-006
   0.23726265245029021E-008   0.472059867E-006
   0.23757078576516072E-008   0.474378680E-006
   0.23787891908003123E-008   0.477318906E-006
   0.23818705239490173E-008   0.479691437E-006
   0.23849518570977224E-008   0.481200289E-006
   0.23880331902464275E-008   0.483603685E-006
   0.23911145233951325E-008   0.486985073E-006
   0.23941958565438376E-008   0.489257843E-006
   0.23972771896925427E-008   0.490575701E-006
   0.24003585228412477E-008   0.492971992E-006
   0.24034398559899528E-008   0.496167843E-006
   0.24065211891386579E-008   0.498608472E-006
   0.24096025222873629E-008   0.500532906E-006
   0.24126838554360680E-008   0.502722912E-006
   0.24157651885847731E-008   0.505187359E-006
   0.24188465217334781E-008   0.508005201E-006
   0.24219278548821832E-008   0.510680593E-006
   0.24250091880308883E-008   0.512338374E-006
   0.24280905211795933E-008   0.514113594E-006
   0.24311718543282984E-008   0.517511126E-006
   0.24342531874770035E-008   0.520814638E-006
   0.24373345206257085E-008   0.522156995E-006
   0.24404158537744136E-008   0.523559834E-006
   0.24434971869231187E-008   0.526913084E-006
   0.24465785200718237E-008   0.530294813E-006
   0.24496598532205288E-008   0.532121135E-006
   0.24527411863692339E-008   0.533789716E-006
   0.24558225195179390E-008   0.536337780E-006
   0.24589038526666440E-008   0.539211158E-006
   0.24619851858153491E-008   0.541999555E-006
   0.24650665189640542E-008   0.544265902E-006
   0.24681478521127592E-008   0.545896455E-006
   0.24712291852614643E-008   0.548293485E-006
   0.24743105184101694E-008   0.551883431E-006
   0.24773918515588744E-008   0.554485666E-006
   0.24804731847075795E-008   0.555568477E-006
   0.24835545178562846E-008   0.557745523E-006
   0.24866358510049896E-008   0.561507932E-006
   0.24897171841536947E-008   0.564265974E-006
   0.24927985173023998E-008   0.565657956E-006
   0.24958798504511048E-008   0.567807945E-006
   0.24989611835998099E-008   0.570924271E-006
   0.25020425167485150E-008   0.573633599E-006
   0.25051238498972200E-008   0.575795468E-006
   0.25082051830459251E-008   0.577937612E-006
   0.25112865161946302E-008   0.580321228E-006
   0.25143678493433352E-008   0.583224050E-006
   0.25174491824920403E-008   0.586066790E-006
   0.25205305156407454E-008   0.587878105E-006
   0.25236118487894504E-008   0.589618196E-006
   0.25266931819381555E-008   0.592758056E-006
   0.25297745150868606E-008   0.596067309E-006
   0.25328558482355656E-008   0.597846224E-006
   0.25359371813842707E-008   0.599374232E-006
   0.25390185145329758E-008   0.602313719E-006
   0.25420998476816808E-008   0.605620357E-006
   0.25451811808303859E-008   0.607870845E-006
   0.25482625139790910E-008   0.609585413E-006
   0.25513438471277960E-008   0.611817484E-006
   0.25544251802765011E-008   0.614765725E-006
   0.25575065134252062E-008   0.617779904E-006
   0.25605878465739113E-008   0.619880666E-006
   0.25636691797226163E-008   0.621358424E-006
   0.25667505128713214E-008   0.623898814E-006
   0.25698318460200265E-008   0.627521104E-006
   0.25729131791687315E-008   0.630077579E-006
   0.25759945123174366E-008   0.631298633E-006
   0.25790758454661417E-008   0.633431398E-006
   0.25821571786148467E-008   0.636911295E-006
   0.25852385117635518E-008   0.639734651E-006
   0.25883198449122569E-008   0.641341501E-006
   0.25914011780609619E-008   0.643215344E-006
   0.25944825112096670E-008   0.646055298E-006
   0.25975638443583721E-008   0.649092840E-006
   0.26006451775070771E-008   0.651476910E-006
   0.26037265106557822E-008   0.653194149E-006
   0.26068078438044873E-008   0.655226529E-006
   0.26098891769531923E-008   0.658284307E-006
   0.26129705101018974E-008   0.661307297E-006
   0.26160518432506025E-008   0.663088372E-006
   0.26191331763993075E-008   0.664695335E-006
   0.26222145095480126E-008   0.667590484E-006
   0.26252958426967177E-008   0.670799523E-006
   0.26283771758454227E-008   0.672827639E-006
   0.26314585089941278E-008   0.674412661E-006
   0.26345398421428329E-008   0.676880518E-006
   0.26376211752915379E-008   0.679860364E-006
   0.26407025084402430E-008   0.682348457E-006
   0.26437838415889481E-008   0.684293525E-006
   0.26468651747376531E-008   0.686323347E-006
   0.26499465078863582E-008   0.688906937E-006
   0.26530278410350633E-008   0.691750756E-006
   0.26561091741837684E-008   0.694004996E-006
   0.26591905073324734E-008   0.695698361E-006
   0.26622718404811785E-008   0.697977043E-006
   0.26653531736298836E-008   0.701007593E-006
   0.26684345067785886E-008   0.703474484E-006
   0.26715158399272937E-008   0.705073546E-006
   0.26745971730759988E-008   0.707145318E-006
   0.26776785062247038E-008   0.710110328E-006
   0.26807598393734089E-008   0.712762187E-006
   0.26838411725221140E-008   0.714568841E-006
   0.26869225056708190E-008   0.716447403E-006
   0.26900038388195241E-008   0.719019567E-006
   0.26930851719682292E-008   0.721755384E-006
   0.26961665051169342E-008   0.723961591E-006
   0.26992478382656393E-008   0.725729024E-006
   0.27023291714143444E-008   0.727796248E-006
   0.27054105045630494E-008   0.730527063E-006
   0.27084918377117545E-008   0.733203933E-006
   0.27115731708604596E-008   0.735059928E-006
   0.27146545040091646E-008   0.736715663E-006
   0.27177358371578697E-008   0.739229165E-006
   0.27208171703065748E-008   0.742138241E-006
   0.27238985034552798E-008   0.744233319E-006
   0.27269798366039849E-008   0.745783723E-006
   0.27300611697526900E-008   0.748007608E-006
   0.27331425029013950E-008   0.750841139E-006
   0.27362238360501001E-008   0.753171719E-006
   0.27393051691988052E-008   0.754835469E-006
   0.27423865023475102E-008   0.756721818E-006
   0.27454678354962153E-008   0.759233615E-006
   0.27485491686449204E-008   0.761826925E-006
   0.27516305017936254E-008   0.763912340E-006
   0.27547118349423305E-008   0.765639356E-006
   0.27577931680910356E-008   0.767704023E-006
   0.27608745012397407E-008   0.770296253E-006
   0.27639558343884457E-008   0.772642068E-006
   0.27670371675371508E-008   0.774300133E-006
   0.27701185006858559E-008   0.776127877E-006
   0.27731998338345609E-008   0.778760807E-006
   0.27762811669832660E-008   0.781299093E-006
   0.27793625001319711E-008   0.782959773E-006
   0.27824438332806761E-008   0.784565827E-006
   0.27855251664293812E-008   0.786959106E-006
   0.27886064995780863E-008   0.789543549E-006
   0.27916878327267913E-008   0.791545119E-006
   0.27947691658754964E-008   0.793223592E-006
   0.27978504990242015E-008   0.795178437E-006
   0.28009318321729065E-008   0.797525331E-006
   0.28040131653216116E-008   0.799859777E-006
   0.28070944984703167E-008   0.801692693E-006
   0.28101758316190217E-008   0.803290391E-006
   0.28132571647677268E-008   0.805496029E-006
   0.28163384979164319E-008   0.808113555E-006
   0.28194198310651369E-008   0.810009567E-006
   0.28225011642138420E-008   0.811350446E-006
   0.28255824973625471E-008   0.813421423E-006
   0.28286638305112521E-008   0.816076238E-006
   0.28317451636599572E-008   0.818079172E-006
   0.28348264968086623E-008   0.819544653E-006
   0.28379078299573673E-008   0.821448509E-006
   0.28409891631060724E-008   0.823730829E-006
   0.28440704962547775E-008   0.825821928E-006
   0.28471518294034825E-008   0.827666213E-006
   0.28502331625521876E-008   0.829368673E-006
   0.28533144957008927E-008   0.831196587E-006
   0.28563958288495978E-008   0.833499598E-006
   0.28594771619983028E-008   0.835730191E-006
   0.28625584951470079E-008   0.837168102E-006
   0.28656398282957130E-008   0.838633753E-006
   0.28687211614444180E-008   0.841053520E-006
   0.28718024945931231E-008   0.843418320E-006
   0.28748838277418282E-008   0.844802969E-006
   0.28779651608905332E-008   0.846261514E-006
   0.28810464940392383E-008   0.848524678E-006
   0.28841278271879434E-008   0.850666197E-006
   0.28872091603366484E-008   0.852267419E-006
   0.28902904934853535E-008   0.853955726E-006
   0.28933718266340586E-008   0.855835879E-006
   0.28964531597827636E-008   0.857735586E-006
   0.28995344929314687E-008   0.859776435E-006
   0.29026158260801738E-008   0.861575757E-006
   0.29056971592288788E-008   0.862910326E-006
   0.29087784923775839E-008   0.864697085E-006
   0.29118598255262890E-008   0.867122310E-006
   0.29149411586749940E-008   0.868880534E-006
   0.29180224918236991E-008   0.869942937E-006
   0.29211038249724042E-008   0.871773011E-006
   0.29241851581211092E-008   0.874183343E-006
   0.29272664912698143E-008   0.875805540E-006
   0.29303478244185194E-008   0.877004595E-006
   0.29334291575672244E-008   0.878835067E-006
   0.29365104907159295E-008   0.880900757E-006
   0.29395918238646346E-008   0.882621293E-006
   0.29426731570133396E-008   0.884222516E-006
   0.29457544901620447E-008   0.885738928E-006
   0.29488358233107498E-008   0.887286546E-006
   0.29519171564594548E-008   0.889322109E-006
   0.29549984896081599E-008   0.891298839E-006
   0.29580798227568650E-008   0.892442927E-006
   0.29611611559055701E-008   0.893714969E-006
   0.29642424890542751E-008   0.895963240E-006
   0.29673238222029802E-008   0.897941732E-006
   0.29704051553516853E-008   0.898969915E-006
   0.29734864885003903E-008   0.900374289E-006
   0.29765678216490954E-008   0.902511147E-006
   0.29796491547978005E-008   0.904219689E-006
   0.29827304879465055E-008   0.905475986E-006
   0.29858118210952106E-008   0.907005756E-006
   0.29888931542439157E-008   0.908606637E-006
   0.29919744873926207E-008   0.910211782E-006
   0.29950558205413258E-008   0.912101200E-006
   0.29981371536900309E-008   0.913611245E-006
   0.30012184868387359E-008   0.914544557E-006
   0.30042998199874410E-008   0.916174088E-006
   0.30073811531361461E-008   0.918464821E-006
   0.30104624862848511E-008   0.919806553E-006
   0.30135438194335562E-008   0.920561661E-006
   0.30166251525822613E-008   0.922345407E-006
   0.30197064857309663E-008   0.924473909E-006
   0.30227878188796714E-008   0.925622430E-006
   0.30258691520283765E-008   0.926641746E-006
   0.30289504851770815E-008   0.928344207E-006
   0.30320318183257866E-008   0.929977375E-006
   0.30351131514744917E-008   0.931369300E-006
   0.30381944846231967E-008   0.932916123E-006
   0.30412758177719018E-008   0.934176057E-006
   0.30443571509206069E-008   0.935289336E-006
   0.30474384840693119E-008   0.937129983E-006
   0.30505198172180170E-008   0.938954315E-006
   0.30536011503667221E-008   0.939730512E-006
   0.30566824835154272E-008   0.940729421E-006
   0.30597638166641322E-008   0.942853603E-006
   0.30628451498128373E-008   0.944508599E-006
   0.30659264829615424E-008   0.945120917E-006
   0.30690078161102474E-008   0.946299508E-006
   0.30720891492589525E-008   0.948224397E-006
   0.30751704824076576E-008   0.949644914E-006
   0.30782518155563626E-008   0.950733750E-006
   0.30813331487050677E-008   0.952074174E-006
   0.30844144818537728E-008   0.953252027E-006
   0.30874958150024778E-008   0.954470352E-006
   0.30905771481511829E-008   0.956186227E-006
   0.30936584812998880E-008   0.957496127E-006
   0.30967398144485930E-008   0.958158466E-006
   0.30998211475972981E-008   0.959571025E-006
   0.31029024807460032E-008   0.961573846E-006
   0.31059838138947082E-008   0.962541094E-006
   0.31090651470434133E-008   0.963039838E-006
   0.31121464801921184E-008   0.964601441E-006
   0.31152278133408234E-008   0.966412131E-006
   0.31183091464895285E-008   0.967358346E-006
   0.31213904796382336E-008   0.968259542E-006
   0.31244718127869386E-008   0.969597522E-006
   0.31275531459356437E-008   0.970798624E-006
   0.31306344790843488E-008   0.972048724E-006
   0.31337158122330538E-008   0.973464807E-006
   0.31367971453817589E-008   0.974334739E-006
   0.31398784785304640E-008   0.975118155E-006
   0.31429598116791690E-008   0.976787533E-006
   0.31460411448278741E-008   0.978312528E-006
   0.31491224779765792E-008   0.978758635E-006
   0.31522038111252842E-008   0.979582069E-006
   0.31552851442739893E-008   0.981446533E-006
   0.31583664774226944E-008   0.982744268E-006
   0.31614478105713995E-008   0.983203336E-006
   0.31645291437201045E-008   0.984236749E-006
   0.31676104768688096E-008   0.985724682E-006
   0.31706918100175147E-008   0.986757527E-006
   0.31737731431662197E-008   0.987727049E-006
   0.31768544763149248E-008   0.988853230E-006
   0.31799358094636299E-008   0.989688715E-006
   0.31830171426123349E-008   0.990735657E-006
   0.31860984757610400E-008   0.992259857E-006
   0.31891798089097451E-008   0.993155140E-006
   0.31922611420584501E-008   0.993508024E-006
   0.31953424752071552E-008   0.994781999E-006
   0.31984238083558603E-008   0.996491622E-006
   0.32015051415045653E-008   0.997141228E-006
   0.32045864746532704E-008   0.997532084E-006
   0.32076678078019755E-008   0.998871769E-006
   0.32107491409506805E-008   0.100022476E-005
   0.32138304740993856E-008   0.100089085E-005
   0.32169118072480907E-008   0.100169314E-005
   0.32199931403967957E-008   0.100275042E-005
   0.32230744735455008E-008   0.100360091E-005
   0.32261558066942059E-008   0.100463728E-005
   0.32292371398429109E-008   0.100579427E-005
   0.32323184729916160E-008   0.100636112E-005
   0.32353998061403211E-008   0.100698389E-005
   0.32384811392890261E-008   0.100845273E-005
   0.32415624724377312E-008   0.100963143E-005
   0.32446438055864363E-008   0.100985551E-005
   0.32477251387351413E-008   0.101050432E-005
   0.32508064718838464E-008   0.101196292E-005
   0.32538878050325515E-008   0.101292426E-005
   0.32569691381812566E-008   0.101335104E-005
   0.32600504713299616E-008   0.101420108E-005
   0.32631318044786667E-008   0.101521846E-005
   0.32662131376273718E-008   0.101597789E-005
   0.32692944707760768E-008   0.101685691E-005
   0.32723758039247819E-008   0.101768421E-005
   0.32754571370734870E-008   0.101817670E-005
   0.32785384702221920E-008   0.101905744E-005
   0.32816198033708971E-008   0.102035108E-005
   0.32847011365196022E-008   0.102095464E-005
   0.32877824696683072E-008   0.102116053E-005
   0.32908638028170123E-008   0.102217984E-005
   0.32939451359657174E-008   0.102343097E-005
   0.32970264691144224E-008   0.102386844E-005
   0.33001078022631275E-008   0.102425781E-005
   0.33031891354118326E-008   0.102529543E-005
   0.33062704685605376E-008   0.102621868E-005
   0.33093518017092427E-008   0.102674380E-005
   0.33124331348579478E-008   0.102740330E-005
   0.33155144680066528E-008   0.102810100E-005
   0.33185958011553579E-008   0.102872150E-005
   0.33216771343040630E-008   0.102963565E-005
   0.33247584674527680E-008   0.103046602E-005
   0.33278398006014731E-008   0.103072193E-005
   0.33309211337501782E-008   0.103121033E-005
   0.33340024668988832E-008   0.103237824E-005
   0.33370838000475883E-008   0.103316779E-005
   0.33401651331962934E-008   0.103331615E-005
   0.33432464663449984E-008   0.103390016E-005
   0.33463277994937035E-008   0.103493414E-005
   0.33494091326424086E-008   0.103553418E-005
   0.33524904657911136E-008   0.103589036E-005
   0.33555717989398187E-008   0.103652644E-005
   0.33586531320885238E-008   0.103718025E-005
   0.33617344652372289E-008   0.103778666E-005
   0.33648157983859339E-008   0.103853358E-005
   0.33678971315346390E-008   0.103903358E-005
   0.33709784646833441E-008   0.103928119E-005
   0.33740597978320491E-008   0.104000412E-005
   0.33771411309807542E-008   0.104097205E-005
   0.33802224641294593E-008   0.104129879E-005
   0.33833037972781643E-008   0.104142237E-005
   0.33863851304268694E-008   0.104218418E-005
   0.33894664635755745E-008   0.104303138E-005
   0.33925477967242795E-008   0.104334129E-005
   0.33956291298729846E-008   0.104366563E-005
   0.33987104630216897E-008   0.104433843E-005
   0.34017917961703947E-008   0.104494438E-005
   0.34048731293190998E-008   0.104540300E-005
   0.34079544624678049E-008   0.104585263E-005
   0.34110357956165099E-008   0.104619482E-005
   0.34141171287652150E-008   0.104664502E-005
   0.34171984619139201E-008   0.104738740E-005
   0.34202797950626251E-008   0.104788558E-005
   0.34233611282113302E-008   0.104797198E-005
   0.34264424613600353E-008   0.104838989E-005
   0.34295237945087403E-008   0.104920741E-005
   0.34326051276574454E-008   0.104963112E-005
   0.34356864608061505E-008   0.104972867E-005
   0.34387677939548555E-008   0.105019842E-005
   0.34418491271035606E-008   0.105086156E-005
   0.34449304602522657E-008   0.105122012E-005
   0.34480117934009707E-008   0.105147149E-005
   0.34510931265496758E-008   0.105185313E-005
   0.34541744596983809E-008   0.105225536E-005
   0.34572557928470860E-008   0.105271715E-005
   0.34603371259957910E-008   0.105319543E-005
   0.34634184591444961E-008   0.105342428E-005
   0.34664997922932012E-008   0.105360323E-005
   0.34695811254419062E-008   0.105411607E-005
   0.34726624585906113E-008   0.105464528E-005
   0.34757437917393164E-008   0.105481786E-005
   0.34788251248880214E-008   0.105501840E-005
   0.34819064580367265E-008   0.105552533E-005
   0.34849877911854316E-008   0.105594745E-005
   0.34880691243341366E-008   0.105609627E-005
   0.34911504574828417E-008   0.105627510E-005
   0.34942317906315468E-008   0.105663503E-005
   0.34973131237802518E-008   0.105706761E-005
   0.35003944569289569E-008   0.105743072E-005
   0.35034757900776620E-008   0.105760023E-005
   0.35065571232263670E-008   0.105772676E-005
   0.35096384563750721E-008   0.105811273E-005
   0.35127197895237772E-008   0.105856589E-005
   0.35158011226724822E-008   0.105869310E-005
   0.35188824558211873E-008   0.105874562E-005
   0.35219637889698924E-008   0.105913193E-005
   0.35250451221185974E-008   0.105957088E-005
   0.35281264552673025E-008   0.105969184E-005
   0.35312077884160076E-008   0.105972151E-005
   0.35342891215647126E-008   0.105995127E-005
   0.35373704547134177E-008   0.106030780E-005
   0.35404517878621228E-008   0.106062123E-005
   0.35435331210108278E-008   0.106076868E-005
   0.35466144541595329E-008   0.106079438E-005
   0.35496957873082380E-008   0.106099094E-005
   0.35527771204569430E-008   0.106138145E-005
   0.35558584536056481E-008   0.106155926E-005
   0.35589397867543532E-008   0.106150981E-005
   0.35620211199030583E-008   0.106169546E-005
   0.35651024530517633E-008   0.106209154E-005
   0.35681837862004684E-008   0.106224832E-005
   0.35712651193491735E-008   0.106220011E-005
   0.35743464524978785E-008   0.106229277E-005
   0.35774277856465836E-008   0.106254038E-005
   0.35805091187952887E-008   0.106278014E-005
   0.35835904519439937E-008   0.106291236E-005
   0.35866717850926988E-008   0.106289758E-005
   0.35897531182414039E-008   0.106294669E-005
   0.35928344513901089E-008   0.106324353E-005
   0.35959157845388140E-008   0.106344703E-005
   0.35989971176875191E-008   0.106331493E-005
   0.36020784508362241E-008   0.106330640E-005
   0.36051597839849292E-008   0.106364018E-005
   0.36082411171336343E-008   0.106379844E-005
   0.36113224502823393E-008   0.106364757E-005
   0.36144037834310444E-008   0.106366804E-005
   0.36174851165797495E-008   0.106389530E-005
   0.36205664497284545E-008   0.106400557E-005
   0.36236477828771596E-008   0.106404389E-005
   0.36267291160258647E-008   0.106407958E-005
   0.36298104491745697E-008   0.106401535E-005
   0.36328917823232748E-008   0.106404923E-005
   0.36359731154719799E-008   0.106426114E-005
   0.36390544486206849E-008   0.106424613E-005
   0.36421357817693900E-008   0.106404775E-005
   0.36452171149180951E-008   0.106420237E-005
   0.36482984480668001E-008   0.106448363E-005
   0.36513797812155052E-008   0.106430412E-005
   0.36544611143642103E-008   0.106403809E-005
   0.36575424475129154E-008   0.106421328E-005
   0.36606237806616204E-008   0.106441166E-005
   0.36637051138103255E-008   0.106428445E-005
   0.36667864469590306E-008   0.106418406E-005
   0.36698677801077356E-008   0.106421442E-005
   0.36729491132564407E-008   0.106417713E-005
   0.36760304464051458E-008   0.106418224E-005
   0.36791117795538508E-008   0.106419941E-005
   0.36821931127025559E-008   0.106400239E-005
   0.36852744458512610E-008   0.106389814E-005
   0.36883557789999660E-008   0.106412392E-005
   0.36914371121486711E-008   0.106411744E-005
   0.36945184452973762E-008   0.106371544E-005
   0.36975997784460812E-008   0.106362688E-005
   0.37006811115947863E-008   0.106388461E-005
   0.37037624447434914E-008   0.106379787E-005
   0.37068437778921964E-008   0.106347613E-005
   0.37099251110409015E-008   0.106343123E-005
   0.37130064441896066E-008   0.106345078E-005
   0.37160877773383116E-008   0.106330913E-005
   0.37191691104870167E-008   0.106323387E-005
   0.37222504436357218E-008   0.106313485E-005
   0.37253317767844268E-008   0.106289679E-005
   0.37284131099331319E-008   0.106289087E-005
   0.37314944430818370E-008   0.106300104E-005
   0.37345757762305420E-008   0.106265884E-005
   0.37376571093792471E-008   0.106225400E-005
   0.37407384425279522E-008   0.106242453E-005
   0.37438197756766572E-008   0.106255948E-005
   0.37469011088253623E-008   0.106209791E-005
   0.37499824419740674E-008   0.106174900E-005
   0.37530637751227724E-008   0.106187622E-005
   0.37561451082714775E-008   0.106183290E-005
   0.37592264414201826E-008   0.106150799E-005
   0.37623077745688877E-008   0.106133041E-005
   0.37653891077175927E-008   0.106119160E-005
   0.37684704408662978E-008   0.106099731E-005
   0.37715517740150029E-008   0.106096888E-005
   0.37746331071637079E-008   0.106079983E-005
   0.37777144403124130E-008   0.106028676E-005
   0.37807957734611181E-008   0.106011009E-005
   0.37838771066098231E-008   0.106036430E-005
   0.37869584397585282E-008   0.106013078E-005
   0.37900397729072333E-008   0.105947845E-005
   0.37931211060559383E-008   0.105935464E-005
   0.37962024392046434E-008   0.105951790E-005
   0.37992837723533485E-008   0.105919230E-005
   0.38023651055020535E-008   0.105872789E-005
   0.38054464386507586E-008   0.105858783E-005
   0.38085277717994637E-008   0.105845288E-005
   0.38116091049481687E-008   0.105824768E-005
   0.38146904380968738E-008   0.105809829E-005
   0.38177717712455789E-008   0.105769800E-005
   0.38208531043942839E-008   0.105722904E-005
   0.38239344375429890E-008   0.105728884E-005
   0.38270157706916941E-008   0.105736171E-005
   0.38300971038403991E-008   0.105671904E-005
   0.38331784369891042E-008   0.105613378E-005
   0.38362597701378093E-008   0.105626702E-005
   0.38393411032865143E-008   0.105623201E-005
   0.38424224364352194E-008   0.105560991E-005
   0.38455037695839245E-008   0.105523873E-005
   0.38485851027326295E-008   0.105523316E-005
   0.38516664358813346E-008   0.105497293E-005
   0.38547477690300397E-008   0.105458093E-005
   0.38578291021787448E-008   0.105429194E-005
   0.38609104353274498E-008   0.105387721E-005
   0.38639917684761549E-008   0.105358833E-005
   0.38670731016248600E-008   0.105363063E-005
   0.38701544347735650E-008   0.105329593E-005
   0.38732357679222701E-008   0.105251547E-005
   0.38763171010709752E-008   0.105229378E-005
   0.38793984342196802E-008   0.105248273E-005
   0.38824797673683853E-008   0.105200650E-005
   0.38855611005170904E-008   0.105123945E-005
   0.38886424336657954E-008   0.105110928E-005
   0.38917237668145005E-008   0.105110644E-005
   0.38948050999632056E-008   0.105062554E-005
   0.38978864331119106E-008   0.105014033E-005
   0.39009677662606157E-008   0.104982655E-005
   0.39040490994093208E-008   0.104943524E-005
   0.39071304325580258E-008   0.104922833E-005
   0.39102117657067309E-008   0.104909361E-005
   0.39132930988554360E-008   0.104843491E-005
   0.39163744320041410E-008   0.104776984E-005
   0.39194557651528461E-008   0.104784431E-005
   0.39225370983015512E-008   0.104779599E-005
   0.39256184314502562E-008   0.104694516E-005
   0.39286997645989613E-008   0.104634785E-005
   0.39317810977476664E-008   0.104644278E-005
   0.39348624308963714E-008   0.104617652E-005
   0.39379437640450765E-008   0.104542266E-005
   0.39410250971937816E-008   0.104501487E-005
   0.39441064303424866E-008   0.104482001E-005
   0.39471877634911917E-008   0.104442154E-005
   0.39502690966398968E-008   0.104407684E-005
   0.39533504297886018E-008   0.104367189E-005
   0.39564317629373069E-008   0.104298886E-005
   0.39595130960860120E-008   0.104265746E-005
   0.39625944292347171E-008   0.104270578E-005
   0.39656757623834221E-008   0.104213768E-005
   0.39687570955321272E-008   0.104121136E-005
   0.39718384286808323E-008   0.104105607E-005
   0.39749197618295373E-008   0.104111734E-005
   0.39780010949782424E-008   0.104037690E-005
   0.39810824281269475E-008   0.103957882E-005
   0.39841637612756525E-008   0.103943296E-005
   0.39872450944243576E-008   0.103921388E-005
   0.39903264275730627E-008   0.103865057E-005
   0.39934077607217677E-008   0.103821196E-005
   0.39964890938704728E-008   0.103769514E-005
   0.39995704270191779E-008   0.103705918E-005
   0.40026517601678829E-008   0.103688626E-005
   0.40057330933165880E-008   0.103672596E-005
   0.40088144264652931E-008   0.103582772E-005
   0.40118957596139981E-008   0.103509774E-005
   0.40149770927627032E-008   0.103521643E-005
   0.40180584259114083E-008   0.103495745E-005
   0.40211397590601133E-008   0.103388675E-005
   0.40242210922088184E-008   0.103332070E-005
   0.40273024253575235E-008   0.103337959E-005
   0.40303837585062285E-008   0.103293803E-005
   0.40334650916549336E-008   0.103214870E-005
   0.40365464248036387E-008   0.103168202E-005
   0.40396277579523437E-008   0.103123193E-005
   0.40427090911010488E-008   0.103073751E-005
   0.40457904242497539E-008   0.103049263E-005
   0.40488717573984589E-008   0.102994909E-005
   0.40519530905471640E-008   0.102900970E-005
   0.40550344236958691E-008   0.102869194E-005
   0.40581157568445742E-008   0.102876288E-005
   0.40611970899932792E-008   0.102796650E-005
   0.40642784231419843E-008   0.102689273E-005
   0.40673597562906894E-008   0.102676404E-005
   0.40704410894393944E-008   0.102674289E-005
   0.40735224225880995E-008   0.102588695E-005
   0.40766037557368046E-008   0.102506726E-005
   0.40796850888855096E-008   0.102476542E-005
   0.40827664220342147E-008   0.102432296E-005
   0.40858477551829198E-008   0.102378249E-005
   0.40889290883316248E-008   0.102339663E-005
   0.40920104214803299E-008   0.102269644E-005
   0.40950917546290350E-008   0.102193906E-005
   0.40981730877777400E-008   0.102179422E-005
   0.41012544209264451E-008   0.102147908E-005
   0.41043357540751502E-008   0.102037325E-005
   0.41074170872238552E-008   0.101968396E-005
   0.41104984203725603E-008   0.101980186E-005
   0.41135797535212654E-008   0.101933290E-005
   0.41166610866699704E-008   0.101820126E-005
   0.41197424198186755E-008   0.101767296E-005
   0.41228237529673806E-008   0.101751993E-005
   0.41259050861160856E-008   0.101689136E-005
   0.41289864192647907E-008   0.101621072E-005
   0.41320677524134958E-008   0.101573039E-005
   0.41351490855622008E-008   0.101502610E-005
   0.41382304187109059E-008   0.101447722E-005
   0.41413117518596110E-008   0.101428861E-005
   0.41443930850083160E-008   0.101355579E-005
   0.41474744181570211E-008   0.101246064E-005
   0.41505557513057262E-008   0.101222759E-005
   0.41536370844544312E-008   0.101223941E-005
   0.41567184176031363E-008   0.101122623E-005
   0.41597997507518414E-008   0.101013586E-005
   0.41628810839005465E-008   0.101000694E-005
   0.41659624170492515E-008   0.100977661E-005
   0.41690437501979566E-008   0.100884836E-005
   0.41721250833466617E-008   0.100813486E-005
   0.41752064164953667E-008   0.100770978E-005
   0.41782877496440718E-008   0.100705677E-005
   0.41813690827927769E-008   0.100655143E-005
   0.41844504159414819E-008   0.100614147E-005
   0.41875317490901870E-008   0.100519981E-005
   0.41906130822388921E-008   0.100440354E-005
   0.41936944153875971E-008   0.100438854E-005
   0.41967757485363022E-008   0.100394345E-005
   0.41998570816850073E-008   0.100263117E-005
   0.42029384148337123E-008   0.100196144E-005
   0.42060197479824174E-008   0.100204500E-005
   0.42091010811311225E-008   0.100140051E-005
   0.42121824142798275E-008   0.100026386E-005
   0.42152637474285326E-008   0.999767508E-006
   0.42183450805772377E-008   0.999419399E-006
   0.42214264137259427E-008   0.998665655E-006
   0.42245077468746478E-008   0.998063456E-006
   0.42275890800233529E-008   0.997515258E-006
   0.42306704131720579E-008   0.996634867E-006
   0.42337517463207630E-008   0.996102017E-006
   0.42368330794694681E-008   0.995920573E-006
   0.42399144126181731E-008   0.995012670E-006
   0.42429957457668782E-008   0.993848744E-006
   0.42460770789155833E-008   0.993643312E-006
   0.42491584120642883E-008   0.993522690E-006
   0.42522397452129934E-008   0.992419587E-006
   0.42553210783616985E-008   0.991412435E-006
   0.42584024115104036E-008   0.991181992E-006
   0.42614837446591086E-008   0.990708372E-006
   0.42645650778078137E-008   0.989810815E-006
   0.42676464109565188E-008   0.989184855E-006
   0.42707277441052238E-008   0.988560032E-006
   0.42738090772539289E-008   0.987787075E-006
   0.42768904104026340E-008   0.987415092E-006
   0.42799717435513390E-008   0.986932491E-006
   0.42830530767000441E-008   0.985728889E-006
   0.42861344098487492E-008   0.984923417E-006
   0.42892157429974542E-008   0.984986627E-006
   0.42922970761461593E-008   0.984420581E-006
   0.42953784092948644E-008   0.983047812E-006
   0.42984597424435694E-008   0.982413439E-006
   0.43015410755922745E-008   0.982332608E-006
   0.43046224087409796E-008   0.981536687E-006
   0.43077037418896846E-008   0.980513505E-006
   0.43107850750383897E-008   0.980011805E-006
   0.43138664081870948E-008   0.979429956E-006
   0.43169477413357998E-008   0.978665867E-006
   0.43200290744845049E-008   0.978193611E-006
   0.43231104076332100E-008   0.977479090E-006
   0.43261917407819150E-008   0.976383944E-006
   0.43292730739306201E-008   0.975919306E-006
   0.43323544070793252E-008   0.975775265E-006
   0.43354357402280302E-008   0.974730369E-006
   0.43385170733767353E-008   0.973531201E-006
   0.43415984065254404E-008   0.973314513E-006
   0.43446797396741454E-008   0.973038709E-006
   0.43477610728228505E-008   0.971894337E-006
   0.43508424059715556E-008   0.970986093E-006
   0.43539237391202606E-008   0.970664701E-006
   0.43570050722689657E-008   0.970035103E-006
   0.43600864054176708E-008   0.969184498E-006
   0.43631677385663759E-008   0.968546033E-006
   0.43662490717150809E-008   0.967728738E-006
   0.43693304048637860E-008   0.966923380E-006
   0.43724117380124911E-008   0.966641551E-006
   0.43754930711611961E-008   0.966074026E-006
   0.43785744043099012E-008   0.964779474E-006
   0.43816557374586063E-008   0.964004130E-006
   0.43847370706073113E-008   0.963952857E-006
   0.43878184037560164E-008   0.963225261E-006
   0.43908997369047215E-008   0.961946853E-006
   0.43939810700534265E-008   0.961377054E-006
   0.43970624032021316E-008   0.961091928E-006
   0.44001437363508367E-008   0.960216425E-006
   0.44032250694995417E-008   0.959302838E-006
   0.44063064026482468E-008   0.958688815E-006
   0.44093877357969519E-008   0.957924499E-006
   0.44124690689456569E-008   0.957259886E-006
   0.44155504020943620E-008   0.956844019E-006
   0.44186317352430671E-008   0.955935320E-006
   0.44217130683917721E-008   0.954788220E-006
   0.44247944015404772E-008   0.954415327E-006
   0.44278757346891823E-008   0.954155212E-006
   0.44309570678378873E-008   0.952997027E-006
   0.44340384009865924E-008   0.951899608E-006
   0.44371197341352975E-008   0.951637787E-006
   0.44402010672840025E-008   0.951156665E-006
   0.44432824004327076E-008   0.950054130E-006
   0.44463637335814127E-008   0.949229900E-006
   0.44494450667301177E-008   0.948701597E-006
   0.44525263998788228E-008   0.947966271E-006
   0.44556077330275279E-008   0.947298076E-006
   0.44586890661762330E-008   0.946652392E-006
   0.44617703993249380E-008   0.945620627E-006
   0.44648517324736431E-008   0.944800831E-006
   0.44679330656223482E-008   0.944548503E-006
   0.44710143987710532E-008   0.943839439E-006
   0.44740957319197583E-008   0.942537554E-006
   0.44771770650684634E-008   0.941878682E-006
   0.44802583982171684E-008   0.941707640E-006
   0.44833397313658735E-008   0.940825885E-006
   0.44864210645145786E-008   0.939628137E-006
   0.44895023976632836E-008   0.939034010E-006
   0.44925837308119887E-008   0.938562039E-006
   0.44956650639606938E-008   0.937749860E-006
   0.44987463971093988E-008   0.936981621E-006
   0.45018277302581039E-008   0.936195249E-006
   0.45049090634068090E-008   0.935259663E-006
   0.45079903965555140E-008   0.934685772E-006
   0.45110717297042191E-008   0.934262346E-006
   0.45141530628529242E-008   0.933223703E-006
   0.45172343960016292E-008   0.932141177E-006
   0.45203157291503343E-008   0.931800287E-006
   0.45233970622990394E-008   0.931339400E-006
   0.45264783954477444E-008   0.930136196E-006
   0.45295597285964495E-008   0.929170596E-006
   0.45326410617451546E-008   0.928803559E-006
   0.45357223948938596E-008   0.928181976E-006
   0.45388037280425647E-008   0.927226665E-006
   0.45418850611912698E-008   0.926435860E-006
   0.45449663943399748E-008   0.925660402E-006
   0.45480477274886799E-008   0.924885626E-006
   0.45511290606373850E-008   0.924364031E-006
   0.45542103937860900E-008   0.923622110E-006
   0.45572917269347951E-008   0.922461027E-006
   0.45603730600835002E-008   0.921741446E-006
   0.45634543932322053E-008   0.921480819E-006
   0.45665357263809103E-008   0.920613161E-006
   0.45696170595296154E-008   0.919352033E-006
   0.45726983926783205E-008   0.918749436E-006
   0.45757797258270255E-008   0.918410308E-006
   0.45788610589757306E-008   0.917500358E-006
   0.45819423921244357E-008   0.916466661E-006
   0.45850237252731407E-008   0.915776752E-006
   0.45881050584218458E-008   0.915098212E-006
   0.45911863915705509E-008   0.914378859E-006
   0.45942677247192559E-008   0.913699125E-006
   0.45973490578679610E-008   0.912753194E-006
   0.46004303910166661E-008   0.911790494E-006
   0.46035117241653711E-008   0.911328470E-006
   0.46065930573140762E-008   0.910788060E-006
   0.46096743904627813E-008   0.909617825E-006
   0.46127557236114863E-008   0.908636650E-006
   0.46158370567601914E-008   0.908284790E-006
   0.46189183899088965E-008   0.907674746E-006
   0.46219997230576015E-008   0.906558682E-006
   0.46250810562063066E-008   0.905686363E-006
   0.46281623893550117E-008   0.905103207E-006
   0.46312437225037167E-008   0.904373564E-006
   0.46343250556524218E-008   0.903594923E-006
   0.46374063888011269E-008   0.902797694E-006
   0.46404877219498319E-008   0.901858300E-006
   0.46435690550985370E-008   0.901143551E-006
   0.46466503882472421E-008   0.900669363E-006
   0.46497317213959471E-008   0.899762028E-006
   0.46528130545446522E-008   0.898600888E-006
   0.46558943876933573E-008   0.898017447E-006
   0.46589757208420624E-008   0.897633697E-006
   0.46620570539907674E-008   0.896638483E-006
   0.46651383871394725E-008   0.895525488E-006
   0.46682197202881776E-008   0.894919140E-006
   0.46713010534368826E-008   0.894351672E-006
   0.46743823865855877E-008   0.893495212E-006
   0.46774637197342928E-008   0.892642504E-006
   0.46805450528829978E-008   0.891802472E-006
   0.46836263860317029E-008   0.890970171E-006
   0.46867077191804080E-008   0.890381898E-006
   0.46897890523291130E-008   0.889705689E-006
   0.46928703854778181E-008   0.888601051E-006
   0.46959517186265232E-008   0.887711394E-006
   0.46990330517752282E-008   0.887342765E-006
   0.47021143849239333E-008   0.886641601E-006
   0.47051957180726384E-008   0.885422253E-006
   0.47082770512213434E-008   0.884568863E-006
   0.47113583843700485E-008   0.884119686E-006
   0.47144397175187536E-008   0.883368784E-006
   0.47175210506674586E-008   0.882402560E-006
   0.47206023838161637E-008   0.881598112E-006
   0.47236837169648688E-008   0.880822199E-006
   0.47267650501135738E-008   0.880083576E-006
   0.47298463832622789E-008   0.879440449E-006
   0.47329277164109840E-008   0.878526180E-006
   0.47360090495596890E-008   0.877462185E-006
   0.47390903827083941E-008   0.876871695E-006
   0.47421717158570992E-008   0.876417175E-006
   0.47452530490058042E-008   0.875377680E-006
   0.47483343821545093E-008   0.874266789E-006
   0.47514157153032144E-008   0.873722797E-006
   0.47544970484519194E-008   0.873167210E-006
   0.47575783816006245E-008   0.872181772E-006
   0.47606597147493296E-008   0.871265740E-006
   0.47637410478980347E-008   0.870559916E-006
   0.47668223810467397E-008   0.869784628E-006
   0.47699037141954448E-008   0.869044811E-006
   0.47729850473441499E-008   0.868298685E-006
   0.47760663804928549E-008   0.867303413E-006
   0.47791477136415600E-008   0.866453604E-006
   0.47822290467902651E-008   0.865987317E-006
   0.47853103799389701E-008   0.865208222E-006
   0.47883917130876752E-008   0.863999219E-006
   0.47914730462363803E-008   0.863231151E-006
   0.47945543793850853E-008   0.862851721E-006
   0.47976357125337904E-008   0.862005209E-006
   0.48007170456824955E-008   0.860892214E-006
   0.48037983788312005E-008   0.860151431E-006
   0.48068797119799056E-008   0.859506940E-006
   0.48099610451286107E-008   0.858674753E-006
   0.48130423782773157E-008   0.857890996E-006
   0.48161237114260208E-008   0.857054431E-006
   0.48192050445747259E-008   0.856100428E-006
   0.48222863777234309E-008   0.855452242E-006
   0.48253677108721360E-008   0.854904329E-006
   0.48284490440208411E-008   0.853843915E-006
   0.48315303771695461E-008   0.852766391E-006
   0.48346117103182512E-008   0.852304595E-006
   0.48376930434669563E-008   0.851750315E-006
   0.48407743766156613E-008   0.850606170E-006
   0.48438557097643664E-008   0.849645915E-006
   0.48469370429130715E-008   0.849123865E-006
   0.48500183760617765E-008   0.848383593E-006
   0.48530997092104816E-008   0.847435786E-006
   0.48561810423591867E-008   0.846653052E-006
   0.48592623755078918E-008   0.845830414E-006
   0.48623437086565968E-008   0.844987653E-006
   0.48654250418053019E-008   0.844391025E-006
   0.48685063749540070E-008   0.843606642E-006
   0.48715877081027120E-008   0.842446184E-006
   0.48746690412514171E-008   0.841677320E-006
   0.48777503744001222E-008   0.841312840E-006
   0.48808317075488272E-008   0.840427674E-006
   0.48839130406975323E-008   0.839220093E-006
   0.48869943738462374E-008   0.838552864E-006
   0.48900757069949424E-008   0.838046276E-006
   0.48931570401436475E-008   0.837092273E-006
   0.48962383732923526E-008   0.836151230E-006
   0.48993197064410576E-008   0.835469336E-006
   0.49024010395897627E-008   0.834659772E-006
   0.49054823727384678E-008   0.833840943E-006
   0.49085637058871728E-008   0.833162460E-006
   0.49116450390358779E-008   0.832219200E-006
   0.49147263721845830E-008   0.831215289E-006
   0.49178077053332880E-008   0.830703073E-006
   0.49208890384819931E-008   0.830120257E-006
   0.49239703716306982E-008   0.828933935E-006
   0.49270517047794032E-008   0.827958843E-006
   0.49301330379281083E-008   0.827556164E-006
   0.49332143710768134E-008   0.826841529E-006
   0.49362957042255184E-008   0.825711197E-006
   0.49393770373742235E-008   0.824911012E-006
   0.49424583705229286E-008   0.824290737E-006
   0.49455397036716336E-008   0.823421999E-006
   0.49486210368203387E-008   0.822612606E-006
   0.49517023699690438E-008   0.821868980E-006
   0.49547837031177488E-008   0.820884850E-006
   0.49578650362664539E-008   0.820087507E-006
   0.49609463694151590E-008   0.819631623E-006
   0.49640277025638641E-008   0.818747367E-006
   0.49671090357125691E-008   0.817523812E-006
   0.49701903688612742E-008   0.816879492E-006
   0.49732717020099793E-008   0.816465274E-006
   0.49763530351586843E-008   0.815448743E-006
   0.49794343683073894E-008   0.814378893E-006
   0.49825157014560945E-008   0.813809208E-006
   0.49855970346047995E-008   0.813121403E-006
   0.49886783677535046E-008   0.812136022E-006
   0.49917597009022097E-008   0.811357040E-006
   0.49948410340509147E-008   0.810602899E-006
   0.49979223671996198E-008   0.809664073E-006
   0.50010037003483249E-008   0.808983600E-006
   0.50040850334970299E-008   0.808371908E-006
   0.50071663666457350E-008   0.807286256E-006
   0.50102476997944401E-008   0.806308606E-006
   0.50133290329431451E-008   0.805903369E-006
   0.50164103660918502E-008   0.805211698E-006
   0.50194916992405553E-008   0.803991895E-006
   0.50225730323892603E-008   0.803181933E-006
   0.50256543655379654E-008   0.802732188E-006
   0.50287356986866705E-008   0.801847307E-006
   0.50318170318353755E-008   0.800831970E-006
   0.50348983649840806E-008   0.800151156E-006
   0.50379796981327857E-008   0.799376380E-006
   0.50410610312814907E-008   0.798484848E-006
   0.50441423644301958E-008   0.797851669E-006
   0.50472236975789009E-008   0.797056032E-006
   0.50503050307276059E-008   0.795934966E-006
   0.50533863638763110E-008   0.795236986E-006
   0.50564676970250161E-008   0.794818959E-006
   0.50595490301737212E-008   0.793809136E-006
   0.50626303633224262E-008   0.792665901E-006
   0.50657116964711313E-008   0.792155561E-006
   0.50687930296198364E-008   0.791585251E-006
   0.50718743627685414E-008   0.790474019E-006
   0.50749556959172465E-008   0.789581179E-006
   0.50780370290659516E-008   0.789025705E-006
   0.50811183622146566E-008   0.788195734E-006
   0.50841996953633617E-008   0.787312445E-006
   0.50872810285120668E-008   0.786645501E-006
   0.50903623616607718E-008   0.785737143E-006
   0.50934436948094769E-008   0.784759493E-006
   0.50965250279581820E-008   0.784236931E-006
   0.50996063611068870E-008   0.783582891E-006
   0.51026876942555921E-008   0.782399866E-006
   0.51057690274042972E-008   0.781558299E-006
   0.51088503605530022E-008   0.781180290E-006
   0.51119316937017073E-008   0.780306607E-006
   0.51150130268504124E-008   0.779135405E-006
   0.51180943599991174E-008   0.778494666E-006
   0.51211756931478225E-008   0.777938169E-006
   0.51242570262965276E-008   0.776963759E-006
   0.51273383594452326E-008   0.776113097E-006
   0.51304196925939377E-008   0.775450133E-006
   0.51335010257426428E-008   0.774526256E-006
   0.51365823588913478E-008   0.773700890E-006
   0.51396636920400529E-008   0.773164288E-006
   0.51427450251887580E-008   0.772259625E-006
   0.51458263583374630E-008   0.771154646E-006
   0.51489076914861681E-008   0.770603208E-006
   0.51519890246348732E-008   0.770080362E-006
   0.51550703577835782E-008   0.768948496E-006
   0.51581516909322833E-008   0.767981703E-006
   0.51612330240809884E-008   0.767542019E-006
   0.51643143572296935E-008   0.766795438E-006
   0.51673956903783985E-008   0.765722575E-006
   0.51704770235271036E-008   0.764991967E-006
   0.51735583566758087E-008   0.764319680E-006
   0.51766396898245137E-008   0.763392393E-006
   0.51797210229732188E-008   0.762670027E-006
   0.51828023561219239E-008   0.762017635E-006
   0.51858836892706289E-008   0.760982459E-006
   0.51889650224193340E-008   0.760118212E-006
   0.51920463555680391E-008   0.759685918E-006
   0.51951276887167441E-008   0.758845601E-006
   0.51982090218654492E-008   0.757655357E-006
   0.52012903550141543E-008   0.757041846E-006
   0.52043716881628593E-008   0.756613701E-006
   0.52074530213115644E-008   0.755571193E-006
   0.52105343544602695E-008   0.754532209E-006
   0.52136156876089745E-008   0.753985887E-006
   0.52166970207576796E-008   0.753276879E-006
   0.52197783539063847E-008   0.752327765E-006
   0.52228596870550897E-008   0.751629614E-006
   0.52259410202037948E-008   0.750864842E-006
   0.52290223533524999E-008   0.749873664E-006
   0.52321036865012049E-008   0.749235085E-006
   0.52351850196499100E-008   0.748690184E-006
   0.52382663527986151E-008   0.747595323E-006
   0.52413476859473201E-008   0.746601131E-006
   0.52444290190960252E-008   0.746218063E-006
   0.52475103522447303E-008   0.745541115E-006
   0.52505916853934353E-008   0.744339104E-006
   0.52536730185421404E-008   0.743555745E-006
   0.52567543516908455E-008   0.743099349E-006
   0.52598356848395506E-008   0.742221857E-006
   0.52629170179882556E-008   0.741276722E-006
   0.52659983511369607E-008   0.740626490E-006
   0.52690796842856658E-008   0.739799475E-006
   0.52721610174343708E-008   0.738906579E-006
   0.52752423505830759E-008   0.738347410E-006
   0.52783236837317810E-008   0.737577409E-006
   0.52814050168804860E-008   0.736448953E-006
   0.52844863500291911E-008   0.735795140E-006
   0.52875676831778962E-008   0.735409060E-006
   0.52906490163266012E-008   0.734375249E-006
   0.52937303494753063E-008   0.733238778E-006
   0.52968116826240114E-008   0.732773231E-006
   0.52998930157727164E-008   0.732227704E-006
   0.53029743489214215E-008   0.731150635E-006
   0.53060556820701266E-008   0.730298382E-006
   0.53091370152188316E-008   0.729715794E-006
   0.53122183483675367E-008   0.728854843E-006
   0.53152996815162418E-008   0.728038572E-006
   0.53183810146649468E-008   0.727439328E-006
   0.53214623478136519E-008   0.726511530E-006
   0.53245436809623570E-008   0.725539508E-006
   0.53276250141110620E-008   0.725088796E-006
   0.53307063472597671E-008   0.724452548E-006
   0.53337876804084722E-008   0.723235701E-006
   0.53368690135571772E-008   0.722413176E-006
   0.53399503467058823E-008   0.722088259E-006
   0.53430316798545874E-008   0.721255105E-006
   0.53461130130032924E-008   0.720129606E-006
   0.53491943461519975E-008   0.719498814E-006
   0.53522756793007026E-008   0.718902527E-006
   0.53553570124494076E-008   0.717954890E-006
   0.53584383455981127E-008   0.717199669E-006
   0.53615196787468178E-008   0.716552790E-006
   0.53646010118955229E-008   0.715591057E-006
   0.53676823450442279E-008   0.714815144E-006
   0.53707636781929330E-008   0.714347379E-006
   0.53738450113416381E-008   0.713418615E-006
   0.53769263444903431E-008   0.712301357E-006
   0.53800076776390482E-008   0.711826544E-006
   0.53830890107877533E-008   0.711361736E-006
   0.53861703439364583E-008   0.710228448E-006
   0.53892516770851634E-008   0.709268818E-006
   0.53923330102338685E-008   0.708845278E-006
   0.53954143433825735E-008   0.708117454E-006
   0.53984956765312786E-008   0.707105187E-006
   0.54015770096799837E-008   0.706423691E-006
   0.54046583428286887E-008   0.705732759E-006
   0.54077396759773938E-008   0.704817580E-006
   0.54108210091260989E-008   0.704179399E-006
   0.54139023422748039E-008   0.703550540E-006
   0.54169836754235090E-008   0.702464376E-006
   0.54200650085722141E-008   0.701629574E-006
   0.54231463417209191E-008   0.701308636E-006
   0.54262276748696242E-008   0.700520616E-006
   0.54293090080183293E-008   0.699301836E-006
   0.54323903411670343E-008   0.698661381E-006
   0.54354716743157394E-008   0.698256144E-006
   0.54385530074644445E-008   0.697298901E-006
   0.54416343406131495E-008   0.696347342E-006
   0.54447156737618546E-008   0.695797098E-006
   0.54477970069105597E-008   0.695048072E-006
   0.54508783400592647E-008   0.694150287E-006
   0.54539596732079698E-008   0.693530581E-006
   0.54570410063566749E-008   0.692752565E-006
   0.54601223395053800E-008   0.691743082E-006
   0.54632036726540850E-008   0.691183175E-006
   0.54662850058027901E-008   0.690713023E-006
   0.54693663389514952E-008   0.689607702E-006
   0.54724476721002002E-008   0.688603507E-006
   0.54755290052489053E-008   0.688271030E-006
   0.54786103383976104E-008   0.687663317E-006
   0.54816916715463154E-008   0.686511498E-006
   0.54847730046950205E-008   0.685742748E-006
   0.54878543378437256E-008   0.685273733E-006
   0.54909356709924306E-008   0.684421082E-006
   0.54940170041411357E-008   0.683547171E-006
   0.54970983372898408E-008   0.682926441E-006
   0.55001796704385458E-008   0.682088967E-006
   0.55032610035872509E-008   0.681242682E-006
   0.55063423367359560E-008   0.680771848E-006
   0.55094236698846610E-008   0.680030553E-006
   0.55125050030333661E-008   0.678879132E-006
   0.55155863361820712E-008   0.678234244E-006
   0.55186676693307762E-008   0.677909725E-006
   0.55217490024794813E-008   0.676946001E-006
   0.55248303356281864E-008   0.675838464E-006
   0.55279116687768914E-008   0.675363253E-006
   0.55309930019255965E-008   0.674843648E-006
   0.55340743350743016E-008   0.673847524E-006
   0.55371556682230066E-008   0.673032162E-006
   0.55402370013717117E-008   0.672420470E-006
   0.55433183345204168E-008   0.671589362E-006
   0.55463996676691218E-008   0.670879501E-006
   0.55494810008178269E-008   0.670326244E-006
   0.55525623339665320E-008   0.669364510E-006
   0.55556436671152370E-008   0.668396297E-006
   0.55587250002639421E-008   0.668011694E-006
   0.55618063334126472E-008   0.667443715E-006
   0.55648876665613523E-008   0.666267738E-006
   0.55679689997100573E-008   0.665456582E-006
   0.55710503328587624E-008   0.665143148E-006
   0.55741316660074675E-008   0.664361721E-006
   0.55772129991561725E-008   0.663278570E-006
   0.55802943323048776E-008   0.662637660E-006
   0.55833756654535827E-008   0.662073376E-006
   0.55864569986022877E-008   0.661242382E-006
   0.55895383317509928E-008   0.660546846E-006
   0.55926196648996979E-008   0.659853526E-006
   0.55957009980484029E-008   0.658888780E-006
   0.55987823311971080E-008   0.658202055E-006
   0.56018636643458131E-008   0.657805685E-006
   0.56049449974945181E-008   0.656902557E-006
   0.56080263306432232E-008   0.655808037E-006
   0.56111076637919283E-008   0.655349311E-006
   0.56141889969406333E-008   0.654919177E-006
   0.56172703300893384E-008   0.653858876E-006
   0.56203516632380435E-008   0.652930851E-006
   0.56234329963867485E-008   0.652492247E-006
   0.56265143295354536E-008   0.651827179E-006
   0.56295956626841587E-008   0.650922459E-006
   0.56326769958328637E-008   0.650243237E-006
   0.56357583289815688E-008   0.649511094E-006
   0.56388396621302739E-008   0.648654066E-006
   0.56419209952789789E-008   0.648108198E-006
   0.56450023284276840E-008   0.647513616E-006
   0.56480836615763891E-008   0.646458943E-006
   0.56511649947250941E-008   0.645658929E-006
   0.56542463278737992E-008   0.645344642E-006
   0.56573276610225043E-008   0.644598401E-006
   0.56604089941712094E-008   0.643455792E-006
   0.56634903273199144E-008   0.642829320E-006
   0.56665716604686195E-008   0.642438181E-006
   0.56696529936173246E-008   0.641581892E-006
   0.56727343267660296E-008   0.640676944E-006
   0.56758156599147347E-008   0.640059113E-006
   0.56788969930634398E-008   0.639337429E-006
   0.56819783262121448E-008   0.638592951E-006
   0.56850596593608499E-008   0.638032077E-006
   0.56881409925095550E-008   0.637219046E-006
   0.56912223256582600E-008   0.636242873E-006
   0.56943036588069651E-008   0.635745153E-006
   0.56973849919556702E-008   0.635303252E-006
   0.57004663251043752E-008   0.634258697E-006
   0.57035476582530803E-008   0.633302307E-006
   0.57066289914017854E-008   0.632945330E-006
   0.57097103245504904E-008   0.632385252E-006
   0.57127916576991955E-008   0.631363775E-006
   0.57158729908479006E-008   0.630591273E-006
   0.57189543239966056E-008   0.630052625E-006
   0.57220356571453107E-008   0.629315537E-006
   0.57251169902940158E-008   0.628601981E-006
   0.57281983234427208E-008   0.627950783E-006
   0.57312796565914259E-008   0.627061411E-006
   0.57343609897401310E-008   0.626304370E-006
   0.57374423228888360E-008   0.625906750E-006
   0.57405236560375411E-008   0.625173698E-006
   0.57436049891862462E-008   0.624072356E-006
   0.57466863223349512E-008   0.623466121E-006
   0.57497676554836563E-008   0.623148992E-006
   0.57528489886323614E-008   0.622284176E-006
   0.57559303217810664E-008   0.621264576E-006
   0.57590116549297715E-008   0.620717344E-006
   0.57620929880784766E-008   0.620182277E-006
   0.57651743212271817E-008   0.619367199E-006
   0.57682556543758867E-008   0.618643355E-006
   0.57713369875245918E-008   0.617949240E-006
   0.57744183206732969E-008   0.617139960E-006
   0.57774996538220019E-008   0.616553223E-006
   0.57805809869707070E-008   0.616018099E-006
   0.57836623201194121E-008   0.615064323E-006
   0.57867436532681171E-008   0.614190412E-006
   0.57898249864168222E-008   0.613840086E-006
   0.57929063195655273E-008   0.613272164E-006
   0.57959876527142323E-008   0.612191513E-006
   0.57990689858629374E-008   0.611415317E-006
   0.58021503190116425E-008   0.611034352E-006
   0.58052316521603475E-008   0.610356665E-006
   0.58083129853090526E-008   0.609479912E-006
   0.58113943184577577E-008   0.608798416E-006
   0.58144756516064627E-008   0.608106063E-006
   0.58175569847551678E-008   0.607396601E-006
   0.58206383179038729E-008   0.606859999E-006
   0.58237196510525779E-008   0.606122796E-006
   0.58268009842012830E-008   0.605142702E-006
   0.58298823173499881E-008   0.604575348E-006
   0.58329636504986931E-008   0.604231900E-006
   0.58360449836473982E-008   0.603334115E-006
   0.58391263167961033E-008   0.602297632E-006
   0.58422076499448083E-008   0.601844874E-006
   0.58452889830935134E-008   0.601423096E-006
   0.58483703162422185E-008   0.600522867E-006
   0.58514516493909235E-008   0.599688178E-006
   0.58545329825396286E-008   0.599125485E-006
   0.58576143156883337E-008   0.598452402E-006
   0.58606956488370388E-008   0.597762153E-006
   0.58637769819857438E-008   0.597146766E-006
   0.58668583151344489E-008   0.596312248E-006
   0.58699396482831540E-008   0.595525989E-006
   0.58730209814318590E-008   0.595140307E-006
   0.58761023145805641E-008   0.594546918E-006
   0.58791836477292692E-008   0.593461607E-006
   0.58822649808779742E-008   0.592717583E-006
   0.58853463140266793E-008   0.592442746E-006
   0.58884276471753844E-008   0.591770856E-006
   0.58915089803240894E-008   0.590766319E-006
   0.58945903134727945E-008   0.590127058E-006
   0.58976716466214996E-008   0.589631554E-006
   0.59007529797702046E-008   0.588891680E-006
   0.59038343129189097E-008   0.588182445E-006
   0.59069156460676148E-008   0.587522663E-006
   0.59099969792163198E-008   0.586727424E-006
   0.59130783123650249E-008   0.586124600E-006
   0.59161596455137300E-008   0.585682699E-006
   0.59192409786624350E-008   0.584822828E-006
   0.59223223118111401E-008   0.583848134E-006
   0.59254036449598452E-008   0.583435110E-006
   0.59284849781085502E-008   0.583045392E-006
   0.59315663112572553E-008   0.582081100E-006
   0.59346476444059604E-008   0.581202357E-006
   0.59377289775546654E-008   0.580793483E-006
   0.59408103107033705E-008   0.580223229E-006
   0.59438916438520756E-008   0.579376888E-006
   0.59469729770007806E-008   0.578698973E-006
   0.59500543101494857E-008   0.578067556E-006
   0.59531356432981908E-008   0.577352807E-006
   0.59562169764468958E-008   0.576807736E-006
   0.59592983095956009E-008   0.576190132E-006
   0.59623796427443060E-008   0.575246190E-006
   0.59654609758930111E-008   0.574557930E-006
   0.59685423090417161E-008   0.574266949E-006
   0.59716236421904212E-008   0.573577154E-006
   0.59747049753391263E-008   0.572522310E-006
   0.59777863084878313E-008   0.571928695E-006
   0.59808676416365364E-008   0.571584280E-006
   0.59839489747852415E-008   0.570818145E-006
   0.59870303079339465E-008   0.569956228E-006
   0.59901116410826516E-008   0.569387453E-006
   0.59931929742313567E-008   0.568792416E-006
   0.59962743073800617E-008   0.568113080E-006
