t              BoxCavity.fdtd_Point probe001_Ey_15_10_7.dat
   0.00000000000000000E+000   0.000000000E+000
   0.30813331487050677E-011   0.000000000E+000
   0.61626662974101354E-011   0.000000000E+000
   0.92439994461152031E-011   0.000000000E+000
   0.12325332594820271E-010   0.000000000E+000
   0.15406665743525338E-010   0.000000000E+000
   0.18487998892230406E-010   0.000000000E+000
   0.21569332040935474E-010   0.000000000E+000
   0.24650665189640542E-010   0.000000000E+000
   0.27731998338345609E-010   0.000000000E+000
   0.30813331487050677E-010   0.000000000E+000
   0.33894664635755745E-010   0.000000000E+000
   0.36975997784460812E-010   0.000000000E+000
   0.40057330933165880E-010   0.000000000E+000
   0.43138664081870948E-010   0.000000000E+000
   0.46219997230576015E-010   0.131395128E-017
   0.49301330379281083E-010   0.834512245E-017
   0.52382663527986151E-010   0.247850642E-016
   0.55463996676691218E-010   0.666783939E-016
   0.58545329825396286E-010   0.213357528E-015
   0.61626662974101354E-010   0.585378117E-015
   0.64707996122806422E-010   0.131554847E-014
   0.67789329271511489E-010   0.298450873E-014
   0.70870662420216557E-010   0.685228902E-014
   0.73951995568921625E-010   0.133604929E-013
   0.77033328717626692E-010   0.217606525E-013
   0.80114661866331760E-010   0.342473683E-013
   0.83195995015036828E-010   0.549810103E-013
   0.86277328163741895E-010   0.785700579E-013
   0.89358661312446963E-010   0.940101404E-013
   0.92439994461152031E-010   0.107301510E-012
   0.95521327609857098E-010   0.123497892E-012
   0.98602660758562166E-010   0.107421450E-012
   0.10168399390726723E-009   0.457714040E-013
   0.10476532705597230E-009   0.184012927E-013
   0.10784666020467737E-009   0.466594265E-013
   0.11092799335338244E-009  -0.167823248E-013
   0.11400932650208750E-009  -0.165733855E-012
   0.11709065965079257E-009  -0.982610057E-013
   0.12017199279949764E-009   0.166987111E-012
   0.12325332594820271E-009   0.146182749E-012
   0.12633465909690778E-009  -0.692644862E-013
   0.12941599224561284E-009   0.191988745E-012
   0.13249732539431791E-009   0.554262690E-012
   0.13557865854302298E-009   0.498596932E-013
   0.13865999169172805E-009  -0.430355025E-012
   0.14174132484043311E-009   0.465606937E-012
   0.14482265798913818E-009   0.102230225E-011
   0.14790399113784325E-009  -0.548722309E-012
   0.15098532428654832E-009  -0.130584757E-011
   0.15406665743525338E-009   0.104200437E-011
   0.15714799058395845E-009   0.204141044E-011
   0.16022932373266352E-009  -0.928123464E-012
   0.16331065688136859E-009  -0.169746216E-011
   0.16639199003007366E-009   0.208851729E-011
   0.16947332317877872E-009   0.222318149E-011
   0.17255465632748379E-009  -0.250675500E-011
   0.17563598947618886E-009  -0.142628531E-011
   0.17871732262489393E-009   0.457922849E-011
   0.18179865577359899E-009   0.197924598E-011
   0.18487998892230406E-009  -0.539936325E-011
   0.18796132207100913E-009  -0.105575141E-011
   0.19104265521971420E-009   0.769281687E-011
   0.19412398836841926E-009   0.186475098E-011
   0.19720532151712433E-009  -0.742958299E-011
   0.20028665466582940E-009   0.374535472E-013
   0.20336798781453447E-009   0.912250483E-011
   0.20644932096323954E-009   0.873008263E-013
   0.20953065411194460E-009  -0.768733514E-011
   0.21261198726064967E-009   0.328538412E-011
   0.21569332040935474E-009   0.945469397E-011
   0.21877465355805981E-009  -0.304214553E-011
   0.22185598670676487E-009  -0.717439779E-011
   0.22493731985546994E-009   0.650263307E-011
   0.22801865300417501E-009   0.902490322E-011
   0.23109998615288008E-009  -0.433063654E-011
   0.23418131930158514E-009  -0.490407975E-011
   0.23726265245029021E-009   0.737705470E-011
   0.24034398559899528E-009   0.656649041E-011
   0.24342531874770035E-009  -0.326038762E-011
   0.24650665189640542E-009  -0.870987527E-012
   0.24958798504511048E-009   0.665251968E-011
   0.25266931819381555E-009   0.406849381E-011
   0.25575065134252062E-009  -0.361883700E-012
   0.25883198449122569E-009   0.211049754E-011
   0.26191331763993075E-009   0.429904810E-011
   0.26499465078863582E-009   0.375892937E-011
   0.26807598393734089E-009   0.449172427E-011
   0.27115731708604596E-009   0.352522395E-011
   0.27423865023475102E-009   0.148555647E-011
   0.27731998338345609E-009   0.516473192E-011
   0.28040131653216116E-009   0.880230264E-011
   0.28348264968086623E-009   0.396191023E-011
   0.28656398282957130E-009   0.118799632E-011
   0.28964531597827636E-009   0.829606522E-011
   0.29272664912698143E-009   0.110406710E-010
   0.29580798227568650E-009   0.400124595E-011
   0.29888931542439157E-009   0.343440207E-011
   0.30197064857309663E-009   0.115303288E-010
   0.30505198172180170E-009   0.122146781E-010
   0.30813331487050677E-009   0.641868156E-011
   0.31121464801921184E-009   0.772686342E-011
   0.31429598116791690E-009   0.129575231E-010
   0.31737731431662197E-009   0.129294414E-010
   0.32045864746532704E-009   0.117498389E-010
   0.32353998061403211E-009   0.132154235E-010
   0.32662131376273718E-009   0.138838004E-010
   0.32970264691144224E-009   0.152606677E-010
   0.33278398006014731E-009   0.186262741E-010
   0.33586531320885238E-009   0.182441926E-010
   0.33894664635755745E-009   0.160830585E-010
   0.34202797950626251E-009   0.204231181E-010
   0.34510931265496758E-009   0.257679433E-010
   0.34819064580367265E-009   0.233103137E-010
   0.35127197895237772E-009   0.215263952E-010
   0.35435331210108278E-009   0.278856105E-010
   0.35743464524978785E-009   0.322272140E-010
   0.36051597839849292E-009   0.298209409E-010
   0.36359731154719799E-009   0.309096880E-010
   0.36667864469590306E-009   0.369955247E-010
   0.36975997784460812E-009   0.394169419E-010
   0.37284131099331319E-009   0.394599839E-010
   0.37592264414201826E-009   0.428960548E-010
   0.37900397729072333E-009   0.470020099E-010
   0.38208531043942839E-009   0.498190447E-010
   0.38516664358813346E-009   0.538442450E-010
   0.38824797673683853E-009   0.569571126E-010
   0.39132930988554360E-009   0.584358534E-010
   0.39441064303424866E-009   0.641881825E-010
   0.39749197618295373E-009   0.724248578E-010
   0.40057330933165880E-009   0.745056794E-010
   0.40365464248036387E-009   0.746299203E-010
   0.40673597562906894E-009   0.826978763E-010
   0.40981730877777400E-009   0.931891925E-010
   0.41289864192647907E-009   0.968164021E-010
   0.41597997507518414E-009   0.989498483E-010
   0.41906130822388921E-009   0.106616160E-009
   0.42214264137259427E-009   0.116228110E-009
   0.42522397452129934E-009   0.124407248E-009
   0.42830530767000441E-009   0.132023725E-009
   0.43138664081870948E-009   0.138314582E-009
   0.43446797396741454E-009   0.145290516E-009
   0.43754930711611961E-009   0.157586874E-009
   0.44063064026482468E-009   0.171383852E-009
   0.44371197341352975E-009   0.179736073E-009
   0.44679330656223482E-009   0.186777829E-009
   0.44987463971093988E-009   0.199557343E-009
   0.45295597285964495E-009   0.215291049E-009
   0.45603730600835002E-009   0.229601019E-009
   0.45911863915705509E-009   0.243387754E-009
   0.46219997230576015E-009   0.256455690E-009
   0.46528130545446522E-009   0.269367778E-009
   0.46836263860317029E-009   0.287612018E-009
   0.47144397175187536E-009   0.310935722E-009
   0.47452530490058042E-009   0.330122180E-009
   0.47760663804928549E-009   0.343411105E-009
   0.48068797119799056E-009   0.360789981E-009
   0.48376930434669563E-009   0.387435445E-009
   0.48685063749540070E-009   0.416880558E-009
   0.48993197064410576E-009   0.441220088E-009
   0.49301330379281083E-009   0.460122801E-009
   0.49609463694151590E-009   0.482045015E-009
   0.49917597009022097E-009   0.515748222E-009
   0.50225730323892603E-009   0.556253266E-009
   0.50533863638763110E-009   0.588447902E-009
   0.50841996953633617E-009   0.610452466E-009
   0.51150130268504124E-009   0.639076347E-009
   0.51458263583374630E-009   0.685117352E-009
   0.51766396898245137E-009   0.737150008E-009
   0.52074530213115644E-009   0.777520881E-009
   0.52382663527986151E-009   0.806613332E-009
   0.52690796842856658E-009   0.843800474E-009
   0.52998930157727164E-009   0.902439512E-009
   0.53307063472597671E-009   0.969562652E-009
   0.53615196787468178E-009   0.102183206E-008
   0.53923330102338685E-009   0.105935838E-008
   0.54231463417209191E-009   0.110727583E-008
   0.54539596732079698E-009   0.118159427E-008
   0.54847730046950205E-009   0.126741018E-008
   0.55155863361820712E-009   0.133667177E-008
   0.55463996676691218E-009   0.138448641E-008
   0.55772129991561725E-009   0.144131007E-008
   0.56080263306432232E-009   0.153597401E-008
   0.56388396621302739E-009   0.164989378E-008
   0.56696529936173246E-009   0.173704973E-008
   0.57004663251043752E-009   0.179310433E-008
   0.57312796565914259E-009   0.186650162E-008
   0.57620929880784766E-009   0.198927386E-008
   0.57929063195655273E-009   0.213155027E-008
   0.58237196510525779E-009   0.224178920E-008
   0.58545329825396286E-009   0.231452257E-008
   0.58853463140266793E-009   0.240272224E-008
   0.59161596455137300E-009   0.255412624E-008
   0.59469729770007806E-009   0.273937517E-008
   0.59777863084878313E-009   0.287979440E-008
   0.60085996399748820E-009   0.296200731E-008
   0.60394129714619327E-009   0.307037618E-008
   0.60702263029489834E-009   0.326786531E-008
   0.61010396344360340E-009   0.349970630E-008
   0.61318529659230847E-009   0.366862740E-008
   0.61626662974101354E-009   0.377153908E-008
   0.61934796288971861E-009   0.390715371E-008
   0.62242929603842367E-009   0.414728518E-008
   0.62551062918712874E-009   0.443505765E-008
   0.62859196233583381E-009   0.464936534E-008
   0.63167329548453888E-009   0.477332218E-008
   0.63475462863324394E-009   0.493582197E-008
   0.63783596178194901E-009   0.523742605E-008
   0.64091729493065408E-009   0.559726621E-008
   0.64399862807935915E-009   0.585726001E-008
   0.64707996122806422E-009   0.600554628E-008
   0.65016129437676928E-009   0.620237062E-008
   0.65324262752547435E-009   0.656726939E-008
   0.65632396067417942E-009   0.700872604E-008
   0.65940529382288449E-009   0.733158867E-008
   0.66248662697158955E-009   0.750625606E-008
   0.66556796012029462E-009   0.773541320E-008
   0.66864929326899969E-009   0.818419199E-008
   0.67173062641770476E-009   0.873034978E-008
   0.67481195956640982E-009   0.911831233E-008
   0.67789329271511489E-009   0.932351973E-008
   0.68097462586381996E-009   0.960221769E-008
   0.68405595901252503E-009   0.101436433E-007
   0.68713729216123010E-009   0.108018305E-007
   0.69021862530993516E-009   0.112761995E-007
   0.69329995845864023E-009   0.115199734E-007
   0.69638129160734530E-009   0.118356489E-007
   0.69946262475605037E-009   0.124823485E-007
   0.70254395790475543E-009   0.132913627E-007
   0.70562529105346050E-009   0.138626728E-007
   0.70870662420216557E-009   0.141317900E-007
   0.71178795735087064E-009   0.144979211E-007
   0.71486929049957570E-009   0.152793973E-007
   0.71795062364828077E-009   0.162473199E-007
   0.72103195679698584E-009   0.169195538E-007
   0.72411328994569091E-009   0.172321890E-007
   0.72719462309439598E-009   0.176600921E-007
   0.73027595624310104E-009   0.185851867E-007
   0.73335728939180611E-009   0.197445438E-007
   0.73643862254051118E-009   0.205463913E-007
   0.73951995568921625E-009   0.208915605E-007
   0.74260128883792131E-009   0.213663984E-007
   0.74568262198662638E-009   0.224549837E-007
   0.74876395513533145E-009   0.238280062E-007
   0.75184528828403652E-009   0.247596308E-007
   0.75492662143274158E-009   0.251489780E-007
   0.75800795458144665E-009   0.257034500E-007
   0.76108928773015172E-009   0.269799578E-007
   0.76417062087885679E-009   0.285896284E-007
   0.76725195402756186E-009   0.296867189E-007
   0.77033328717626692E-009   0.301249656E-007
   0.77341462032497199E-009   0.307229442E-007
   0.77649595347367706E-009   0.321919096E-007
   0.77957728662238213E-009   0.341011699E-007
   0.78265861977108719E-009   0.353803493E-007
   0.78573995291979226E-009   0.358224099E-007
   0.78882128606849733E-009   0.364774593E-007
   0.79190261921720240E-009   0.382149565E-007
   0.79498395236590746E-009   0.404360279E-007
   0.79806528551461253E-009   0.418634833E-007
   0.80114661866331760E-009   0.423467768E-007
   0.80422795181202267E-009   0.431084430E-007
   0.80730928496072774E-009   0.450730582E-007
   0.81039061810943280E-009   0.475810680E-007
   0.81347195125813787E-009   0.492293637E-007
   0.81655328440684294E-009   0.497645551E-007
   0.81963461755554801E-009   0.505328082E-007
   0.82271595070425307E-009   0.527369011E-007
   0.82579728385295814E-009   0.556910713E-007
   0.82887861700166321E-009   0.576157753E-007
   0.83195995015036828E-009   0.581344182E-007
   0.83504128329907334E-009   0.589421383E-007
   0.83812261644777841E-009   0.614668565E-007
   0.84120394959648348E-009   0.647884519E-007
   0.84428528274518855E-009   0.668744917E-007
   0.84736661589389362E-009   0.674209772E-007
   0.85044794904259868E-009   0.683156287E-007
   0.85352928219130375E-009   0.710993504E-007
   0.85661061534000882E-009   0.748344817E-007
   0.85969194848871389E-009   0.772554785E-007
   0.86277328163741895E-009   0.778350184E-007
   0.86585461478612402E-009   0.786862060E-007
   0.86893594793482909E-009   0.817555303E-007
   0.87201728108353416E-009   0.859680682E-007
   0.87509861423223922E-009   0.885784317E-007
   0.87817994738094429E-009   0.890995580E-007
   0.88126128052964936E-009   0.900935859E-007
   0.88434261367835443E-009   0.935511579E-007
   0.88742394682705950E-009   0.980911565E-007
   0.89050527997576456E-009   0.100893509E-006
   0.89358661312446963E-009   0.101523753E-006
   0.89666794627317470E-009   0.102532802E-006
   0.89974927942187977E-009   0.106147276E-006
   0.90283061257058483E-009   0.111208834E-006
   0.90591194571928990E-009   0.114450302E-006
   0.90899327886799497E-009   0.114944918E-006
   0.91207461201670004E-009   0.115754212E-006
   0.91515594516540510E-009   0.119787757E-006
   0.91823727831411017E-009   0.125437097E-006
   0.92131861146281524E-009   0.128718270E-006
   0.92439994461152031E-009   0.129051287E-006
   0.92748127776022538E-009   0.130091081E-006
   0.93056261090893044E-009   0.134527653E-006
   0.93364394405763551E-009   0.140452201E-006
   0.93672527720634058E-009   0.144001262E-006
   0.93980661035504565E-009   0.144447199E-006
   0.94288794350375071E-009   0.145277809E-006
   0.94596927665245578E-009   0.149753291E-006
   0.94905060980116085E-009   0.156286248E-006
   0.95213194294986592E-009   0.160204024E-006
   0.95521327609857098E-009   0.160351760E-006
   0.95829460924727605E-009   0.161080052E-006
   0.96137594239598112E-009   0.166062264E-006
   0.96445727554468619E-009   0.172943686E-006
   0.96753860869339126E-009   0.176794686E-006
   0.97061994184209632E-009   0.176994575E-006
   0.97370127499080139E-009   0.177830955E-006
   0.97678260813950646E-009   0.182717031E-006
   0.97986394128821153E-009   0.189807878E-006
   0.98294527443691659E-009   0.194218444E-006
   0.98602660758562166E-009   0.194372987E-006
   0.98910794073432673E-009   0.194611687E-006
   0.99218927388303180E-009   0.199594709E-006
   0.99527060703173686E-009   0.207385426E-006
   0.99835194018044193E-009   0.211810217E-006
   0.10014332733291470E-008   0.211486309E-006
   0.10045146064778521E-008   0.211918930E-006
   0.10075959396265571E-008   0.217409792E-006
   0.10106772727752622E-008   0.225083085E-006
   0.10137586059239673E-008   0.229294955E-006
   0.10168399390726723E-008   0.229271677E-006
   0.10199212722213774E-008   0.229746519E-006
   0.10230026053700825E-008   0.234693715E-006
   0.10260839385187875E-008   0.242227657E-006
   0.10291652716674926E-008   0.246886060E-006
   0.10322466048161977E-008   0.246860310E-006
   0.10353279379649027E-008   0.246836493E-006
   0.10384092711136078E-008   0.251751459E-006
   0.10414906042623129E-008   0.259638966E-006
   0.10445719374110179E-008   0.264228618E-006
   0.10476532705597230E-008   0.263901597E-006
   0.10507346037084281E-008   0.263934623E-006
   0.10538159368571332E-008   0.268917518E-006
   0.10568972700058382E-008   0.276423350E-006
   0.10599786031545433E-008   0.280599323E-006
   0.10630599363032484E-008   0.280234019E-006
   0.10661412694519534E-008   0.280289186E-006
   0.10692226026006585E-008   0.285088305E-006
   0.10723039357493636E-008   0.292407293E-006
   0.10753852688980686E-008   0.296476884E-006
   0.10784666020467737E-008   0.295957676E-006
   0.10815479351954788E-008   0.295842995E-006
   0.10846292683441838E-008   0.300398057E-006
   0.10877106014928889E-008   0.307188657E-006
   0.10907919346415940E-008   0.310786675E-006
   0.10938732677902990E-008   0.310446381E-006
   0.10969546009390041E-008   0.310641440E-006
   0.11000359340877092E-008   0.314580603E-006
   0.11031172672364142E-008   0.320314996E-006
   0.11061986003851193E-008   0.323744104E-006
   0.11092799335338244E-008   0.323711589E-006
   0.11123612666825294E-008   0.323445761E-006
   0.11154425998312345E-008   0.326772891E-006
   0.11185239329799396E-008   0.332760777E-006
   0.11216052661286446E-008   0.336226066E-006
   0.11246865992773497E-008   0.335272262E-006
   0.11277679324260548E-008   0.334714883E-006
   0.11308492655747598E-008   0.338570288E-006
   0.11339305987234649E-008   0.343604086E-006
   0.11370119318721700E-008   0.345085937E-006
   0.11400932650208750E-008   0.344241613E-006
   0.11431745981695801E-008   0.344919584E-006
   0.11462559313182852E-008   0.347536883E-006
   0.11493372644669902E-008   0.350475403E-006
   0.11524185976156953E-008   0.352829687E-006
   0.11554999307644004E-008   0.353616628E-006
   0.11585812639131055E-008   0.353035915E-006
   0.11616625970618105E-008   0.353993130E-006
   0.11647439302105156E-008   0.357437102E-006
   0.11678252633592207E-008   0.359536926E-006
   0.11709065965079257E-008   0.358439763E-006
   0.11739879296566308E-008   0.357971686E-006
   0.11770692628053359E-008   0.360138188E-006
   0.11801505959540409E-008   0.361680350E-006
   0.11832319291027460E-008   0.361335879E-006
   0.11863132622514511E-008   0.361758708E-006
   0.11893945954001561E-008   0.362878296E-006
   0.11924759285488612E-008   0.362321515E-006
   0.11955572616975663E-008   0.361456017E-006
   0.11986385948462713E-008   0.362722631E-006
   0.12017199279949764E-008   0.364222132E-006
   0.12048012611436815E-008   0.363709376E-006
   0.12078825942923865E-008   0.362721664E-006
   0.12109639274410916E-008   0.362338568E-006
   0.12140452605897967E-008   0.361501264E-006
   0.12171265937385017E-008   0.361073489E-006
   0.12202079268872068E-008   0.362202911E-006
   0.12232892600359119E-008   0.362086439E-006
   0.12263705931846169E-008   0.358802993E-006
   0.12294519263333220E-008   0.356384561E-006
   0.12325332594820271E-008   0.358083838E-006
   0.12356145926307321E-008   0.360085068E-006
   0.12386959257794372E-008   0.357804254E-006
   0.12417772589281423E-008   0.353029606E-006
   0.12448585920768473E-008   0.350651050E-006
   0.12479399252255524E-008   0.352221548E-006
   0.12510212583742575E-008   0.354375032E-006
   0.12541025915229626E-008   0.352212396E-006
   0.12571839246716676E-008   0.345744979E-006
   0.12602652578203727E-008   0.341717026E-006
   0.12633465909690778E-008   0.344263555E-006
   0.12664279241177828E-008   0.347185136E-006
   0.12695092572664879E-008   0.343032923E-006
   0.12725905904151930E-008   0.335321090E-006
   0.12756719235638980E-008   0.332655475E-006
   0.12787532567126031E-008   0.335296590E-006
   0.12818345898613082E-008   0.336283307E-006
   0.12849159230100132E-008   0.331974945E-006
   0.12879972561587183E-008   0.325068129E-006
   0.12910785893074234E-008   0.320593443E-006
   0.12941599224561284E-008   0.321596957E-006
   0.12972412556048335E-008   0.324793831E-006
   0.13003225887535386E-008   0.322013221E-006
   0.13034039219022436E-008   0.311805678E-006
   0.13064852550509487E-008   0.304717332E-006
   0.13095665881996538E-008   0.308361621E-006
   0.13126479213483588E-008   0.313741452E-006
   0.13157292544970639E-008   0.308132513E-006
   0.13188105876457690E-008   0.295571169E-006
   0.13218919207944740E-008   0.290732999E-006
   0.13249732539431791E-008   0.296123716E-006
   0.13280545870918842E-008   0.299216936E-006
   0.13311359202405892E-008   0.291665515E-006
   0.13342172533892943E-008   0.279949717E-006
   0.13372985865379994E-008   0.275182657E-006
   0.13403799196867044E-008   0.279158826E-006
   0.13434612528354095E-008   0.282770031E-006
   0.13465425859841146E-008   0.276888187E-006
   0.13496239191328196E-008   0.264329657E-006
   0.13527052522815247E-008   0.257648026E-006
   0.13557865854302298E-008   0.262081215E-006
   0.13588679185789349E-008   0.266772560E-006
   0.13619492517276399E-008   0.259836895E-006
   0.13650305848763450E-008   0.246093975E-006
   0.13681119180250501E-008   0.240162478E-006
   0.13711932511737551E-008   0.245432489E-006
   0.13742745843224602E-008   0.249790787E-006
   0.13773559174711653E-008   0.242553881E-006
   0.13804372506198703E-008   0.228504661E-006
   0.13835185837685754E-008   0.221470771E-006
   0.13865999169172805E-008   0.226183104E-006
   0.13896812500659855E-008   0.231598108E-006
   0.13927625832146906E-008   0.225490226E-006
   0.13958439163633957E-008   0.211549931E-006
   0.13989252495121007E-008   0.204499955E-006
   0.14020065826608058E-008   0.209292736E-006
   0.14050879158095109E-008   0.214195268E-006
   0.14081692489582159E-008   0.207450412E-006
   0.14112505821069210E-008   0.193520123E-006
   0.14143319152556261E-008   0.186684488E-006
   0.14174132484043311E-008   0.191500391E-006
   0.14204945815530362E-008   0.196661034E-006
   0.14235759147017413E-008   0.190351514E-006
   0.14266572478504463E-008   0.176374158E-006
   0.14297385809991514E-008   0.169042053E-006
   0.14328199141478565E-008   0.173646683E-006
   0.14359012472965615E-008   0.179179338E-006
   0.14389825804452666E-008   0.173378993E-006
   0.14420639135939717E-008   0.159659834E-006
   0.14451452467426767E-008   0.152525232E-006
   0.14482265798913818E-008   0.157258285E-006
   0.14513079130400869E-008   0.162326103E-006
   0.14543892461887920E-008   0.155927850E-006
   0.14574705793374970E-008   0.142874796E-006
   0.14605519124862021E-008   0.137103399E-006
   0.14636332456349072E-008   0.141686442E-006
   0.14667145787836122E-008   0.145607714E-006
   0.14697959119323173E-008   0.139808620E-006
   0.14728772450810224E-008   0.128641517E-006
   0.14759585782297274E-008   0.122935120E-006
   0.14790399113784325E-008   0.125748514E-006
   0.14821212445271376E-008   0.128945842E-006
   0.14852025776758426E-008   0.124336253E-006
   0.14882839108245477E-008   0.114659258E-006
   0.14913652439732528E-008   0.109445075E-006
   0.14944465771219578E-008   0.111654749E-006
   0.14975279102706629E-008   0.113987632E-006
   0.15006092434193680E-008   0.109332454E-006
   0.15036905765680730E-008   0.100508238E-006
   0.15067719097167781E-008   0.964109219E-007
   0.15098532428654832E-008   0.994141658E-007
   0.15129345760141882E-008   0.101319635E-006
   0.15160159091628933E-008   0.954113446E-007
   0.15190972423115984E-008   0.872233770E-007
   0.15221785754603034E-008   0.856035030E-007
   0.15252599086090085E-008   0.884048816E-007
   0.15283412417577136E-008   0.873254322E-007
   0.15314225749064186E-008   0.816659806E-007
   0.15345039080551237E-008   0.769132100E-007
   0.15375852412038288E-008   0.752644951E-007
   0.15406665743525338E-008   0.754932330E-007
   0.15437479075012389E-008   0.757388463E-007
   0.15468292406499440E-008   0.728818890E-007
   0.15499105737986490E-008   0.667942714E-007
   0.15529919069473541E-008   0.634682777E-007
   0.15560732400960592E-008   0.654538326E-007
   0.15591545732447643E-008   0.660039134E-007
   0.15622359063934693E-008   0.611193798E-007
   0.15653172395421744E-008   0.567564591E-007
   0.15683985726908795E-008   0.569674476E-007
   0.15714799058395845E-008   0.573374805E-007
   0.15745612389882896E-008   0.547294761E-007
   0.15776425721369947E-008   0.516502290E-007
   0.15807239052856997E-008   0.498738615E-007
   0.15838052384344048E-008   0.489474914E-007
   0.15868865715831099E-008   0.484574407E-007
   0.15899679047318149E-008   0.468293493E-007
   0.15930492378805200E-008   0.434046576E-007
   0.15961305710292251E-008   0.416202361E-007
   0.15992119041779301E-008   0.429422897E-007
   0.16022932373266352E-008   0.425332409E-007
   0.16053745704753403E-008   0.381857745E-007
   0.16084559036240453E-008   0.351272753E-007
   0.16115372367727504E-008   0.361847299E-007
   0.16146185699214555E-008   0.371599107E-007
   0.16176999030701605E-008   0.350775906E-007
   0.16207812362188656E-008   0.318381588E-007
   0.16238625693675707E-008   0.298311988E-007
   0.16269439025162757E-008   0.301525809E-007
   0.16300252356649808E-008   0.317693036E-007
   0.16331065688136859E-008   0.306097476E-007
   0.16361879019623909E-008   0.256142183E-007
   0.16392692351110960E-008   0.228917880E-007
   0.16423505682598011E-008   0.260028337E-007
   0.16454319014085061E-008   0.285926500E-007
   0.16485132345572112E-008   0.249488572E-007
   0.16515945677059163E-008   0.195948111E-007
   0.16546759008546214E-008   0.191270875E-007
   0.16577572340033264E-008   0.224001795E-007
   0.16608385671520315E-008   0.238415758E-007
   0.16639199003007366E-008   0.209069491E-007
   0.16670012334494416E-008   0.162859202E-007
   0.16700825665981467E-008   0.150790704E-007
   0.16731638997468518E-008   0.184770741E-007
   0.16762452328955568E-008   0.208735891E-007
   0.16793265660442619E-008   0.173296328E-007
   0.16824078991929670E-008   0.116364163E-007
   0.16854892323416720E-008   0.112849587E-007
   0.16885705654903771E-008   0.163541500E-007
   0.16916518986390822E-008   0.190348519E-007
   0.16947332317877872E-008   0.144271013E-007
   0.16978145649364923E-008   0.783230725E-008
   0.17008958980851974E-008   0.796786903E-008
   0.17039772312339024E-008   0.142182763E-007
   0.17070585643826075E-008   0.168741217E-007
   0.17101398975313126E-008   0.115480443E-007
   0.17132212306800176E-008   0.550758283E-008
   0.17163025638287227E-008   0.629533492E-008
   0.17193838969774278E-008   0.115647847E-007
   0.17224652301261328E-008   0.138187781E-007
   0.17255465632748379E-008   0.999282790E-008
   0.17286278964235430E-008   0.441007009E-008
   0.17317092295722480E-008   0.399866007E-008
   0.17347905627209531E-008   0.939118117E-008
   0.17378718958696582E-008   0.125795934E-007
   0.17409532290183632E-008   0.809052025E-008
   0.17440345621670683E-008   0.206405204E-008
   0.17471158953157734E-008   0.294729552E-008
   0.17501972284644784E-008   0.858341931E-008
   0.17532785616131835E-008   0.104863345E-007
   0.17563598947618886E-008   0.621906127E-008
   0.17594412279105937E-008   0.129486377E-008
   0.17625225610592987E-008   0.165084346E-008
   0.17656038942080038E-008   0.679385792E-008
   0.17686852273567089E-008   0.972404202E-008
   0.17717665605054139E-008   0.562600455E-008
   0.17748478936541190E-008  -0.337732953E-009
   0.17779292268028241E-008   0.248213672E-009
   0.17810105599515291E-008   0.622013197E-008
   0.17840918931002342E-008   0.865963834E-008
   0.17871732262489393E-008   0.423344337E-008
   0.17902545593976443E-008  -0.857696580E-009
   0.17933358925463494E-008  -0.821277490E-010
   0.17964172256950545E-008   0.514794118E-008
   0.17994985588437595E-008   0.751351337E-008
   0.18025798919924646E-008   0.334189831E-008
   0.18056612251411697E-008  -0.182007254E-008
   0.18087425582898747E-008  -0.602341621E-009
   0.18118238914385798E-008   0.511754239E-008
   0.18149052245872849E-008   0.681212153E-008
   0.18179865577359899E-008   0.201960937E-008
   0.18210678908846950E-008  -0.245326648E-008
   0.18241492240334001E-008  -0.616881768E-009
   0.18272305571821051E-008   0.467013184E-008
   0.18303118903308102E-008   0.592417848E-008
   0.18333932234795153E-008   0.129199540E-008
   0.18364745566282203E-008  -0.276519829E-008
   0.18395558897769254E-008  -0.674743150E-009
   0.18426372229256305E-008   0.414782253E-008
   0.18457185560743355E-008   0.473448658E-008
   0.18487998892230406E-008   0.690258961E-009
   0.18518812223717457E-008  -0.227819141E-008
   0.18549625555204508E-008  -0.601547034E-009
   0.18580438886691558E-008   0.322355542E-008
   0.18611252218178609E-008   0.401805167E-008
   0.18642065549665660E-008   0.395059541E-009
   0.18672878881152710E-008  -0.268455946E-008
   0.18703692212639761E-008  -0.603976869E-009
   0.18734505544126812E-008   0.341973516E-008
   0.18765318875613862E-008   0.322333604E-008
   0.18796132207100913E-008  -0.526868993E-009
   0.18826945538587964E-008  -0.228145547E-008
   0.18857758870075014E-008  -0.287029067E-009
   0.18888572201562065E-008   0.241669129E-008
   0.18919385533049116E-008   0.259959210E-008
   0.18950198864536166E-008  -0.188378424E-009
   0.18981012196023217E-008  -0.254314170E-008
   0.19011825527510268E-008  -0.727590210E-009
   0.19042638858997318E-008   0.281195556E-008
   0.19073452190484369E-008   0.225604735E-008
   0.19104265521971420E-008  -0.150527857E-008
   0.19135078853458470E-008  -0.230489805E-008
   0.19165892184945521E-008   0.478163509E-009
   0.19196705516432572E-008   0.201582528E-008
   0.19227518847919622E-008   0.731420813E-009
   0.19258332179406673E-008  -0.102968534E-008
   0.19289145510893724E-008  -0.150454116E-008
   0.19319958842380774E-008  -0.215377050E-009
   0.19350772173867825E-008   0.156147839E-008
   0.19381585505354876E-008   0.981815518E-009
   0.19412398836841926E-008  -0.153349822E-008
   0.19443212168328977E-008  -0.182486071E-008
   0.19474025499816028E-008   0.508520781E-009
   0.19504838831303078E-008   0.127461797E-008
   0.19535652162790129E-008  -0.357524899E-009
   0.19566465494277180E-008  -0.125375887E-008
   0.19597278825764231E-008  -0.690896673E-009
   0.19628092157251281E-008  -0.146059498E-009
   0.19658905488738332E-008   0.183648180E-009
   0.19689718820225383E-008   0.769363531E-010
   0.19720532151712433E-008  -0.938346956E-009
   0.19751345483199484E-008  -0.135385836E-008
   0.19782158814686535E-008  -0.156671676E-009
   0.19812972146173585E-008   0.553585344E-009
   0.19843785477660636E-008  -0.462819505E-009
   0.19874598809147687E-008  -0.129944278E-008
   0.19905412140634737E-008  -0.889839535E-009
   0.19936225472121788E-008  -0.293852276E-009
   0.19967038803608839E-008  -0.245869158E-010
   0.19997852135095889E-008  -0.197259264E-009
   0.20028665466582940E-008  -0.110724163E-008
   0.20059478798069991E-008  -0.157190017E-008
   0.20090292129557041E-008  -0.461396255E-009
   0.20121105461044092E-008   0.466191419E-009
   0.20151918792531143E-008  -0.511757081E-009
   0.20182732124018193E-008  -0.173021653E-008
   0.20213545455505244E-008  -0.128306410E-008
   0.20244358786992295E-008  -0.114669274E-009
   0.20275172118479345E-008   0.106899115E-009
   0.20305985449966396E-008  -0.831560876E-009
   0.20336798781453447E-008  -0.183862037E-008
   0.20367612112940497E-008  -0.141428591E-008
   0.20398425444427548E-008   0.135527589E-009
   0.20429238775914599E-008   0.269669426E-009
   0.20460052107401649E-008  -0.153852719E-008
   0.20490865438888700E-008  -0.229280439E-008
   0.20521678770375751E-008  -0.759283525E-009
   0.20552492101862802E-008   0.396525368E-009
   0.20583305433349852E-008  -0.478094619E-009
   0.20614118764836903E-008  -0.180053639E-008
   0.20644932096323954E-008  -0.189662419E-008
   0.20675745427811004E-008  -0.809345924E-009
   0.20706558759298055E-008   0.146220591E-009
   0.20737372090785106E-008  -0.527354826E-009
   0.20768185422272156E-008  -0.209295337E-008
   0.20798998753759207E-008  -0.194377825E-008
   0.20829812085246258E-008  -0.248182030E-009
   0.20860625416733308E-008  -0.386065901E-010
   0.20891438748220359E-008  -0.154785551E-008
   0.20922252079707410E-008  -0.205182449E-008
   0.20953065411194460E-008  -0.111690124E-008
   0.20983878742681511E-008  -0.523479649E-009
   0.21014692074168562E-008  -0.725284222E-009
   0.21045505405655612E-008  -0.126506716E-008
   0.21076318737142663E-008  -0.181354642E-008
   0.21107132068629714E-008  -0.152753044E-008
   0.21137945400116764E-008  -0.564264302E-009
   0.21168758731603815E-008  -0.638820719E-009
   0.21199572063090866E-008  -0.166387437E-008
   0.21230385394577916E-008  -0.171146053E-008
   0.21261198726064967E-008  -0.100911590E-008
   0.21292012057552018E-008  -0.105922693E-008
   0.21322825389039068E-008  -0.130241418E-008
   0.21353638720526119E-008  -0.107694786E-008
   0.21384452052013170E-008  -0.132136968E-008
   0.21415265383500220E-008  -0.176269088E-008
   0.21446078714987271E-008  -0.123636257E-008
   0.21476892046474322E-008  -0.742177098E-009
   0.21507705377961372E-008  -0.136905265E-008
   0.21538518709448423E-008  -0.180925852E-008
   0.21569332040935474E-008  -0.137229672E-008
   0.21600145372422525E-008  -0.115366428E-008
   0.21630958703909575E-008  -0.120802024E-008
   0.21661772035396626E-008  -0.112859821E-008
   0.21692585366883677E-008  -0.159014935E-008
   0.21723398698370727E-008  -0.205550976E-008
   0.21754212029857778E-008  -0.122237309E-008
   0.21785025361344829E-008  -0.492686503E-009
   0.21815838692831879E-008  -0.146821821E-008
   0.21846652024318930E-008  -0.225480057E-008
   0.21877465355805981E-008  -0.143508738E-008
   0.21908278687293031E-008  -0.881785367E-009
   0.21939092018780082E-008  -0.136931377E-008
   0.21969905350267133E-008  -0.154702495E-008
   0.22000718681754183E-008  -0.153109059E-008
   0.22031532013241234E-008  -0.177610682E-008
   0.22062345344728285E-008  -0.132878886E-008
   0.22093158676215335E-008  -0.790770394E-009
   0.22123972007702386E-008  -0.161518521E-008
   0.22154785339189437E-008  -0.224532704E-008
   0.22185598670676487E-008  -0.124496680E-008
   0.22216412002163538E-008  -0.777543419E-009
   0.22247225333650589E-008  -0.172380377E-008
   0.22278038665137639E-008  -0.182978432E-008
   0.22308851996624690E-008  -0.117219279E-008
   0.22339665328111741E-008  -0.155723356E-008
   0.22370478659598791E-008  -0.182123017E-008
   0.22401291991085842E-008  -0.100071551E-008
   0.22432105322572893E-008  -0.110918452E-008
   0.22462918654059943E-008  -0.210570006E-008
   0.22493731985546994E-008  -0.170571179E-008
   0.22524545317034045E-008  -0.885819473E-009
   0.22555358648521096E-008  -0.146385692E-008
   0.22586171980008146E-008  -0.179375670E-008
   0.22616985311495197E-008  -0.116600929E-008
   0.22647798642982248E-008  -0.147165613E-008
   0.22678611974469298E-008  -0.197142258E-008
   0.22709425305956349E-008  -0.103752718E-008
   0.22740238637443400E-008  -0.808177247E-009
   0.22771051968930450E-008  -0.218934493E-008
   0.22801865300417501E-008  -0.206776329E-008
   0.22832678631904552E-008  -0.514618903E-009
   0.22863491963391602E-008  -0.905360897E-009
   0.22894305294878653E-008  -0.222206165E-008
   0.22925118626365704E-008  -0.166772929E-008
   0.22955931957852754E-008  -0.913110698E-009
   0.22986745289339805E-008  -0.144077550E-008
   0.23017558620826856E-008  -0.139996226E-008
   0.23048371952313906E-008  -0.102881736E-008
   0.23079185283800957E-008  -0.181781723E-008
   0.23109998615288008E-008  -0.185915672E-008
   0.23140811946775058E-008  -0.504935760E-009
   0.23171625278262109E-008  -0.836879455E-009
   0.23202438609749160E-008  -0.235655540E-008
   0.23233251941236210E-008  -0.159919189E-008
   0.23264065272723261E-008  -0.236048736E-009
   0.23294878604210312E-008  -0.125739119E-008
   0.23325691935697362E-008  -0.211933537E-008
   0.23356505267184413E-008  -0.101042752E-008
   0.23387318598671464E-008  -0.770903452E-009
   0.23418131930158514E-008  -0.165345049E-008
   0.23448945261645565E-008  -0.122896515E-008
   0.23479758593132616E-008  -0.761429142E-009
   0.23510571924619666E-008  -0.160920921E-008
   0.23541385256106717E-008  -0.143703505E-008
   0.23572198587593768E-008  -0.395955491E-009
   0.23603011919080819E-008  -0.117182930E-008
   0.23633825250567869E-008  -0.200379913E-008
   0.23664638582054920E-008  -0.641099729E-009
   0.23695451913541971E-008  -0.178306397E-009
   0.23726265245029021E-008  -0.181698201E-008
   0.23757078576516072E-008  -0.175020098E-008
   0.23787891908003123E-008  -0.110492837E-009
   0.23818705239490173E-008  -0.587471460E-009
   0.23849518570977224E-008  -0.181667681E-008
   0.23880331902464275E-008  -0.104631037E-008
   0.23911145233951325E-008  -0.406821576E-009
   0.23941958565438376E-008  -0.110040344E-008
   0.23972771896925427E-008  -0.928498112E-009
   0.24003585228412477E-008  -0.491945207E-009
   0.24034398559899528E-008  -0.132300226E-008
   0.24065211891386579E-008  -0.117975718E-008
   0.24096025222873629E-008   0.238513320E-009
   0.24126838554360680E-008  -0.433752756E-009
   0.24157651885847731E-008  -0.205944262E-008
   0.24188465217334781E-008  -0.914648912E-009
   0.24219278548821832E-008   0.638822995E-009
   0.24250091880308883E-008  -0.637308428E-009
   0.24280905211795933E-008  -0.170127512E-008
   0.24311718543282984E-008  -0.485339102E-009
   0.24342531874770035E-008   0.273528422E-010
   0.24373345206257085E-008  -0.719814430E-009
   0.24404158537744136E-008  -0.569195635E-009
   0.24434971869231187E-008  -0.413824364E-009
   0.24465785200718237E-008  -0.981721815E-009
   0.24496598532205288E-008  -0.336088046E-009
   0.24527411863692339E-008   0.552402346E-009
   0.24558225195179390E-008  -0.675693168E-009
   0.24589038526666440E-008  -0.150478408E-008
   0.24619851858153491E-008   0.171587855E-009
   0.24650665189640542E-008   0.825448543E-009
   0.24681478521127592E-008  -0.843487669E-009
   0.24712291852614643E-008  -0.105602083E-008
   0.24743105184101694E-008   0.406909173E-009
   0.24773918515588744E-008   0.311019210E-009
   0.24804731847075795E-008  -0.566309499E-009
   0.24835545178562846E-008  -0.191579586E-009
   0.24866358510049896E-008   0.687337687E-010
   0.24897171841536947E-008  -0.230954394E-009
   0.24927985173023998E-008   0.290417773E-009
   0.24958798504511048E-008   0.458596189E-009
   0.24989611835998099E-008  -0.572887293E-009
   0.25020425167485150E-008  -0.351022128E-009
   0.25051238498972200E-008   0.106038833E-008
   0.25082051830459251E-008   0.547261014E-009
   0.25112865161946302E-008  -0.806136047E-009
   0.25143678493433352E-008   0.678126999E-010
   0.25174491824920403E-008   0.126537270E-008
   0.25205305156407454E-008   0.377577469E-009
   0.25236118487894504E-008  -0.353206353E-009
   0.25266931819381555E-008   0.427907043E-009
   0.25297745150868606E-008   0.765038533E-009
   0.25328558482355656E-008   0.470625150E-009
   0.25359371813842707E-008   0.629249264E-009
   0.25390185145329758E-008   0.431437275E-009
   0.25420998476816808E-008   0.410936007E-010
   0.25451811808303859E-008   0.880415185E-009
   0.25482625139790910E-008   0.147696078E-008
   0.25513438471277960E-008   0.283001955E-009
   0.25544251802765011E-008  -0.185985560E-009
   0.25575065134252062E-008   0.129511357E-008
   0.25605878465739113E-008   0.168139436E-008
   0.25636691797226163E-008   0.344489104E-009
   0.25667505128713214E-008   0.215971810E-009
   0.25698318460200265E-008   0.129061017E-008
   0.25729131791687315E-008   0.137379907E-008
   0.25759945123174366E-008   0.926911992E-009
   0.25790758454661417E-008   0.957698809E-009
   0.25821571786148467E-008   0.860257310E-009
   0.25852385117635518E-008   0.971832503E-009
   0.25883198449122569E-008   0.169266567E-008
   0.25914011780609619E-008   0.149859336E-008
   0.25944825112096670E-008   0.481357398E-009
   0.25975638443583721E-008   0.947636414E-009
   0.26006451775070771E-008   0.218825469E-008
   0.26037265106557822E-008   0.164470271E-008
   0.26068078438044873E-008   0.554551405E-009
   0.26098891769531923E-008   0.120288868E-008
   0.26129705101018974E-008   0.211343121E-008
   0.26160518432506025E-008   0.168702152E-008
   0.26191331763993075E-008   0.124020982E-008
   0.26222145095480126E-008   0.146553270E-008
   0.26252958426967177E-008   0.157664670E-008
   0.26283771758454227E-008   0.176077264E-008
   0.26314585089941278E-008   0.202875761E-008
   0.26345398421428329E-008   0.157091939E-008
   0.26376211752915379E-008   0.123509092E-008
   0.26407025084402430E-008   0.208439110E-008
   0.26437838415889481E-008   0.252005017E-008
   0.26468651747376531E-008   0.157482505E-008
   0.26499465078863582E-008   0.130228128E-008
   0.26530278410350633E-008   0.232799824E-008
   0.26561091741837684E-008   0.255105492E-008
   0.26591905073324734E-008   0.177063664E-008
   0.26622718404811785E-008   0.171503423E-008
   0.26653531736298836E-008   0.224403296E-008
   0.26684345067785886E-008   0.233494180E-008
   0.26715158399272937E-008   0.226954366E-008
   0.26745971730759988E-008   0.220854401E-008
   0.26776785062247038E-008   0.198439065E-008
   0.26807598393734089E-008   0.225849783E-008
   0.26838411725221140E-008   0.285172730E-008
   0.26869225056708190E-008   0.247305509E-008
   0.26900038388195241E-008   0.176070469E-008
   0.26930851719682292E-008   0.234358888E-008
   0.26961665051169342E-008   0.318418691E-008
   0.26992478382656393E-008   0.265075317E-008
   0.27023291714143444E-008   0.197256833E-008
   0.27054105045630494E-008   0.247825804E-008
   0.27084918377117545E-008   0.302396019E-008
   0.27115731708604596E-008   0.277829137E-008
   0.27146545040091646E-008   0.253229238E-008
   0.27177358371578697E-008   0.259087352E-008
   0.27208171703065748E-008   0.272388401E-008
   0.27238985034552798E-008   0.303825010E-008
   0.27269798366039849E-008   0.309496584E-008
   0.27300611697526900E-008   0.255727306E-008
   0.27331425029013950E-008   0.249683585E-008
   0.27362238360501001E-008   0.329831495E-008
   0.27393051691988052E-008   0.344634987E-008
   0.27423865023475102E-008   0.264832156E-008
   0.27454678354962153E-008   0.257159982E-008
   0.27485491686449204E-008   0.334975869E-008
   0.27516305017936254E-008   0.348188656E-008
   0.27547118349423305E-008   0.298035907E-008
   0.27577931680910356E-008   0.291758018E-008
   0.27608745012397407E-008   0.321727955E-008
   0.27639558343884457E-008   0.337349859E-008
   0.27670371675371508E-008   0.338549144E-008
   0.27701185006858559E-008   0.317884696E-008
   0.27731998338345609E-008   0.298128433E-008
   0.27762811669832660E-008   0.337306472E-008
   0.27793625001319711E-008   0.382267062E-008
   0.27824438332806761E-008   0.339382855E-008
   0.27855251664293812E-008   0.288948487E-008
   0.27886064995780863E-008   0.339863249E-008
   0.27916878327267913E-008   0.396906641E-008
   0.27947691658754964E-008   0.356876373E-008
   0.27978504990242015E-008   0.313338266E-008
   0.28009318321729065E-008   0.348164342E-008
   0.28040131653216116E-008   0.385912191E-008
   0.28070944984703167E-008   0.371417186E-008
   0.28101758316190217E-008   0.346917695E-008
   0.28132571647677268E-008   0.344458950E-008
   0.28163384979164319E-008   0.366916542E-008
   0.28194198310651369E-008   0.398569755E-008
   0.28225011642138420E-008   0.387446031E-008
   0.28255824973625471E-008   0.339339268E-008
   0.28286638305112521E-008   0.348467188E-008
   0.28317451636599572E-008   0.413651602E-008
   0.28348264968086623E-008   0.414160883E-008
   0.28379078299573673E-008   0.350396157E-008
   0.28409891631060724E-008   0.350257490E-008
   0.28440704962547775E-008   0.413045420E-008
   0.28471518294034825E-008   0.421382129E-008
   0.28502331625521876E-008   0.372869824E-008
   0.28533144957008927E-008   0.360622932E-008
   0.28563958288495978E-008   0.397419297E-008
   0.28594771619983028E-008   0.424492796E-008
   0.28625584951470079E-008   0.411724077E-008
   0.28656398282957130E-008   0.377736198E-008
   0.28687211614444180E-008   0.372028452E-008
   0.28718024945931231E-008   0.415185886E-008
   0.28748838277418282E-008   0.441694681E-008
   0.28779651608905332E-008   0.399822753E-008
   0.28810464940392383E-008   0.364960084E-008
   0.28841278271879434E-008   0.408336387E-008
   0.28872091603366484E-008   0.451939819E-008
   0.28902904934853535E-008   0.415824086E-008
   0.28933718266340586E-008   0.371946429E-008
   0.28964531597827636E-008   0.401161948E-008
   0.28995344929314687E-008   0.448253745E-008
   0.29026158260801738E-008   0.437610925E-008
   0.29056971592288788E-008   0.397053190E-008
   0.29087784923775839E-008   0.390636723E-008
   0.29118598255262890E-008   0.424022817E-008
   0.29149411586749940E-008   0.449474769E-008
   0.29180224918236991E-008   0.428020686E-008
   0.29211038249724042E-008   0.390133792E-008
   0.29241851581211092E-008   0.403912459E-008
   0.29272664912698143E-008   0.454373295E-008
   0.29303478244185194E-008   0.450767601E-008
   0.29334291575672244E-008   0.394588850E-008
   0.29365104907159295E-008   0.390449539E-008
   0.29395918238646346E-008   0.449506210E-008
   0.29426731570133396E-008   0.464970595E-008
   0.29457544901620447E-008   0.413363210E-008
   0.29488358233107498E-008   0.389650134E-008
   0.29519171564594548E-008   0.427698010E-008
   0.29549984896081599E-008   0.456933291E-008
   0.29580798227568650E-008   0.436482495E-008
   0.29611611559055701E-008   0.405312850E-008
   0.29642424890542751E-008   0.409702583E-008
   0.29673238222029802E-008   0.444748416E-008
   0.29704051553516853E-008   0.457961313E-008
   0.29734864885003903E-008   0.420172785E-008
   0.29765678216490954E-008   0.389992616E-008
   0.29796491547978005E-008   0.427720881E-008
   0.29827304879465055E-008   0.472182782E-008
   0.29858118210952106E-008   0.439545289E-008
   0.29888931542439157E-008   0.386734511E-008
   0.29919744873926207E-008   0.408507761E-008
   0.29950558205413258E-008   0.459591787E-008
   0.29981371536900309E-008   0.448844917E-008
   0.30012184868387359E-008   0.404061895E-008
   0.30042998199874410E-008   0.401505762E-008
   0.30073811531361461E-008   0.436114433E-008
   0.30104624862848511E-008   0.452429383E-008
   0.30135438194335562E-008   0.427396163E-008
   0.30166251525822613E-008   0.393698718E-008
   0.30197064857309663E-008   0.405663103E-008
   0.30227878188796714E-008   0.452711602E-008
   0.30258691520283765E-008   0.451512649E-008
   0.30289504851770815E-008   0.393624067E-008
   0.30320318183257866E-008   0.382377907E-008
   0.30351131514744917E-008   0.439813386E-008
   0.30381944846231967E-008   0.456666660E-008
   0.30412758177719018E-008   0.403786604E-008
   0.30443571509206069E-008   0.381044840E-008
   0.30474384840693119E-008   0.420342605E-008
   0.30505198172180170E-008   0.445005055E-008
   0.30536011503667221E-008   0.420276391E-008
   0.30566824835154272E-008   0.388366450E-008
   0.30597638166641322E-008   0.389997457E-008
   0.30628451498128373E-008   0.424093516E-008
   0.30659264829615424E-008   0.440741665E-008
   0.30690078161102474E-008   0.400395717E-008
   0.30720891492589525E-008   0.363646802E-008
   0.30751704824076576E-008   0.402737266E-008
   0.30782518155563626E-008   0.448331461E-008
   0.30813331487050677E-008   0.409254719E-008
   0.30844144818537728E-008   0.357428576E-008
   0.30874958150024778E-008   0.386185928E-008
   0.30905771481511829E-008   0.430078684E-008
   0.30936584812998880E-008   0.408318623E-008
   0.30967398144485930E-008   0.368831587E-008
   0.30998211475972981E-008   0.371213615E-008
   0.31029024807460032E-008   0.397408728E-008
   0.31059838138947082E-008   0.411657730E-008
   0.31090651470434133E-008   0.392098931E-008
   0.31121464801921184E-008   0.352702845E-008
   0.31152278133408234E-008   0.358441898E-008
   0.31183091464895285E-008   0.411665102E-008
   0.31213904796382336E-008   0.410738021E-008
   0.31244718127869386E-008   0.344630302E-008
   0.31275531459356437E-008   0.336360451E-008
   0.31306344790843488E-008   0.397725053E-008
   0.31337158122330538E-008   0.403851574E-008
   0.31367971453817589E-008   0.346254181E-008
   0.31398784785304640E-008   0.332013661E-008
   0.31429598116791690E-008   0.369002562E-008
   0.31460411448278741E-008   0.385462107E-008
   0.31491224779765792E-008   0.366629438E-008
   0.31522038111252842E-008   0.336856809E-008
   0.31552851442739893E-008   0.325725047E-008
   0.31583664774226944E-008   0.358826391E-008
   0.31614478105713995E-008   0.386565757E-008
   0.31645291437201045E-008   0.341726292E-008
   0.31676104768688096E-008   0.294432079E-008
   0.31706918100175147E-008   0.336701089E-008
   0.31737731431662197E-008   0.383067444E-008
   0.31768544763149248E-008   0.337185391E-008
   0.31799358094636299E-008   0.289473334E-008
   0.31830171426123349E-008   0.323142846E-008
   0.31860984757610400E-008   0.357911145E-008
   0.31891798089097451E-008   0.333582961E-008
   0.31922611420584501E-008   0.301715297E-008
   0.31953424752071552E-008   0.296623814E-008
   0.31984238083558603E-008   0.311949044E-008
   0.32015051415045653E-008   0.336946737E-008
   0.32045864746532704E-008   0.326086202E-008
   0.32076678078019755E-008   0.274400191E-008
   0.32107491409506805E-008   0.273649681E-008
   0.32138304740993856E-008   0.332282779E-008
   0.32169118072480907E-008   0.327107363E-008
   0.32199931403967957E-008   0.257092703E-008
   0.32230744735455008E-008   0.256618882E-008
   0.32261558066942059E-008   0.315677062E-008
   0.32292371398429109E-008   0.311951354E-008
   0.32323184729916160E-008   0.261909650E-008
   0.32353998061403211E-008   0.253663401E-008
   0.32384811392890261E-008   0.274010592E-008
   0.32415624724377312E-008   0.283814239E-008
   0.32446438055864363E-008   0.281509860E-008
   0.32477251387351413E-008   0.254247823E-008
   0.32508064718838464E-008   0.228648567E-008
   0.32538878050325515E-008   0.260890221E-008
   0.32569691381812566E-008   0.293811242E-008
   0.32600504713299616E-008   0.244920373E-008
   0.32631318044786667E-008   0.199582795E-008
   0.32662131376273718E-008   0.246378140E-008
   0.32692944707760768E-008   0.283018275E-008
   0.32723758039247819E-008   0.232816766E-008
   0.32754571370734870E-008   0.196003658E-008
   0.32785384702221920E-008   0.225083063E-008
   0.32816198033708971E-008   0.243755216E-008
   0.32847011365196022E-008   0.228261032E-008
   0.32877824696683072E-008   0.212953588E-008
   0.32908638028170123E-008   0.196936489E-008
   0.32939451359657174E-008   0.196703320E-008
   0.32970264691144224E-008   0.226269758E-008
   0.33001078022631275E-008   0.220665641E-008
   0.33031891354118326E-008   0.168212644E-008
   0.33062704685605376E-008   0.170813963E-008
   0.33093518017092427E-008   0.225349295E-008
   0.33124331348579478E-008   0.211183293E-008
   0.33155144680066528E-008   0.149617307E-008
   0.33185958011553579E-008   0.156898450E-008
   0.33216771343040630E-008   0.199078487E-008
   0.33247584674527680E-008   0.187067251E-008
   0.33278398006014731E-008   0.155985058E-008
   0.33309211337501782E-008   0.152044199E-008
   0.33340024668988832E-008   0.152967061E-008
   0.33370838000475883E-008   0.159902336E-008
   0.33401651331962934E-008   0.169822489E-008
   0.33432464663449984E-008   0.142018131E-008
   0.33463277994937035E-008   0.112582099E-008
   0.33494091326424086E-008   0.145254542E-008
   0.33524904657911136E-008   0.170519621E-008
   0.33555717989398187E-008   0.120716370E-008
   0.33586531320885238E-008   0.897461438E-009
   0.33617344652372289E-008   0.132949585E-008
   0.33648157983859339E-008   0.149611845E-008
   0.33678971315346390E-008   0.106585984E-008
   0.33709784646833441E-008   0.894718299E-009
   0.33740597978320491E-008   0.106983777E-008
   0.33771411309807542E-008   0.108324039E-008
   0.33802224641294593E-008   0.103933762E-008
   0.33833037972781643E-008   0.985762472E-009
   0.33863851304268694E-008   0.743705209E-009
   0.33894664635755745E-008   0.728426874E-009
   0.33925477967242795E-008   0.104551501E-008
   0.33956291298729846E-008   0.907388331E-009
   0.33987104630216897E-008   0.395862454E-009
   0.34017917961703947E-008   0.511557186E-009
   0.34048731293190998E-008   0.959738289E-009
   0.34079544624678049E-008   0.737226613E-009
   0.34110357956165099E-008   0.291255325E-009
   0.34141171287652150E-008   0.414922957E-009
   0.34171984619139201E-008   0.618462448E-009
   0.34202797950626251E-008   0.460108951E-009
   0.34233611282113302E-008   0.336789208E-009
   0.34264424613600353E-008   0.310706239E-009
   0.34295237945087403E-008   0.215794799E-009
   0.34326051276574454E-008   0.296673269E-009
   0.34356864608061505E-008   0.386835508E-009
   0.34387677939548555E-008   0.669342082E-010
   0.34418491271035606E-008  -0.141430437E-009
   0.34449304602522657E-008   0.210001586E-009
   0.34480117934009707E-008   0.322331078E-009
   0.34510931265496758E-008  -0.156910013E-009
   0.34541744596983809E-008  -0.314532900E-009
   0.34572557928470860E-008   0.260362565E-010
   0.34603371259957910E-008   0.323510559E-010
   0.34634184591444961E-008  -0.279969492E-009
   0.34664997922932012E-008  -0.325773464E-009
   0.34695811254419062E-008  -0.252432464E-009
   0.34726624585906113E-008  -0.292973645E-009
   0.34757437917393164E-008  -0.281428658E-009
   0.34788251248880214E-008  -0.365821262E-009
   0.34819064580367265E-008  -0.617161877E-009
   0.34849877911854316E-008  -0.564492342E-009
   0.34880691243341366E-008  -0.308196302E-009
   0.34911504574828417E-008  -0.513208420E-009
   0.34942317906315468E-008  -0.889065821E-009
   0.34973131237802518E-008  -0.733275773E-009
   0.35003944569289569E-008  -0.473570239E-009
   0.35034757900776620E-008  -0.703553993E-009
   0.35065571232263670E-008  -0.963940927E-009
   0.35096384563750721E-008  -0.872695971E-009
   0.35127197895237772E-008  -0.802789779E-009
   0.35158011226724822E-008  -0.899399721E-009
   0.35188824558211873E-008  -0.978490844E-009
   0.35219637889698924E-008  -0.108082010E-008
   0.35250451221185974E-008  -0.113409182E-008
   0.35281264552673025E-008  -0.100105546E-008
   0.35312077884160076E-008  -0.101517972E-008
   0.35342891215647126E-008  -0.132076505E-008
   0.35373704547134177E-008  -0.139407763E-008
   0.35404517878621228E-008  -0.115295762E-008
   0.35435331210108278E-008  -0.118615606E-008
   0.35466144541595329E-008  -0.147653800E-008
   0.35496957873082380E-008  -0.150140611E-008
   0.35527771204569430E-008  -0.136901734E-008
   0.35558584536056481E-008  -0.144263701E-008
   0.35589397867543532E-008  -0.158264801E-008
   0.35620211199030583E-008  -0.162637637E-008
   0.35651024530517633E-008  -0.165481828E-008
   0.35681837862004684E-008  -0.163535618E-008
   0.35712651193491735E-008  -0.162046621E-008
   0.35743464524978785E-008  -0.179231752E-008
   0.35774277856465836E-008  -0.194094918E-008
   0.35805091187952887E-008  -0.181009219E-008
   0.35835904519439937E-008  -0.172958636E-008
   0.35866717850926988E-008  -0.194272043E-008
   0.35897531182414039E-008  -0.208154316E-008
   0.35928344513901089E-008  -0.198963224E-008
   0.35959157845388140E-008  -0.198767869E-008
   0.35989971176875191E-008  -0.212347362E-008
   0.36020784508362241E-008  -0.219163576E-008
   0.36051597839849292E-008  -0.220720775E-008
   0.36082411171336343E-008  -0.220739826E-008
   0.36113224502823393E-008  -0.218758989E-008
   0.36144037834310444E-008  -0.229729991E-008
   0.36174851165797495E-008  -0.247419263E-008
   0.36205664497284545E-008  -0.242488452E-008
   0.36236477828771596E-008  -0.230532415E-008
   0.36267291160258647E-008  -0.245854648E-008
   0.36298104491745697E-008  -0.263682232E-008
   0.36328917823232748E-008  -0.255098520E-008
   0.36359731154719799E-008  -0.250765586E-008
   0.36390544486206849E-008  -0.267504774E-008
   0.36421357817693900E-008  -0.275409540E-008
   0.36452171149180951E-008  -0.270619838E-008
   0.36482984480668001E-008  -0.272989631E-008
   0.36513797812155052E-008  -0.277200662E-008
   0.36544611143642103E-008  -0.282087886E-008
   0.36575424475129154E-008  -0.296615532E-008
   0.36606237806616204E-008  -0.300443026E-008
   0.36637051138103255E-008  -0.287159874E-008
   0.36667864469590306E-008  -0.293467917E-008
   0.36698677801077356E-008  -0.316476223E-008
   0.36729491132564407E-008  -0.313121729E-008
   0.36760304464051458E-008  -0.300101122E-008
   0.36791117795538508E-008  -0.316499293E-008
   0.36821931127025559E-008  -0.333609607E-008
   0.36852744458512610E-008  -0.324801142E-008
   0.36883557789999660E-008  -0.321960880E-008
   0.36914371121486711E-008  -0.333182704E-008
   0.36945184452973762E-008  -0.335064265E-008
   0.36975997784460812E-008  -0.339798167E-008
   0.37006811115947863E-008  -0.353048835E-008
   0.37037624447434914E-008  -0.347574369E-008
   0.37068437778921964E-008  -0.340049144E-008
   0.37099251110409015E-008  -0.361687569E-008
   0.37130064441896066E-008  -0.374027476E-008
   0.37160877773383116E-008  -0.354132057E-008
   0.37191691104870167E-008  -0.355829233E-008
   0.37222504436357218E-008  -0.384959487E-008
   0.37253317767844268E-008  -0.383798593E-008
   0.37284131099331319E-008  -0.366016373E-008
   0.37314944430818370E-008  -0.379374532E-008
   0.37345757762305420E-008  -0.395442346E-008
   0.37376571093792471E-008  -0.388893184E-008
   0.37407384425279522E-008  -0.392785227E-008
   0.37438197756766572E-008  -0.403175404E-008
   0.37469011088253623E-008  -0.394628907E-008
   0.37499824419740674E-008  -0.398611677E-008
   0.37530637751227724E-008  -0.421825241E-008
   0.37561451082714775E-008  -0.415485468E-008
   0.37592264414201826E-008  -0.398758493E-008
   0.37623077745688877E-008  -0.423036139E-008
   0.37653891077175927E-008  -0.443113723E-008
   0.37684704408662978E-008  -0.418912105E-008
   0.37715517740150029E-008  -0.412682555E-008
   0.37746331071637079E-008  -0.443343984E-008
   0.37777144403124130E-008  -0.447949988E-008
   0.37807957734611181E-008  -0.432736336E-008
   0.37838771066098231E-008  -0.443504344E-008
   0.37869584397585282E-008  -0.452551374E-008
   0.37900397729072333E-008  -0.444701564E-008
   0.37931211060559383E-008  -0.457622695E-008
   0.37962024392046434E-008  -0.470015049E-008
   0.37992837723533485E-008  -0.449984805E-008
   0.38023651055020535E-008  -0.452013227E-008
   0.38054464386507586E-008  -0.487932361E-008
   0.38085277717994637E-008  -0.482237361E-008
   0.38116091049481687E-008  -0.450966597E-008
   0.38146904380968738E-008  -0.472411577E-008
   0.38177717712455789E-008  -0.504112974E-008
   0.38208531043942839E-008  -0.484597296E-008
   0.38239344375429890E-008  -0.472383066E-008
   0.38270157706916941E-008  -0.497068031E-008
   0.38300971038403991E-008  -0.500482944E-008
   0.38331784369891042E-008  -0.490411622E-008
   0.38362597701378093E-008  -0.506280529E-008
   0.38393411032865143E-008  -0.508519715E-008
   0.38424224364352194E-008  -0.491743890E-008
   0.38455037695839245E-008  -0.512965581E-008
   0.38485851027326295E-008  -0.536660050E-008
   0.38516664358813346E-008  -0.506984321E-008
   0.38547477690300397E-008  -0.495604846E-008
   0.38578291021787448E-008  -0.539499556E-008
   0.38609104353274498E-008  -0.546448797E-008
   0.38639917684761549E-008  -0.509752818E-008
   0.38670731016248600E-008  -0.519900833E-008
   0.38701544347735650E-008  -0.551911983E-008
   0.38732357679222701E-008  -0.539905276E-008
   0.38763171010709752E-008  -0.531302824E-008
   0.38793984342196802E-008  -0.550574253E-008
   0.38824797673683853E-008  -0.545500933E-008
   0.38855611005170904E-008  -0.539051159E-008
   0.38886424336657954E-008  -0.567296521E-008
   0.38917237668145005E-008  -0.565775871E-008
   0.38948050999632056E-008  -0.531528421E-008
   0.38978864331119106E-008  -0.553955948E-008
   0.39009677662606157E-008  -0.596214544E-008
   0.39040490994093208E-008  -0.567557956E-008
   0.39071304325580258E-008  -0.539021006E-008
   0.39102117657067309E-008  -0.578646775E-008
   0.39132930988554360E-008  -0.597437788E-008
   0.39163744320041410E-008  -0.566798297E-008
   0.39194557651528461E-008  -0.570537440E-008
   0.39225370983015512E-008  -0.593405503E-008
   0.39256184314502562E-008  -0.580823256E-008
   0.39286997645989613E-008  -0.583176663E-008
   0.39317810977476664E-008  -0.608025053E-008
   0.39348624308963714E-008  -0.588922422E-008
   0.39379437640450765E-008  -0.571318415E-008
   0.39410250971937816E-008  -0.614203399E-008
   0.39441064303424866E-008  -0.627296703E-008
   0.39471877634911917E-008  -0.579520520E-008
   0.39502690966398968E-008  -0.584994542E-008
   0.39533504297886018E-008  -0.635657971E-008
   0.39564317629373069E-008  -0.621992235E-008
   0.39595130960860120E-008  -0.589854876E-008
   0.39625944292347171E-008  -0.616493967E-008
   0.39656757623834221E-008  -0.632259223E-008
   0.39687570955321272E-008  -0.611034157E-008
   0.39718384286808323E-008  -0.623060759E-008
   0.39749197618295373E-008  -0.638375575E-008
   0.39780010949782424E-008  -0.611826900E-008
   0.39810824281269475E-008  -0.619530605E-008
   0.39841637612756525E-008  -0.661725119E-008
   0.39872450944243576E-008  -0.638092956E-008
   0.39903264275730627E-008  -0.600285333E-008
   0.39934077607217677E-008  -0.644547837E-008
   0.39964890938704728E-008  -0.675866607E-008
   0.39995704270191779E-008  -0.628660146E-008
   0.40026517601678829E-008  -0.619445117E-008
   0.40057330933165880E-008  -0.666438504E-008
   0.40088144264652931E-008  -0.661436239E-008
   0.40118957596139981E-008  -0.635394226E-008
   0.40149770927627032E-008  -0.658280497E-008
   0.40180584259114083E-008  -0.663099664E-008
   0.40211397590601133E-008  -0.639431663E-008
   0.40242210922088184E-008  -0.666365985E-008
   0.40273024253575235E-008  -0.688749768E-008
   0.40303837585062285E-008  -0.642948983E-008
   0.40334650916549336E-008  -0.638069642E-008
   0.40365464248036387E-008  -0.699494995E-008
   0.40396277579523437E-008  -0.690789070E-008
   0.40427090911010488E-008  -0.635889918E-008
   0.40457904242497539E-008  -0.664236088E-008
   0.40488717573984589E-008  -0.706883396E-008
   0.40519530905471640E-008  -0.673629330E-008
   0.40550344236958691E-008  -0.659179822E-008
   0.40581157568445742E-008  -0.693325308E-008
   0.40611970899932792E-008  -0.684890056E-008
   0.40642784231419843E-008  -0.669059919E-008
   0.40673597562906894E-008  -0.702760827E-008
   0.40704410894393944E-008  -0.698831393E-008
   0.40735224225880995E-008  -0.657229871E-008
   0.40766037557368046E-008  -0.690360258E-008
   0.40796850888855096E-008  -0.734214023E-008
   0.40827664220342147E-008  -0.684015466E-008
   0.40858477551829198E-008  -0.656387744E-008
   0.40889290883316248E-008  -0.718469773E-008
   0.40920104214803299E-008  -0.728032568E-008
   0.40950917546290350E-008  -0.673690748E-008
   0.40981730877777400E-008  -0.688174318E-008
   0.41012544209264451E-008  -0.727116856E-008
   0.41043357540751502E-008  -0.702028524E-008
   0.41074170872238552E-008  -0.695550995E-008
   0.41104984203725603E-008  -0.726977056E-008
   0.41135797535212654E-008  -0.704138392E-008
   0.41166610866699704E-008  -0.683871404E-008
   0.41197424198186755E-008  -0.736258965E-008
   0.41228237529673806E-008  -0.741944195E-008
   0.41259050861160856E-008  -0.678200962E-008
   0.41289864192647907E-008  -0.696286317E-008
   0.41320677524134958E-008  -0.760350982E-008
   0.41351490855622008E-008  -0.726323091E-008
   0.41382304187109059E-008  -0.682081991E-008
   0.41413117518596110E-008  -0.728243155E-008
   0.41443930850083160E-008  -0.748327444E-008
   0.41474744181570211E-008  -0.708620895E-008
   0.41505557513057262E-008  -0.719842497E-008
   0.41536370844544312E-008  -0.744080442E-008
   0.41567184176031363E-008  -0.711671966E-008
   0.41597997507518414E-008  -0.717337034E-008
   0.41628810839005465E-008  -0.764252395E-008
   0.41659624170492515E-008  -0.730819849E-008
   0.41690437501979566E-008  -0.687839830E-008
   0.41721250833466617E-008  -0.747311546E-008
   0.41752064164953667E-008  -0.777871101E-008
   0.41782877496440718E-008  -0.709818915E-008
   0.41813690827927769E-008  -0.704219350E-008
   0.41844504159414819E-008  -0.769208519E-008
   0.41875317490901870E-008  -0.753911777E-008
   0.41906130822388921E-008  -0.711314740E-008
   0.41936944153875971E-008  -0.743361639E-008
   0.41967757485363022E-008  -0.755621432E-008
   0.41998570816850073E-008  -0.722370208E-008
   0.42029384148337123E-008  -0.747421502E-008
   0.42060197479824174E-008  -0.773045805E-008
   0.42091010811311225E-008  -0.721160642E-008
   0.42121824142798275E-008  -0.717502546E-008
   0.42152637474285326E-008  -0.786052023E-008
   0.42183450805772377E-008  -0.766357466E-008
   0.42214264137259427E-008  -0.701154157E-008
   0.42245077468746478E-008  -0.743850448E-008
   0.42275890800233529E-008  -0.792643196E-008
   0.42306704131720579E-008  -0.739998240E-008
   0.42337517463207630E-008  -0.720561433E-008
   0.42368330794694681E-008  -0.770940112E-008
   0.42399144126181731E-008  -0.761642038E-008
   0.42429957457668782E-008  -0.731890637E-008
   0.42460770789155833E-008  -0.767083552E-008
   0.42491584120642883E-008  -0.767994024E-008
   0.42522397452129934E-008  -0.721288140E-008
   0.42553210783616985E-008  -0.754154339E-008
   0.42584024115104036E-008  -0.799297961E-008
   0.42614837446591086E-008  -0.740658512E-008
   0.42645650778078137E-008  -0.712727699E-008
   0.42676464109565188E-008  -0.785944820E-008
   0.42707277441052238E-008  -0.790825716E-008
   0.42738090772539289E-008  -0.722211713E-008
   0.42768904104026340E-008  -0.742111039E-008
   0.42799717435513390E-008  -0.791317056E-008
   0.42830530767000441E-008  -0.756755636E-008
   0.42861344098487492E-008  -0.741044293E-008
   0.42892157429974542E-008  -0.779131515E-008
   0.42922970761461593E-008  -0.759127339E-008
   0.42953784092948644E-008  -0.732551531E-008
   0.42984597424435694E-008  -0.783339615E-008
   0.43015410755922745E-008  -0.788698262E-008
   0.43046224087409796E-008  -0.722454674E-008
   0.43077037418896846E-008  -0.744660911E-008
   0.43107850750383897E-008  -0.810300982E-008
   0.43138664081870948E-008  -0.764726327E-008
   0.43169477413357998E-008  -0.716283610E-008
   0.43200290744845049E-008  -0.774837083E-008
   0.43231104076332100E-008  -0.796637156E-008
   0.43261917407819150E-008  -0.742422124E-008
   0.43292730739306201E-008  -0.751101759E-008
   0.43323544070793252E-008  -0.785418575E-008
   0.43354357402280302E-008  -0.751710871E-008
   0.43385170733767353E-008  -0.748323536E-008
   0.43415984065254404E-008  -0.795224242E-008
   0.43446797396741454E-008  -0.765756081E-008
   0.43477610728228505E-008  -0.722333926E-008
   0.43508424059715556E-008  -0.779368925E-008
   0.43539237391202606E-008  -0.805085598E-008
   0.43570050722689657E-008  -0.732812921E-008
   0.43600864054176708E-008  -0.732029681E-008
   0.43631677385663759E-008  -0.802262612E-008
   0.43662490717150809E-008  -0.779105935E-008
   0.43693304048637860E-008  -0.728480298E-008
   0.43724117380124911E-008  -0.767280373E-008
   0.43754930711611961E-008  -0.785489807E-008
   0.43785744043099012E-008  -0.743448902E-008
   0.43816557374586063E-008  -0.760577112E-008
   0.43847370706073113E-008  -0.790950949E-008
   0.43878184037560164E-008  -0.744153272E-008
   0.43908997369047215E-008  -0.736835082E-008
   0.43939810700534265E-008  -0.799412359E-008
   0.43970624032021316E-008  -0.777621878E-008
   0.44001437363508367E-008  -0.715018444E-008
   0.44032250694995417E-008  -0.761828467E-008
   0.44063064026482468E-008  -0.808531553E-008
   0.44093877357969519E-008  -0.747604822E-008
   0.44124690689456569E-008  -0.726018978E-008
   0.44155504020943620E-008  -0.782867104E-008
   0.44186317352430671E-008  -0.774430653E-008
   0.44217130683917721E-008  -0.736269046E-008
   0.44247944015404772E-008  -0.768260922E-008
   0.44278757346891823E-008  -0.775500908E-008
   0.44309570678378873E-008  -0.731018801E-008
   0.44340384009865924E-008  -0.756695329E-008
   0.44371197341352975E-008  -0.796781663E-008
   0.44402010672840025E-008  -0.741839701E-008
   0.44432824004327076E-008  -0.718068316E-008
   0.44463637335814127E-008  -0.787942422E-008
   0.44494450667301177E-008  -0.786062859E-008
   0.44525263998788228E-008  -0.716280457E-008
   0.44556077330275279E-008  -0.741213846E-008
   0.44586890661762330E-008  -0.791963117E-008
   0.44617703993249380E-008  -0.750132845E-008
   0.44648517324736431E-008  -0.728702343E-008
   0.44679330656223482E-008  -0.772556330E-008
   0.44710143987710532E-008  -0.758944552E-008
   0.44740957319197583E-008  -0.725235072E-008
   0.44771770650684634E-008  -0.765860086E-008
   0.44802583982171684E-008  -0.774922349E-008
   0.44833397313658735E-008  -0.717441528E-008
   0.44864210645145786E-008  -0.736565742E-008
   0.44895023976632836E-008  -0.793130095E-008
   0.44925837308119887E-008  -0.746020135E-008
   0.44956650639606938E-008  -0.701362568E-008
   0.44987463971093988E-008  -0.761458807E-008
   0.45018277302581039E-008  -0.780857334E-008
   0.45049090634068090E-008  -0.721371674E-008
   0.45079903965555140E-008  -0.728514760E-008
   0.45110717297042191E-008  -0.769536612E-008
   0.45141530628529242E-008  -0.737991135E-008
   0.45172343960016292E-008  -0.723372562E-008
   0.45203157291503343E-008  -0.764263319E-008
   0.45233970622990394E-008  -0.745114814E-008
   0.45264783954477444E-008  -0.706360126E-008
   0.45295597285964495E-008  -0.752343698E-008
   0.45326410617451546E-008  -0.773205056E-008
   0.45357223948938596E-008  -0.708175829E-008
   0.45388037280425647E-008  -0.708482917E-008
   0.45418850611912698E-008  -0.773215536E-008
   0.45449663943399748E-008  -0.748958584E-008
   0.45480477274886799E-008  -0.697566183E-008
   0.45511290606373850E-008  -0.735263850E-008
   0.45542103937860900E-008  -0.757873320E-008
   0.45572917269347951E-008  -0.714479764E-008
   0.45603730600835002E-008  -0.720359017E-008
   0.45634543932322053E-008  -0.752062412E-008
   0.45665357263809103E-008  -0.718763715E-008
   0.45696170595296154E-008  -0.707081504E-008
   0.45726983926783205E-008  -0.753864438E-008
   0.45757797258270255E-008  -0.736095407E-008
   0.45788610589757306E-008  -0.684694745E-008
   0.45819423921244357E-008  -0.724200122E-008
   0.45850237252731407E-008  -0.762364483E-008
   0.45881050584218458E-008  -0.707191417E-008
   0.45911863915705509E-008  -0.688248125E-008
   0.45942677247192559E-008  -0.741257189E-008
   0.45973490578679610E-008  -0.733369099E-008
   0.46004303910166661E-008  -0.691491664E-008
   0.46035117241653711E-008  -0.717152826E-008
   0.46065930573140762E-008  -0.733583239E-008
   0.46096743904627813E-008  -0.696806701E-008
   0.46127557236114863E-008  -0.706036918E-008
   0.46158370567601914E-008  -0.736329442E-008
   0.46189183899088965E-008  -0.698686220E-008
   0.46219997230576015E-008  -0.680159395E-008
   0.46250810562063066E-008  -0.731944727E-008
   0.46281623893550117E-008  -0.728835037E-008
   0.46312437225037167E-008  -0.672799239E-008
   0.46343250556524218E-008  -0.692954849E-008
   0.46374063888011269E-008  -0.734334282E-008
   0.46404877219498319E-008  -0.697622449E-008
   0.46435690550985370E-008  -0.674950229E-008
   0.46466503882472421E-008  -0.712359816E-008
   0.46497317213959471E-008  -0.708096293E-008
   0.46528130545446522E-008  -0.677121426E-008
   0.46558943876933573E-008  -0.699729652E-008
   0.46589757208420624E-008  -0.708961290E-008
   0.46620570539907674E-008  -0.671102329E-008
   0.46651383871394725E-008  -0.682684487E-008
   0.46682197202881776E-008  -0.719347337E-008
   0.46713010534368826E-008  -0.684185419E-008
   0.46743823865855877E-008  -0.654185772E-008
   0.46774637197342928E-008  -0.698910130E-008
   0.46805450528829978E-008  -0.709219306E-008
   0.46836263860317029E-008  -0.661425359E-008
   0.46867077191804080E-008  -0.667731515E-008
   0.46897890523291130E-008  -0.701845426E-008
   0.46928703854778181E-008  -0.677628798E-008
   0.46959517186265232E-008  -0.659703048E-008
   0.46990330517752282E-008  -0.686446278E-008
   0.47021143849239333E-008  -0.678232581E-008
   0.47051957180726384E-008  -0.653468302E-008
   0.47082770512213434E-008  -0.680026702E-008
   0.47113583843700485E-008  -0.689098600E-008
   0.47144397175187536E-008  -0.646372200E-008
   0.47175210506674586E-008  -0.650592646E-008
   0.47206023838161637E-008  -0.691246349E-008
   0.47236837169648688E-008  -0.667981137E-008
   0.47267650501135738E-008  -0.634483932E-008
   0.47298463832622789E-008  -0.665792577E-008
   0.47329277164109840E-008  -0.679441126E-008
   0.47360090495596890E-008  -0.643212372E-008
   0.47390903827083941E-008  -0.644559561E-008
   0.47421717158570992E-008  -0.668519107E-008
   0.47452530490058042E-008  -0.648822729E-008
   0.47483343821545093E-008  -0.639070574E-008
   0.47514157153032144E-008  -0.664362387E-008
   0.47544970484519194E-008  -0.650980869E-008
   0.47575783816006245E-008  -0.622380769E-008
   0.47606597147493296E-008  -0.648837206E-008
   0.47637410478980347E-008  -0.665175293E-008
   0.47668223810467397E-008  -0.626566221E-008
   0.47699037141954448E-008  -0.622060181E-008
   0.47729850473441499E-008  -0.657635502E-008
   0.47760663804928549E-008  -0.643626752E-008
   0.47791477136415600E-008  -0.613049433E-008
   0.47822290467902651E-008  -0.633343111E-008
   0.47853103799389701E-008  -0.645190124E-008
   0.47883917130876752E-008  -0.620080831E-008
   0.47914730462363803E-008  -0.623104945E-008
   0.47945543793850853E-008  -0.637991926E-008
   0.47976357125337904E-008  -0.615306028E-008
   0.48007170456824955E-008  -0.609077633E-008
   0.48037983788312005E-008  -0.637039399E-008
   0.48068797119799056E-008  -0.625375618E-008
   0.48099610451286107E-008  -0.594943028E-008
   0.48130423782773157E-008  -0.616597307E-008
   0.48161237114260208E-008  -0.634827257E-008
   0.48192050445747259E-008  -0.601420913E-008
   0.48222863777234309E-008  -0.591999161E-008
   0.48253677108721360E-008  -0.620914076E-008
   0.48284490440208411E-008  -0.613939033E-008
   0.48315303771695461E-008  -0.591484994E-008
   0.48346117103182512E-008  -0.604870110E-008
   0.48376930434669563E-008  -0.607834183E-008
   0.48407743766156613E-008  -0.586372062E-008
   0.48438557097643664E-008  -0.596316729E-008
   0.48469370429130715E-008  -0.611213302E-008
   0.48500183760617765E-008  -0.584754112E-008
   0.48530997092104816E-008  -0.575688031E-008
   0.48561810423591867E-008  -0.604786488E-008
   0.48592623755078918E-008  -0.597280003E-008
   0.48623437086565968E-008  -0.565304958E-008
   0.48654250418053019E-008  -0.579910298E-008
   0.48685063749540070E-008  -0.599937255E-008
   0.48715877081027120E-008  -0.576326897E-008
   0.48746690412514171E-008  -0.565896396E-008
   0.48777503744001222E-008  -0.583808157E-008
   0.48808317075488272E-008  -0.575563108E-008
   0.48839130406975323E-008  -0.561765656E-008
   0.48869943738462374E-008  -0.577673021E-008
   0.48900757069949424E-008  -0.575954218E-008
   0.48931570401436475E-008  -0.552023938E-008
   0.48962383732923526E-008  -0.562979396E-008
   0.48993197064410576E-008  -0.579350257E-008
   0.49024010395897627E-008  -0.552809887E-008
   0.49054823727384678E-008  -0.540873968E-008
   0.49085637058871728E-008  -0.569191805E-008
   0.49116450390358779E-008  -0.566978242E-008
   0.49147263721845830E-008  -0.537229017E-008
   0.49178077053332880E-008  -0.544683232E-008
   0.49208890384819931E-008  -0.560396440E-008
   0.49239703716306982E-008  -0.543124301E-008
   0.49270517047794032E-008  -0.537324940E-008
   0.49301330379281083E-008  -0.550693136E-008
   0.49332143710768134E-008  -0.538752731E-008
   0.49362957042255184E-008  -0.527602584E-008
   0.49393770373742235E-008  -0.545677192E-008
   0.49424583705229286E-008  -0.541790079E-008
   0.49455397036716336E-008  -0.514772136E-008
   0.49486210368203387E-008  -0.526142907E-008
   0.49517023699690438E-008  -0.547410695E-008
   0.49547837031177488E-008  -0.523528376E-008
   0.49578650362664539E-008  -0.505439646E-008
   0.49609463694151590E-008  -0.527321387E-008
   0.49640277025638641E-008  -0.529992317E-008
   0.49671090357125691E-008  -0.508058662E-008
   0.49701903688612742E-008  -0.512487652E-008
   0.49732717020099793E-008  -0.521242915E-008
   0.49763530351586843E-008  -0.505750952E-008
   0.49794343683073894E-008  -0.505172260E-008
   0.49825157014560945E-008  -0.516994536E-008
   0.49855970346047995E-008  -0.500095743E-008
   0.49886783677535046E-008  -0.488907759E-008
   0.49917597009022097E-008  -0.512074516E-008
   0.49948410340509147E-008  -0.511252063E-008
   0.49979223671996198E-008  -0.479603779E-008
   0.50010037003483249E-008  -0.484196905E-008
   0.50040850334970299E-008  -0.507853493E-008
   0.50071663666457350E-008  -0.492586327E-008
   0.50102476997944401E-008  -0.474675588E-008
   0.50133290329431451E-008  -0.488600227E-008
   0.50164103660918502E-008  -0.489882934E-008
   0.50194916992405553E-008  -0.474211381E-008
   0.50225730323892603E-008  -0.479738516E-008
   0.50256543655379654E-008  -0.482607465E-008
   0.50287356986866705E-008  -0.464742511E-008
   0.50318170318353755E-008  -0.469133177E-008
   0.50348983649840806E-008  -0.485638063E-008
   0.50379796981327857E-008  -0.465398653E-008
   0.50410610312814907E-008  -0.446378845E-008
   0.50441423644301958E-008  -0.469439865E-008
   0.50472236975789009E-008  -0.477755879E-008
   0.50503050307276059E-008  -0.449336657E-008
   0.50533863638763110E-008  -0.445400561E-008
   0.50564676970250161E-008  -0.464327155E-008
   0.50595490301737212E-008  -0.455973126E-008
   0.50626303633224262E-008  -0.442404113E-008
   0.50657116964711313E-008  -0.450179849E-008
   0.50687930296198364E-008  -0.446778259E-008
   0.50718743627685414E-008  -0.435894743E-008
   0.50749556959172465E-008  -0.447512205E-008
   0.50780370290659516E-008  -0.448564519E-008
   0.50811183622146566E-008  -0.422913127E-008
   0.50841996953633617E-008  -0.424181135E-008
   0.50872810285120668E-008  -0.448223680E-008
   0.50903623616607718E-008  -0.435372272E-008
   0.50934436948094769E-008  -0.410522016E-008
   0.50965250279581820E-008  -0.424136326E-008
   0.50996063611068870E-008  -0.436336522E-008
   0.51026876942555921E-008  -0.416999724E-008
   0.51057690274042972E-008  -0.409923873E-008
   0.51088503605530022E-008  -0.420453627E-008
   0.51119316937017073E-008  -0.414376800E-008
   0.51150130268504124E-008  -0.408647560E-008
   0.51180943599991174E-008  -0.416190460E-008
   0.51211756931478225E-008  -0.405602663E-008
   0.51242570262965276E-008  -0.391027255E-008
   0.51273383594452326E-008  -0.407467393E-008
   0.51304196925939377E-008  -0.415825108E-008
   0.51335010257426428E-008  -0.388548393E-008
   0.51365823588913478E-008  -0.380640408E-008
   0.51396636920400529E-008  -0.404084899E-008
   0.51427450251887580E-008  -0.400880040E-008
   0.51458263583374630E-008  -0.376974718E-008
   0.51489076914861681E-008  -0.380200982E-008
   0.51519890246348732E-008  -0.391051458E-008
   0.51550703577835782E-008  -0.382452425E-008
   0.51581516909322833E-008  -0.378227405E-008
   0.51612330240809884E-008  -0.379014464E-008
   0.51643143572296935E-008  -0.367048547E-008
   0.51673956903783985E-008  -0.367066311E-008
   0.51704770235271036E-008  -0.382827459E-008
   0.51735583566758087E-008  -0.372029074E-008
   0.51766396898245137E-008  -0.348552476E-008
   0.51797210229732188E-008  -0.360190699E-008
   0.51828023561219239E-008  -0.376762221E-008
   0.51858836892706289E-008  -0.357044372E-008
   0.51889650224193340E-008  -0.341198225E-008
   0.51920463555680391E-008  -0.355566843E-008
   0.51951276887167441E-008  -0.360334496E-008
   0.51982090218654492E-008  -0.347026186E-008
   0.52012903550141543E-008  -0.343462259E-008
   0.52043716881628593E-008  -0.342141182E-008
   0.52074530213115644E-008  -0.336190586E-008
   0.52105343544602695E-008  -0.343424089E-008
   0.52136156876089745E-008  -0.346845153E-008
   0.52166970207576796E-008  -0.326561134E-008
   0.52197783539063847E-008  -0.319931792E-008
   0.52228596870550897E-008  -0.340398576E-008
   0.52259410202037948E-008  -0.338273121E-008
   0.52290223533524999E-008  -0.311973625E-008
   0.52321036865012049E-008  -0.313250581E-008
   0.52351850196499100E-008  -0.331766481E-008
   0.52382663527986151E-008  -0.324233085E-008
   0.52413476859473201E-008  -0.307875836E-008
   0.52444290190960252E-008  -0.308947046E-008
   0.52475103522447303E-008  -0.311135873E-008
   0.52505916853934353E-008  -0.309661741E-008
   0.52536730185421404E-008  -0.312319282E-008
   0.52567543516908455E-008  -0.303448844E-008
   0.52598356848395506E-008  -0.288827851E-008
   0.52629170179882556E-008  -0.298285685E-008
   0.52659983511369607E-008  -0.311082338E-008
   0.52690796842856658E-008  -0.292376012E-008
   0.52721610174343708E-008  -0.275405654E-008
   0.52752423505830759E-008  -0.291371527E-008
   0.52783236837317810E-008  -0.300790881E-008
   0.52814050168804860E-008  -0.281778911E-008
   0.52844863500291911E-008  -0.271147305E-008
   0.52875676831778962E-008  -0.279469448E-008
   0.52906490163266012E-008  -0.281675128E-008
   0.52937303494753063E-008  -0.277128542E-008
   0.52968116826240114E-008  -0.272852829E-008
   0.52998930157727164E-008  -0.263546696E-008
   0.53029743489214215E-008  -0.261832511E-008
   0.53060556820701266E-008  -0.273583289E-008
   0.53091370152188316E-008  -0.269636868E-008
   0.53122183483675367E-008  -0.248611265E-008
   0.53152996815162418E-008  -0.249925947E-008
   0.53183810146649468E-008  -0.267942024E-008
   0.53214623478136519E-008  -0.260563526E-008
   0.53245436809623570E-008  -0.239030773E-008
   0.53276250141110620E-008  -0.240400611E-008
   0.53307063472597671E-008  -0.252504417E-008
   0.53337876804084722E-008  -0.249847121E-008
   0.53368690135571772E-008  -0.239952436E-008
   0.53399503467058823E-008  -0.233250708E-008
   0.53430316798545874E-008  -0.231144615E-008
   0.53461130130032924E-008  -0.237505615E-008
   0.53491943461519975E-008  -0.239830933E-008
   0.53522756793007026E-008  -0.224262919E-008
   0.53553570124494076E-008  -0.214303753E-008
   0.53584383455981127E-008  -0.228280705E-008
   0.53615196787468178E-008  -0.234483322E-008
   0.53646010118955229E-008  -0.214666418E-008
   0.53676823450442279E-008  -0.203368167E-008
   0.53707636781929330E-008  -0.216101048E-008
   0.53738450113416381E-008  -0.222409402E-008
   0.53769263444903431E-008  -0.210325957E-008
   0.53800076776390482E-008  -0.199819983E-008
   0.53830890107877533E-008  -0.199893702E-008
   0.53861703439364583E-008  -0.204773420E-008
   0.53892516770851634E-008  -0.206799555E-008
   0.53923330102338685E-008  -0.197388883E-008
   0.53954143433825735E-008  -0.185086357E-008
   0.53984956765312786E-008  -0.190094651E-008
   0.54015770096799837E-008  -0.201260475E-008
   0.54046583428286887E-008  -0.190899518E-008
   0.54077396759773938E-008  -0.172567893E-008
   0.54108210091260989E-008  -0.176903237E-008
   0.54139023422748039E-008  -0.190656313E-008
   0.54169836754235090E-008  -0.184845794E-008
   0.54200650085722141E-008  -0.168484704E-008
   0.54231463417209191E-008  -0.164919201E-008
   0.54262276748696242E-008  -0.172591430E-008
   0.54293090080183293E-008  -0.175859927E-008
   0.54323903411670343E-008  -0.167337155E-008
   0.54354716743157394E-008  -0.155273949E-008
   0.54385530074644445E-008  -0.155810298E-008
   0.54416343406131495E-008  -0.166236436E-008
   0.54447156737618546E-008  -0.163264036E-008
   0.54477970069105597E-008  -0.145872958E-008
   0.54508783400592647E-008  -0.141527778E-008
   0.54539596732079698E-008  -0.154273749E-008
   0.54570410063566749E-008  -0.156770386E-008
   0.54601223395053800E-008  -0.141776968E-008
   0.54632036726540850E-008  -0.131807842E-008
   0.54662850058027901E-008  -0.137356304E-008
   0.54693663389514952E-008  -0.144065160E-008
   0.54724476721002002E-008  -0.138394241E-008
   0.54755290052489053E-008  -0.125809629E-008
   0.54786103383976104E-008  -0.122832056E-008
   0.54816916715463154E-008  -0.131707367E-008
   0.54847730046950205E-008  -0.133056477E-008
   0.54878543378437256E-008  -0.118582000E-008
   0.54909356709924306E-008  -0.109305576E-008
   0.54940170041411357E-008  -0.118128596E-008
   0.54970983372898408E-008  -0.125247035E-008
   0.55001796704385458E-008  -0.114524001E-008
   0.55032610035872509E-008  -0.100803677E-008
   0.55063423367359560E-008  -0.101970488E-008
   0.55094236698846610E-008  -0.111168330E-008
   0.55125050030333661E-008  -0.110124387E-008
   0.55155863361820712E-008  -0.967109060E-009
   0.55186676693307762E-008  -0.890689800E-009
   0.55217490024794813E-008  -0.973452208E-009
   0.55248303356281864E-008  -0.103379305E-008
   0.55279116687768914E-008  -0.908226105E-009
   0.55309930019255965E-008  -0.774037112E-009
   0.55340743350743016E-008  -0.833788927E-009
   0.55371556682230066E-008  -0.934671007E-009
   0.55402370013717117E-008  -0.862868554E-009
   0.55433183345204168E-008  -0.715840776E-009
   0.55463996676691218E-008  -0.687730650E-009
   0.55494810008178269E-008  -0.764355468E-009
   0.55525623339665320E-008  -0.794767641E-009
   0.55556436671152370E-008  -0.698207936E-009
   0.55587250002639421E-008  -0.578279202E-009
   0.55618063334126472E-008  -0.606606487E-009
   0.55648876665613523E-008  -0.713703208E-009
   0.55679689997100573E-008  -0.652715049E-009
   0.55710503328587624E-008  -0.474052020E-009
   0.55741316660074675E-008  -0.470860684E-009
   0.55772129991561725E-008  -0.605838046E-009
   0.55802943323048776E-008  -0.582563497E-009
   0.55833756654535827E-008  -0.418972801E-009
   0.55864569986022877E-008  -0.365072944E-009
   0.55895383317509928E-008  -0.437168912E-009
   0.55926196648996979E-008  -0.475057049E-009
   0.55957009980484029E-008  -0.412143347E-009
   0.55987823311971080E-008  -0.297085107E-009
   0.56018636643458131E-008  -0.260016148E-009
   0.56049449974945181E-008  -0.356562391E-009
   0.56080263306432232E-008  -0.385333654E-009
   0.56111076637919283E-008  -0.214441465E-009
   0.56141889969406333E-008  -0.111969760E-009
   0.56172703300893384E-008  -0.250453408E-009
   0.56203516632380435E-008  -0.322883609E-009
   0.56234329963867485E-008  -0.150066681E-009
   0.56265143295354536E-008  -0.270244521E-010
   0.56295956626841587E-008  -0.109628792E-009
   0.56326769958328637E-008  -0.174510240E-009
   0.56357583289815688E-008  -0.108139227E-009
   0.56388396621302739E-008  -0.142907144E-010
   0.56419209952789789E-008   0.349369735E-010
   0.56450023284276840E-008  -0.964089919E-013
   0.56480836615763891E-008  -0.668709463E-010
   0.56511649947250941E-008   0.157414567E-010
   0.56542463278737992E-008   0.184548460E-009
   0.56573276610225043E-008   0.143945258E-009
   0.56604089941712094E-008  -0.114458582E-010
   0.56634903273199144E-008   0.794629015E-010
   0.56665716604686195E-008   0.291004998E-009
   0.56696529936173246E-008   0.260620941E-009
   0.56727343267660296E-008   0.120566390E-009
   0.56758156599147347E-008   0.167301839E-009
   0.56788969930634398E-008   0.299213931E-009
   0.56819783262121448E-008   0.337135458E-009
   0.56850596593608499E-008   0.315341114E-009
   0.56881409925095550E-008   0.280150098E-009
   0.56912223256582600E-008   0.296416530E-009
   0.56943036588069651E-008   0.429481672E-009
   0.56973849919556702E-008   0.495077146E-009
   0.57004663251043752E-008   0.358083646E-009
   0.57035476582530803E-008   0.316877025E-009
   0.57066289914017854E-008   0.531035771E-009
   0.57097103245504904E-008   0.628360697E-009
   0.57127916576991955E-008   0.465361610E-009
   0.57158729908479006E-008   0.418898805E-009
   0.57189543239966056E-008   0.588157079E-009
   0.57220356571453107E-008   0.667061462E-009
   0.57251169902940158E-008   0.607902451E-009
   0.57281983234427208E-008   0.585725912E-009
   0.57312796565914259E-008   0.616636298E-009
   0.57343609897401310E-008   0.688734736E-009
   0.57374423228888360E-008   0.777788056E-009
   0.57405236560375411E-008   0.732073513E-009
   0.57436049891862462E-008   0.624919672E-009
   0.57466863223349512E-008   0.741407102E-009
   0.57497676554836563E-008   0.937846800E-009
   0.57528489886323614E-008   0.853456750E-009
   0.57559303217810664E-008   0.692695512E-009
   0.57590116549297715E-008   0.816887391E-009
   0.57620929880784766E-008   0.996449145E-009
   0.57651743212271817E-008   0.941846046E-009
   0.57682556543758867E-008   0.857400206E-009
   0.57713369875245918E-008   0.915455323E-009
   0.57744183206732969E-008   0.992102178E-009
   0.57774996538220019E-008   0.103973452E-008
   0.57805809869707070E-008   0.105373665E-008
   0.57836623201194121E-008   0.982767645E-009
   0.57867436532681171E-008   0.985392767E-009
   0.57898249864168222E-008   0.116658838E-008
   0.57929063195655273E-008   0.122373489E-008
   0.57959876527142323E-008   0.104633813E-008
   0.57990689858629374E-008   0.103224973E-008
   0.58021503190116425E-008   0.125950939E-008
   0.58052316521603475E-008   0.131252598E-008
   0.58083129853090526E-008   0.116445376E-008
   0.58113943184577577E-008   0.116425880E-008
   0.58144756516064627E-008   0.129389255E-008
   0.58175569847551678E-008   0.133785183E-008
   0.58206383179038729E-008   0.132751043E-008
   0.58237196510525779E-008   0.131063849E-008
   0.58268009842012830E-008   0.129109090E-008
   0.58298823173499881E-008   0.138817757E-008
   0.58329636504986931E-008   0.151962076E-008
   0.58360449836473982E-008   0.143208589E-008
   0.58391263167961033E-008   0.130205580E-008
   0.58422076499448083E-008   0.145447909E-008
   0.58452889830935134E-008   0.163644609E-008
   0.58483703162422185E-008   0.152832613E-008
   0.58514516493909235E-008   0.141620060E-008
   0.58545329825396286E-008   0.154740110E-008
   0.58576143156883337E-008   0.166140424E-008
   0.58606956488370388E-008   0.161775193E-008
   0.58637769819857438E-008   0.158873747E-008
   0.58668583151344489E-008   0.161189684E-008
   0.58699396482831540E-008   0.165732583E-008
   0.58730209814318590E-008   0.175786186E-008
   0.58761023145805641E-008   0.177326975E-008
   0.58791836477292692E-008   0.164313674E-008
   0.58822649808779742E-008   0.166294822E-008
   0.58853463140266793E-008   0.187995330E-008
   0.58884276471753844E-008   0.190181426E-008
   0.58915089803240894E-008   0.172512260E-008
   0.58945903134727945E-008   0.175693737E-008
   0.58976716466214996E-008   0.194672234E-008
   0.59007529797702046E-008   0.195236027E-008
   0.59038343129189097E-008   0.185863214E-008
   0.59069156460676148E-008   0.188406202E-008
   0.59099969792163198E-008   0.195665351E-008
   0.59130783123650249E-008   0.201101691E-008
   0.59161596455137300E-008   0.205062056E-008
   0.59192409786624350E-008   0.198964023E-008
   0.59223223118111401E-008   0.193230631E-008
   0.59254036449598452E-008   0.208092921E-008
   0.59284849781085502E-008   0.221823937E-008
   0.59315663112572553E-008   0.208703699E-008
   0.59346476444059604E-008   0.198987826E-008
   0.59377289775546654E-008   0.216843832E-008
   0.59408103107033705E-008   0.228723329E-008
   0.59438916438520756E-008   0.217221463E-008
   0.59469729770007806E-008   0.212547180E-008
   0.59500543101494857E-008   0.223521179E-008
   0.59531356432981908E-008   0.230182984E-008
   0.59562169764468958E-008   0.230804598E-008
   0.59592983095956009E-008   0.229617325E-008
   0.59623796427443060E-008   0.224732766E-008
   0.59654609758930111E-008   0.229722863E-008
   0.59685423090417161E-008   0.246188736E-008
   0.59716236421904212E-008   0.245292675E-008
   0.59747049753391263E-008   0.229137576E-008
   0.59777863084878313E-008   0.235277753E-008
   0.59808676416365364E-008   0.255807886E-008
   0.59839489747852415E-008   0.252470933E-008
   0.59870303079339465E-008   0.238610376E-008
   0.59901116410826516E-008   0.246080889E-008
   0.59931929742313567E-008   0.259749777E-008
   0.59962743073800617E-008   0.259219712E-008
