t              BoxCavity.fdtd_Point probe002_Ez_24_10_7.dat
   0.00000000000000000E+000   0.000000000E+000
   0.30813331487050677E-011   0.000000000E+000
   0.61626662974101354E-011   0.000000000E+000
   0.92439994461152031E-011   0.000000000E+000
   0.12325332594820271E-010   0.000000000E+000
   0.15406665743525338E-010   0.000000000E+000
   0.18487998892230406E-010   0.000000000E+000
   0.21569332040935474E-010   0.000000000E+000
   0.24650665189640542E-010   0.000000000E+000
   0.27731998338345609E-010   0.000000000E+000
   0.30813331487050677E-010   0.000000000E+000
   0.33894664635755745E-010   0.000000000E+000
   0.36975997784460812E-010   0.000000000E+000
   0.40057330933165880E-010   0.000000000E+000
   0.43138664081870948E-010   0.000000000E+000
   0.46219997230576015E-010   0.000000000E+000
   0.49301330379281083E-010   0.000000000E+000
   0.52382663527986151E-010   0.000000000E+000
   0.55463996676691218E-010   0.000000000E+000
   0.58545329825396286E-010   0.000000000E+000
   0.61626662974101354E-010   0.000000000E+000
   0.64707996122806422E-010   0.000000000E+000
   0.67789329271511489E-010   0.000000000E+000
   0.70870662420216557E-010   0.563700597E-023
   0.73951995568921625E-010   0.995373141E-022
   0.77033328717626692E-010   0.108708173E-020
   0.80114661866331760E-010   0.919881791E-020
   0.83195995015036828E-010   0.642913142E-019
   0.86277328163741895E-010   0.385769948E-018
   0.89358661312446963E-010   0.203539453E-017
   0.92439994461152031E-010   0.956662999E-017
   0.95521327609857098E-010   0.404258253E-016
   0.98602660758562166E-010   0.154931088E-015
   0.10168399390726723E-009   0.542933084E-015
   0.10476532705597230E-009   0.175203704E-014
   0.10784666020467737E-009   0.523690486E-014
   0.11092799335338244E-009   0.145692665E-013
   0.11400932650208750E-009   0.378741736E-013
   0.11709065965079257E-009   0.922947293E-013
   0.12017199279949764E-009   0.211380419E-012
   0.12325332594820271E-009   0.455946587E-012
   0.12633465909690778E-009   0.927728163E-012
   0.12941599224561284E-009   0.178262483E-011
   0.13249732539431791E-009   0.323647706E-011
   0.13557865854302298E-009   0.555197728E-011
   0.13865999169172805E-009   0.899259226E-011
   0.14174132484043311E-009   0.137317041E-010
   0.14482265798913818E-009   0.197163449E-010
   0.14790399113784325E-009   0.265067066E-010
   0.15098532428654832E-009   0.331421765E-010
   0.15406665743525338E-009   0.381128011E-010
   0.15714799058395845E-009   0.395257785E-010
   0.16022932373266352E-009   0.355281603E-010
   0.16331065688136859E-009   0.249651445E-010
   0.16639199003007366E-009   0.813064546E-011
   0.16947332317877872E-009  -0.126541711E-010
   0.17255465632748379E-009  -0.329612865E-010
   0.17563598947618886E-009  -0.469457528E-010
   0.17871732262489393E-009  -0.488588545E-010
   0.18179865577359899E-009  -0.350938202E-010
   0.18487998892230406E-009  -0.612583075E-011
   0.18796132207100913E-009   0.324977337E-010
   0.19104265521971420E-009   0.708833547E-010
   0.19412398836841926E-009   0.974843054E-010
   0.19720532151712433E-009   0.103099355E-009
   0.20028665466582940E-009   0.847034734E-010
   0.20336798781453447E-009   0.474981235E-010
   0.20644932096323954E-009   0.409718787E-011
   0.20953065411194460E-009  -0.293594732E-010
   0.21261198726064967E-009  -0.391643488E-010
   0.21569332040935474E-009  -0.197999239E-010
   0.21877465355805981E-009   0.231087597E-010
   0.22185598670676487E-009   0.742614512E-010
   0.22493731985546994E-009   0.114650074E-009
   0.22801865300417501E-009   0.130102040E-009
   0.23109998615288008E-009   0.117993809E-009
   0.23418131930158514E-009   0.877021372E-010
   0.23726265245029021E-009   0.550711386E-010
   0.24034398559899528E-009   0.355896909E-010
   0.24342531874770035E-009   0.391775362E-010
   0.24650665189640542E-009   0.661785904E-010
   0.24958798504511048E-009   0.106186865E-009
   0.25266931819381555E-009   0.142901802E-009
   0.25575065134252062E-009   0.162920510E-009
   0.25883198449122569E-009   0.162654556E-009
   0.26191331763993075E-009   0.150803564E-009
   0.26499465078863582E-009   0.144331380E-009
   0.26807598393734089E-009   0.155492549E-009
   0.27115731708604596E-009   0.179796039E-009
   0.27423865023475102E-009   0.202759823E-009
   0.27731998338345609E-009   0.219404689E-009
   0.28040131653216116E-009   0.237181413E-009
   0.28348264968086623E-009   0.259131550E-009
   0.28656398282957130E-009   0.278556261E-009
   0.28964531597827636E-009   0.293202490E-009
   0.29272664912698143E-009   0.310713233E-009
   0.29580798227568650E-009   0.338264805E-009
   0.29888931542439157E-009   0.377397585E-009
   0.30197064857309663E-009   0.423016622E-009
   0.30505198172180170E-009   0.458360627E-009
   0.30813331487050677E-009   0.469196904E-009
   0.31121464801921184E-009   0.474791650E-009
   0.31429598116791690E-009   0.515149146E-009
   0.31737731431662197E-009   0.591970084E-009
   0.32045864746532704E-009   0.660588639E-009
   0.32353998061403211E-009   0.697224500E-009
   0.32662131376273718E-009   0.728760108E-009
   0.32970264691144224E-009   0.780655818E-009
   0.33278398006014731E-009   0.845648995E-009
   0.33586531320885238E-009   0.914803178E-009
   0.33894664635755745E-009   0.989284432E-009
   0.34202797950626251E-009   0.106118325E-008
   0.34510931265496758E-009   0.112946830E-008
   0.34819064580367265E-009   0.121719335E-008
   0.35127197895237772E-009   0.132875566E-008
   0.35435331210108278E-009   0.142869805E-008
   0.35743464524978785E-009   0.150629753E-008
   0.36051597839849292E-009   0.160511304E-008
   0.36359731154719799E-009   0.174711334E-008
   0.36667864469590306E-009   0.189477145E-008
   0.36975997784460812E-009   0.202330930E-008
   0.37284131099331319E-009   0.215798734E-008
   0.37592264414201826E-009   0.231558905E-008
   0.37900397729072333E-009   0.248102783E-008
   0.38208531043942839E-009   0.265312994E-008
   0.38516664358813346E-009   0.284873503E-008
   0.38824797673683853E-009   0.306438919E-008
   0.39132930988554360E-009   0.328494809E-008
   0.39441064303424866E-009   0.351242146E-008
   0.39749197618295373E-009   0.375317510E-008
   0.40057330933165880E-009   0.400745037E-008
   0.40365464248036387E-009   0.428633928E-008
   0.40673597562906894E-009   0.460039962E-008
   0.40981730877777400E-009   0.493391195E-008
   0.41289864192647907E-009   0.526924149E-008
   0.41597997507518414E-009   0.561843194E-008
   0.41906130822388921E-009   0.599896710E-008
   0.42214264137259427E-009   0.640976827E-008
   0.42522397452129934E-009   0.685110635E-008
   0.42830530767000441E-009   0.732838012E-008
   0.43138664081870948E-009   0.783046428E-008
   0.43446797396741454E-009   0.834576586E-008
   0.43754930711611961E-009   0.889049012E-008
   0.44063064026482468E-009   0.948486534E-008
   0.44371197341352975E-009   0.101244950E-007
   0.44679330656223482E-009   0.108010196E-007
   0.44987463971093988E-009   0.115177201E-007
   0.45295597285964495E-009   0.122724284E-007
   0.45603730600835002E-009   0.130631053E-007
   0.45911863915705509E-009   0.139075160E-007
   0.46219997230576015E-009   0.148200847E-007
   0.46528130545446522E-009   0.157866271E-007
   0.46836263860317029E-009   0.167951093E-007
   0.47144397175187536E-009   0.178635737E-007
   0.47452530490058042E-009   0.190101765E-007
   0.47760663804928549E-009   0.202260644E-007
   0.48068797119799056E-009   0.214984190E-007
   0.48376930434669563E-009   0.228367405E-007
   0.48685063749540070E-009   0.242650202E-007
   0.48993197064410576E-009   0.257975632E-007
   0.49301330379281083E-009   0.274218639E-007
   0.49609463694151590E-009   0.291119537E-007
   0.49917597009022097E-009   0.308727550E-007
   0.50225730323892603E-009   0.327516290E-007
   0.50533863638763110E-009   0.347797062E-007
   0.50841996953633617E-009   0.369270587E-007
   0.51150130268504124E-009   0.391512600E-007
   0.51458263583374630E-009   0.414692849E-007
   0.51766396898245137E-009   0.439431886E-007
   0.52074530213115644E-009   0.466013859E-007
   0.52382663527986151E-009   0.494062427E-007
   0.52690796842856658E-009   0.523126111E-007
   0.52998930157727164E-009   0.553426460E-007
   0.53307063472597671E-009   0.585728763E-007
   0.53615196787468178E-009   0.620391845E-007
   0.53923330102338685E-009   0.656893562E-007
   0.54231463417209191E-009   0.694609810E-007
   0.54539596732079698E-009   0.733838590E-007
   0.54847730046950205E-009   0.775614026E-007
   0.55155863361820712E-009   0.820459718E-007
   0.55463996676691218E-009   0.867707541E-007
   0.55772129991561725E-009   0.916425194E-007
   0.56080263306432232E-009   0.966895044E-007
   0.56388396621302739E-009   0.102055111E-006
   0.56696529936173246E-009   0.107817236E-006
   0.57004663251043752E-009   0.113880297E-006
   0.57312796565914259E-009   0.120115303E-006
   0.57620929880784766E-009   0.126564942E-006
   0.57929063195655273E-009   0.133417387E-006
   0.58237196510525779E-009   0.140769060E-006
   0.58545329825396286E-009   0.148495218E-006
   0.58853463140266793E-009   0.156421422E-006
   0.59161596455137300E-009   0.164593800E-006
   0.59469729770007806E-009   0.173271857E-006
   0.59777863084878313E-009   0.182600445E-006
   0.60085996399748820E-009   0.192396456E-006
   0.60394129714619327E-009   0.202398468E-006
   0.60702263029489834E-009   0.212672006E-006
   0.61010396344360340E-009   0.223579804E-006
   0.61318529659230847E-009   0.235313053E-006
   0.61626662974101354E-009   0.247624712E-006
   0.61934796288971861E-009   0.260165848E-006
   0.62242929603842367E-009   0.273006378E-006
   0.62551062918712874E-009   0.286618672E-006
   0.62859196233583381E-009   0.301274412E-006
   0.63167329548453888E-009   0.316648311E-006
   0.63475462863324394E-009   0.332250039E-006
   0.63783596178194901E-009   0.348165088E-006
   0.64091729493065408E-009   0.365037835E-006
   0.64399862807935915E-009   0.383223068E-006
   0.64707996122806422E-009   0.402267261E-006
   0.65016129437676928E-009   0.421517797E-006
   0.65324262752547435E-009   0.441092396E-006
   0.65632396067417942E-009   0.461842234E-006
   0.65940529382288449E-009   0.484243628E-006
   0.66248662697158955E-009   0.507692903E-006
   0.66556796012029462E-009   0.531291278E-006
   0.66864929326899969E-009   0.555171596E-006
   0.67173062641770476E-009   0.580480275E-006
   0.67481195956640982E-009   0.607862717E-006
   0.67789329271511489E-009   0.636505717E-006
   0.68097462586381996E-009   0.665209427E-006
   0.68405595901252503E-009   0.694142898E-006
   0.68713729216123010E-009   0.724799293E-006
   0.69021862530993516E-009   0.758023361E-006
   0.69329995845864023E-009   0.792757135E-006
   0.69638129160734530E-009   0.827408371E-006
   0.69946262475605037E-009   0.862162835E-006
   0.70254395790475543E-009   0.898976566E-006
   0.70562529105346050E-009   0.938976314E-006
   0.70870662420216557E-009   0.980772711E-006
   0.71178795735087064E-009   0.102226591E-005
   0.71486929049957570E-009   0.106369157E-005
   0.71795062364828077E-009   0.110759299E-005
   0.72103195679698584E-009   0.115542912E-005
   0.72411328994569091E-009   0.120538755E-005
   0.72719462309439598E-009   0.125471013E-005
   0.73027595624310104E-009   0.130365333E-005
   0.73335728939180611E-009   0.135550897E-005
   0.73643862254051118E-009   0.141221017E-005
   0.73951995568921625E-009   0.147142919E-005
   0.74260128883792131E-009   0.152956875E-005
   0.74568262198662638E-009   0.158692819E-005
   0.74876395513533145E-009   0.164774463E-005
   0.75184528828403652E-009   0.171450893E-005
   0.75492662143274158E-009   0.178422408E-005
   0.75800795458144665E-009   0.185224053E-005
   0.76108928773015172E-009   0.191888466E-005
   0.76417062087885679E-009   0.198955331E-005
   0.76725195402756186E-009   0.206746313E-005
   0.77033328717626692E-009   0.214881788E-005
   0.77341462032497199E-009   0.222766175E-005
   0.77649595347367706E-009   0.230436967E-005
   0.77957728662238213E-009   0.238581379E-005
   0.78265861977108719E-009   0.247611365E-005
   0.78573995291979226E-009   0.257044485E-005
   0.78882128606849733E-009   0.266119309E-005
   0.79190261921720240E-009   0.274875083E-005
   0.79498395236590746E-009   0.284176645E-005
   0.79806528551461253E-009   0.294546476E-005
   0.80114661866331760E-009   0.305380809E-005
   0.80422795181202267E-009   0.315720445E-005
   0.80730928496072774E-009   0.325608926E-005
   0.81039061810943280E-009   0.336130120E-005
   0.81347195125813787E-009   0.347946411E-005
   0.81655328440684294E-009   0.360307831E-005
   0.81963461755554801E-009   0.372007071E-005
   0.82271595070425307E-009   0.383083216E-005
   0.82579728385295814E-009   0.394882318E-005
   0.82887861700166321E-009   0.408234746E-005
   0.83195995015036828E-009   0.422210724E-005
   0.83504128329907334E-009   0.435305355E-005
   0.83812261644777841E-009   0.447560114E-005
   0.84120394959648348E-009   0.460642332E-005
   0.84428528274518855E-009   0.475589059E-005
   0.84736661589389362E-009   0.491263427E-005
   0.85044794904259868E-009   0.505805974E-005
   0.85352928219130375E-009   0.519250307E-005
   0.85661061534000882E-009   0.533637194E-005
   0.85969194848871389E-009   0.550247114E-005
   0.86277328163741895E-009   0.567688721E-005
   0.86585461478612402E-009   0.583671545E-005
   0.86893594793482909E-009   0.598222232E-005
   0.87201728108353416E-009   0.613834845E-005
   0.87509861423223922E-009   0.632087085E-005
   0.87817994738094429E-009   0.651301434E-005
   0.88126128052964936E-009   0.668693701E-005
   0.88434261367835443E-009   0.684280440E-005
   0.88742394682705950E-009   0.701074987E-005
   0.89050527997576456E-009   0.720996377E-005
   0.89358661312446963E-009   0.742021803E-005
   0.89666794627317470E-009   0.760769672E-005
   0.89974927942187977E-009   0.777233527E-005
   0.90283061257058483E-009   0.795040614E-005
   0.90591194571928990E-009   0.816521151E-005
   0.90899327886799497E-009   0.839266522E-005
   0.91207461201670004E-009   0.859222837E-005
   0.91515594516540510E-009   0.876368267E-005
   0.91823727831411017E-009   0.895032190E-005
   0.92131861146281524E-009   0.918008845E-005
   0.92439994461152031E-009   0.942441966E-005
   0.92748127776022538E-009   0.963493312E-005
   0.93056261090893044E-009   0.981101130E-005
   0.93364394405763551E-009   0.100038578E-004
   0.93672527720634058E-009   0.102468048E-004
   0.93980661035504565E-009   0.105063555E-004
   0.94288794350375071E-009   0.107252954E-004
   0.94596927665245578E-009   0.109025705E-004
   0.94905060980116085E-009   0.110984274E-004
   0.95213194294986592E-009   0.113524638E-004
   0.95521327609857098E-009   0.116256997E-004
   0.95829460924727605E-009   0.118509051E-004
   0.96137594239598112E-009   0.120264440E-004
   0.96445727554468619E-009   0.122225574E-004
   0.96753860869339126E-009   0.124855724E-004
   0.97061994184209632E-009   0.127702497E-004
   0.97370127499080139E-009   0.129983455E-004
   0.97678260813950646E-009   0.131676061E-004
   0.97986394128821153E-009   0.133592475E-004
   0.98294527443691659E-009   0.136273666E-004
   0.98602660758562166E-009   0.139204330E-004
   0.98910794073432673E-009   0.141482005E-004
   0.99218927388303180E-009   0.143074712E-004
   0.99527060703173686E-009   0.144914256E-004
   0.99835194018044193E-009   0.147624532E-004
   0.10014332733291470E-008   0.150615197E-004
   0.10045146064778521E-008   0.152850189E-004
   0.10075959396265571E-008   0.154290265E-004
   0.10106772727752622E-008   0.155997150E-004
   0.10137586059239673E-008   0.158683688E-004
   0.10168399390726723E-008   0.161686476E-004
   0.10199212722213774E-008   0.163834738E-004
   0.10230026053700825E-008   0.165078964E-004
   0.10260839385187875E-008   0.166614409E-004
   0.10291652716674926E-008   0.169250361E-004
   0.10322466048161977E-008   0.172243690E-004
   0.10353279379649027E-008   0.174270608E-004
   0.10384092711136078E-008   0.175267287E-004
   0.10414906042623129E-008   0.176575159E-004
   0.10445719374110179E-008   0.179105318E-004
   0.10476532705597230E-008   0.182030362E-004
   0.10507346037084281E-008   0.183876909E-004
   0.10538159368571332E-008   0.184575365E-004
   0.10568972700058382E-008   0.185613480E-004
   0.10599786031545433E-008   0.188002196E-004
   0.10630599363032484E-008   0.190832616E-004
   0.10661412694519534E-008   0.192476618E-004
   0.10692226026006585E-008   0.192844964E-004
   0.10723039357493636E-008   0.193568085E-004
   0.10753852688980686E-008   0.195764769E-004
   0.10784666020467737E-008   0.198446705E-004
   0.10815479351954788E-008   0.199829865E-004
   0.10846292683441838E-008   0.199813130E-004
   0.10877106014928889E-008   0.200175982E-004
   0.10907919346415940E-008   0.202139781E-004
   0.10938732677902990E-008   0.204636199E-004
   0.10969546009390041E-008   0.205735105E-004
   0.11000359340877092E-008   0.205320594E-004
   0.11031172672364142E-008   0.205301312E-004
   0.11061986003851193E-008   0.206993736E-004
   0.11092799335338244E-008   0.209262180E-004
   0.11123612666825294E-008   0.210038252E-004
   0.11154425998312345E-008   0.209187001E-004
   0.11185239329799396E-008   0.208745041E-004
   0.11216052661286446E-008   0.210126145E-004
   0.11246865992773497E-008   0.212129889E-004
   0.11277679324260548E-008   0.212562572E-004
   0.11308492655747598E-008   0.211280822E-004
   0.11339305987234649E-008   0.210427443E-004
   0.11370119318721700E-008   0.211480074E-004
   0.11400932650208750E-008   0.213181374E-004
   0.11431745981695801E-008   0.213246058E-004
   0.11462559313182852E-008   0.211520000E-004
   0.11493372644669902E-008   0.210223225E-004
   0.11524185976156953E-008   0.210902599E-004
   0.11554999307644004E-008   0.212278483E-004
   0.11585812639131055E-008   0.211986462E-004
   0.11616625970618105E-008   0.209848331E-004
   0.11647439302105156E-008   0.208142210E-004
   0.11678252633592207E-008   0.208457659E-004
   0.11709065965079257E-008   0.209480932E-004
   0.11739879296566308E-008   0.208803121E-004
   0.11770692628053359E-008   0.206256354E-004
   0.11801505959540409E-008   0.204149055E-004
   0.11832319291027460E-008   0.204078369E-004
   0.11863132622514511E-008   0.204734879E-004
   0.11893945954001561E-008   0.203718810E-004
   0.11924759285488612E-008   0.200844443E-004
   0.11955572616975663E-008   0.198381895E-004
   0.11986385948462713E-008   0.197920344E-004
   0.12017199279949764E-008   0.198185899E-004
   0.12048012611436815E-008   0.196817855E-004
   0.12078825942923865E-008   0.193632604E-004
   0.12109639274410916E-008   0.190856917E-004
   0.12140452605897967E-008   0.190037081E-004
   0.12171265937385017E-008   0.189931961E-004
   0.12202079268872068E-008   0.188271733E-004
   0.12232892600359119E-008   0.184881410E-004
   0.12263705931846169E-008   0.181861651E-004
   0.12294519263333220E-008   0.180668012E-004
   0.12325332594820271E-008   0.180156840E-004
   0.12356145926307321E-008   0.178219889E-004
   0.12386959257794372E-008   0.174679153E-004
   0.12417772589281423E-008   0.171473166E-004
   0.12448585920768473E-008   0.169959058E-004
   0.12479399252255524E-008   0.169092455E-004
   0.12510212583742575E-008   0.166942918E-004
   0.12541025915229626E-008   0.163354034E-004
   0.12571839246716676E-008   0.160065647E-004
   0.12602652578203727E-008   0.158258608E-004
   0.12633465909690778E-008   0.157006361E-004
   0.12664279241177828E-008   0.154662521E-004
   0.12695092572664879E-008   0.151104723E-004
   0.12725905904151930E-008   0.147780820E-004
   0.12756719235638980E-008   0.145684207E-004
   0.12787532567126031E-008   0.144097949E-004
   0.12818345898613082E-008   0.141685259E-004
   0.12849159230100132E-008   0.138294818E-004
   0.12879972561587183E-008   0.135044784E-004
   0.12910785893074234E-008   0.132725590E-004
   0.12941599224561284E-008   0.130805365E-004
   0.12972412556048335E-008   0.128302918E-004
   0.13003225887535386E-008   0.125130218E-004
   0.13034039219022436E-008   0.122048395E-004
   0.13064852550509487E-008   0.119540555E-004
   0.13095665881996538E-008   0.117294703E-004
   0.13126479213483588E-008   0.114802342E-004
   0.13157292544970639E-008   0.112000471E-004
   0.13188105876457690E-008   0.109165903E-004
   0.13218919207944740E-008   0.106485904E-004
   0.13249732539431791E-008   0.103953689E-004
   0.13280545870918842E-008   0.101525702E-004
   0.13311359202405892E-008   0.991419074E-005
   0.13342172533892943E-008   0.966309926E-005
   0.13372985865379994E-008   0.938581616E-005
   0.13403799196867044E-008   0.910506878E-005
   0.13434612528354095E-008   0.886841917E-005
   0.13465425859841146E-008   0.867994186E-005
   0.13496239191328196E-008   0.847194678E-005
   0.13527052522815247E-008   0.818940862E-005
   0.13557865854302298E-008   0.788421312E-005
   0.13588679185789349E-008   0.766205176E-005
   0.13619492517276399E-008   0.752963251E-005
   0.13650305848763450E-008   0.736462061E-005
   0.13681119180250501E-008   0.707824529E-005
   0.13711932511737551E-008   0.675378033E-005
   0.13742745843224602E-008   0.654951509E-005
   0.13773559174711653E-008   0.647679235E-005
   0.13804372506198703E-008   0.636280947E-005
   0.13835185837685754E-008   0.607893253E-005
   0.13865999169172805E-008   0.573523494E-005
   0.13896812500659855E-008   0.554898816E-005
   0.13927625832146906E-008   0.553901236E-005
   0.13958439163633957E-008   0.547722902E-005
   0.13989252495121007E-008   0.519712421E-005
   0.14020065826608058E-008   0.484070279E-005
   0.14050879158095109E-008   0.467839982E-005
   0.14081692489582159E-008   0.473031650E-005
   0.14112505821069210E-008   0.471961312E-005
   0.14143319152556261E-008   0.444675834E-005
   0.14174132484043311E-008   0.407935340E-005
   0.14204945815530362E-008   0.393921619E-005
   0.14235759147017413E-008   0.405421588E-005
   0.14266572478504463E-008   0.409775339E-005
   0.14297385809991514E-008   0.383146016E-005
   0.14328199141478565E-008   0.345192598E-005
   0.14359012472965615E-008   0.333627395E-005
   0.14389825804452666E-008   0.351412541E-005
   0.14420639135939717E-008   0.360779586E-005
   0.14451452467426767E-008   0.334970355E-005
   0.14482265798913818E-008   0.296556891E-005
   0.14513079130400869E-008   0.287461467E-005
   0.14543892461887920E-008   0.310583664E-005
   0.14574705793374970E-008   0.324313396E-005
   0.14605519124862021E-008   0.299443900E-005
   0.14636332456349072E-008   0.260658112E-005
   0.14667145787836122E-008   0.253752864E-005
   0.14697959119323173E-008   0.282027167E-005
   0.14728772450810224E-008   0.300214288E-005
   0.14759585782297274E-008   0.276485980E-005
   0.14790399113784325E-008   0.237494646E-005
   0.14821212445271376E-008   0.232555112E-005
   0.14852025776758426E-008   0.265073777E-005
   0.14882839108245477E-008   0.286715340E-005
   0.14913652439732528E-008   0.263907145E-005
   0.14944465771219578E-008   0.225000576E-005
   0.14975279102706629E-008   0.221782170E-005
   0.15006092434193680E-008   0.257667625E-005
   0.15036905765680730E-008   0.282249084E-005
   0.15067719097167781E-008   0.260734578E-005
   0.15098532428654832E-008   0.222503922E-005
   0.15129345760141882E-008   0.220878746E-005
   0.15160159091628933E-008   0.259169565E-005
   0.15190972423115984E-008   0.285675719E-005
   0.15221785754603034E-008   0.265135668E-005
   0.15252599086090085E-008   0.227667692E-005
   0.15283412417577136E-008   0.227130840E-005
   0.15314225749064186E-008   0.266607253E-005
   0.15345039080551237E-008   0.294274378E-005
   0.15375852412038288E-008   0.275143225E-005
   0.15406665743525338E-008   0.239230803E-005
   0.15437479075012389E-008   0.239803762E-005
   0.15468292406499440E-008   0.279763162E-005
   0.15499105737986490E-008   0.307890014E-005
   0.15529919069473541E-008   0.289769832E-005
   0.15560732400960592E-008   0.255056375E-005
   0.15591545732447643E-008   0.255984537E-005
   0.15622359063934693E-008   0.295215614E-005
   0.15653172395421744E-008   0.322916958E-005
   0.15683985726908795E-008   0.306090010E-005
   0.15714799058395845E-008   0.273505862E-005
   0.15745612389882896E-008   0.275010916E-005
   0.15776425721369947E-008   0.312824113E-005
   0.15807239052856997E-008   0.339514054E-005
   0.15838052384344048E-008   0.323913423E-005
   0.15868865715831099E-008   0.293290373E-005
   0.15899679047318149E-008   0.294641177E-005
   0.15930492378805200E-008   0.329978366E-005
   0.15961305710292251E-008   0.354850772E-005
   0.15992119041779301E-008   0.340403312E-005
   0.16022932373266352E-008   0.312172278E-005
   0.16053745704753403E-008   0.313416376E-005
   0.16084559036240453E-008   0.345737976E-005
   0.16115372367727504E-008   0.368587075E-005
   0.16146185699214555E-008   0.355821589E-005
   0.16176999030701605E-008   0.330342596E-005
   0.16207812362188656E-008   0.330989201E-005
   0.16238625693675707E-008   0.359367164E-005
   0.16269439025162757E-008   0.379362791E-005
   0.16300252356649808E-008   0.367729263E-005
   0.16331065688136859E-008   0.344890236E-005
   0.16361879019623909E-008   0.345070634E-005
   0.16392692351110960E-008   0.369368968E-005
   0.16423505682598011E-008   0.386336978E-005
   0.16454319014085061E-008   0.376336789E-005
   0.16485132345572112E-008   0.356926648E-005
   0.16515945677059163E-008   0.356604664E-005
   0.16546759008546214E-008   0.376036019E-005
   0.16577572340033264E-008   0.389418619E-005
   0.16608385671520315E-008   0.380858637E-005
   0.16639199003007366E-008   0.364588209E-005
   0.16670012334494416E-008   0.363539061E-005
   0.16700825665981467E-008   0.378202162E-005
   0.16731638997468518E-008   0.388052558E-005
   0.16762452328955568E-008   0.380804659E-005
   0.16793265660442619E-008   0.367836469E-005
   0.16824078991929670E-008   0.366508266E-005
   0.16854892323416720E-008   0.376555795E-005
   0.16885705654903771E-008   0.382732060E-005
   0.16916518986390822E-008   0.376808998E-005
   0.16947332317877872E-008   0.367156917E-005
   0.16978145649364923E-008   0.365224719E-005
   0.17008958980851974E-008   0.370344355E-005
   0.17039772312339024E-008   0.372883869E-005
   0.17070585643826075E-008   0.368313886E-005
   0.17101398975313126E-008   0.361861089E-005
   0.17132212306800176E-008   0.359567525E-005
   0.17163025638287227E-008   0.360402441E-005
   0.17193838969774278E-008   0.359713545E-005
   0.17224652301261328E-008   0.356473993E-005
   0.17255465632748379E-008   0.353096812E-005
   0.17286278964235430E-008   0.350312303E-005
   0.17317092295722480E-008   0.346772617E-005
   0.17347905627209531E-008   0.342984436E-005
   0.17378718958696582E-008   0.341124837E-005
   0.17409532290183632E-008   0.340448742E-005
   0.17440345621670683E-008   0.337023130E-005
   0.17471158953157734E-008   0.329811814E-005
   0.17501972284644784E-008   0.323698328E-005
   0.17532785616131835E-008   0.323250174E-005
   0.17563598947618886E-008   0.325183214E-005
   0.17594412279105937E-008   0.321459743E-005
   0.17625225610592987E-008   0.310744167E-005
   0.17656038942080038E-008   0.301994646E-005
   0.17686852273567089E-008   0.302674812E-005
   0.17717665605054139E-008   0.307048322E-005
   0.17748478936541190E-008   0.302954072E-005
   0.17779292268028241E-008   0.289326886E-005
   0.17810105599515291E-008   0.278973721E-005
   0.17840918931002342E-008   0.280998415E-005
   0.17871732262489393E-008   0.287259354E-005
   0.17902545593976443E-008   0.282815472E-005
   0.17933358925463494E-008   0.266846541E-005
   0.17964172256950545E-008   0.254896077E-005
   0.17994985588437595E-008   0.257896500E-005
   0.18025798919924646E-008   0.266124789E-005
   0.18056612251411697E-008   0.261609057E-005
   0.18087425582898747E-008   0.243418071E-005
   0.18118238914385798E-008   0.230103865E-005
   0.18149052245872849E-008   0.234209051E-005
   0.18179865577359899E-008   0.244125908E-005
   0.18210678908846950E-008   0.239619931E-005
   0.18241492240334001E-008   0.220053607E-005
   0.18272305571821051E-008   0.205870219E-005
   0.18303118903308102E-008   0.210594317E-005
   0.18333932234795153E-008   0.221695109E-005
   0.18364745566282203E-008   0.217352294E-005
   0.18395558897769254E-008   0.196803489E-005
   0.18426372229256305E-008   0.182006056E-005
   0.18457185560743355E-008   0.187368244E-005
   0.18487998892230406E-008   0.199434749E-005
   0.18518812223717457E-008   0.195284952E-005
   0.18549625555204508E-008   0.174321372E-005
   0.18580438886691558E-008   0.159286071E-005
   0.18611252218178609E-008   0.164973289E-005
   0.18642065549665660E-008   0.177679306E-005
   0.18672878881152710E-008   0.173887497E-005
   0.18703692212639761E-008   0.152822918E-005
   0.18734505544126812E-008   0.137761310E-005
   0.18765318875613862E-008   0.143774980E-005
   0.18796132207100913E-008   0.156757881E-005
   0.18826945538587964E-008   0.153130600E-005
   0.18857758870075014E-008   0.132508535E-005
   0.18888572201562065E-008   0.117926311E-005
   0.18919385533049116E-008   0.123963525E-005
   0.18950198864536166E-008   0.136921528E-005
   0.18981012196023217E-008   0.133783385E-005
   0.19011825527510268E-008   0.113803765E-005
   0.19042638858997318E-008   0.995202754E-006
   0.19073452190484369E-008   0.105595632E-005
   0.19104265521971420E-008   0.118521268E-005
   0.19135078853458470E-008   0.115590308E-005
   0.19165892184945521E-008   0.964502078E-006
   0.19196705516432572E-008   0.830880367E-006
   0.19227518847919622E-008   0.891216814E-006
   0.19258332179406673E-008   0.101501234E-005
   0.19289145510893724E-008   0.989322984E-006
   0.19319958842380774E-008   0.809355242E-006
   0.19350772173867825E-008   0.681914969E-006
   0.19381585505354876E-008   0.740683561E-006
   0.19412398836841926E-008   0.862640945E-006
   0.19443212168328977E-008   0.839912275E-006
   0.19474025499816028E-008   0.668825351E-006
   0.19504838831303078E-008   0.550961659E-006
   0.19535652162790129E-008   0.609696144E-006
   0.19566465494277180E-008   0.724258257E-006
   0.19597278825764231E-008   0.703590331E-006
   0.19628092157251281E-008   0.547220282E-006
   0.19658905488738332E-008   0.439048364E-006
   0.19689718820225383E-008   0.493706239E-006
   0.19720532151712433E-008   0.602338559E-006
   0.19751345483199484E-008   0.585079988E-006
   0.19782158814686535E-008   0.439771895E-006
   0.19812972146173585E-008   0.341463590E-006
   0.19843785477660636E-008   0.395780773E-006
   0.19874598809147687E-008   0.496323651E-006
   0.19905412140634737E-008   0.479713719E-006
   0.19936225472121788E-008   0.349504120E-006
   0.19967038803608839E-008   0.262287472E-006
   0.19997852135095889E-008   0.310772890E-006
   0.20028665466582940E-008   0.402745343E-006
   0.20059478798069991E-008   0.391237421E-006
   0.20090292129557041E-008   0.274813090E-006
   0.20121105461044092E-008   0.195751824E-006
   0.20151918792531143E-008   0.240944956E-006
   0.20182732124018193E-008   0.324882166E-006
   0.20213545455505244E-008   0.314634235E-006
   0.20244358786992295E-008   0.212593193E-006
   0.20275172118479345E-008   0.144456635E-006
   0.20305985449966396E-008   0.183987410E-006
   0.20336798781453447E-008   0.258684622E-006
   0.20367612112940497E-008   0.253176864E-006
   0.20398425444427548E-008   0.164435875E-006
   0.20429238775914599E-008   0.102470096E-006
   0.20460052107401649E-008   0.138053807E-006
   0.20490865438888700E-008   0.207182154E-006
   0.20521678770375751E-008   0.203726074E-006
   0.20552492101862802E-008   0.126009553E-006
   0.20583305433349852E-008   0.726807059E-007
   0.20614118764836903E-008   0.104173267E-006
   0.20644932096323954E-008   0.165431359E-006
   0.20675745427811004E-008   0.165533422E-006
   0.20706558759298055E-008   0.993754625E-007
   0.20737372090785106E-008   0.513590308E-007
   0.20768185422272156E-008   0.792772497E-007
   0.20798998753759207E-008   0.136035226E-006
   0.20829812085246258E-008   0.137387616E-006
   0.20860625416733308E-008   0.794339314E-007
   0.20891438748220359E-008   0.395530932E-007
   0.20922252079707410E-008   0.659161614E-007
   0.20953065411194460E-008   0.115240475E-006
   0.20983878742681511E-008   0.117319644E-006
   0.21014692074168562E-008   0.693462709E-007
   0.21045505405655612E-008   0.355798200E-007
   0.21076318737142663E-008   0.588366831E-007
   0.21107132068629714E-008   0.103504505E-006
   0.21137945400116764E-008   0.106645373E-006
   0.21168758731603815E-008   0.655166730E-007
   0.21199572063090866E-008   0.381828222E-007
   0.21230385394577916E-008   0.602228312E-007
   0.21261198726064967E-008   0.987730857E-007
   0.21292012057552018E-008   0.102410830E-006
   0.21322825389039068E-008   0.700774763E-007
   0.21353638720526119E-008   0.481161777E-007
   0.21384452052013170E-008   0.665484237E-007
   0.21415265383500220E-008   0.100421822E-006
   0.21446078714987271E-008   0.105703258E-006
   0.21476892046474322E-008   0.797483182E-007
   0.21507705377961372E-008   0.625318322E-007
   0.21538518709448423E-008   0.794562709E-007
   0.21569332040935474E-008   0.108714723E-006
   0.21600145372422525E-008   0.114654952E-006
   0.21630958703909575E-008   0.952393933E-007
   0.21661772035396626E-008   0.816951555E-007
   0.21692585366883677E-008   0.961153432E-007
   0.21723398698370727E-008   0.122813276E-006
   0.21754212029857778E-008   0.130275851E-006
   0.21785025361344829E-008   0.114691225E-006
   0.21815838692831879E-008   0.104117319E-006
   0.21846652024318930E-008   0.117918823E-006
   0.21877465355805981E-008   0.141523671E-006
   0.21908278687293031E-008   0.149449079E-006
   0.21939092018780082E-008   0.139029524E-006
   0.21969905350267133E-008   0.131221867E-006
   0.22000718681754183E-008   0.142706796E-006
   0.22031532013241234E-008   0.164465746E-006
   0.22062345344728285E-008   0.173657895E-006
   0.22093158676215335E-008   0.165523261E-006
   0.22123972007702386E-008   0.160171595E-006
   0.22154785339189437E-008   0.172515414E-006
   0.22185598670676487E-008   0.191706093E-006
   0.22216412002163538E-008   0.199568660E-006
   0.22247225333650589E-008   0.195376785E-006
   0.22278038665137639E-008   0.193348370E-006
   0.22308851996624690E-008   0.203709334E-006
   0.22339665328111741E-008   0.221030945E-006
   0.22370478659598791E-008   0.230601316E-006
   0.22401291991085842E-008   0.228015296E-006
   0.22432105322572893E-008   0.226596939E-006
   0.22462918654059943E-008   0.237737297E-006
   0.22493731985546994E-008   0.253931489E-006
   0.22524545317034045E-008   0.262094488E-006
   0.22555358648521096E-008   0.262409202E-006
   0.22586171980008146E-008   0.264226600E-006
   0.22616985311495197E-008   0.273087153E-006
   0.22647798642982248E-008   0.286660139E-006
   0.22678611974469298E-008   0.297083176E-006
   0.22709425305956349E-008   0.299499703E-006
   0.22740238637443400E-008   0.300579501E-006
   0.22771051968930450E-008   0.309746184E-006
   0.22801865300417501E-008   0.323711305E-006
   0.22832678631904552E-008   0.332437025E-006
   0.22863491963391602E-008   0.335390411E-006
   0.22894305294878653E-008   0.339451532E-006
   0.22925118626365704E-008   0.347886782E-006
   0.22955931957852754E-008   0.359322257E-006
   0.22986745289339805E-008   0.369672478E-006
   0.23017558620826856E-008   0.374474922E-006
   0.23048371952313906E-008   0.376644920E-006
   0.23079185283800957E-008   0.384712251E-006
   0.23109998615288008E-008   0.398125280E-006
   0.23140811946775058E-008   0.407399710E-006
   0.23171625278262109E-008   0.410763420E-006
   0.23202438609749160E-008   0.415369499E-006
   0.23233251941236210E-008   0.424093940E-006
   0.23264065272723261E-008   0.434248363E-006
   0.23294878604210312E-008   0.443436136E-006
   0.23325691935697362E-008   0.449476232E-006
   0.23356505267184413E-008   0.453185208E-006
   0.23387318598671464E-008   0.460443715E-006
   0.23418131930158514E-008   0.472121144E-006
   0.23448945261645565E-008   0.480621452E-006
   0.23479758593132616E-008   0.484074519E-006
   0.23510571924619666E-008   0.489652564E-006
   0.23541385256106717E-008   0.499166788E-006
   0.23572198587593768E-008   0.507595132E-006
   0.23603011919080819E-008   0.514104954E-006
   0.23633825250567869E-008   0.520533320E-006
   0.23664638582054920E-008   0.526191400E-006
   0.23695451913541971E-008   0.532489537E-006
   0.23726265245029021E-008   0.541539976E-006
   0.23757078576516072E-008   0.549516528E-006
   0.23787891908003123E-008   0.553659447E-006
   0.23818705239490173E-008   0.558814975E-006
   0.23849518570977224E-008   0.567076597E-006
   0.23880331902464275E-008   0.573877116E-006
   0.23911145233951325E-008   0.579021673E-006
   0.23941958565438376E-008   0.585970724E-006
   0.23972771896925427E-008   0.592476908E-006
   0.24003585228412477E-008   0.596461803E-006
   0.24034398559899528E-008   0.602090836E-006
   0.24065211891386579E-008   0.610022141E-006
   0.24096025222873629E-008   0.615456486E-006
   0.24126838554360680E-008   0.619069567E-006
   0.24157651885847731E-008   0.624785287E-006
   0.24188465217334781E-008   0.630834791E-006
   0.24219278548821832E-008   0.635387607E-006
   0.24250091880308883E-008   0.640793360E-006
   0.24280905211795933E-008   0.646043645E-006
   0.24311718543282984E-008   0.648773039E-006
   0.24342531874770035E-008   0.652873723E-006
   0.24373345206257085E-008   0.660290482E-006
   0.24404158537744136E-008   0.664982963E-006
   0.24434971869231187E-008   0.665600282E-006
   0.24465785200718237E-008   0.668842006E-006
   0.24496598532205288E-008   0.675409240E-006
   0.24527411863692339E-008   0.679752588E-006
   0.24558225195179390E-008   0.681867334E-006
   0.24589038526666440E-008   0.684625036E-006
   0.24619851858153491E-008   0.687284512E-006
   0.24650665189640542E-008   0.690291984E-006
   0.24681478521127592E-008   0.694908067E-006
   0.24712291852614643E-008   0.697647124E-006
   0.24743105184101694E-008   0.697261100E-006
   0.24773918515588744E-008   0.699355098E-006
   0.24804731847075795E-008   0.704559000E-006
   0.24835545178562846E-008   0.706343315E-006
   0.24866358510049896E-008   0.704973900E-006
   0.24897171841536947E-008   0.706578419E-006
   0.24927985173023998E-008   0.710141421E-006
   0.24958798504511048E-008   0.711200812E-006
   0.24989611835998099E-008   0.711091218E-006
   0.25020425167485150E-008   0.711678410E-006
   0.25051238498972200E-008   0.711752307E-006
   0.25082051830459251E-008   0.712250312E-006
   0.25112865161946302E-008   0.713819702E-006
   0.25143678493433352E-008   0.713285431E-006
   0.25174491824920403E-008   0.711005441E-006
   0.25205305156407454E-008   0.711345876E-006
   0.25236118487894504E-008   0.712582960E-006
   0.25266931819381555E-008   0.710180984E-006
   0.25297745150868606E-008   0.707184313E-006
   0.25328558482355656E-008   0.707544189E-006
   0.25359371813842707E-008   0.707531967E-006
   0.25390185145329758E-008   0.704286606E-006
   0.25420998476816808E-008   0.701159934E-006
   0.25451811808303859E-008   0.699566442E-006
   0.25482625139790910E-008   0.697503935E-006
   0.25513438471277960E-008   0.695060066E-006
   0.25544251802765011E-008   0.692336755E-006
   0.25575065134252062E-008   0.688140744E-006
   0.25605878465739113E-008   0.684391864E-006
   0.25636691797226163E-008   0.682675477E-006
   0.25667505128713214E-008   0.679229231E-006
   0.25698318460200265E-008   0.672686156E-006
   0.25729131791687315E-008   0.668124130E-006
   0.25759945123174366E-008   0.666461176E-006
   0.25790758454661417E-008   0.662248851E-006
   0.25821571786148467E-008   0.654910139E-006
   0.25852385117635518E-008   0.649026333E-006
   0.25883198449122569E-008   0.645009550E-006
   0.25914011780609619E-008   0.640230951E-006
   0.25944825112096670E-008   0.634325545E-006
   0.25975638443583721E-008   0.627490408E-006
   0.26006451775070771E-008   0.620215133E-006
   0.26037265106557822E-008   0.614534429E-006
   0.26068078438044873E-008   0.609542667E-006
   0.26098891769531923E-008   0.601578051E-006
   0.26129705101018974E-008   0.592182744E-006
   0.26160518432506025E-008   0.585911664E-006
   0.26191331763993075E-008   0.580714129E-006
   0.26222145095480126E-008   0.571933583E-006
   0.26252958426967177E-008   0.561619402E-006
   0.26283771758454227E-008   0.553703785E-006
   0.26314585089941278E-008   0.546770991E-006
   0.26345398421428329E-008   0.538315078E-006
   0.26376211752915379E-008   0.528692510E-006
   0.26407025084402430E-008   0.518712568E-006
   0.26437838415889481E-008   0.509227732E-006
   0.26468651747376531E-008   0.500843669E-006
   0.26499465078863582E-008   0.491502476E-006
   0.26530278410350633E-008   0.479792448E-006
   0.26561091741837684E-008   0.468879392E-006
   0.26591905073324734E-008   0.460453293E-006
   0.26622718404811785E-008   0.450602585E-006
   0.26653531736298836E-008   0.437661043E-006
   0.26684345067785886E-008   0.425599012E-006
   0.26715158399272937E-008   0.415923921E-006
   0.26745971730759988E-008   0.405451999E-006
   0.26776785062247038E-008   0.392922459E-006
   0.26807598393734089E-008   0.380092274E-006
   0.26838411725221140E-008   0.367991674E-006
   0.26869225056708190E-008   0.356527039E-006
   0.26900038388195241E-008   0.344718018E-006
   0.26930851719682292E-008   0.331140114E-006
   0.26961665051169342E-008   0.317032459E-006
   0.26992478382656393E-008   0.305031392E-006
   0.27023291714143444E-008   0.293481520E-006
   0.27054105045630494E-008   0.278935516E-006
   0.27084918377117545E-008   0.263283710E-006
   0.27115731708604596E-008   0.250270176E-006
   0.27146545040091646E-008   0.238269507E-006
   0.27177358371578697E-008   0.223908103E-006
   0.27208171703065748E-008   0.208048775E-006
   0.27238985034552798E-008   0.193108548E-006
   0.27269798366039849E-008   0.179283262E-006
   0.27300611697526900E-008   0.165376719E-006
   0.27331425029013950E-008   0.150072694E-006
   0.27362238360501001E-008   0.133501416E-006
   0.27393051691988052E-008   0.118064051E-006
   0.27423865023475102E-008   0.104371743E-006
   0.27454678354962153E-008   0.891329677E-007
   0.27485491686449204E-008   0.712889658E-007
   0.27516305017936254E-008   0.545927534E-007
   0.27547118349423305E-008   0.403849114E-007
   0.27577931680910356E-008   0.251533692E-007
   0.27608745012397407E-008   0.744237383E-008
   0.27639558343884457E-008  -0.101878790E-007
   0.27670371675371508E-008  -0.263319375E-007
   0.27701185006858559E-008  -0.421464463E-007
   0.27731998338345609E-008  -0.588931997E-007
   0.27762811669832660E-008  -0.768429942E-007
   0.27793625001319711E-008  -0.947367198E-007
   0.27824438332806761E-008  -0.111085924E-006
   0.27855251664293812E-008  -0.127369105E-006
   0.27886064995780863E-008  -0.145990086E-006
   0.27916878327267913E-008  -0.165173645E-006
   0.27947691658754964E-008  -0.181942767E-006
   0.27978504990242015E-008  -0.198126585E-006
   0.28009318321729065E-008  -0.216777707E-006
   0.28040131653216116E-008  -0.236385702E-006
   0.28070944984703167E-008  -0.254340080E-006
   0.28101758316190217E-008  -0.271500113E-006
   0.28132571647677268E-008  -0.289686255E-006
   0.28163384979164319E-008  -0.308876224E-006
   0.28194198310651369E-008  -0.328029728E-006
   0.28225011642138420E-008  -0.346178183E-006
   0.28255824973625471E-008  -0.363797312E-006
   0.28286638305112521E-008  -0.382927851E-006
   0.28317451636599572E-008  -0.403428885E-006
   0.28348264968086623E-008  -0.422265686E-006
   0.28379078299573673E-008  -0.439300209E-006
   0.28409891631060724E-008  -0.458133371E-006
   0.28440704962547775E-008  -0.479184735E-006
   0.28471518294034825E-008  -0.498948566E-006
   0.28502331625521876E-008  -0.516729415E-006
   0.28533144957008927E-008  -0.535260142E-006
   0.28563958288495978E-008  -0.555454278E-006
   0.28594771619983028E-008  -0.575743343E-006
   0.28625584951470079E-008  -0.594938854E-006
   0.28656398282957130E-008  -0.613322698E-006
   0.28687211614444180E-008  -0.632503941E-006
   0.28718024945931231E-008  -0.653417999E-006
   0.28748838277418282E-008  -0.673924774E-006
   0.28779651608905332E-008  -0.692018375E-006
   0.28810464940392383E-008  -0.710200823E-006
   0.28841278271879434E-008  -0.731216005E-006
   0.28872091603366484E-008  -0.752599362E-006
   0.28902904934853535E-008  -0.771364626E-006
   0.28933718266340586E-008  -0.789455726E-006
   0.28964531597827636E-008  -0.809541746E-006
   0.28995344929314687E-008  -0.830528734E-006
   0.29026158260801738E-008  -0.850397612E-006
   0.29056971592288788E-008  -0.869185385E-006
   0.29087784923775839E-008  -0.888208092E-006
   0.29118598255262890E-008  -0.908588504E-006
   0.29149411586749940E-008  -0.929564692E-006
   0.29180224918236991E-008  -0.948836941E-006
   0.29211038249724042E-008  -0.966728521E-006
   0.29241851581211092E-008  -0.986465921E-006
   0.29272664912698143E-008  -0.100808165E-005
   0.29303478244185194E-008  -0.102792990E-005
   0.29334291575672244E-008  -0.104569085E-005
   0.29365104907159295E-008  -0.106477955E-005
   0.29395918238646346E-008  -0.108569270E-005
   0.29426731570133396E-008  -0.110574865E-005
   0.29457544901620447E-008  -0.112427824E-005
   0.29488358233107498E-008  -0.114294346E-005
   0.29519171564594548E-008  -0.116272361E-005
   0.29549984896081599E-008  -0.118305695E-005
   0.29580798227568650E-008  -0.120241657E-005
   0.29611611559055701E-008  -0.122025313E-005
   0.29642424890542751E-008  -0.123872474E-005
   0.29673238222029802E-008  -0.125937231E-005
   0.29704051553516853E-008  -0.127957173E-005
   0.29734864885003903E-008  -0.129706757E-005
   0.29765678216490954E-008  -0.131455079E-005
   0.29796491547978005E-008  -0.133453932E-005
   0.29827304879465055E-008  -0.135468667E-005
   0.29858118210952106E-008  -0.137261543E-005
   0.29888931542439157E-008  -0.138996040E-005
   0.29919744873926207E-008  -0.140873988E-005
   0.29950558205413258E-008  -0.142833505E-005
   0.29981371536900309E-008  -0.144708588E-005
   0.30012184868387359E-008  -0.146431819E-005
   0.30042998199874410E-008  -0.148135757E-005
   0.30073811531361461E-008  -0.150025392E-005
   0.30104624862848511E-008  -0.152003599E-005
   0.30135438194335562E-008  -0.153750159E-005
   0.30166251525822613E-008  -0.155320288E-005
   0.30197064857309663E-008  -0.157094109E-005
   0.30227878188796714E-008  -0.159057231E-005
   0.30258691520283765E-008  -0.160834247E-005
   0.30289504851770815E-008  -0.162400681E-005
   0.30320318183257866E-008  -0.164070502E-005
   0.30351131514744917E-008  -0.165909887E-005
   0.30381944846231967E-008  -0.167703899E-005
   0.30412758177719018E-008  -0.169331008E-005
   0.30443571509206069E-008  -0.170883084E-005
   0.30474384840693119E-008  -0.172546549E-005
   0.30505198172180170E-008  -0.174359718E-005
   0.30536011503667221E-008  -0.176077072E-005
   0.30566824835154272E-008  -0.177542995E-005
   0.30597638166641322E-008  -0.179034896E-005
   0.30628451498128373E-008  -0.180788186E-005
   0.30659264829615424E-008  -0.182529118E-005
   0.30690078161102474E-008  -0.183990335E-005
   0.30720891492589525E-008  -0.185405372E-005
   0.30751704824076576E-008  -0.187030412E-005
   0.30782518155563626E-008  -0.188702415E-005
   0.30813331487050677E-008  -0.190199034E-005
   0.30844144818537728E-008  -0.191583536E-005
   0.30874958150024778E-008  -0.193037113E-005
   0.30905771481511829E-008  -0.194618679E-005
   0.30936584812998880E-008  -0.196189808E-005
   0.30967398144485930E-008  -0.197564032E-005
   0.30998211475972981E-008  -0.198833504E-005
   0.31029024807460032E-008  -0.200287536E-005
   0.31059838138947082E-008  -0.201878765E-005
   0.31090651470434133E-008  -0.203261334E-005
   0.31121464801921184E-008  -0.204443495E-005
   0.31152278133408234E-008  -0.205773722E-005
   0.31183091464895285E-008  -0.207276503E-005
   0.31213904796382336E-008  -0.208646020E-005
   0.31244718127869386E-008  -0.209821292E-005
   0.31275531459356437E-008  -0.211030601E-005
   0.31306344790843488E-008  -0.212383429E-005
   0.31337158122330538E-008  -0.213753515E-005
   0.31367971453817589E-008  -0.214972238E-005
   0.31398784785304640E-008  -0.216049307E-005
   0.31429598116791690E-008  -0.217206525E-005
   0.31460411448278741E-008  -0.218545483E-005
   0.31491224779765792E-008  -0.219813387E-005
   0.31522038111252842E-008  -0.220823426E-005
   0.31552851442739893E-008  -0.221828373E-005
   0.31583664774226944E-008  -0.223061579E-005
   0.31614478105713995E-008  -0.224299924E-005
   0.31645291437201045E-008  -0.225297504E-005
   0.31676104768688096E-008  -0.226218344E-005
   0.31706918100175147E-008  -0.227298005E-005
   0.31737731431662197E-008  -0.228460135E-005
   0.31768544763149248E-008  -0.229493708E-005
   0.31799358094636299E-008  -0.230363844E-005
   0.31830171426123349E-008  -0.231242643E-005
   0.31860984757610400E-008  -0.232279467E-005
   0.31891798089097451E-008  -0.233353740E-005
   0.31922611420584501E-008  -0.234224399E-005
   0.31953424752071552E-008  -0.234956792E-005
   0.31984238083558603E-008  -0.235842822E-005
   0.32015051415045653E-008  -0.236865480E-005
   0.32045864746532704E-008  -0.237723998E-005
   0.32076678078019755E-008  -0.238393568E-005
   0.32107491409506805E-008  -0.239148039E-005
   0.32138304740993856E-008  -0.240054533E-005
   0.32169118072480907E-008  -0.240895929E-005
   0.32199931403967957E-008  -0.241556495E-005
   0.32230744735455008E-008  -0.242170950E-005
   0.32261558066942059E-008  -0.242903320E-005
   0.32292371398429109E-008  -0.243716431E-005
   0.32323184729916160E-008  -0.244411171E-005
   0.32353998061403211E-008  -0.244930993E-005
   0.32384811392890261E-008  -0.245488354E-005
   0.32415624724377312E-008  -0.246211380E-005
   0.32446438055864363E-008  -0.246895024E-005
   0.32477251387351413E-008  -0.247367461E-005
   0.32508064718838464E-008  -0.247808134E-005
   0.32538878050325515E-008  -0.248410333E-005
   0.32569691381812566E-008  -0.249039135E-005
   0.32600504713299616E-008  -0.249493769E-005
   0.32631318044786667E-008  -0.249842014E-005
   0.32662131376273718E-008  -0.250278481E-005
   0.32692944707760768E-008  -0.250819699E-005
   0.32723758039247819E-008  -0.251294477E-005
   0.32754571370734870E-008  -0.251602478E-005
   0.32785384702221920E-008  -0.251877827E-005
   0.32816198033708971E-008  -0.252286327E-005
   0.32847011365196022E-008  -0.252735140E-005
   0.32877824696683072E-008  -0.253018311E-005
   0.32908638028170123E-008  -0.253188659E-005
   0.32939451359657174E-008  -0.253468147E-005
   0.32970264691144224E-008  -0.253845405E-005
   0.33001078022631275E-008  -0.254104384E-005
   0.33031891354118326E-008  -0.254208612E-005
   0.33062704685605376E-008  -0.254345514E-005
   0.33093518017092427E-008  -0.254604788E-005
   0.33124331348579478E-008  -0.254849965E-005
   0.33155144680066528E-008  -0.254943029E-005
   0.33185958011553579E-008  -0.254955762E-005
   0.33216771343040630E-008  -0.255059172E-005
   0.33247584674527680E-008  -0.255245391E-005
   0.33278398006014731E-008  -0.255329564E-005
   0.33309211337501782E-008  -0.255266764E-005
   0.33340024668988832E-008  -0.255239547E-005
   0.33370838000475883E-008  -0.255333498E-005
   0.33401651331962934E-008  -0.255383588E-005
   0.33432464663449984E-008  -0.255271516E-005
   0.33463277994937035E-008  -0.255127065E-005
   0.33494091326424086E-008  -0.255094369E-005
   0.33524904657911136E-008  -0.255098121E-005
   0.33555717989398187E-008  -0.254981387E-005
   0.33586531320885238E-008  -0.254754468E-005
   0.33617344652372289E-008  -0.254570546E-005
   0.33648157983859339E-008  -0.254480233E-005
   0.33678971315346390E-008  -0.254346969E-005
   0.33709784646833441E-008  -0.254073416E-005
   0.33740597978320491E-008  -0.253773896E-005
   0.33771411309807542E-008  -0.253578492E-005
   0.33802224641294593E-008  -0.253399821E-005
   0.33833037972781643E-008  -0.253086705E-005
   0.33863851304268694E-008  -0.252691348E-005
   0.33894664635755745E-008  -0.252374116E-005
   0.33925477967242795E-008  -0.252128962E-005
   0.33956291298729846E-008  -0.251802498E-005
   0.33987104630216897E-008  -0.251349934E-005
   0.34017917961703947E-008  -0.250901257E-005
   0.34048731293190998E-008  -0.250546509E-005
   0.34079544624678049E-008  -0.250189714E-005
   0.34110357956165099E-008  -0.249709046E-005
   0.34141171287652150E-008  -0.249164964E-005
   0.34171984619139201E-008  -0.248698097E-005
   0.34202797950626251E-008  -0.248282731E-005
   0.34233611282113302E-008  -0.247770731E-005
   0.34264424613600353E-008  -0.247151729E-005
   0.34295237945087403E-008  -0.246569539E-005
   0.34326051276574454E-008  -0.246074569E-005
   0.34356864608061505E-008  -0.245543060E-005
   0.34387677939548555E-008  -0.244885541E-005
   0.34418491271035606E-008  -0.244191165E-005
   0.34449304602522657E-008  -0.243579530E-005
   0.34480117934009707E-008  -0.243003547E-005
   0.34510931265496758E-008  -0.242328088E-005
   0.34541744596983809E-008  -0.241561293E-005
   0.34572557928470860E-008  -0.240842064E-005
   0.34603371259957910E-008  -0.240195777E-005
   0.34634184591444961E-008  -0.239489668E-005
   0.34664997922932012E-008  -0.238667531E-005
   0.34695811254419062E-008  -0.237844642E-005
   0.34726624585906113E-008  -0.237107542E-005
   0.34757437917393164E-008  -0.236374171E-005
   0.34788251248880214E-008  -0.235532866E-005
   0.34819064580367265E-008  -0.234620416E-005
   0.34849877911854316E-008  -0.233763217E-005
   0.34880691243341366E-008  -0.232972775E-005
   0.34911504574828417E-008  -0.232120328E-005
   0.34942317906315468E-008  -0.231154308E-005
   0.34973131237802518E-008  -0.230197475E-005
   0.35003944569289569E-008  -0.229330271E-005
   0.35034757900776620E-008  -0.228443264E-005
   0.35065571232263670E-008  -0.227437476E-005
   0.35096384563750721E-008  -0.226399584E-005
   0.35127197895237772E-008  -0.225438816E-005
   0.35158011226724822E-008  -0.224504879E-005
   0.35188824558211873E-008  -0.223488701E-005
   0.35219637889698924E-008  -0.222393646E-005
   0.35250451221185974E-008  -0.221318510E-005
   0.35281264552673025E-008  -0.220310130E-005
   0.35312077884160076E-008  -0.219287494E-005
   0.35342891215647126E-008  -0.218160903E-005
   0.35373704547134177E-008  -0.216993476E-005
   0.35404517878621228E-008  -0.215905902E-005
   0.35435331210108278E-008  -0.214850252E-005
   0.35466144541595329E-008  -0.213688668E-005
   0.35496957873082380E-008  -0.212454256E-005
   0.35527771204569430E-008  -0.211287147E-005
   0.35558584536056481E-008  -0.210174835E-005
   0.35589397867543532E-008  -0.208993356E-005
   0.35620211199030583E-008  -0.207728658E-005
   0.35651024530517633E-008  -0.206472578E-005
   0.35681837862004684E-008  -0.205270590E-005
   0.35712651193491735E-008  -0.204073081E-005
   0.35743464524978785E-008  -0.202802880E-005
   0.35774277856465836E-008  -0.201467628E-005
   0.35805091187952887E-008  -0.200173167E-005
   0.35835904519439937E-008  -0.198945736E-005
   0.35866717850926988E-008  -0.197658255E-005
   0.35897531182414039E-008  -0.196263409E-005
   0.35928344513901089E-008  -0.194898598E-005
   0.35959157845388140E-008  -0.193621850E-005
   0.35989971176875191E-008  -0.192303378E-005
   0.36020784508362241E-008  -0.190883134E-005
   0.36051597839849292E-008  -0.189463003E-005
   0.36082411171336343E-008  -0.188100262E-005
   0.36113224502823393E-008  -0.186739339E-005
   0.36144037834310444E-008  -0.185327599E-005
   0.36174851165797495E-008  -0.183864722E-005
   0.36205664497284545E-008  -0.182401470E-005
   0.36236477828771596E-008  -0.180993470E-005
   0.36267291160258647E-008  -0.179586812E-005
   0.36298104491745697E-008  -0.178082303E-005
   0.36328917823232748E-008  -0.176543313E-005
   0.36359731154719799E-008  -0.175096170E-005
   0.36390544486206849E-008  -0.173668298E-005
   0.36421357817693900E-008  -0.172126499E-005
   0.36452171149180951E-008  -0.170544490E-005
   0.36482984480668001E-008  -0.169041948E-005
   0.36513797812155052E-008  -0.167559290E-005
   0.36544611143642103E-008  -0.166008795E-005
   0.36575424475129154E-008  -0.164420919E-005
   0.36606237806616204E-008  -0.162842105E-005
   0.36637051138103255E-008  -0.161283026E-005
   0.36667864469590306E-008  -0.159736840E-005
   0.36698677801077356E-008  -0.158146725E-005
   0.36729491132564407E-008  -0.156493195E-005
   0.36760304464051458E-008  -0.154878614E-005
   0.36791117795538508E-008  -0.153332394E-005
   0.36821931127025559E-008  -0.151716245E-005
   0.36852744458512610E-008  -0.150004587E-005
   0.36883557789999660E-008  -0.148352910E-005
   0.36914371121486711E-008  -0.146777097E-005
   0.36945184452973762E-008  -0.145132481E-005
   0.36975997784460812E-008  -0.143414081E-005
   0.37006811115947863E-008  -0.141728742E-005
   0.37037624447434914E-008  -0.140075304E-005
   0.37068437778921964E-008  -0.138403379E-005
   0.37099251110409015E-008  -0.136710389E-005
   0.37130064441896066E-008  -0.134986078E-005
   0.37160877773383116E-008  -0.133251945E-005
   0.37191691104870167E-008  -0.131571971E-005
   0.37222504436357218E-008  -0.129892703E-005
   0.37253317767844268E-008  -0.128111981E-005
   0.37284131099331319E-008  -0.126319514E-005
   0.37314944430818370E-008  -0.124635983E-005
   0.37345757762305420E-008  -0.122946176E-005
   0.37376571093792471E-008  -0.121134804E-005
   0.37407384425279522E-008  -0.119322306E-005
   0.37438197756766572E-008  -0.117597415E-005
   0.37469011088253623E-008  -0.115859132E-005
   0.37499824419740674E-008  -0.114058309E-005
   0.37530637751227724E-008  -0.112255896E-005
   0.37561451082714775E-008  -0.110464032E-005
   0.37592264414201826E-008  -0.108677546E-005
   0.37623077745688877E-008  -0.106906862E-005
   0.37653891077175927E-008  -0.105093579E-005
   0.37684704408662978E-008  -0.103223658E-005
   0.37715517740150029E-008  -0.101415537E-005
   0.37746331071637079E-008  -0.996728318E-006
   0.37777144403124130E-008  -0.978365506E-006
   0.37807957734611181E-008  -0.959218141E-006
   0.37838771066098231E-008  -0.940980499E-006
   0.37869584397585282E-008  -0.923315611E-006
   0.37900397729072333E-008  -0.904757542E-006
   0.37931211060559383E-008  -0.885762859E-006
   0.37962024392046434E-008  -0.867327060E-006
   0.37992837723533485E-008  -0.849034564E-006
   0.38023651055020535E-008  -0.830473653E-006
   0.38054464386507586E-008  -0.811799623E-006
   0.38085277717994637E-008  -0.792851893E-006
   0.38116091049481687E-008  -0.773941167E-006
   0.38146904380968738E-008  -0.755706765E-006
   0.38177717712455789E-008  -0.737303651E-006
   0.38208531043942839E-008  -0.717805619E-006
   0.38239344375429890E-008  -0.698505971E-006
   0.38270157706916941E-008  -0.680370420E-006
   0.38300971038403991E-008  -0.661871468E-006
   0.38331784369891042E-008  -0.642245368E-006
   0.38362597701378093E-008  -0.622993014E-006
   0.38393411032865143E-008  -0.604552099E-006
   0.38424224364352194E-008  -0.585726809E-006
   0.38455037695839245E-008  -0.566384131E-006
   0.38485851027326295E-008  -0.547169748E-006
   0.38516664358813346E-008  -0.528058422E-006
   0.38547477690300397E-008  -0.509131667E-006
   0.38578291021787448E-008  -0.490404375E-006
   0.38609104353274498E-008  -0.471049987E-006
   0.38639917684761549E-008  -0.451205722E-006
   0.38670731016248600E-008  -0.432274135E-006
   0.38701544347735650E-008  -0.413877473E-006
   0.38732357679222701E-008  -0.394350707E-006
   0.38763171010709752E-008  -0.374345802E-006
   0.38793984342196802E-008  -0.355467250E-006
   0.38824797673683853E-008  -0.336875019E-006
   0.38855611005170904E-008  -0.317290954E-006
   0.38886424336657954E-008  -0.297537156E-006
   0.38917237668145005E-008  -0.278402439E-006
   0.38948050999632056E-008  -0.259365635E-006
   0.38978864331119106E-008  -0.240196243E-006
   0.39009677662606157E-008  -0.220877567E-006
   0.39040490994093208E-008  -0.201131456E-006
   0.39071304325580258E-008  -0.181618148E-006
   0.39102117657067309E-008  -0.162961030E-006
   0.39132930988554360E-008  -0.143920644E-006
   0.39163744320041410E-008  -0.123785370E-006
   0.39194557651528461E-008  -0.104196459E-006
   0.39225370983015512E-008  -0.857204228E-007
   0.39256184314502562E-008  -0.665760993E-007
   0.39286997645989613E-008  -0.464637466E-007
   0.39317810977476664E-008  -0.269965685E-007
   0.39348624308963714E-008  -0.823733259E-008
   0.39379437640450765E-008   0.109376970E-007
   0.39410250971937816E-008   0.304759276E-007
   0.39441064303424866E-008   0.499780057E-007
   0.39471877634911917E-008   0.694496975E-007
   0.39502690966398968E-008   0.884921363E-007
   0.39533504297886018E-008   0.107291861E-006
   0.39564317629373069E-008   0.126914671E-006
   0.39595130960860120E-008   0.146863755E-006
   0.39625944292347171E-008   0.165671679E-006
   0.39656757623834221E-008   0.184184231E-006
   0.39687570955321272E-008   0.203959672E-006
   0.39718384286808323E-008   0.223885579E-006
   0.39749197618295373E-008   0.242579148E-006
   0.39780010949782424E-008   0.261188120E-006
   0.39810824281269475E-008   0.280714914E-006
   0.39841637612756525E-008   0.300279851E-006
   0.39872450944243576E-008   0.319371992E-006
   0.39903264275730627E-008   0.338332711E-006
   0.39934077607217677E-008   0.357188185E-006
   0.39964890938704728E-008   0.376273221E-006
   0.39995704270191779E-008   0.395893125E-006
   0.40026517601678829E-008   0.415032588E-006
   0.40057330933165880E-008   0.433285038E-006
   0.40088144264652931E-008   0.452220434E-006
   0.40118957596139981E-008   0.472136037E-006
   0.40149770927627032E-008   0.491140611E-006
   0.40180584259114083E-008   0.509143661E-006
   0.40211397590601133E-008   0.528026931E-006
   0.40242210922088184E-008   0.547697084E-006
   0.40273024253575235E-008   0.566640381E-006
   0.40303837585062285E-008   0.585019336E-006
   0.40334650916549336E-008   0.603681542E-006
   0.40365464248036387E-008   0.622538323E-006
   0.40396277579523437E-008   0.641531472E-006
   0.40427090911010488E-008   0.660518879E-006
   0.40457904242497539E-008   0.678839001E-006
   0.40488717573984589E-008   0.697002406E-006
   0.40519530905471640E-008   0.716178022E-006
   0.40550344236958691E-008   0.735419064E-006
   0.40581157568445742E-008   0.753307461E-006
   0.40611970899932792E-008   0.771141174E-006
   0.40642784231419843E-008   0.790323099E-006
   0.40673597562906894E-008   0.809441190E-006
   0.40704410894393944E-008   0.827344365E-006
   0.40735224225880995E-008   0.845241914E-006
   0.40766037557368046E-008   0.863862283E-006
   0.40796850888855096E-008   0.882473444E-006
   0.40827664220342147E-008   0.900798227E-006
   0.40858477551829198E-008   0.918910700E-006
   0.40889290883316248E-008   0.936756408E-006
   0.40920104214803299E-008   0.954986376E-006
   0.40950917546290350E-008   0.973779379E-006
   0.40981730877777400E-008   0.991805337E-006
   0.41012544209264451E-008   0.100893976E-005
   0.41043357540751502E-008   0.102700187E-005
   0.41074170872238552E-008   0.104597007E-005
   0.41104984203725603E-008   0.106385335E-005
   0.41135797535212654E-008   0.108081497E-005
   0.41166610866699704E-008   0.109863709E-005
   0.41197424198186755E-008   0.111708209E-005
   0.41228237529673806E-008   0.113489443E-005
   0.41259050861160856E-008   0.115226135E-005
   0.41289864192647907E-008   0.116974149E-005
   0.41320677524134958E-008   0.118736295E-005
   0.41351490855622008E-008   0.120526715E-005
   0.41382304187109059E-008   0.122303538E-005
   0.41413117518596110E-008   0.123993516E-005
   0.41443930850083160E-008   0.125686188E-005
   0.41474744181570211E-008   0.127495218E-005
   0.41505557513057262E-008   0.129290106E-005
   0.41536370844544312E-008   0.130940668E-005
   0.41567184176031363E-008   0.132596767E-005
   0.41597997507518414E-008   0.134378990E-005
   0.41628810839005465E-008   0.136146218E-005
   0.41659624170492515E-008   0.137807774E-005
   0.41690437501979566E-008   0.139468898E-005
   0.41721250833466617E-008   0.141182500E-005
   0.41752064164953667E-008   0.142900024E-005
   0.41782877496440718E-008   0.144599483E-005
   0.41813690827927769E-008   0.146259140E-005
   0.41844504159414819E-008   0.147884691E-005
   0.41875317490901870E-008   0.149570485E-005
   0.41906130822388921E-008   0.151312986E-005
   0.41936944153875971E-008   0.152957546E-005
   0.41967757485363022E-008   0.154514078E-005
   0.41998570816850073E-008   0.156169995E-005
   0.42029384148337123E-008   0.157905890E-005
   0.42060197479824174E-008   0.159536467E-005
   0.42091010811311225E-008   0.161088451E-005
   0.42121824142798275E-008   0.162713116E-005
   0.42152637474285326E-008   0.164384824E-005
   0.42183450805772377E-008   0.166006612E-005
   0.42214264137259427E-008   0.167587166E-005
   0.42245077468746478E-008   0.169160319E-005
   0.42275890800233529E-008   0.170751821E-005
   0.42306704131720579E-008   0.172389855E-005
   0.42337517463207630E-008   0.174003947E-005
   0.42368330794694681E-008   0.175514231E-005
   0.42399144126181731E-008   0.177032382E-005
   0.42429957457668782E-008   0.178669734E-005
   0.42460770789155833E-008   0.180288725E-005
   0.42491584120642883E-008   0.181771895E-005
   0.42522397452129934E-008   0.183261068E-005
   0.42553210783616985E-008   0.184857595E-005
   0.42584024115104036E-008   0.186438194E-005
   0.42614837446591086E-008   0.187928742E-005
   0.42645650778078137E-008   0.189411412E-005
   0.42676464109565188E-008   0.190933360E-005
   0.42707277441052238E-008   0.192472680E-005
   0.42738090772539289E-008   0.194002496E-005
   0.42768904104026340E-008   0.195474581E-005
   0.42799717435513390E-008   0.196902897E-005
   0.42830530767000441E-008   0.198400221E-005
   0.42861344098487492E-008   0.199957708E-005
   0.42892157429974542E-008   0.201418652E-005
   0.42922970761461593E-008   0.202793899E-005
   0.42953784092948644E-008   0.204255730E-005
   0.42984597424435694E-008   0.205787046E-005
   0.43015410755922745E-008   0.207227436E-005
   0.43046224087409796E-008   0.208596475E-005
   0.43077037418896846E-008   0.210020312E-005
   0.43107850750383897E-008   0.211488486E-005
   0.43138664081870948E-008   0.212925897E-005
   0.43169477413357998E-008   0.214319721E-005
   0.43200290744845049E-008   0.215684850E-005
   0.43231104076332100E-008   0.217065644E-005
   0.43261917407819150E-008   0.218504579E-005
   0.43292730739306201E-008   0.219925641E-005
   0.43323544070793252E-008   0.221244136E-005
   0.43354357402280302E-008   0.222561403E-005
   0.43385170733767353E-008   0.223982397E-005
   0.43415984065254404E-008   0.225391295E-005
   0.43446797396741454E-008   0.226683369E-005
   0.43477610728228505E-008   0.227973396E-005
   0.43508424059715556E-008   0.229351735E-005
   0.43539237391202606E-008   0.230724550E-005
   0.43570050722689657E-008   0.232022740E-005
   0.43600864054176708E-008   0.233298556E-005
   0.43631677385663759E-008   0.234596769E-005
   0.43662490717150809E-008   0.235920265E-005
   0.43693304048637860E-008   0.237247764E-005
   0.43724117380124911E-008   0.238520352E-005
   0.43754930711611961E-008   0.239742189E-005
   0.43785744043099012E-008   0.241017779E-005
   0.43816557374586063E-008   0.242349824E-005
   0.43847370706073113E-008   0.243604745E-005
   0.43878184037560164E-008   0.244781245E-005
   0.43908997369047215E-008   0.246022455E-005
   0.43939810700534265E-008   0.247326193E-005
   0.43970624032021316E-008   0.248560741E-005
   0.44001437363508367E-008   0.249726986E-005
   0.44032250694995417E-008   0.250924700E-005
   0.44063064026482468E-008   0.252161499E-005
   0.44093877357969519E-008   0.253385042E-005
   0.44124690689456569E-008   0.254573661E-005
   0.44155504020943620E-008   0.255727355E-005
   0.44186317352430671E-008   0.256884937E-005
   0.44217130683917721E-008   0.258091995E-005
   0.44247944015404772E-008   0.259290573E-005
   0.44278757346891823E-008   0.260403294E-005
   0.44309570678378873E-008   0.261506170E-005
   0.44340384009865924E-008   0.262692811E-005
   0.44371197341352975E-008   0.263876564E-005
   0.44402010672840025E-008   0.264962523E-005
   0.44432824004327076E-008   0.266033908E-005
   0.44463637335814127E-008   0.267172891E-005
   0.44494450667301177E-008   0.268315671E-005
   0.44525263998788228E-008   0.269403881E-005
   0.44556077330275279E-008   0.270469309E-005
   0.44586890661762330E-008   0.271541785E-005
   0.44617703993249380E-008   0.272627994E-005
   0.44648517324736431E-008   0.273723344E-005
   0.44679330656223482E-008   0.274782155E-005
   0.44710143987710532E-008   0.275792763E-005
   0.44740957319197583E-008   0.276835340E-005
   0.44771770650684634E-008   0.277927870E-005
   0.44802583982171684E-008   0.278965717E-005
   0.44833397313658735E-008   0.279931396E-005
   0.44864210645145786E-008   0.280937866E-005
   0.44895023976632836E-008   0.281998473E-005
   0.44925837308119887E-008   0.283011173E-005
   0.44956650639606938E-008   0.283968257E-005
   0.44987463971093988E-008   0.284943758E-005
   0.45018277302581039E-008   0.285941064E-005
   0.45049090634068090E-008   0.286924455E-005
   0.45079903965555140E-008   0.287890407E-005
   0.45110717297042191E-008   0.288834076E-005
   0.45141530628529242E-008   0.289766331E-005
   0.45172343960016292E-008   0.290728053E-005
   0.45203157291503343E-008   0.291694437E-005
   0.45233970622990394E-008   0.292597565E-005
   0.45264783954477444E-008   0.293478001E-005
   0.45295597285964495E-008   0.294417623E-005
   0.45326410617451546E-008   0.295364339E-005
   0.45357223948938596E-008   0.296238363E-005
   0.45388037280425647E-008   0.297094994E-005
   0.45418850611912698E-008   0.297996962E-005
   0.45449663943399748E-008   0.298895111E-005
   0.45480477274886799E-008   0.299753037E-005
   0.45511290606373850E-008   0.300604620E-005
   0.45542103937860900E-008   0.301458749E-005
   0.45572917269347951E-008   0.302305716E-005
   0.45603730600835002E-008   0.303158822E-005
   0.45634543932322053E-008   0.303997672E-005
   0.45665357263809103E-008   0.304795071E-005
   0.45696170595296154E-008   0.305601316E-005
   0.45726983926783205E-008   0.306447623E-005
   0.45757797258270255E-008   0.307261803E-005
   0.45788610589757306E-008   0.308018343E-005
   0.45819423921244357E-008   0.308797962E-005
   0.45850237252731407E-008   0.309612710E-005
   0.45881050584218458E-008   0.310388282E-005
   0.45911863915705509E-008   0.311129497E-005
   0.45942677247192559E-008   0.311891586E-005
   0.45973490578679610E-008   0.312656152E-005
   0.46004303910166661E-008   0.313395731E-005
   0.46035117241653711E-008   0.314133194E-005
   0.46065930573140762E-008   0.314864246E-005
   0.46096743904627813E-008   0.315572220E-005
   0.46127557236114863E-008   0.316291334E-005
   0.46158370567601914E-008   0.317023591E-005
   0.46189183899088965E-008   0.317713852E-005
   0.46219997230576015E-008   0.318379239E-005
   0.46250810562063066E-008   0.319081869E-005
   0.46281623893550117E-008   0.319785340E-005
   0.46312437225037167E-008   0.320435447E-005
   0.46343250556524218E-008   0.321083076E-005
   0.46374063888011269E-008   0.321763355E-005
   0.46404877219498319E-008   0.322420487E-005
   0.46435690550985370E-008   0.323043832E-005
   0.46466503882472421E-008   0.323681775E-005
   0.46497317213959471E-008   0.324321650E-005
   0.46528130545446522E-008   0.324934331E-005
   0.46558943876933573E-008   0.325549127E-005
   0.46589757208420624E-008   0.326168129E-005
   0.46620570539907674E-008   0.326755958E-005
   0.46651383871394725E-008   0.327338603E-005
   0.46682197202881776E-008   0.327945395E-005
   0.46713010534368826E-008   0.328528176E-005
   0.46743823865855877E-008   0.329074396E-005
   0.46774637197342928E-008   0.329643854E-005
   0.46805450528829978E-008   0.330226499E-005
   0.46836263860317029E-008   0.330763601E-005
   0.46867077191804080E-008   0.331286628E-005
   0.46897890523291130E-008   0.331841261E-005
   0.46928703854778181E-008   0.332382774E-005
   0.46959517186265232E-008   0.332887635E-005
   0.46990330517752282E-008   0.333401704E-005
   0.47021143849239333E-008   0.333922844E-005
   0.47051957180726384E-008   0.334416291E-005
   0.47082770512213434E-008   0.334906167E-005
   0.47113583843700485E-008   0.335406071E-005
   0.47144397175187536E-008   0.335880213E-005
   0.47175210506674586E-008   0.336342373E-005
   0.47206023838161637E-008   0.336827725E-005
   0.47236837169648688E-008   0.337295387E-005
   0.47267650501135738E-008   0.337721326E-005
   0.47298463832622789E-008   0.338166046E-005
   0.47329277164109840E-008   0.338635755E-005
   0.47360090495596890E-008   0.339063354E-005
   0.47390903827083941E-008   0.339462031E-005
   0.47421717158570992E-008   0.339891039E-005
   0.47452530490058042E-008   0.340322322E-005
   0.47483343821545093E-008   0.340716383E-005
   0.47514157153032144E-008   0.341106715E-005
   0.47544970484519194E-008   0.341506484E-005
   0.47575783816006245E-008   0.341889040E-005
   0.47606597147493296E-008   0.342267890E-005
   0.47637410478980347E-008   0.342651470E-005
   0.47668223810467397E-008   0.343005399E-005
   0.47699037141954448E-008   0.343346096E-005
   0.47729850473441499E-008   0.343718989E-005
   0.47760663804928549E-008   0.344083128E-005
   0.47791477136415600E-008   0.344393698E-005
   0.47822290467902651E-008   0.344709156E-005
   0.47853103799389701E-008   0.345063700E-005
   0.47883917130876752E-008   0.345393619E-005
   0.47914730462363803E-008   0.345681133E-005
   0.47945543793850853E-008   0.345981130E-005
   0.47976357125337904E-008   0.346295224E-005
   0.48007170456824955E-008   0.346589809E-005
   0.48037983788312005E-008   0.346873640E-005
   0.48068797119799056E-008   0.347150853E-005
   0.48099610451286107E-008   0.347411674E-005
   0.48130423782773157E-008   0.347683545E-005
   0.48161237114260208E-008   0.347968648E-005
   0.48192050445747259E-008   0.348213234E-005
   0.48222863777234309E-008   0.348428125E-005
   0.48253677108721360E-008   0.348682056E-005
   0.48284490440208411E-008   0.348950744E-005
   0.48315303771695461E-008   0.349164748E-005
   0.48346117103182512E-008   0.349357197E-005
   0.48376930434669563E-008   0.349584980E-005
   0.48407743766156613E-008   0.349815150E-005
   0.48438557097643664E-008   0.350012147E-005
   0.48469370429130715E-008   0.350197593E-005
   0.48500183760617765E-008   0.350383129E-005
   0.48530997092104816E-008   0.350569076E-005
   0.48561810423591867E-008   0.350764935E-005
   0.48592623755078918E-008   0.350942832E-005
   0.48623437086565968E-008   0.351079075E-005
   0.48654250418053019E-008   0.351227936E-005
   0.48685063749540070E-008   0.351418157E-005
   0.48715877081027120E-008   0.351577614E-005
   0.48746690412514171E-008   0.351681092E-005
   0.48777503744001222E-008   0.351805465E-005
   0.48808317075488272E-008   0.351967219E-005
   0.48839130406975323E-008   0.352099391E-005
   0.48869943738462374E-008   0.352194047E-005
   0.48900757069949424E-008   0.352295206E-005
   0.48931570401436475E-008   0.352407528E-005
   0.48962383732923526E-008   0.352518805E-005
   0.48993197064410576E-008   0.352620509E-005
   0.49024010395897627E-008   0.352690995E-005
   0.49054823727384678E-008   0.352749316E-005
   0.49085637058871728E-008   0.352845700E-005
   0.49116450390358779E-008   0.352947336E-005
   0.49147263721845830E-008   0.352986513E-005
   0.49178077053332880E-008   0.353008181E-005
   0.49208890384819931E-008   0.353083965E-005
   0.49239703716306982E-008   0.353163819E-005
   0.49270517047794032E-008   0.353185055E-005
   0.49301330379281083E-008   0.353191899E-005
   0.49332143710768134E-008   0.353229439E-005
   0.49362957042255184E-008   0.353271525E-005
   0.49393770373742235E-008   0.353293899E-005
   0.49424583705229286E-008   0.353294649E-005
   0.49455397036716336E-008   0.353279597E-005
   0.49486210368203387E-008   0.353283599E-005
   0.49517023699690438E-008   0.353313180E-005
   0.49547837031177488E-008   0.353303130E-005
   0.49578650362664539E-008   0.353242035E-005
   0.49609463694151590E-008   0.353215705E-005
   0.49640277025638641E-008   0.353234259E-005
   0.49671090357125691E-008   0.353206519E-005
   0.49701903688612742E-008   0.353126711E-005
   0.49732717020099793E-008   0.353075234E-005
   0.49763530351586843E-008   0.353055384E-005
   0.49794343683073894E-008   0.353011364E-005
   0.49825157014560945E-008   0.352936127E-005
   0.49855970346047995E-008   0.352851839E-005
   0.49886783677535046E-008   0.352777147E-005
   0.49917597009022097E-008   0.352725965E-005
   0.49948410340509147E-008   0.352662664E-005
   0.49979223671996198E-008   0.352542611E-005
   0.50010037003483249E-008   0.352419306E-005
   0.50040850334970299E-008   0.352356824E-005
   0.50071663666457350E-008   0.352288544E-005
   0.50102476997944401E-008   0.352145139E-005
   0.50133290329431451E-008   0.351996846E-005
   0.50164103660918502E-008   0.351905715E-005
   0.50194916992405553E-008   0.351810968E-005
   0.50225730323892603E-008   0.351665653E-005
   0.50256543655379654E-008   0.351507083E-005
   0.50287356986866705E-008   0.351365088E-005
   0.50318170318353755E-008   0.351237281E-005
   0.50348983649840806E-008   0.351108429E-005
   0.50379796981327857E-008   0.350941605E-005
   0.50410610312814907E-008   0.350743085E-005
   0.50441423644301958E-008   0.350585219E-005
   0.50472236975789009E-008   0.350463961E-005
   0.50503050307276059E-008   0.350283608E-005
   0.50533863638763110E-008   0.350050959E-005
   0.50564676970250161E-008   0.349868492E-005
   0.50595490301737212E-008   0.349725838E-005
   0.50626303633224262E-008   0.349531547E-005
   0.50657116964711313E-008   0.349295101E-005
   0.50687930296198364E-008   0.349082075E-005
   0.50718743627685414E-008   0.348892127E-005
   0.50749556959172465E-008   0.348695175E-005
   0.50780370290659516E-008   0.348473827E-005
   0.50811183622146566E-008   0.348220988E-005
   0.50841996953633617E-008   0.347977698E-005
   0.50872810285120668E-008   0.347782225E-005
   0.50903623616607718E-008   0.347569630E-005
   0.50934436948094769E-008   0.347282321E-005
   0.50965250279581820E-008   0.347002879E-005
   0.50996063611068870E-008   0.346794354E-005
   0.51026876942555921E-008   0.346568413E-005
   0.51057690274042972E-008   0.346268484E-005
   0.51088503605530022E-008   0.345972990E-005
   0.51119316937017073E-008   0.345725812E-005
   0.51150130268504124E-008   0.345475132E-005
   0.51180943599991174E-008   0.345190847E-005
   0.51211756931478225E-008   0.344885348E-005
   0.51242570262965276E-008   0.344578280E-005
   0.51273383594452326E-008   0.344301748E-005
   0.51304196925939377E-008   0.344040450E-005
   0.51335010257426428E-008   0.343722513E-005
   0.51365823588913478E-008   0.343365309E-005
   0.51396636920400529E-008   0.343067563E-005
   0.51427450251887580E-008   0.342806084E-005
   0.51458263583374630E-008   0.342473368E-005
   0.51489076914861681E-008   0.342097451E-005
   0.51519890246348732E-008   0.341776172E-005
   0.51550703577835782E-008   0.341483701E-005
   0.51581516909322833E-008   0.341147529E-005
   0.51612330240809884E-008   0.340780298E-005
   0.51643143572296935E-008   0.340419456E-005
   0.51673956903783985E-008   0.340076213E-005
   0.51704770235271036E-008   0.339750409E-005
   0.51735583566758087E-008   0.339400913E-005
   0.51766396898245137E-008   0.338997165E-005
   0.51797210229732188E-008   0.338609880E-005
   0.51828023561219239E-008   0.338287600E-005
   0.51858836892706289E-008   0.337937263E-005
   0.51889650224193340E-008   0.337506390E-005
   0.51920463555680391E-008   0.337097049E-005
   0.51951276887167441E-008   0.336755238E-005
   0.51982090218654492E-008   0.336388007E-005
   0.52012903550141543E-008   0.335961022E-005
   0.52043716881628593E-008   0.335539335E-005
   0.52074530213115644E-008   0.335146296E-005
   0.52105343544602695E-008   0.334758988E-005
   0.52136156876089745E-008   0.334360084E-005
   0.52166970207576796E-008   0.333924822E-005
   0.52197783539063847E-008   0.333472008E-005
   0.52228596870550897E-008   0.333069556E-005
   0.52259410202037948E-008   0.332690524E-005
   0.52290223533524999E-008   0.332237551E-005
   0.52321036865012049E-008   0.331748993E-005
   0.52351850196499100E-008   0.331333058E-005
   0.52382663527986151E-008   0.330943067E-005
   0.52413476859473201E-008   0.330479133E-005
   0.52444290190960252E-008   0.329986483E-005
   0.52475103522447303E-008   0.329540603E-005
   0.52505916853934353E-008   0.329111708E-005
   0.52536730185421404E-008   0.328658871E-005
   0.52567543516908455E-008   0.328183683E-005
   0.52598356848395506E-008   0.327690918E-005
   0.52629170179882556E-008   0.327214980E-005
   0.52659983511369607E-008   0.326779900E-005
   0.52690796842856658E-008   0.326315035E-005
   0.52721610174343708E-008   0.325780934E-005
   0.52752423505830759E-008   0.325277097E-005
   0.52783236837317810E-008   0.324844655E-005
   0.52814050168804860E-008   0.324370126E-005
   0.52844863500291911E-008   0.323820473E-005
   0.52875676831778962E-008   0.323303288E-005
   0.52906490163266012E-008   0.322840037E-005
   0.52937303494753063E-008   0.322350434E-005
   0.52968116826240114E-008   0.321822085E-005
   0.52998930157727164E-008   0.321291577E-005
   0.53029743489214215E-008   0.320768686E-005
   0.53060556820701266E-008   0.320267327E-005
   0.53091370152188316E-008   0.319771493E-005
   0.53122183483675367E-008   0.319221613E-005
   0.53152996815162418E-008   0.318648495E-005
   0.53183810146649468E-008   0.318143884E-005
   0.53214623478136519E-008   0.317658441E-005
   0.53245436809623570E-008   0.317086665E-005
   0.53276250141110620E-008   0.316492287E-005
   0.53307063472597671E-008   0.315975285E-005
   0.53337876804084722E-008   0.315470061E-005
   0.53368690135571772E-008   0.314899262E-005
   0.53399503467058823E-008   0.314313729E-005
   0.53430316798545874E-008   0.313757164E-005
   0.53461130130032924E-008   0.313208830E-005
   0.53491943461519975E-008   0.312660268E-005
   0.53522756793007026E-008   0.312092288E-005
   0.53553570124494076E-008   0.311486497E-005
   0.53584383455981127E-008   0.310904579E-005
   0.53615196787468178E-008   0.310378368E-005
   0.53646010118955229E-008   0.309809798E-005
   0.53676823450442279E-008   0.309166990E-005
   0.53707636781929330E-008   0.308569088E-005
   0.53738450113416381E-008   0.308039148E-005
   0.53769263444903431E-008   0.307459140E-005
   0.53800076776390482E-008   0.306818379E-005
   0.53830890107877533E-008   0.306210222E-005
   0.53861703439364583E-008   0.305635490E-005
   0.53892516770851634E-008   0.305043250E-005
   0.53923330102338685E-008   0.304434911E-005
   0.53954143433825735E-008   0.303811635E-005
   0.53984956765312786E-008   0.303181241E-005
   0.54015770096799837E-008   0.302589319E-005
   0.54046583428286887E-008   0.302008152E-005
   0.54077396759773938E-008   0.301356999E-005
   0.54108210091260989E-008   0.300688112E-005
   0.54139023422748039E-008   0.300100146E-005
   0.54169836754235090E-008   0.299521389E-005
   0.54200650085722141E-008   0.298855116E-005
   0.54231463417209191E-008   0.298179179E-005
   0.54262276748696242E-008   0.297570318E-005
   0.54293090080183293E-008   0.296962116E-005
   0.54323903411670343E-008   0.296309440E-005
   0.54354716743157394E-008   0.295650648E-005
   0.54385530074644445E-008   0.294998085E-005
   0.54416343406131495E-008   0.294353799E-005
   0.54447156737618546E-008   0.293730045E-005
   0.54477970069105597E-008   0.293078870E-005
   0.54508783400592647E-008   0.292376512E-005
   0.54539596732079698E-008   0.291712968E-005
   0.54570410063566749E-008   0.291111110E-005
   0.54601223395053800E-008   0.290453659E-005
   0.54632036726540850E-008   0.289727359E-005
   0.54662850058027901E-008   0.289054469E-005
   0.54693663389514952E-008   0.288434990E-005
   0.54724476721002002E-008   0.287765761E-005
   0.54755290052489053E-008   0.287057492E-005
   0.54786103383976104E-008   0.286375894E-005
   0.54816916715463154E-008   0.285708552E-005
   0.54847730046950205E-008   0.285036344E-005
   0.54878543378437256E-008   0.284360272E-005
   0.54909356709924306E-008   0.283653321E-005
   0.54940170041411357E-008   0.282938117E-005
   0.54970983372898408E-008   0.282279166E-005
   0.55001796704385458E-008   0.281625671E-005
   0.55032610035872509E-008   0.280891209E-005
   0.55063423367359560E-008   0.280149834E-005
   0.55094236698846610E-008   0.279490064E-005
   0.55125050030333661E-008   0.278827451E-005
   0.55155863361820712E-008   0.278089919E-005
   0.55186676693307762E-008   0.277355593E-005
   0.55217490024794813E-008   0.276669061E-005
   0.55248303356281864E-008   0.275975867E-005
   0.55279116687768914E-008   0.275259799E-005
   0.55309930019255965E-008   0.274536910E-005
   0.55340743350743016E-008   0.273802584E-005
   0.55371556682230066E-008   0.273087949E-005
   0.55402370013717117E-008   0.272407533E-005
   0.55433183345204168E-008   0.271684962E-005
   0.55463996676691218E-008   0.270906662E-005
   0.55494810008178269E-008   0.270180612E-005
   0.55525623339665320E-008   0.269510906E-005
   0.55556436671152370E-008   0.268779399E-005
   0.55587250002639421E-008   0.267995665E-005
   0.55618063334126472E-008   0.267265523E-005
   0.55648876665613523E-008   0.266568600E-005
   0.55679689997100573E-008   0.265829703E-005
   0.55710503328587624E-008   0.265069957E-005
   0.55741316660074675E-008   0.264323035E-005
   0.55772129991561725E-008   0.263581251E-005
   0.55802943323048776E-008   0.262855133E-005
   0.55833756654535827E-008   0.262127151E-005
   0.55864569986022877E-008   0.261348464E-005
   0.55895383317509928E-008   0.260566435E-005
   0.55926196648996979E-008   0.259854050E-005
   0.55957009980484029E-008   0.259138574E-005
   0.55987823311971080E-008   0.258341811E-005
   0.56018636643458131E-008   0.257550937E-005
   0.56049449974945181E-008   0.256831959E-005
   0.56080263306432232E-008   0.256098838E-005
   0.56111076637919283E-008   0.255307873E-005
   0.56141889969406333E-008   0.254526276E-005
   0.56172703300893384E-008   0.253774510E-005
   0.56203516632380435E-008   0.253020949E-005
   0.56234329963867485E-008   0.252262953E-005
   0.56265143295354536E-008   0.251486017E-005
   0.56295956626841587E-008   0.250683775E-005
   0.56326769958328637E-008   0.249916457E-005
   0.56357583289815688E-008   0.249189748E-005
   0.56388396621302739E-008   0.248409674E-005
   0.56419209952789789E-008   0.247579669E-005
   0.56450023284276840E-008   0.246808759E-005
   0.56480836615763891E-008   0.246080185E-005
   0.56511649947250941E-008   0.245290289E-005
   0.56542463278737992E-008   0.244466105E-005
   0.56573276610225043E-008   0.243688442E-005
   0.56604089941712094E-008   0.242930537E-005
   0.56634903273199144E-008   0.242146598E-005
   0.56665716604686195E-008   0.241349403E-005
   0.56696529936173246E-008   0.240544546E-005
   0.56727343267660296E-008   0.239744509E-005
   0.56758156599147347E-008   0.238980601E-005
   0.56788969930634398E-008   0.238211010E-005
   0.56819783262121448E-008   0.237379663E-005
   0.56850596593608499E-008   0.236554729E-005
   0.56881409925095550E-008   0.235799985E-005
   0.56912223256582600E-008   0.235029870E-005
   0.56943036588069651E-008   0.234187996E-005
   0.56973849919556702E-008   0.233363448E-005
   0.57004663251043752E-008   0.232596699E-005
   0.57035476582530803E-008   0.231812987E-005
   0.57066289914017854E-008   0.230989349E-005
   0.57097103245504904E-008   0.230168985E-005
   0.57127916576991955E-008   0.229360785E-005
   0.57158729908479006E-008   0.228564272E-005
   0.57189543239966056E-008   0.227778173E-005
   0.57220356571453107E-008   0.226959651E-005
   0.57251169902940158E-008   0.226110751E-005
   0.57281983234427208E-008   0.225308349E-005
   0.57312796565914259E-008   0.224541532E-005
   0.57343609897401310E-008   0.223714846E-005
   0.57374423228888360E-008   0.222851736E-005
   0.57405236560375411E-008   0.222049130E-005
   0.57436049891862462E-008   0.221275150E-005
   0.57466863223349512E-008   0.220447760E-005
   0.57497676554836563E-008   0.219596950E-005
   0.57528489886323614E-008   0.218776609E-005
   0.57559303217810664E-008   0.217970842E-005
   0.57590116549297715E-008   0.217161073E-005
   0.57620929880784766E-008   0.216339868E-005
   0.57651743212271817E-008   0.215492446E-005
   0.57682556543758867E-008   0.214653505E-005
   0.57713369875245918E-008   0.213861153E-005
   0.57744183206732969E-008   0.213054818E-005
   0.57774996538220019E-008   0.212186910E-005
   0.57805809869707070E-008   0.211337192E-005
   0.57836623201194121E-008   0.210551070E-005
   0.57867436532681171E-008   0.209742211E-005
   0.57898249864168222E-008   0.208874280E-005
   0.57929063195655273E-008   0.208023084E-005
   0.57959876527142323E-008   0.207213884E-005
   0.57990689858629374E-008   0.206397954E-005
   0.58021503190116425E-008   0.205560082E-005
   0.58052316521603475E-008   0.204711614E-005
   0.58083129853090526E-008   0.203862055E-005
   0.58113943184577577E-008   0.203038439E-005
   0.58144756516064627E-008   0.202229967E-005
   0.58175569847551678E-008   0.201378157E-005
   0.58206383179038729E-008   0.200502041E-005
   0.58237196510525779E-008   0.199680267E-005
   0.58268009842012830E-008   0.198883686E-005
   0.58298823173499881E-008   0.198027192E-005
   0.58329636504986931E-008   0.197145073E-005
   0.58360449836473982E-008   0.196314068E-005
   0.58391263167961033E-008   0.195504390E-005
   0.58422076499448083E-008   0.194660834E-005
   0.58452889830935134E-008   0.193798928E-005
   0.58483703162422185E-008   0.192945299E-005
   0.58514516493909235E-008   0.192105790E-005
   0.58545329825396286E-008   0.191281151E-005
   0.58576143156883337E-008   0.190440790E-005
   0.58606956488370388E-008   0.189564275E-005
   0.58637769819857438E-008   0.188706565E-005
   0.58668583151344489E-008   0.187897842E-005
   0.58699396482831540E-008   0.187064722E-005
   0.58730209814318590E-008   0.186175453E-005
   0.58761023145805641E-008   0.185310148E-005
   0.58791836477292692E-008   0.184497094E-005
   0.58822649808779742E-008   0.183665031E-005
   0.58853463140266793E-008   0.182791621E-005
   0.58884276471753844E-008   0.181924941E-005
   0.58915089803240894E-008   0.181081452E-005
   0.58945903134727945E-008   0.180244683E-005
   0.58976716466214996E-008   0.179400809E-005
   0.59007529797702046E-008   0.178533935E-005
   0.59038343129189097E-008   0.177661104E-005
   0.59069156460676148E-008   0.176825745E-005
   0.59099969792163198E-008   0.176002800E-005
   0.59130783123650249E-008   0.175129674E-005
   0.59161596455137300E-008   0.174239415E-005
   0.59192409786624350E-008   0.173402850E-005
   0.59223223118111401E-008   0.172584726E-005
   0.59254036449598452E-008   0.171718864E-005
   0.59284849781085502E-008   0.170834301E-005
   0.59315663112572553E-008   0.169981240E-005
   0.59346476444059604E-008   0.169144357E-005
   0.59377289775546654E-008   0.168295105E-005
   0.59408103107033705E-008   0.167429880E-005
   0.59438916438520756E-008   0.166557152E-005
   0.59469729770007806E-008   0.165702670E-005
   0.59500543101494857E-008   0.164872097E-005
   0.59531356432981908E-008   0.164017524E-005
   0.59562169764468958E-008   0.163125401E-005
   0.59592983095956009E-008   0.162260631E-005
   0.59623796427443060E-008   0.161440278E-005
   0.59654609758930111E-008   0.160593618E-005
   0.59685423090417161E-008   0.159703177E-005
   0.59716236421904212E-008   0.158831699E-005
   0.59747049753391263E-008   0.157995100E-005
   0.59777863084878313E-008   0.157150089E-005
   0.59808676416365364E-008   0.156282078E-005
   0.59839489747852415E-008   0.155409055E-005
   0.59870303079339465E-008   0.154547627E-005
   0.59901116410826516E-008   0.153705639E-005
   0.59931929742313567E-008   0.152859843E-005
   0.59962743073800617E-008   0.151979737E-005
