t              2d_case.fdtd_Point probe_1_Ey_50_0_80.dat       incid
   0.00000000000000000E+000   0.000000000E+000   0.000000000E+000
   0.37734693841828815E-010   0.000000000E+000   0.000000000E+000
   0.75469387683657629E-010   0.000000000E+000   0.000000000E+000
   0.11320408152548644E-009   0.000000000E+000   0.000000000E+000
   0.15093877536731526E-009   0.000000000E+000   0.000000000E+000
   0.18867346920914407E-009   0.000000000E+000   0.000000000E+000
   0.22640816305097289E-009   0.000000000E+000   0.000000000E+000
   0.26414285689280170E-009   0.000000000E+000   0.000000000E+000
   0.30187755073463052E-009   0.000000000E+000   0.000000000E+000
   0.33961224457645933E-009   0.000000000E+000   0.000000000E+000
   0.37734693841828815E-009   0.000000000E+000   0.000000000E+000
   0.41508163226011696E-009   0.000000000E+000   0.000000000E+000
   0.45281632610194578E-009   0.000000000E+000   0.000000000E+000
   0.49055101994377459E-009   0.000000000E+000   0.000000000E+000
   0.52828571378560341E-009   0.000000000E+000   0.000000000E+000
   0.56602040762743222E-009   0.000000000E+000   0.000000000E+000
   0.60375510146926104E-009   0.000000000E+000   0.000000000E+000
   0.64148979531108985E-009   0.000000000E+000   0.000000000E+000
   0.67922448915291866E-009   0.000000000E+000   0.000000000E+000
   0.71695918299474748E-009   0.000000000E+000   0.000000000E+000
   0.75469387683657629E-009   0.000000000E+000   0.000000000E+000
   0.79242857067840511E-009   0.000000000E+000   0.000000000E+000
   0.83016326452023392E-009   0.000000000E+000   0.000000000E+000
   0.86789795836206274E-009   0.000000000E+000   0.000000000E+000
   0.90563265220389155E-009   0.000000000E+000   0.000000000E+000
   0.94336734604572037E-009   0.000000000E+000   0.000000000E+000
   0.98110203988754918E-009   0.000000000E+000   0.000000000E+000
   0.10188367337293780E-008   0.000000000E+000   0.000000000E+000
   0.10565714275712068E-008   0.000000000E+000   0.000000000E+000
   0.10943061214130356E-008   0.000000000E+000   0.000000000E+000
   0.11320408152548644E-008   0.000000000E+000   0.000000000E+000
   0.11697755090966933E-008   0.000000000E+000   0.000000000E+000
   0.12075102029385221E-008   0.000000000E+000   0.000000000E+000
   0.12452448967803509E-008   0.000000000E+000   0.000000000E+000
   0.12829795906221797E-008   0.000000000E+000   0.000000000E+000
   0.13207142844640085E-008   0.000000000E+000   0.000000000E+000
   0.13584489783058373E-008   0.000000000E+000   0.000000000E+000
   0.13961836721476661E-008   0.000000000E+000   0.000000000E+000
   0.14339183659894950E-008   0.000000000E+000   0.000000000E+000
   0.14716530598313238E-008   0.000000000E+000   0.000000000E+000
   0.15093877536731526E-008   0.000000000E+000   0.000000000E+000
   0.15471224475149814E-008   0.000000000E+000   0.000000000E+000
   0.15848571413568102E-008   0.000000000E+000   0.000000000E+000
   0.16225918351986390E-008   0.000000000E+000   0.000000000E+000
   0.16603265290404678E-008   0.000000000E+000   0.000000000E+000
   0.16980612228822967E-008   0.000000000E+000   0.000000000E+000
   0.17357959167241255E-008   0.000000000E+000   0.000000000E+000
   0.17735306105659543E-008   0.000000000E+000   0.000000000E+000
   0.18112653044077831E-008   0.000000000E+000   0.000000000E+000
   0.18489999982496119E-008   0.000000000E+000   0.000000000E+000
   0.18867346920914407E-008   0.000000000E+000   0.000000000E+000
   0.19244693859332695E-008   0.000000000E+000   0.000000000E+000
   0.19622040797750984E-008   0.000000000E+000   0.000000000E+000
   0.19999387736169272E-008   0.000000000E+000   0.000000000E+000
   0.20376734674587560E-008   0.000000000E+000   0.000000000E+000
   0.20754081613005848E-008   0.000000000E+000   0.000000000E+000
   0.21131428551424136E-008   0.000000000E+000   0.000000000E+000
   0.21508775489842424E-008   0.000000000E+000   0.000000000E+000
   0.21886122428260713E-008   0.000000000E+000   0.000000000E+000
   0.22263469366679001E-008   0.000000000E+000   0.000000000E+000
   0.22640816305097289E-008   0.000000000E+000   0.000000000E+000
   0.23018163243515577E-008   0.000000000E+000   0.000000000E+000
   0.23395510181933865E-008   0.000000000E+000   0.000000000E+000
   0.23772857120352153E-008   0.000000000E+000   0.000000000E+000
   0.24150204058770441E-008   0.000000000E+000   0.000000000E+000
   0.24527550997188730E-008   0.000000000E+000   0.000000000E+000
   0.24904897935607018E-008   0.000000000E+000   0.000000000E+000
   0.25282244874025306E-008   0.000000000E+000   0.000000000E+000
   0.25659591812443594E-008   0.000000000E+000   0.000000000E+000
   0.26036938750861882E-008   0.000000000E+000   0.000000000E+000
   0.26414285689280170E-008   0.000000000E+000   0.000000000E+000
   0.26791632627698458E-008   0.000000000E+000   0.000000000E+000
   0.27168979566116747E-008   0.000000000E+000   0.000000000E+000
   0.27546326504535035E-008   0.000000000E+000   0.000000000E+000
   0.27923673442953323E-008   0.000000000E+000   0.000000000E+000
   0.28301020381371611E-008   0.000000000E+000   0.000000000E+000
   0.28678367319789899E-008   0.000000000E+000   0.000000000E+000
   0.29055714258208187E-008   0.000000000E+000   0.000000000E+000
   0.29433061196626475E-008   0.000000000E+000   0.000000000E+000
   0.29810408135044764E-008   0.000000000E+000   0.000000000E+000
   0.30187755073463052E-008   0.000000000E+000   0.000000000E+000
   0.30565102011881340E-008   0.000000000E+000   0.000000000E+000
   0.30942448950299628E-008   0.000000000E+000   0.000000000E+000
   0.31319795888717916E-008   0.000000000E+000   0.000000000E+000
   0.31697142827136204E-008   0.000000000E+000   0.000000000E+000
   0.32074489765554492E-008   0.000000000E+000   0.000000000E+000
   0.32451836703972781E-008   0.000000000E+000   0.000000000E+000
   0.32829183642391069E-008   0.000000000E+000   0.000000000E+000
   0.33206530580809357E-008   0.000000000E+000   0.000000000E+000
   0.33583877519227645E-008   0.000000000E+000   0.000000000E+000
   0.33961224457645933E-008   0.000000000E+000   0.000000000E+000
   0.34338571396064221E-008   0.000000000E+000   0.000000000E+000
   0.34715918334482510E-008   0.000000000E+000   0.000000000E+000
   0.35093265272900798E-008   0.000000000E+000   0.000000000E+000
   0.35470612211319086E-008   0.000000000E+000   0.000000000E+000
   0.35847959149737374E-008   0.000000000E+000   0.000000000E+000
   0.36225306088155662E-008   0.000000000E+000   0.000000000E+000
   0.36602653026573950E-008   0.000000000E+000   0.000000000E+000
   0.36979999964992238E-008   0.000000000E+000   0.000000000E+000
   0.37357346903410527E-008   0.000000000E+000   0.000000000E+000
   0.37734693841828815E-008   0.000000000E+000   0.000000000E+000
   0.38112040780247103E-008   0.000000000E+000   0.000000000E+000
   0.38489387718665391E-008   0.000000000E+000   0.000000000E+000
   0.38866734657083679E-008   0.357538000E-034   0.000000000E+000
   0.39244081595501967E-008   0.590421540E-034   0.000000000E+000
   0.39621428533920255E-008  -0.116467393E-032   0.000000000E+000
   0.39998775472338544E-008  -0.321026738E-027   0.000000000E+000
   0.40376122410756832E-008  -0.221553711E-025   0.000000000E+000
   0.40753469349175120E-008  -0.488281629E-024   0.000000000E+000
   0.41130816287593408E-008  -0.102615973E-022   0.000000000E+000
   0.41508163226011696E-008  -0.206748957E-022   0.000000000E+000
   0.41885510164429984E-008  -0.582337751E-022   0.000000000E+000
   0.42262857102848272E-008  -0.171172202E-021   0.000000000E+000
   0.42640204041266561E-008  -0.415507503E-021   0.000000000E+000
   0.43017550979684849E-008  -0.857591213E-021   0.000000000E+000
   0.43394897918103137E-008  -0.206624830E-020   0.000000000E+000
   0.43772244856521425E-008  -0.870724806E-020   0.000000000E+000
   0.44149591794939713E-008  -0.320424825E-019   0.000000000E+000
   0.44526938733358001E-008  -0.849232214E-019   0.000000000E+000
   0.44904285671776289E-008  -0.564383212E-018   0.000000000E+000
   0.45281632610194578E-008  -0.198675569E-017   0.000000000E+000
   0.45658979548612866E-008  -0.644508693E-017   0.000000000E+000
   0.46036326487031154E-008  -0.178051835E-016   0.000000000E+000
   0.46413673425449442E-008  -0.550074313E-016   0.000000000E+000
   0.46791020363867730E-008  -0.176659786E-015   0.000000000E+000
   0.47168367302286018E-008  -0.508397910E-015   0.000000000E+000
   0.47545714240704307E-008  -0.137730776E-014   0.000000000E+000
   0.47923061179122595E-008  -0.367853958E-014   0.000000000E+000
   0.48300408117540883E-008  -0.946379917E-014   0.000000000E+000
   0.48677755055959171E-008  -0.242267771E-013   0.000000000E+000
   0.49055101994377459E-008  -0.571351302E-013   0.000000000E+000
   0.49432448932795747E-008  -0.131930030E-012   0.000000000E+000
   0.49809795871214035E-008  -0.298719220E-012   0.000000000E+000
   0.50187142809632324E-008  -0.647620629E-012   0.000000000E+000
   0.50564489748050612E-008  -0.136491209E-011   0.000000000E+000
   0.50941836686468900E-008  -0.288076702E-011   0.000000000E+000
   0.51319183624887188E-008  -0.572270009E-011   0.000000000E+000
   0.51696530563305476E-008  -0.114093596E-010   0.000000000E+000
   0.52073877501723764E-008  -0.226249141E-010   0.000000000E+000
   0.52451224440142052E-008  -0.423636959E-010   0.000000000E+000
   0.52828571378560341E-008  -0.719450610E-010   0.000000000E+000
   0.53205918316978629E-008  -0.131874983E-009   0.000000000E+000
   0.53583265255396917E-008  -0.227537017E-009   0.000000000E+000
   0.53960612193815205E-008  -0.360615371E-009   0.000000000E+000
   0.54337959132233493E-008  -0.568745384E-009   0.000000000E+000
   0.54715306070651781E-008  -0.868762284E-009   0.000000000E+000
   0.55092653009070069E-008  -0.138660727E-008   0.000000000E+000
   0.55469999947488358E-008  -0.215138485E-008   0.000000000E+000
   0.55847346885906646E-008  -0.305479864E-008   0.000000000E+000
   0.56224693824324934E-008  -0.445838966E-008   0.000000000E+000
   0.56602040762743222E-008  -0.636037001E-008   0.000000000E+000
   0.56979387701161510E-008  -0.919532894E-008   0.000000000E+000
   0.57356734639579798E-008  -0.139831418E-007   0.000000000E+000
   0.57734081577998086E-008  -0.192845135E-007   0.000000000E+000
   0.58111428516416375E-008  -0.278414980E-007   0.000000000E+000
   0.58488775454834663E-008  -0.372961964E-007   0.000000000E+000
   0.58866122393252951E-008  -0.476035211E-007   0.000000000E+000
   0.59243469331671239E-008  -0.599262506E-007   0.000000000E+000
   0.59620816270089527E-008  -0.639029807E-007   0.000000000E+000
   0.59998163208507815E-008  -0.519043759E-007   0.000000000E+000
   0.60375510146926104E-008  -0.958180735E-008   0.000000000E+000
   0.60752857085344392E-008   0.102340181E-006   0.000000000E+000
   0.61130204023762680E-008   0.325886788E-006   0.000000000E+000
   0.61507550962180968E-008   0.741214478E-006   0.000000000E+000
   0.61884897900599256E-008   0.146704053E-005   0.000000000E+000
   0.62262244839017544E-008   0.263996708E-005   0.000000000E+000
   0.62639591777435832E-008   0.443524505E-005   0.000000000E+000
   0.63016938715854121E-008   0.706439823E-005   0.000000000E+000
   0.63394285654272409E-008   0.107599790E-004   0.000000000E+000
   0.63771632592690697E-008   0.157219547E-004   0.000000000E+000
   0.64148979531108985E-008   0.221193513E-004   0.000000000E+000
   0.64526326469527273E-008   0.300439369E-004   0.000000000E+000
   0.64903673407945561E-008   0.394468079E-004   0.000000000E+000
   0.65281020346363849E-008   0.501205868E-004   0.000000000E+000
   0.65658367284782138E-008   0.617327460E-004   0.000000000E+000
   0.66035714223200426E-008   0.737983573E-004   0.000000000E+000
   0.66413061161618714E-008   0.857056366E-004   0.000000000E+000
   0.66790408100037002E-008   0.968641252E-004   0.000000000E+000
   0.67167755038455290E-008   0.106807231E-003   0.000000000E+000
   0.67545101976873578E-008   0.115136587E-003   0.000000000E+000
   0.67922448915291866E-008   0.121529607E-003   0.000000000E+000
   0.68299795853710155E-008   0.125840583E-003   0.000000000E+000
   0.68677142792128443E-008   0.128115746E-003   0.000000000E+000
   0.69054489730546731E-008   0.128547050E-003   0.000000000E+000
   0.69431836668965019E-008   0.127505729E-003   0.000000000E+000
   0.69809183607383307E-008   0.125550272E-003   0.000000000E+000
   0.70186530545801595E-008   0.123205449E-003   0.000000000E+000
   0.70563877484219883E-008   0.120731791E-003   0.000000000E+000
   0.70941224422638172E-008   0.118083597E-003   0.000000000E+000
   0.71318571361056460E-008   0.115014060E-003   0.000000000E+000
   0.71695918299474748E-008   0.111249487E-003   0.000000000E+000
   0.72073265237893036E-008   0.106759624E-003   0.000000000E+000
   0.72450612176311324E-008   0.101899474E-003   0.000000000E+000
   0.72827959114729612E-008   0.972104608E-004   0.000000000E+000
   0.73205306053147901E-008   0.930647075E-004   0.000000000E+000
   0.73582652991566189E-008   0.894671102E-004   0.000000000E+000
   0.73959999929984477E-008   0.861059234E-004   0.000000000E+000
   0.74337346868402765E-008   0.825711541E-004   0.000000000E+000
   0.74714693806821053E-008   0.786288947E-004   0.000000000E+000
   0.75092040745239341E-008   0.744095742E-004   0.000000000E+000
   0.75469387683657629E-008   0.702750040E-004   0.000000000E+000
   0.75846734622075918E-008   0.665355110E-004   0.000000000E+000
   0.76224081560494206E-008   0.632604060E-004   0.000000000E+000
   0.76601428498912494E-008   0.602848413E-004   0.000000000E+000
   0.76978775437330782E-008   0.573691505E-004   0.000000000E+000
   0.77356122375749070E-008   0.543970891E-004   0.000000000E+000
   0.77733469314167358E-008   0.514693056E-004   0.000000000E+000
   0.78110816252585646E-008   0.487421603E-004   0.000000000E+000
   0.78488163191003935E-008   0.462127173E-004   0.000000000E+000
   0.78865510129422223E-008   0.437310409E-004   0.000000000E+000
   0.79242857067840511E-008   0.411983201E-004   0.000000000E+000
   0.79620204006258799E-008   0.387174259E-004   0.000000000E+000
   0.79997550944677087E-008   0.364794942E-004   0.000000000E+000
   0.80374897883095375E-008   0.345336994E-004   0.000000000E+000
   0.80752244821513663E-008   0.327061425E-004   0.000000000E+000
   0.81129591759931952E-008   0.308067210E-004   0.000000000E+000
   0.81506938698350240E-008   0.288503452E-004   0.000000000E+000
   0.81884285636768528E-008   0.269926513E-004   0.000000000E+000
   0.82261632575186816E-008   0.252669797E-004   0.000000000E+000
   0.82638979513605104E-008   0.235568677E-004   0.000000000E+000
   0.83016326452023392E-008   0.218230507E-004   0.000000000E+000
   0.83393673390441680E-008   0.201966850E-004   0.000000000E+000
   0.83771020328859969E-008   0.187985479E-004   0.000000000E+000
   0.84148367267278257E-008   0.175768091E-004   0.000000000E+000
   0.84525714205696545E-008   0.163925342E-004   0.000000000E+000
   0.84903061144114833E-008   0.151932882E-004   0.000000000E+000
   0.85280408082533121E-008   0.140375996E-004   0.000000000E+000
   0.85657755020951409E-008   0.129686750E-004   0.000000000E+000
   0.86035101959369698E-008   0.119537854E-004   0.000000000E+000
   0.86412448897787986E-008   0.109704370E-004   0.000000000E+000
   0.86789795836206274E-008   0.100555017E-004   0.000000000E+000
   0.87167142774624562E-008   0.921912942E-005   0.000000000E+000
   0.87544489713042850E-008   0.839662607E-005   0.000000000E+000
   0.87921836651461138E-008   0.752894221E-005   0.000000000E+000
   0.88299183589879426E-008   0.664892787E-005   0.000000000E+000
   0.88676530528297715E-008   0.576347475E-005   0.000000000E+000
   0.89053877466716003E-008   0.473905220E-005   0.000000000E+000
   0.89431224405134291E-008   0.339284270E-005   0.000000000E+000
   0.89808571343552579E-008   0.166665666E-005   0.000000000E+000
   0.90185918281970867E-008  -0.381703899E-006   0.000000000E+000
   0.90563265220389155E-008  -0.273668638E-005   0.000000000E+000
   0.90940612158807443E-008  -0.551503308E-005   0.000000000E+000
   0.91317959097225732E-008  -0.886690577E-005   0.000000000E+000
   0.91695306035644020E-008  -0.128173542E-004   0.000000000E+000
   0.92072652974062308E-008  -0.172171967E-004   0.000000000E+000
   0.92449999912480596E-008  -0.218628793E-004   0.000000000E+000
   0.92827346850898884E-008  -0.266487659E-004   0.000000000E+000
   0.93204693789317172E-008  -0.315915859E-004   0.000000000E+000
   0.93582040727735460E-008  -0.366900895E-004   0.000000000E+000
   0.93959387666153749E-008  -0.418261079E-004   0.000000000E+000
   0.94336734604572037E-008  -0.468385988E-004   0.000000000E+000
   0.94714081542990325E-008  -0.516461441E-004   0.000000000E+000
   0.95091428481408613E-008  -0.562885325E-004   0.000000000E+000
   0.95468775419826901E-008  -0.608452247E-004   0.000000000E+000
   0.95846122358245189E-008  -0.653014649E-004   0.000000000E+000
   0.96223469296663477E-008  -0.694236223E-004   0.000000000E+000
   0.96600816235081766E-008  -0.728751111E-004   0.000000000E+000
   0.96978163173500054E-008  -0.755936344E-004   0.000000000E+000
   0.97355510111918342E-008  -0.779231923E-004   0.000000000E+000
   0.97732857050336630E-008  -0.801908900E-004   0.000000000E+000
   0.98110203988754918E-008  -0.823360315E-004   0.000000000E+000
   0.98487550927173206E-008  -0.841906513E-004   0.000000000E+000
   0.98864897865591495E-008  -0.858971689E-004   0.000000000E+000
   0.99242244804009783E-008  -0.877042548E-004   0.000000000E+000
   0.99619591742428071E-008  -0.894948535E-004   0.000000000E+000
   0.99996938680846359E-008  -0.908968650E-004   0.000000000E+000
   0.10037428561926465E-007  -0.918098376E-004   0.000000000E+000
   0.10075163255768294E-007  -0.925422355E-004   0.000000000E+000
   0.10112897949610122E-007  -0.934299387E-004   0.000000000E+000
   0.10150632643451951E-007  -0.944844869E-004   0.000000000E+000
   0.10188367337293780E-007  -0.954374773E-004   0.000000000E+000
   0.10226102031135609E-007  -0.960510588E-004   0.000000000E+000
   0.10263836724977438E-007  -0.963637503E-004   0.000000000E+000
   0.10301571418819266E-007  -0.966012813E-004   0.000000000E+000
   0.10339306112661095E-007  -0.968523746E-004   0.000000000E+000
   0.10377040806502924E-007  -0.970354085E-004   0.000000000E+000
   0.10414775500344753E-007  -0.972226044E-004   0.000000000E+000
   0.10452510194186582E-007  -0.976278970E-004   0.000000000E+000
   0.10490244888028410E-007  -0.981067715E-004   0.000000000E+000
   0.10527979581870239E-007  -0.981646153E-004   0.000000000E+000
   0.10565714275712068E-007  -0.976994270E-004   0.000000000E+000
   0.10603448969553897E-007  -0.971878908E-004   0.000000000E+000
   0.10641183663395726E-007  -0.968936220E-004   0.000000000E+000
   0.10678918357237555E-007  -0.965490617E-004   0.000000000E+000
   0.10716653051079383E-007  -0.960442048E-004   0.000000000E+000
   0.10754387744921212E-007  -0.956656077E-004   0.000000000E+000
   0.10792122438763041E-007  -0.953728013E-004   0.000000000E+000
   0.10829857132604870E-007  -0.945869033E-004   0.000000000E+000
   0.10867591826446699E-007  -0.930310489E-004   0.000000000E+000
   0.10905326520288527E-007  -0.911359093E-004   0.000000000E+000
   0.10943061214130356E-007  -0.893315228E-004   0.000000000E+000
   0.10980795907972185E-007  -0.874855687E-004   0.000000000E+000
   0.11018530601814014E-007  -0.852902303E-004   0.000000000E+000
   0.11056265295655843E-007  -0.828152988E-004   0.000000000E+000
   0.11093999989497672E-007  -0.803970543E-004   0.000000000E+000
   0.11131734683339500E-007  -0.781133858E-004   0.000000000E+000
   0.11169469377181329E-007  -0.756185109E-004   0.000000000E+000
   0.11207204071023158E-007  -0.726382132E-004   0.000000000E+000
   0.11244938764864987E-007  -0.694353294E-004   0.000000000E+000
   0.11282673458706816E-007  -0.664527834E-004   0.000000000E+000
   0.11320408152548644E-007  -0.636821060E-004   0.000000000E+000
   0.11358142846390473E-007  -0.608677401E-004   0.000000000E+000
   0.11395877540232302E-007  -0.581257264E-004   0.000000000E+000
   0.11433612234074131E-007  -0.557355743E-004   0.000000000E+000
   0.11471346927915960E-007  -0.535671388E-004   0.000000000E+000
   0.11509081621757788E-007  -0.513294508E-004   0.000000000E+000
   0.11546816315599617E-007  -0.490883795E-004   0.000000000E+000
   0.11584551009441446E-007  -0.470122250E-004   0.000000000E+000
   0.11622285703283275E-007  -0.450105908E-004   0.000000000E+000
   0.11660020397125104E-007  -0.430129221E-004   0.000000000E+000
   0.11697755090966933E-007  -0.411336223E-004   0.000000000E+000
   0.11735489784808761E-007  -0.393431546E-004   0.000000000E+000
   0.11773224478650590E-007  -0.374838819E-004   0.000000000E+000
   0.11810959172492419E-007  -0.356352793E-004   0.000000000E+000
   0.11848693866334248E-007  -0.339494109E-004   0.000000000E+000
   0.11886428560176077E-007  -0.323209097E-004   0.000000000E+000
   0.11924163254017905E-007  -0.306507536E-004   0.000000000E+000
   0.11961897947859734E-007  -0.290695789E-004   0.000000000E+000
   0.11999632641701563E-007  -0.275986895E-004   0.000000000E+000
   0.12037367335543392E-007  -0.260720371E-004   0.000000000E+000
   0.12075102029385221E-007  -0.245064421E-004   0.000000000E+000
   0.12112836723227050E-007  -0.230610658E-004   0.000000000E+000
   0.12150571417068878E-007  -0.216936896E-004   0.000000000E+000
   0.12188306110910707E-007  -0.203222462E-004   0.000000000E+000
   0.12226040804752536E-007  -0.190318733E-004   0.000000000E+000
   0.12263775498594365E-007  -0.177932088E-004   0.000000000E+000
   0.12301510192436194E-007  -0.164344619E-004   0.000000000E+000
   0.12339244886278022E-007  -0.150544402E-004   0.000000000E+000
   0.12376979580119851E-007  -0.138924652E-004   0.000000000E+000
   0.12414714273961680E-007  -0.128402016E-004   0.000000000E+000
   0.12452448967803509E-007  -0.116649153E-004   0.000000000E+000
   0.12490183661645338E-007  -0.104606670E-004   0.000000000E+000
   0.12527918355487166E-007  -0.935513162E-005   0.000000000E+000
   0.12565653049328995E-007  -0.823398841E-005   0.000000000E+000
   0.12603387743170824E-007  -0.710185304E-005   0.000000000E+000
   0.12641122437012653E-007  -0.613649217E-005   0.000000000E+000
   0.12678857130854482E-007  -0.524702955E-005   0.000000000E+000
   0.12716591824696311E-007  -0.420858669E-005   0.000000000E+000
   0.12754326518538139E-007  -0.312347925E-005   0.000000000E+000
   0.12792061212379968E-007  -0.217614820E-005   0.000000000E+000
   0.12829795906221797E-007  -0.128796364E-005   0.000000000E+000
   0.12867530600063626E-007  -0.405605306E-006   0.000000000E+000
   0.12905265293905455E-007   0.388602587E-006   0.000000000E+000
   0.12942999987747283E-007   0.121514540E-005   0.000000000E+000
   0.12980734681589112E-007   0.220709376E-005   0.000000000E+000
   0.13018469375430941E-007   0.311263602E-005   0.000000000E+000
   0.13056204069272770E-007   0.374148703E-005   0.000000000E+000
   0.13093938763114599E-007   0.438378311E-005   0.000000000E+000
   0.13131673456956428E-007   0.524261259E-005   0.000000000E+000
   0.13169408150798256E-007   0.606185131E-005   0.000000000E+000
   0.13207142844640085E-007   0.671095449E-005   0.000000000E+000
   0.13244877538481914E-007   0.738489507E-005   0.000000000E+000
   0.13282612232323743E-007   0.809300582E-005   0.000000000E+000
   0.13320346926165572E-007   0.868076404E-005   0.000000000E+000
   0.13358081620007400E-007   0.925576751E-005   0.000000000E+000
   0.13395816313849229E-007   0.994964557E-005   0.000000000E+000
   0.13433551007691058E-007   0.106055986E-004   0.000000000E+000
   0.13471285701532887E-007   0.111269183E-004   0.000000000E+000
   0.13509020395374716E-007   0.116421452E-004   0.000000000E+000
   0.13546755089216544E-007   0.121682860E-004   0.000000000E+000
   0.13584489783058373E-007   0.126500581E-004   0.000000000E+000
   0.13622224476900202E-007   0.131909765E-004   0.000000000E+000
   0.13659959170742031E-007   0.137848638E-004   0.000000000E+000
   0.13697693864583860E-007   0.142191657E-004   0.000000000E+000
   0.13735428558425689E-007   0.145192225E-004   0.000000000E+000
   0.13773163252267517E-007   0.149439556E-004   0.000000000E+000
   0.13810897946109346E-007   0.154731006E-004   0.000000000E+000
   0.13848632639951175E-007   0.159004976E-004   0.000000000E+000
   0.13886367333793004E-007   0.162411689E-004   0.000000000E+000
   0.13924102027634833E-007   0.165813908E-004   0.000000000E+000
   0.13961836721476661E-007   0.168837851E-004   0.000000000E+000
   0.13999571415318490E-007   0.171999764E-004   0.000000000E+000
   0.14037306109160319E-007   0.176120266E-004   0.000000000E+000
   0.14075040803002148E-007   0.179698254E-004   0.000000000E+000
   0.14112775496843977E-007   0.181628784E-004   0.000000000E+000
   0.14150510190685806E-007   0.183713146E-004   0.000000000E+000
   0.14188244884527634E-007   0.186838352E-004   0.000000000E+000
   0.14225979578369463E-007   0.189536950E-004   0.000000000E+000
   0.14263714272211292E-007   0.191666004E-004   0.000000000E+000
   0.14301448966053121E-007   0.194102849E-004   0.000000000E+000
   0.14339183659894950E-007   0.195968096E-004   0.000000000E+000
   0.14376918353736778E-007   0.197011359E-004   0.000000000E+000
   0.14414653047578607E-007   0.199012502E-004   0.000000000E+000
   0.14452387741420436E-007   0.201611529E-004   0.000000000E+000
   0.14490122435262265E-007   0.202693318E-004   0.000000000E+000
   0.14527857129104094E-007   0.203177351E-004   0.000000000E+000
   0.14565591822945922E-007   0.204898806E-004   0.000000000E+000
   0.14603326516787751E-007   0.206392669E-004   0.000000000E+000
   0.14641061210629580E-007   0.206625118E-004   0.000000000E+000
   0.14678795904471409E-007   0.207513585E-004   0.000000000E+000
   0.14716530598313238E-007   0.209068494E-004   0.000000000E+000
   0.14754265292155067E-007   0.209185018E-004   0.000000000E+000
   0.14791999985996895E-007   0.208870442E-004   0.000000000E+000
   0.14829734679838724E-007   0.209945447E-004   0.000000000E+000
   0.14867469373680553E-007   0.210680209E-004   0.000000000E+000
   0.14905204067522382E-007   0.209997652E-004   0.000000000E+000
   0.14942938761364211E-007   0.210068156E-004   0.000000000E+000
   0.14980673455206039E-007   0.210877533E-004   0.000000000E+000
   0.15018408149047868E-007   0.210133330E-004   0.000000000E+000
   0.15056142842889697E-007   0.209012651E-004   0.000000000E+000
   0.15093877536731526E-007   0.209582795E-004   0.000000000E+000
   0.15131612230573355E-007   0.209770296E-004   0.000000000E+000
   0.15169346924415184E-007   0.208111578E-004   0.000000000E+000
   0.15207081618257012E-007   0.207169942E-004   0.000000000E+000
   0.15244816312098841E-007   0.207447210E-004   0.000000000E+000
   0.15282551005940670E-007   0.206468867E-004   0.000000000E+000
   0.15320285699782499E-007   0.204821299E-004   0.000000000E+000
   0.15358020393624328E-007   0.204463722E-004   0.000000000E+000
   0.15395755087466156E-007   0.203736708E-004   0.000000000E+000
   0.15433489781307985E-007   0.201554230E-004   0.000000000E+000
   0.15471224475149814E-007   0.200342110E-004   0.000000000E+000
   0.15508959168991643E-007   0.200244958E-004   0.000000000E+000
   0.15546693862833472E-007   0.198569160E-004   0.000000000E+000
   0.15584428556675300E-007   0.196063647E-004   0.000000000E+000
   0.15622163250517129E-007   0.195050052E-004   0.000000000E+000
   0.15659897944358958E-007   0.194097865E-004   0.000000000E+000
   0.15697632638200787E-007   0.191749932E-004   0.000000000E+000
   0.15735367332042616E-007   0.189932543E-004   0.000000000E+000
   0.15773102025884445E-007   0.188910599E-004   0.000000000E+000
   0.15810836719726273E-007   0.186611360E-004   0.000000000E+000
   0.15848571413568102E-007   0.183953471E-004   0.000000000E+000
   0.15886306107409931E-007   0.182838248E-004   0.000000000E+000
   0.15924040801251760E-007   0.181518208E-004   0.000000000E+000
   0.15961775495093589E-007   0.178589344E-004   0.000000000E+000
   0.15999510188935417E-007   0.176062149E-004   0.000000000E+000
   0.16037244882777246E-007   0.174588149E-004   0.000000000E+000
   0.16074979576619075E-007   0.172365344E-004   0.000000000E+000
   0.16112714270460904E-007   0.169780978E-004   0.000000000E+000
   0.16150448964302733E-007   0.168032984E-004   0.000000000E+000
   0.16188183658144562E-007   0.165785459E-004   0.000000000E+000
   0.16225918351986390E-007   0.162514589E-004   0.000000000E+000
   0.16263653045828219E-007   0.160207055E-004   0.000000000E+000
   0.16301387739670048E-007   0.158794464E-004   0.000000000E+000
   0.16339122433511877E-007   0.156216265E-004   0.000000000E+000
   0.16376857127353706E-007   0.152978464E-004   0.000000000E+000
   0.16414591821195534E-007   0.150650758E-004   0.000000000E+000
   0.16452326515037363E-007   0.148375748E-004   0.000000000E+000
   0.16490061208879192E-007   0.145513022E-004   0.000000000E+000
   0.16527795902721021E-007   0.143153584E-004   0.000000000E+000
   0.16565530596562850E-007   0.140900556E-004   0.000000000E+000
   0.16603265290404678E-007   0.137587722E-004   0.000000000E+000
   0.16640999984246507E-007   0.134490310E-004   0.000000000E+000
   0.16678734678088336E-007   0.132609503E-004   0.000000000E+000
   0.16716469371930165E-007   0.130315348E-004   0.000000000E+000
   0.16754204065771994E-007   0.126940804E-004   0.000000000E+000
   0.16791938759613823E-007   0.123979362E-004   0.000000000E+000
   0.16829673453455651E-007   0.121577650E-004   0.000000000E+000
   0.16867408147297480E-007   0.118721891E-004   0.000000000E+000
   0.16905142841139309E-007   0.115916828E-004   0.000000000E+000
   0.16942877534981138E-007   0.113555634E-004   0.000000000E+000
   0.16980612228822967E-007   0.110629435E-004   0.000000000E+000
   0.17018346922664795E-007   0.107247743E-004   0.000000000E+000
   0.17056081616506624E-007   0.104700430E-004   0.000000000E+000
   0.17093816310348453E-007   0.102479016E-004   0.000000000E+000
   0.17131551004190282E-007   0.994521633E-005   0.000000000E+000
   0.17169285698032111E-007   0.963230832E-005   0.000000000E+000
   0.17207020391873940E-007   0.937237473E-005   0.000000000E+000
   0.17244755085715768E-007   0.909003938E-005   0.000000000E+000
   0.17282489779557597E-007   0.878865012E-005   0.000000000E+000
   0.17320224473399426E-007   0.854360314E-005   0.000000000E+000
   0.17357959167241255E-007   0.829320288E-005   0.000000000E+000
   0.17395693861083084E-007   0.797273606E-005   0.000000000E+000
   0.17433428554924912E-007   0.767108668E-005   0.000000000E+000
   0.17471163248766741E-007   0.742616430E-005   0.000000000E+000
   0.17508897942608570E-007   0.716568593E-005   0.000000000E+000
   0.17546632636450399E-007   0.688325918E-005   0.000000000E+000
   0.17584367330292228E-007   0.662082448E-005   0.000000000E+000
   0.17622102024134056E-007   0.634479647E-005   0.000000000E+000
   0.17659836717975885E-007   0.605158948E-005   0.000000000E+000
   0.17697571411817714E-007   0.579644984E-005   0.000000000E+000
   0.17735306105659543E-007   0.556078749E-005   0.000000000E+000
   0.17773040799501372E-007   0.529036743E-005   0.000000000E+000
   0.17810775493343201E-007   0.500933993E-005   0.000000000E+000
   0.17848510187185029E-007   0.475123261E-005   0.000000000E+000
   0.17886244881026858E-007   0.449738309E-005   0.000000000E+000
   0.17923979574868687E-007   0.424780910E-005   0.000000000E+000
   0.17961714268710516E-007   0.400997533E-005   0.000000000E+000
   0.17999448962552345E-007   0.375023887E-005   0.000000000E+000
   0.18037183656394173E-007   0.347602463E-005   0.000000000E+000
   0.18074918350236002E-007   0.323944619E-005   0.000000000E+000
   0.18112653044077831E-007   0.301985142E-005   0.000000000E+000
   0.18150387737919660E-007   0.277463209E-005   0.000000000E+000
   0.18188122431761489E-007   0.253616417E-005   0.000000000E+000
   0.18225857125603317E-007   0.230964383E-005   0.000000000E+000
   0.18263591819445146E-007   0.205567471E-005   0.000000000E+000
   0.18301326513286975E-007   0.181399832E-005   0.000000000E+000
   0.18339061207128804E-007   0.162980291E-005   0.000000000E+000
   0.18376795900970633E-007   0.142418014E-005   0.000000000E+000
   0.18414530594812462E-007   0.116709191E-005   0.000000000E+000
   0.18452265288654290E-007   0.947203375E-006   0.000000000E+000
   0.18489999982496119E-007   0.763555363E-006   0.000000000E+000
   0.18527734676337948E-007   0.536942764E-006   0.000000000E+000
   0.18565469370179777E-007   0.320604670E-006   0.000000000E+000
   0.18603204064021606E-007   0.159392499E-006   0.000000000E+000
   0.18640938757863434E-007  -0.428387210E-007   0.000000000E+000
   0.18678673451705263E-007  -0.291604067E-006   0.000000000E+000
   0.18716408145547092E-007  -0.461636375E-006   0.000000000E+000
   0.18754142839388921E-007  -0.600114845E-006   0.000000000E+000
   0.18791877533230750E-007  -0.818707576E-006   0.000000000E+000
   0.18829612227072579E-007  -0.102899151E-005   0.000000000E+000
   0.18867346920914407E-007  -0.116378408E-005   0.000000000E+000
   0.18905081614756236E-007  -0.133467358E-005   0.000000000E+000
   0.18942816308598065E-007  -0.154051702E-005   0.000000000E+000
   0.18980551002439894E-007  -0.166631082E-005   0.000000000E+000
   0.19018285696281723E-007  -0.179932829E-005   0.000000000E+000
   0.19056020390123551E-007  -0.202589104E-005   0.000000000E+000
   0.19093755083965380E-007  -0.219554886E-005   0.000000000E+000
   0.19131489777807209E-007  -0.226409111E-005   0.000000000E+000
   0.19169224471649038E-007  -0.241514522E-005   0.000000000E+000
   0.19206959165490867E-007  -0.262379012E-005   0.000000000E+000
   0.19244693859332695E-007  -0.272524176E-005   0.000000000E+000
   0.19282428553174524E-007  -0.281509392E-005   0.000000000E+000
   0.19320163247016353E-007  -0.300797183E-005   0.000000000E+000
   0.19357897940858182E-007  -0.314213094E-005   0.000000000E+000
   0.19395632634700011E-007  -0.318193202E-005   0.000000000E+000
   0.19433367328541840E-007  -0.332378886E-005   0.000000000E+000
   0.19471102022383668E-007  -0.351848757E-005   0.000000000E+000
   0.19508836716225497E-007  -0.357510544E-005   0.000000000E+000
   0.19546571410067326E-007  -0.361576031E-005   0.000000000E+000
   0.19584306103909155E-007  -0.378129016E-005   0.000000000E+000
   0.19622040797750984E-007  -0.390791956E-005   0.000000000E+000
   0.19659775491592812E-007  -0.394270273E-005   0.000000000E+000
   0.19697510185434641E-007  -0.405105129E-005   0.000000000E+000
   0.19735244879276470E-007  -0.417949786E-005   0.000000000E+000
   0.19772979573118299E-007  -0.419189200E-005   0.000000000E+000
   0.19810714266960128E-007  -0.424467771E-005   0.000000000E+000
   0.19848448960801957E-007  -0.441399879E-005   0.000000000E+000
   0.19886183654643785E-007  -0.448132596E-005   0.000000000E+000
   0.19923918348485614E-007  -0.444333591E-005   0.000000000E+000
   0.19961653042327443E-007  -0.452914128E-005   0.000000000E+000
