t              Noda2002.fdtd_Point probe_Ez_12_12_2.dat
   0.00000000000000000E+000   0.000000000E+000
   0.95999999616402931E-010   0.000000000E+000
   0.19199999923280586E-009   0.330111194E+001
   0.28799999884920879E-009   0.832958412E+001
   0.38399999846561172E-009   0.118356848E+002
   0.47999999808201466E-009   0.131464386E+002
   0.57599999769841759E-009   0.143102732E+002
   0.67199999731482052E-009   0.170481014E+002
   0.76799999693122345E-009   0.208704052E+002
   0.86399999654762638E-009   0.242191792E+002
   0.95999999616402931E-009   0.265132370E+002
   0.10559999957804322E-008   0.285249958E+002
   0.11519999953968352E-008   0.311428146E+002
   0.12479999950132381E-008   0.343743401E+002
   0.13439999946296410E-008   0.376041336E+002
   0.14399999942460440E-008   0.404141197E+002
   0.15359999938624469E-008   0.429153786E+002
   0.16319999934788498E-008   0.466135445E+002
   0.17279999930952528E-008   0.527133598E+002
   0.18239999927116557E-008   0.593831863E+002
   0.19199999923280586E-008   0.646328735E+002
   0.20159999919444616E-008   0.686251297E+002
   0.21119999915608645E-008   0.729067383E+002
   0.22079999911772674E-008   0.783141251E+002
   0.23039999907936703E-008   0.842552643E+002
   0.23999999904100733E-008   0.897460251E+002
   0.24959999900264762E-008   0.945613327E+002
   0.25919999896428791E-008   0.992555237E+002
   0.26879999892592821E-008   0.104384590E+003
   0.27839999888756850E-008   0.109955582E+003
   0.28799999884920879E-008   0.115555046E+003
   0.29759999881084909E-008   0.120827789E+003
   0.30719999877248938E-008   0.125787582E+003
   0.31679999873412967E-008   0.131462402E+003
   0.32639999869576997E-008   0.137983032E+003
   0.33599999865741026E-008   0.144529556E+003
   0.34559999861905055E-008   0.150475479E+003
   0.35519999858069085E-008   0.156003647E+003
   0.36479999854233114E-008   0.161692612E+003
   0.37439999850397143E-008   0.167804230E+003
   0.38399999846561172E-008   0.174091049E+003
   0.39359999842725202E-008   0.180177536E+003
   0.40319999838889231E-008   0.185981339E+003
   0.41279999835053260E-008   0.191744766E+003
   0.42239999831217290E-008   0.197731186E+003
   0.43199999827381319E-008   0.203952011E+003
   0.44159999823545348E-008   0.210188904E+003
   0.45119999819709378E-008   0.216246872E+003
   0.46079999815873407E-008   0.221552185E+003
   0.47039999812037436E-008   0.225134979E+003
   0.47999999808201466E-008   0.228107513E+003
   0.48959999804365495E-008   0.232097504E+003
   0.49919999800529524E-008   0.237145187E+003
   0.50879999796693554E-008   0.242007416E+003
   0.51839999792857583E-008   0.245914764E+003
   0.52799999789021612E-008   0.249355362E+003
   0.53759999785185641E-008   0.253202133E+003
   0.54719999781349671E-008   0.257613831E+003
   0.55679999777513700E-008   0.262043732E+003
   0.56639999773677729E-008   0.266057098E+003
   0.57599999769841759E-008   0.269803131E+003
   0.58559999766005788E-008   0.273698364E+003
   0.59519999762169817E-008   0.277901947E+003
   0.60479999758333847E-008   0.282227142E+003
   0.61439999754497876E-008   0.284786560E+003
   0.62399999750661905E-008   0.285241669E+003
   0.63359999746825935E-008   0.285677460E+003
   0.64319999742989964E-008   0.287679688E+003
   0.65279999739153993E-008   0.290596191E+003
   0.66239999735318023E-008   0.292849152E+003
   0.67199999731482052E-008   0.293972931E+003
   0.68159999727646081E-008   0.294855072E+003
   0.69119999723810110E-008   0.296392181E+003
   0.70079999719974140E-008   0.298503601E+003
   0.71039999716138169E-008   0.300493561E+003
   0.71999999712302198E-008   0.301973999E+003
   0.72959999708466228E-008   0.303188751E+003
   0.73919999704630257E-008   0.304586151E+003
   0.74879999700794286E-008   0.306320679E+003
   0.75839999696958316E-008   0.308197784E+003
   0.76799999693122345E-008   0.309956818E+003
   0.77759999689286374E-008   0.311515625E+003
   0.78719999685450404E-008   0.312985199E+003
   0.79679999681614433E-008   0.314524048E+003
   0.80639999677778462E-008   0.316189331E+003
   0.81599999673942492E-008   0.317431793E+003
   0.82559999670106521E-008   0.318125702E+003
   0.83519999666270550E-008   0.318824951E+003
   0.84479999662434579E-008   0.319949585E+003
   0.85439999658598609E-008   0.321347900E+003
   0.86399999654762638E-008   0.322605072E+003
   0.87359999650926667E-008   0.323551392E+003
   0.88319999647090697E-008   0.324368591E+003
   0.89279999643254726E-008   0.325301025E+003
   0.90239999639418755E-008   0.326392273E+003
   0.91199999635582785E-008   0.327505646E+003
   0.92159999631746814E-008   0.328511566E+003
   0.93119999627910843E-008   0.329407379E+003
   0.94079999624074873E-008   0.330291321E+003
   0.95039999620238902E-008   0.331268036E+003
   0.95999999616402931E-008   0.332371094E+003
   0.96959999612566961E-008   0.333538177E+003
   0.97919999608730990E-008   0.334656891E+003
   0.98879999604895019E-008   0.335668030E+003
   0.99839999601059048E-008   0.336634338E+003
   0.10079999959722308E-007   0.337589996E+003
   0.10175999959338711E-007   0.338282379E+003
   0.10271999958955114E-007   0.338635834E+003
   0.10367999958571517E-007   0.338932556E+003
   0.10463999958187920E-007   0.339404724E+003
   0.10559999957804322E-007   0.340035950E+003
   0.10655999957420725E-007   0.340659515E+003
   0.10751999957037128E-007   0.341135529E+003
   0.10847999956653531E-007   0.341457245E+003
   0.10943999956269934E-007   0.341760254E+003
   0.11039999955886337E-007   0.342216064E+003
   0.11135999955502740E-007   0.342852692E+003
   0.11231999955119143E-007   0.343490326E+003
   0.11327999954735546E-007   0.343929962E+003
   0.11423999954351949E-007   0.344213196E+003
   0.11519999953968352E-007   0.344601501E+003
   0.11615999953584755E-007   0.345243866E+003
   0.11711999953201158E-007   0.345951538E+003
   0.11807999952817561E-007   0.346417603E+003
   0.11903999952433963E-007   0.346627258E+003
   0.11999999952050366E-007   0.346899963E+003
   0.12095999951666769E-007   0.347471375E+003
   0.12191999951283172E-007   0.348167938E+003
   0.12287999950899575E-007   0.348635315E+003
   0.12383999950515978E-007   0.348829407E+003
   0.12479999950132381E-007   0.349090485E+003
   0.12575999949748784E-007   0.349679688E+003
   0.12671999949365187E-007   0.350409332E+003
   0.12767999948981590E-007   0.350888977E+003
   0.12863999948597993E-007   0.351060516E+003
   0.12959999948214396E-007   0.351280640E+003
   0.13055999947830799E-007   0.351815643E+003
   0.13151999947447202E-007   0.352378540E+003
   0.13247999947063605E-007   0.352535706E+003
   0.13343999946680007E-007   0.352405243E+003
   0.13439999946296410E-007   0.352476440E+003
   0.13535999945912813E-007   0.352968292E+003
   0.13631999945529216E-007   0.353556335E+003
   0.13727999945145619E-007   0.353809784E+003
   0.13823999944762022E-007   0.353752350E+003
   0.13919999944378425E-007   0.353809265E+003
   0.14015999943994828E-007   0.354226807E+003
   0.14111999943611231E-007   0.354747650E+003
   0.14207999943227634E-007   0.354969269E+003
   0.14303999942844037E-007   0.354887970E+003
   0.14399999942460440E-007   0.354894562E+003
   0.14495999942076843E-007   0.355242798E+003
   0.14591999941693246E-007   0.355720459E+003
   0.14687999941309648E-007   0.355957397E+003
   0.14783999940926051E-007   0.355932068E+003
   0.14879999940542454E-007   0.355984711E+003
   0.14975999940158857E-007   0.356338715E+003
   0.15071999939775260E-007   0.356798553E+003
   0.15167999939391663E-007   0.357028809E+003
   0.15263999939008066E-007   0.357013824E+003
   0.15359999938624469E-007   0.357066101E+003
   0.15455999938240872E-007   0.357388794E+003
   0.15551999937857275E-007   0.357805206E+003
   0.15647999937473678E-007   0.358016052E+003
   0.15743999937090081E-007   0.358013458E+003
   0.15839999936706484E-007   0.358080872E+003
   0.15935999936322887E-007   0.358396332E+003
   0.16031999935939290E-007   0.358794830E+003
   0.16127999935555692E-007   0.358987183E+003
   0.16223999935172095E-007   0.358939880E+003
   0.16319999934788498E-007   0.358946167E+003
   0.16415999934404901E-007   0.359204285E+003
   0.16511999934021304E-007   0.359558868E+003
   0.16607999933637707E-007   0.359736725E+003
   0.16703999933254110E-007   0.359723114E+003
   0.16799999932870513E-007   0.359763763E+003
   0.16895999932486916E-007   0.360016449E+003
   0.16991999932103319E-007   0.360343536E+003
   0.17087999931719722E-007   0.360515594E+003
   0.17183999931336125E-007   0.360524963E+003
   0.17279999930952528E-007   0.360580811E+003
   0.17375999930568931E-007   0.360813629E+003
   0.17471999930185333E-007   0.361105042E+003
   0.17567999929801736E-007   0.361264282E+003
   0.17663999929418139E-007   0.361291412E+003
   0.17759999929034542E-007   0.361366577E+003
   0.17855999928650945E-007   0.361595825E+003
   0.17951999928267348E-007   0.361871063E+003
   0.18047999927883751E-007   0.362026520E+003
   0.18143999927500154E-007   0.362064880E+003
   0.18239999927116557E-007   0.362144806E+003
   0.18335999926732960E-007   0.362359711E+003
   0.18431999926349363E-007   0.362616699E+003
   0.18527999925965766E-007   0.362771942E+003
   0.18623999925582169E-007   0.362826477E+003
   0.18719999925198572E-007   0.362917603E+003
   0.18815999924814975E-007   0.363128632E+003
   0.18911999924431377E-007   0.363381470E+003
   0.19007999924047780E-007   0.363549103E+003
   0.19103999923664183E-007   0.363625977E+003
   0.19199999923280586E-007   0.363726898E+003
   0.19295999922896989E-007   0.363927368E+003
   0.19391999922513392E-007   0.364165192E+003
   0.19487999922129795E-007   0.364329071E+003
   0.19583999921746198E-007   0.364407684E+003
   0.19679999921362601E-007   0.364500458E+003
   0.19775999920979004E-007   0.364684753E+003
   0.19871999920595407E-007   0.364918732E+003
   0.19967999920211810E-007   0.365102325E+003
   0.20063999919828213E-007   0.365205811E+003
   0.20159999919444616E-007   0.365289734E+003
   0.20255999919061018E-007   0.365426483E+003
   0.20351999918677421E-007   0.365616638E+003
   0.20447999918293824E-007   0.365784363E+003
   0.20543999917910227E-007   0.365879028E+003
   0.20639999917526630E-007   0.365944824E+003
   0.20735999917143033E-007   0.366064026E+003
   0.20831999916759436E-007   0.366247559E+003
   0.20927999916375839E-007   0.366418884E+003
   0.21023999915992242E-007   0.366515594E+003
   0.21119999915608645E-007   0.366576111E+003
   0.21215999915225048E-007   0.366692657E+003
   0.21311999914841451E-007   0.366887817E+003
   0.21407999914457854E-007   0.367078156E+003
   0.21503999914074257E-007   0.367180603E+003
   0.21599999913690660E-007   0.367226105E+003
   0.21695999913307062E-007   0.367324066E+003
   0.21791999912923465E-007   0.367516083E+003
   0.21887999912539868E-007   0.367713074E+003
   0.21983999912156271E-007   0.367811066E+003
   0.22079999911772674E-007   0.367837250E+003
   0.22175999911389077E-007   0.367922729E+003
   0.22271999911005480E-007   0.368126160E+003
   0.22367999910621883E-007   0.368346375E+003
   0.22463999910238286E-007   0.368453247E+003
   0.22559999909854689E-007   0.368468567E+003
   0.22655999909471092E-007   0.368543793E+003
   0.22751999909087495E-007   0.368752838E+003
   0.22847999908703898E-007   0.368982117E+003
   0.22943999908320301E-007   0.369080566E+003
   0.23039999907936703E-007   0.369072815E+003
   0.23135999907553106E-007   0.369134796E+003
   0.23231999907169509E-007   0.369353058E+003
   0.23327999906785912E-007   0.369598602E+003
   0.23423999906402315E-007   0.369700226E+003
   0.23519999906018718E-007   0.369685089E+003
   0.23615999905635121E-007   0.369747223E+003
   0.23711999905251524E-007   0.369978119E+003
   0.23807999904867927E-007   0.370232208E+003
   0.23903999904484330E-007   0.370324799E+003
   0.23999999904100733E-007   0.370292603E+003
   0.24095999903717136E-007   0.370348999E+003
   0.24191999903333539E-007   0.370587708E+003
   0.24287999902949942E-007   0.370847900E+003
   0.24383999902566345E-007   0.370936340E+003
   0.24479999902182747E-007   0.370899139E+003
   0.24575999901799150E-007   0.370960541E+003
   0.24671999901415553E-007   0.371208740E+003
   0.24767999901031956E-007   0.371469818E+003
   0.24863999900648359E-007   0.371549103E+003
   0.24959999900264762E-007   0.371504547E+003
   0.25055999899881165E-007   0.371567169E+003
   0.25151999899497568E-007   0.371775299E+003
   0.25247999899113971E-007   0.371940155E+003
   0.25343999898730374E-007   0.371926392E+003
   0.25439999898346777E-007   0.371838806E+003
   0.25535999897963180E-007   0.371886780E+003
   0.25631999897579583E-007   0.372099487E+003
   0.25727999897195986E-007   0.372281158E+003
   0.25823999896812388E-007   0.372275818E+003
   0.25919999896428791E-007   0.372180939E+003
   0.26015999896045194E-007   0.372213776E+003
   0.26111999895661597E-007   0.372413239E+003
   0.26207999895278000E-007   0.372588928E+003
   0.26303999894894403E-007   0.372586151E+003
   0.26399999894510806E-007   0.372498199E+003
   0.26495999894127209E-007   0.372534424E+003
   0.26591999893743612E-007   0.372731964E+003
   0.26687999893360015E-007   0.372909424E+003
   0.26783999892976418E-007   0.372919952E+003
   0.26879999892592821E-007   0.372848694E+003
   0.26975999892209224E-007   0.372887207E+003
   0.27071999891825627E-007   0.373068848E+003
   0.27167999891442030E-007   0.373230988E+003
   0.27263999891058432E-007   0.373245972E+003
   0.27359999890674835E-007   0.373193573E+003
   0.27455999890291238E-007   0.373243591E+003
   0.27551999889907641E-007   0.373422546E+003
   0.27647999889524044E-007   0.373586395E+003
   0.27743999889140447E-007   0.373624634E+003
   0.27839999888756850E-007   0.373606567E+003
   0.27935999888373253E-007   0.373677216E+003
   0.28031999887989656E-007   0.373857849E+003
   0.28127999887606059E-007   0.374026001E+003
   0.28223999887222462E-007   0.374089325E+003
   0.28319999886838865E-007   0.374107971E+003
   0.28415999886455268E-007   0.374205780E+003
   0.28511999886071671E-007   0.374403687E+003
   0.28607999885688074E-007   0.374601654E+003
   0.28703999885304476E-007   0.374721405E+003
   0.28799999884920879E-007   0.374809143E+003
   0.28895999884537282E-007   0.374966003E+003
   0.28991999884153685E-007   0.375212036E+003
   0.29087999883770088E-007   0.375467194E+003
   0.29183999883386491E-007   0.375664795E+003
   0.29279999883002894E-007   0.375838715E+003
   0.29375999882619297E-007   0.376073608E+003
   0.29471999882235700E-007   0.376394012E+003
   0.29567999881852103E-007   0.376740234E+003
   0.29663999881468506E-007   0.377054260E+003
   0.29759999881084909E-007   0.377356903E+003
   0.29855999880701312E-007   0.377718018E+003
   0.29951999880317715E-007   0.378165710E+003
   0.30047999879934117E-007   0.378654755E+003
   0.30143999879550520E-007   0.379130585E+003
   0.30239999879166923E-007   0.379601288E+003
   0.30335999878783326E-007   0.380125732E+003
   0.30431999878399729E-007   0.380737823E+003
   0.30527999878016132E-007   0.381406097E+003
   0.30623999877632535E-007   0.382078583E+003
   0.30719999877248938E-007   0.382752960E+003
   0.30815999876865341E-007   0.383480072E+003
   0.30911999876481744E-007   0.384298218E+003
   0.31007999876098147E-007   0.385183838E+003
   0.31103999875714550E-007   0.386083466E+003
   0.31199999875330953E-007   0.386984619E+003
   0.31295999874947356E-007   0.387932251E+003
   0.31391999874563759E-007   0.388969299E+003
   0.31487999874180161E-007   0.390079102E+003
   0.31583999873796564E-007   0.391206879E+003
   0.31679999873412967E-007   0.392332611E+003
   0.31775999873029370E-007   0.393498138E+003
   0.31871999872645773E-007   0.394750946E+003
   0.31967999872262176E-007   0.396078400E+003
   0.32063999871878579E-007   0.397421783E+003
   0.32159999871494982E-007   0.398752747E+003
   0.32255999871111385E-007   0.400110138E+003
   0.32351999870727788E-007   0.401545471E+003
   0.32447999870344191E-007   0.403049591E+003
   0.32543999869960594E-007   0.404561035E+003
   0.32639999869576997E-007   0.406046753E+003
   0.32735999869193400E-007   0.407546387E+003
   0.32831999868809802E-007   0.409117493E+003
   0.32927999868426205E-007   0.410754242E+003
   0.33023999868042608E-007   0.412390808E+003
   0.33119999867659011E-007   0.413987885E+003
   0.33215999867275414E-007   0.415585266E+003
   0.33311999866891817E-007   0.417246613E+003
   0.33407999866508220E-007   0.418969116E+003
   0.33503999866124623E-007   0.420682251E+003
   0.33599999865741026E-007   0.422341339E+003
   0.33695999865357429E-007   0.423988770E+003
   0.33791999864973832E-007   0.425695984E+003
   0.33887999864590235E-007   0.427462799E+003
   0.33983999864206638E-007   0.429212280E+003
   0.34079999863823041E-007   0.430892548E+003
   0.34175999863439444E-007   0.432546967E+003
   0.34271999863055846E-007   0.434253326E+003
   0.34367999862672249E-007   0.436011230E+003
   0.34463999862288652E-007   0.437734222E+003
   0.34559999861905055E-007   0.439362946E+003
   0.34655999861521458E-007   0.440945190E+003
   0.34751999861137861E-007   0.442568817E+003
   0.34847999860754264E-007   0.444235809E+003
   0.34943999860370667E-007   0.445852814E+003
   0.35039999859987070E-007   0.447356110E+003
   0.35135999859603473E-007   0.448967804E+003
   0.35231999859219876E-007   0.450871338E+003
   0.35327999858836279E-007   0.452845734E+003
   0.35423999858452682E-007   0.454582245E+003
   0.35519999858069085E-007   0.456063751E+003
   0.35615999857685487E-007   0.457538879E+003
   0.35711999857301890E-007   0.459189453E+003
   0.35807999856918293E-007   0.460924316E+003
   0.35903999856534696E-007   0.462522705E+003
   0.35999999856151099E-007   0.463915283E+003
   0.36095999855767502E-007   0.465252350E+003
   0.36191999855383905E-007   0.466697815E+003
   0.36287999855000308E-007   0.468223602E+003
   0.36383999854616711E-007   0.469658417E+003
   0.36479999854233114E-007   0.470911682E+003
   0.36575999853849517E-007   0.472080536E+003
   0.36671999853465920E-007   0.473311005E+003
   0.36767999853082323E-007   0.474606262E+003
   0.36863999852698726E-007   0.475834045E+003
   0.36959999852315129E-007   0.476912476E+003
   0.37055999851931531E-007   0.477919617E+003
   0.37151999851547934E-007   0.478982574E+003
   0.37247999851164337E-007   0.480104401E+003
   0.37343999850780740E-007   0.481166534E+003
   0.37439999850397143E-007   0.482098114E+003
   0.37535999850013546E-007   0.482975464E+003
   0.37631999849629949E-007   0.483915192E+003
   0.37727999849246352E-007   0.484913696E+003
   0.37823999848862755E-007   0.485856842E+003
   0.37919999848479158E-007   0.486681519E+003
   0.38015999848095561E-007   0.487462158E+003
   0.38111999847711964E-007   0.488302551E+003
   0.38207999847328367E-007   0.489189636E+003
   0.38303999846944770E-007   0.490014008E+003
   0.38399999846561172E-007   0.490723846E+003
   0.38495999846177575E-007   0.491394867E+003
   0.38591999845793978E-007   0.492121063E+003
   0.38687999845410381E-007   0.492884033E+003
   0.38783999845026784E-007   0.493584076E+003
   0.38879999844643187E-007   0.494184082E+003
   0.38975999844259590E-007   0.494762604E+003
   0.39071999843875993E-007   0.495405060E+003
   0.39167999843492396E-007   0.496090027E+003
   0.39263999843108799E-007   0.496727570E+003
   0.39359999842725202E-007   0.497288391E+003
   0.39455999842341605E-007   0.497842560E+003
   0.39551999841958008E-007   0.498458557E+003
   0.39647999841574411E-007   0.499109497E+003
   0.39743999841190814E-007   0.499713501E+003
   0.39839999840807216E-007   0.500245392E+003
   0.39935999840423619E-007   0.500763428E+003
